CampaignData_and_Merges/R0/CSL_MobileLab_Parked/raw/20240810/USOS-NOy-LIF_MobileLabGround_20240810_R0.ict
39,1001
Rollins, A.; Waxman, E.; Zuraski, K.; Chace, W.
NOAA Chemical Sciences Laboratory
LIF NO/NOx/NOy on CSL Mobile Lab
AMMBEC / USOS
1, 1
2024,08,10, 2025,01,04
1
Time_Start, seconds, number_of_seconds_since_0000_UTC
7
1, 1, 1, 1, 1, 1, 1
-9999, -9999, -9999, -9999, -9999, -9999, -9999
Time_Stop, seconds, number_of_seconds_since_0000_UTC
NO_LIF, pptv, Gas_NO_InSitu_S_AVMR, volume mixing ratio of nitric oxide in air
NO2_LIF, pptv, Gas_NO2_InSitu_S_AVMR, volume mixing ratio of nitrogen dioxide in air
NOy_LIF, pptv, Gas_NOy_InSitu_S_AVMR, volume mixing ratio of total oxidized nitrogen in air
NO_LIF_1SigmaAccuracy, pptv, Gas_NO_InSitu_S_AVMR, volume mixing ratio of nitric oxide in air
NO2_LIF_1SigmaAccuracy, pptv, Gas_NO2_InSitu_S_AVMR, volume mixing ratio of nitrogen dioxide in air
NOy_LIF_1SigmaAccuracy, pptv, Gas_NOy_InSitu_S_AVMR, volume mixing ratio of total oxidized nitrogen in air
0
18
PI_CONTACT_INFO: andrew.rollins@noaa.gov
PLATFORM: CSL Mobile Lab
LOCATION: Salt Lake City, UT
ASSOCIATED_DATA:
INSTRUMENT_INFO: NO detection by laser induced fluorescence. NO2 detection by photolytic conversion to NO. NOy detection by catalytic conversion to NO on gold surface
DATA_INFO:
UNCERTAINTY: Included 1 Sigma Accuracy waves represent the combined calibration uncertainties (±6%, ±9%, ±10%) and zero uncertainties (3 ppt, 20 ppt, 100 ppt) for NO, NO2, and NOy, respectively.
ULOD_FLAG: -7777
ULOD_VALUE: N/A
LLOD_FLAG: -8888
LLOD_VALUE: N/A
DM_CONTACT_INFO: andrew.rollins@noaa.gov
PROJECT_INFO: USOS Project, July - August 2024
STIPULATIONS_ON_USE: Users are strongly encouraged to contact the PI for proper data usage.
OTHER_COMMENTS:
REVISION: R0
R0: final data
Time_Start, Time_Stop, NO_LIF, NO2_LIF, NOy_LIF, NO_LIF_1SigmaAccuracy, NO2_LIF_1SigmaAccuracy, NOy_LIF_1SigmaAccuracy
[from data line 788]
   47280,   47340,83.867,1266.1,2135.7,8.032, 133.95, 313.57
   47340,   47400,135.83,1488.7,2191.1,11.15, 153.98, 319.11
   47400,   47460,381.81,2223.3,2634.5,25.908, 220.1, 363.45
   47460,   47520,212.45,1689.5,3070.9,15.747, 172.05, 407.09
   47520,   47580,108.81,1368.3,2308.9,9.5283, 143.14, 330.89
   47580,   47640,199.29,1874.2,2963.1,14.957, 188.68, 396.31
   47640,   47700,372.47,2693.3,3442,25.348, 262.39, 444.2
   47700,   47760,516.87,3584.5,4034.3,34.012, 342.6, 503.43
   47760,   47820,365.71,3450.4,3196.1,24.942, 330.54, 419.61
   47820,   47880,332.58,3726.2,4436.4,22.955, 355.36, 543.64
   47880,   47940,251.81,3715.6,4721.7,18.109, 354.4, 572.17
   47940,   48000,206.43,2179.8,4003.4,15.386, 216.18, 500.34
   48000,   48060,247.3,2427,3587.2,17.838, 238.43, 458.72
   48060,   48120,233.42,2561.9,3486.9,17.005, 250.57, 448.69
   48120,   48180,212.02,2313.6,3203.8,15.721, 228.23, 420.38
   48180,   48240,119.77,1695.1,2433.5,10.186, 172.56, 343.35
   48240,   48300,144.93,1872,2465.7,11.696, 188.48, 346.57
   48300,   48360,165.73,2087,2807.7,12.944, 207.83, 380.77
   48360,   48420,167.77,2238.4,3008,13.066, 221.45, 400.8
   48420,   48480,166.34,2250.8,3123.1,12.981, 222.57, 412.31
   48480,   48540,307.88,2858.3,3326.8,21.473, 277.25, 432.68
   48540,   48600,258.97,2864.1,3368.2,18.538, 277.77, 436.82
   48600,   48660,259.33,2907.9,3825.1,18.56, 281.71, 482.51
   48660,   48720,254,2773.3,3974.8,18.24, 269.6, 497.48
   48720,   48780,270.4,2833.3,3801.3,19.224, 275, 480.13
   48780,   48840,231.03,2389.4,3267,16.862, 235.05, 426.7
   48840,   48900,208.44,2103.6,3084.8,15.506, 209.32, 408.48
   48900,   48960,242.54,2370.3,3203.4,17.553, 233.33, 420.34
   48960,   49020,241.45,2263.2,3075.6,17.487, 223.69, 407.56
   49020,   49080,346.24,2364.8,3241.4,23.774, 232.83, 424.14
   49080,   49140,306.31,2200.9,3237.3,21.378, 218.09, 423.73
   49140,   49200,581.95,2452,3555.1,37.917, 240.68, 455.51
   49200,   49260,377.68,2432.9,3805.1,25.661, 238.96, 480.51
   49260,   49320,441.57,2419.2,4139.4,29.494, 237.73, 513.94
   49320,   49380,475.59,2609,4280,31.535, 254.81, 528
   49380,   49440,584.71,2976.5,4459.9,38.082, 287.88, 545.99
   49440,   49500,239.69,1867.9,2966,17.382, 188.11, 396.6
   49500,   49560,643.8,2497,3483.3,41.628, 244.73, 448.33
   49560,   49620,498.35,2454.1,3505.2,32.901, 240.87, 450.52
   49620,   49680,916.91,3113.2,4383.7,58.014, 300.19, 538.37
   49680,   49740,1834.3,4301.2,6509.3,113.06, 407.11, 750.93
   49740,   49800,1257.3,4100.6,6193.1,78.437, 389.06, 719.31
   49800,   49860,863.08,2898.7,5244.9,54.785, 280.88, 624.49
   49860,   49920,705.98,2209.9,3575.8,45.359, 218.89, 457.58
   49920,   49980,349.3,1706.9,2641.6,23.958, 173.62, 364.16
   49980,   50040,447.49,1683.9,2906,29.849, 171.55, 390.6
   50040,   50100,327.8,1660.6,2681.8,22.668, 169.45, 368.18
   50100,   50160,410.9,1727.9,2513.6,27.654, 175.51, 351.36
   50160,   50220,302.53,1464.9,2655.2,21.152, 151.84, 365.52
   50220,   50280,200.82,1159.9,1915.5,15.049, 124.39, 291.55
   50280,   50340,-9999,-9999,-9999,-9999, -9999, -9999
   50340,   50400,-9999,-9999,-9999,-9999, -9999, -9999
   50400,   50460,-9999,-9999,-9999,-9999, -9999, -9999
   50460,   50520,-9999,-9999,-9999,-9999, -9999, -9999
   50520,   50580,-9999,-9999,-9999,-9999, -9999, -9999
   50580,   50640,-9999,-9999,-9999,-9999, -9999, -9999
   50640,   50700,-9999,-9999,-9999,-9999, -9999, -9999
   50700,   50760,374.87,1842.9,-9999,25.492, 185.86, -9999
   50760,   50820,896.2,2412.3,-9999,56.772, 237.11, -9999
   50820,   50880,376.85,1734.3,-9999,25.611, 176.09, -9999
   50880,   50940,365.5,1772.7,-9999,24.93, 179.54, -9999
   50940,   51000,400.05,2015,-9999,27.003, 201.35, -9999
   51000,   51060,496.4,2234.7,-9999,32.784, 221.13, -9999
   51060,   51120,1854,3746.3,-9999,114.24, 357.16, -9999
   51120,   51180,725.7,2550.1,-9999,46.542, 249.51, -9999
   51180,   51240,509.24,2180.9,-9999,33.554, 216.28, -9999
   51240,   51300,324.12,1601.8,-9999,22.447, 164.16, -9999
   51300,   51360,277.17,1503.9,-9999,19.63, 155.35, -9999
   51360,   51420,394.52,1962.3,-9999,26.671, 196.61, -9999
   51420,   51480,1106.6,4567.3,-9999,69.399, 431.06, -9999
   51480,   51540,1141.8,4877.4,-9999,71.509, 458.96, -9999
   51540,   51600,692.58,3789.6,-9999,44.555, 361.06, -9999
   51600,   51660,722.8,3267.5,-9999,46.368, 314.07, -9999
   51660,   51720,541.59,2670.5,-9999,35.495, 260.35, -9999
   51720,   51780,477.73,2475.9,-9999,31.664, 242.83, -9999
   51780,   51840,938.92,3637,-9999,59.335, 347.33, -9999
   51840,   51900,1097.3,4344.7,-9999,68.839, 411.02, -9999
   51900,   51960,951.25,4270.2,-9999,60.075, 404.32, -9999
   51960,   52020,963.12,4207.3,-9999,60.787, 398.66, -9999
   52020,   52080,928.04,4630.3,-9999,58.682, 436.73, -9999
   52080,   52140,1947.9,5912,-9999,119.87, 552.08, -9999
   52140,   52200,2183.6,6686.9,-9999,134.02, 621.82, -9999
   52200,   52260,1572.2,5621.6,-9999,97.331, 525.95, -9999
   52260,   52320,1291.4,4731.9,-9999,80.486, 445.87, -9999
   52320,   52380,1001,3857.9,-9999,63.062, 367.21, -9999
   52380,   52440,995.14,3741.5,-9999,62.708, 356.73, -9999
   52440,   52500,946.52,3623.8,-9999,59.791, 346.15, -9999
   52500,   52560,884.32,3555.2,-9999,56.059, 339.97, -9999
   52560,   52620,973.3,3622.9,-9999,61.398, 346.06, -9999
   52620,   52680,823.59,3148.1,-9999,52.415, 303.33, -9999
   52680,   52740,785.45,3215.9,-9999,50.127, 309.43, -9999
   52740,   52800,815.57,3337.7,-9999,51.934, 320.4, -9999
   52800,   52860,800.99,3401.6,-9999,51.06, 326.14, -9999
   52860,   52920,914.06,3438.5,-9999,57.843, 329.47, -9999
   52920,   52980,984.04,3537.1,-9999,62.042, 338.34, -9999
   52980,   53040,935.22,3329.3,-9999,59.113, 319.64, -9999
   53040,   53100,918.29,3331.8,-9999,58.097, 319.86, -9999
   53100,   53160,926.91,3320.2,-9999,58.615, 318.82, -9999
   53160,   53220,904.26,3269.2,-9999,57.255, 314.23, -9999
   53220,   53280,848.11,3027.6,-9999,53.887, 292.48, -9999
   53280,   53340,797.15,3100.3,-9999,50.829, 299.02, -9999
   53340,   53400,1153.6,3888.4,-9999,72.216, 369.96, -9999
   53400,   53460,1214.7,4051.9,-9999,75.88, 384.67, -9999
   53460,   53520,1257.3,4192.4,-9999,78.436, 397.32, -9999
   53520,   53580,1103.9,3600.5,-9999,69.237, 344.04, -9999
   53580,   53640,857.22,3208.3,-9999,54.433, 308.75, -9999
   53640,   53700,956.88,3422.8,-9999,60.413, 328.05, -9999
   53700,   53760,882.67,3122.7,-9999,55.96, 301.05, -9999
   53760,   53820,811.83,2922.4,-9999,51.71, 283.01, -9999
   53820,   53880,805.59,2787.5,-9999,51.336, 270.88, -9999
   53880,   53940,833.88,2871.5,-9999,53.033, 278.43, -9999
   53940,   54000,908.17,3068.3,-9999,57.49, 296.14, -9999
   54000,   54060,962.18,3189.7,-9999,60.731, 307.07, -9999
   54060,   54120,1062.8,3475.8,-9999,66.769, 332.83, -9999
   54120,   54180,1149.1,3736.3,-9999,71.944, 356.27, -9999
   54180,   54240,1186.9,3815.6,-9999,74.212, 363.4, -9999
   54240,   54300,1302.3,4081.7,-9999,81.139, 387.36, -9999
   54300,   54360,1768.5,5114.6,-9999,109.11, 480.31, -9999
   54360,   54420,2104,5691.4,-9999,129.24, 532.23, -9999
   54420,   54480,1644.2,4759.8,-9999,101.65, 448.39, -9999
   54480,   54540,1702,4904.1,-9999,105.12, 461.37, -9999
   54540,   54600,1699.1,4890.1,-9999,104.95, 460.11, -9999
   54600,   54660,1783.9,5068.7,-9999,110.03, 476.18, -9999
   54660,   54720,1939.1,5422,-9999,119.34, 507.98, -9999
   54720,   54780,2033.3,5619.2,-9999,125, 525.73, -9999
   54780,   54840,2021.8,5578.7,-9999,124.31, 522.08, -9999
   54840,   54900,1882.7,5211.8,-9999,115.96, 489.07, -9999
   54900,   54960,1822.8,5016.4,-9999,112.37, 471.47, -9999
   54960,   55020,1910.8,5122.1,-9999,117.65, 480.98, -9999
   55020,   55080,2320.2,5761.4,-9999,142.21, 538.52, -9999
   55080,   55140,2482.4,5846.9,-9999,151.94, 546.22, -9999
   55140,   55200,2186.3,5569,-9999,134.18, 521.21, -9999
   55200,   55260,1723.6,4871.1,-9999,106.41, 458.4, -9999
   55260,   55320,1550.1,4455.7,-9999,96.006, 421.01, -9999
   55320,   55380,1265.5,3773,-9999,78.928, 359.57, -9999
   55380,   55440,1383.5,3878.6,-9999,86.009, 369.08, -9999
   55440,   55500,1100.6,3368.7,-9999,69.035, 323.18, -9999
   55500,   55560,1205.7,3624.6,-9999,75.342, 346.21, -9999
   55560,   55620,1265.9,3766.9,-9999,78.953, 359.02, -9999
   55620,   55680,1317.6,3918.5,-9999,82.057, 372.67, -9999
   55680,   55740,1255.9,3958.5,-9999,78.355, 376.26, -9999
   55740,   55800,2095,5281.6,-9999,128.7, 495.35, -9999
   55800,   55860,1486.7,4306.9,-9999,92.203, 407.62, -9999
   55860,   55920,1258.5,3724.3,-9999,78.512, 355.19, -9999
   55920,   55980,1277.1,3827.8,-9999,79.627, 364.51, -9999
   55980,   56040,1331.7,3867.3,-9999,82.901, 368.06, -9999
   56040,   56100,1330.2,3861.3,-9999,82.811, 367.52, -9999
   56100,   56160,1043.5,3219.1,-9999,65.607, 309.72, -9999
   56160,   56220,923.77,3085.4,-9999,58.426, 297.68, -9999
   56220,   56280,923.35,3070.7,-9999,58.401, 296.36, -9999
   56280,   56340,921.29,3066.3,-9999,58.277, 295.96, -9999
   56340,   56400,955.46,2965.6,-9999,60.328, 286.9, -9999
   56400,   56460,1547.5,3515,-9999,95.849, 336.35, -9999
   56460,   56520,4240.1,7155.9,-9999,257.41, 664.03, -9999
   56520,   56580,1319.3,3502.3,-9999,82.159, 335.21, -9999
   56580,   56640,966.85,2929.7,-9999,61.011, 283.67, -9999
   56640,   56700,900.17,2853.2,-9999,57.01, 276.79, -9999
   56700,   56760,807.25,2563,-9999,51.435, 250.67, -9999
   56760,   56820,833.16,2670.2,-9999,52.989, 260.31, -9999
   56820,   56880,903.51,2814,-9999,57.211, 273.26, -9999
   56880,   56940,801.61,2653.9,-9999,51.096, 258.85, -9999
   56940,   57000,758.53,2562.8,-9999,48.512, 250.65, -9999
   57000,   57060,747.45,2460.3,-9999,47.847, 241.43, -9999
   57060,   57120,717.75,2621,-9999,46.065, 255.89, -9999
   57120,   57180,751.35,2800.5,-9999,48.081, 272.05, -9999
   57180,   57240,797.2,2604.5,-9999,50.832, 254.41, -9999
   57240,   57300,1143.1,3253.4,-9999,71.587, 312.81, -9999
   57300,   57360,980.54,2929.1,-9999,61.833, 283.62, -9999
   57360,   57420,994.66,2763,-9999,62.679, 268.67, -9999
   57420,   57480,784.03,2435.1,-9999,50.042, 239.16, -9999
   57480,   57540,1326.2,3430.8,-9999,82.574, 328.77, -9999
   57540,   57600,1371.7,3685.6,-9999,85.3, 351.71, -9999
   57600,   57660,1370.7,3433,-9999,85.242, 328.97, -9999
   57660,   57720,841.32,2602.5,-9999,53.479, 254.22, -9999
   57720,   57780,757.14,2513.7,-9999,48.428, 246.23, -9999
   57780,   57840,656.93,2450.6,-9999,42.416, 240.56, -9999
   57840,   57900,870.32,2738.4,-9999,55.219, 266.45, -9999
   57900,   57960,983.2,2927.2,-9999,61.992, 283.45, -9999
   57960,   58020,848.12,2561.2,-9999,53.887, 250.51, -9999
   58020,   58080,723.89,2327.9,-9999,46.433, 229.51, -9999
   58080,   58140,792.33,2480.7,-9999,50.54, 243.27, -9999
   58140,   58200,867.25,2727.4,-9999,55.035, 265.47, -9999
   58200,   58260,902.54,2857.6,-9999,57.152, 277.18, -9999
   58260,   58320,1014.1,3083.7,-9999,63.845, 297.53, -9999
   58320,   58380,784.53,2570.9,-9999,50.072, 251.38, -9999
   58380,   58440,1105.3,2908.7,-9999,69.318, 281.78, -9999
   58440,   58500,805.88,2584.8,-9999,51.353, 252.63, -9999
   58500,   58560,799.81,2625.7,-9999,50.989, 256.32, -9999
   58560,   58620,912.89,2819.7,-9999,57.774, 273.77, -9999
   58620,   58680,1206,3392.6,-9999,75.36, 325.33, -9999
   58680,   58740,723.29,2448.8,-9999,46.397, 240.39, -9999
   58740,   58800,723.78,2409.5,-9999,46.427, 236.86, -9999
   58800,   58860,759.29,2501.5,-9999,48.557, 245.14, -9999
   58860,   58920,-9999,-9999,-9999,-9999, -9999, -9999
   58920,   58980,-9999,-9999,-9999,-9999, -9999, -9999
   58980,   59040,-9999,-9999,-9999,-9999, -9999, -9999
   59040,   59100,-9999,-9999,-9999,-9999, -9999, -9999
   59100,   59160,-9999,-9999,-9999,-9999, -9999, -9999
   59160,   59220,-9999,-9999,-9999,-9999, -9999, -9999
   59220,   59280,-9999,-9999,-9999,-9999, -9999, -9999
   59280,   59340,-9999,-9999,-9999,-9999, -9999, -9999
   59340,   59400,-9999,-9999,-9999,-9999, -9999, -9999
   59400,   59460,-9999,-9999,-9999,-9999, -9999, -9999
   59460,   59520,-9999,-9999,-9999,-9999, -9999, -9999
   59520,   59580,-9999,-9999,-9999,-9999, -9999, -9999
   59580,   59640,-9999,-9999,-9999,-9999, -9999, -9999
   59640,   59700,-9999,-9999,-9999,-9999, -9999, -9999
   59700,   59760,-9999,-9999,-9999,-9999, -9999, -9999
   59760,   59820,-9999,-9999,-9999,-9999, -9999, -9999
   59820,   59880,-9999,-9999,-9999,-9999, -9999, -9999
   59880,   59940,-9999,-9999,-9999,-9999, -9999, -9999
   59940,   60000,-9999,-9999,-9999,-9999, -9999, -9999
   60000,   60060,-9999,-9999,-9999,-9999, -9999, -9999
   60060,   60120,-9999,-9999,-9999,-9999, -9999, -9999
   60120,   60180,-9999,-9999,-9999,-9999, -9999, -9999
   60180,   60240,-9999,-9999,-9999,-9999, -9999, -9999
   60240,   60300,-9999,-9999,-9999,-9999, -9999, -9999
   60300,   60360,-9999,-9999,-9999,-9999, -9999, -9999
   60360,   60420,-9999,-9999,-9999,-9999, -9999, -9999
   60420,   60480,-9999,-9999,-9999,-9999, -9999, -9999
   60480,   60540,-9999,-9999,-9999,-9999, -9999, -9999
   60540,   60600,-9999,-9999,-9999,-9999, -9999, -9999
   60600,   60660,-9999,-9999,-9999,-9999, -9999, -9999
   60660,   60720,-9999,-9999,-9999,-9999, -9999, -9999
   60720,   60780,-9999,-9999,-9999,-9999, -9999, -9999
   60780,   60840,-9999,-9999,-9999,-9999, -9999, -9999
   60840,   60900,-9999,-9999,-9999,-9999, -9999, -9999
   60900,   60960,-9999,-9999,-9999,-9999, -9999, -9999
   60960,   61020,-9999,-9999,-9999,-9999, -9999, -9999
   61020,   61080,-9999,-9999,-9999,-9999, -9999, -9999
   61080,   61140,-9999,-9999,-9999,-9999, -9999, -9999
   61140,   61200,-9999,-9999,-9999,-9999, -9999, -9999
   61200,   61260,915.94,2771.1,4955,57.957, 269.4, 595.5
   61260,   61320,1295.7,3355.2,6356.3,80.742, 321.97, 735.63
   61320,   61380,852.98,2953.9,6164.5,54.179, 285.85, 716.45
   61380,   61440,676.1,2754.9,5429.5,43.566, 267.94, 642.95
   61440,   61500,684.09,2666.7,5409.9,44.045, 260, 640.99
   61500,   61560,745.55,2742.1,5503.6,47.733, 266.79, 650.36
   61560,   61620,671.76,2625.3,5362.7,43.305, 256.28, 636.27
   61620,   61680,623.29,2634,5184.4,40.397, 257.06, 618.44
   61680,   61740,661.23,2619.1,5539.6,42.674, 255.72, 653.96
   61740,   61800,667.52,2636.8,5445.3,43.051, 257.32, 644.53
   61800,   61860,764.7,2788.9,5528.4,48.882, 271, 652.84
   61860,   61920,916.48,3228.5,6238.5,57.989, 310.57, 723.85
   61920,   61980,812.96,2873.4,5869.6,51.778, 278.6, 686.96
   61980,   62040,783.51,2816.4,5670,50.011, 273.48, 667
   62040,   62100,812.39,2877.1,5588.5,51.744, 278.94, 658.85
   62100,   62160,741.92,2667.5,5264.7,47.515, 260.08, 626.47
   62160,   62220,1040.9,3190.1,6009.6,65.455, 307.11, 700.96
   62220,   62280,828.38,2877,5422,52.703, 278.93, 642.2
   62280,   62340,833.35,2960.3,5836.1,53.001, 286.43, 683.61
   62340,   62400,1255.1,3956,7291.3,78.305, 376.04, 829.13
   62400,   62460,1226.4,3314.9,6416.9,76.584, 318.34, 741.69
   62460,   62520,896.04,3130.3,6575.2,56.762, 301.73, 757.52
   62520,   62580,700.92,2662.5,5514,45.055, 259.63, 651.4
   62580,   62640,650.02,2659.3,5307.2,42.001, 259.34, 630.72
   62640,   62700,627.55,2790.5,5397.8,40.653, 271.15, 639.78
   62700,   62760,1027.2,3371.3,5871.3,64.63, 323.42, 687.13
   62760,   62820,955.78,3097.8,6419.4,60.347, 298.8, 741.94
   62820,   62880,805.46,2845.8,5613.2,51.328, 276.13, 661.32
   62880,   62940,730.12,2748.2,5321.3,46.807, 267.34, 632.13
   62940,   63000,1066.3,3280.3,6188.2,66.98, 315.23, 718.82
   63000,   63060,1365,4077.7,8331.3,84.902, 387, 933.13
   63060,   63120,1144.4,3399,6099.1,71.667, 325.91, 709.91
   63120,   63180,526.07,2125.4,4885.4,34.564, 211.29, 588.54
   63180,   63240,528.09,2147.1,4692.2,34.685, 213.24, 569.22
   63240,   63300,546.61,2256.9,4733.7,35.796, 223.12, 573.37
   63300,   63360,577.09,2258.8,4836.6,37.626, 223.29, 583.66
