CampaignData_and_Merges/R0/CSL_MobileLab_Parked/raw/20240810/USOS-NOAAIodideCIMS-Halogens_MobileLabGround_20240810_RA.ict
38, 1001
Michael A Robinson, Chris Jernigan, Subi Thakali
NOAA ESRL Chemical Sciences Laboratory and CIRES, U. of Colorado
NOAA Iodide CIMS Instrument
USOS
1, 1
2024, 08, 10, 2024, 08, 11
1
starttime_UTC, seconds_past_midnight, seconds_of_day_since_00:00:00_UTC
6
1, 1, 1, 1, 1, 1
-9999, -9999, -9999, -9999, -9999, -9999
Br2_NOAACIMS, pptv, Gas_Br2_InSitu_S_AVMR, 
BrO_NOAACIMS, pptv, Gas_BrO_InSitu_S_AVMR, 
Cl2_NOAACIMS, pptv, Gas_Cl2_InSitu_S_AVMR, 
ClNO2_NOAACIMS, pptv, Gas_ClNO2_InSitu_S_AVMR, 
BrCl_NOAACIMS, pptv, Gas_BrCl_InSitu_S_AVMR, 
NCl3_NOAACIMS, pptv, Gas_NCl3_InSitu_S_AVMR, 
0
18
PI_CONTACT_INFO: 325 Broadway, R/CSD 7, Boulder, Colorado 80305; michael.a.robinson@noaa.gov; chris.jernigan@noaa.gov;
PLATFORM: NOAA CSL Mobile Lab
LOCATION: SLC, Utah
ASSOCIATED_DATA: 1Hz data also available on request.
INSTRUMENT_INFO: NOAA I- ToF CIMS
DATA_INFO: All data in parts per trillion by volume (pptv). 1 Hz data is available upon request.
UNCERTAINTY: TBD
ULOD_FLAG: -7777
ULOD_VALUE: N/A
LLOD_FLAG: -8888
LLOD_VALUE: N/A
DM_CONTACT_INFO: Nathan Howard; nathan.h.howard@noaa.gov
PROJECT_INFO: USOS, summer 2024. https://csl.noaa.gov/groups/csl7/measurements/2024usos/
STIPULATIONS_ON_USE: Users are strongly encouraged to contact the PI for proper data usage.
OTHER_COMMENTS: 
REVISION: RA
RA: Preliminary Data; For in-field use only
starttime_UTC, Br2_NOAACIMS, BrO_NOAACIMS, Cl2_NOAACIMS, ClNO2_NOAACIMS, BrCl_NOAACIMS, NCl3_NOAACIMS
     0,  0.756, -9999.000, 10.982,  0.094,  0.114,  0.400
    60,  0.907, -9999.000,  7.621,  0.127,  0.109,  0.290
   120,  0.809, -9999.000,  3.346,  0.059,  0.179,  0.283
   180,  0.814, -9999.000,  1.494,  0.072,  0.243,  0.279
   240,  0.796, -9999.000,  1.164,  0.073,  0.235,  0.347
   300,  0.778, -9999.000,  1.069,  0.086,  0.272,  0.201
   360,  0.691, -9999.000,  0.873,  0.073,  0.374,  0.242
   420,  0.530, -9999.000,  0.765,  0.115,  0.229,  0.801
   480,  0.062, -9999.000,  0.577,  0.123,  0.112,  1.439
   540,  0.650, -9999.000,  0.689,  0.158,  0.137,  2.901
   600,  0.788, -9999.000,  0.867,  0.175,  0.210,  3.134
   660,  0.811, -9999.000,  0.719,  0.158,  0.099,  2.335
   720,  0.719, -9999.000,  0.948,  0.172,  0.098,  2.862
   780,  0.682, -9999.000,  0.801,  0.189,  0.184,  2.562
   840,  0.364, -9999.000,  0.762,  0.113,  0.064,  1.357
   900,  0.319, -9999.000,  0.594,  0.046,  0.029,  0.971
   960,  0.657, -9999.000,  0.584,  0.077,  0.109,  0.865
  1020,  0.703, -9999.000,  0.651,  0.084,  0.142,  0.485
  1080,  0.734, -9999.000,  0.687,  0.116,  0.068,  0.524
  1140,  0.617, -9999.000,  0.734,  0.096,  0.115,  0.862
  1200,  0.733, -9999.000,  0.747,  0.213,  0.131,  1.836
  1260,  0.674, -9999.000,  0.814,  0.295,  0.123,  2.384
  1320,  0.391, -9999.000,  0.740,  0.215,  0.066,  1.333
  1380,  0.719, -9999.000,  0.701,  0.174,  0.127,  1.154
  1440,  0.727, -9999.000,  0.806,  0.164,  0.122,  0.815
  1500,  0.653, -9999.000,  0.718,  0.114,  0.110,  0.584
  1560,  0.666, -9999.000,  0.640,  0.132,  0.169,  0.550
  1620,  0.562, -9999.000,  0.593,  0.139,  0.118,  0.363
  1680,  0.572, -9999.000,  0.561,  0.122,  0.120,  0.227
  1740,  0.677, -9999.000,  0.586,  0.124,  0.162,  0.324
  1800,  0.599, -9999.000,  0.643,  0.083,  0.189,  0.215
  1860,  0.664, -9999.000,  0.622,  0.110,  0.150,  0.257
  1920,  0.713, -9999.000,  0.684,  0.132,  0.177,  0.253
  1980,  0.712, -9999.000,  0.604,  0.111,  0.196,  0.263
  2040,  0.567, -9999.000,  0.647,  0.092,  0.156,  0.226
  2100,  0.817, -9999.000,  0.728,  0.126,  0.224,  0.276
  2160,  0.793, -9999.000,  0.733,  0.146,  0.234,  0.272
  2220,  0.583, -9999.000,  0.640,  0.109,  0.150,  0.219
  2280,  0.790,  0.011,  0.705,  0.107,  0.300,  0.221
  2340, -9999.000, -9999.000, -9999.000, -9999.000, -9999.000, -9999.000
  2400,  0.686,  0.078,  0.653,  0.096,  0.181,  0.257
  2460,  0.594, -0.035,  0.698,  0.101,  0.200,  0.199
  2520,  0.814,  0.034,  0.645,  0.140,  0.289,  0.211
  2580,  0.799,  0.050,  0.649,  0.103,  0.245,  0.272
  2640,  0.874,  0.054,  0.661,  0.129,  0.257,  0.261
  2700,  0.765,  0.045,  0.663,  0.125,  0.265,  0.220
  2760,  0.478,  0.019,  0.532,  0.085,  0.199,  0.120
  2820,  0.829, -0.022,  0.698,  0.093,  0.207,  0.291
  2880,  0.796,  0.035,  0.622,  0.086,  0.201,  0.156
  2940,  0.822,  0.048,  0.689,  0.112,  0.237,  0.224
  3000,  0.597,  0.010,  0.666,  0.118,  0.164,  0.220
  3060,  0.763,  0.017,  0.698,  0.122,  0.268,  0.313
  3120,  0.655,  0.050,  0.701,  0.121,  0.227,  0.472
  3180,  0.501,  0.013,  0.681,  0.114,  0.211,  0.345
  3240,  0.084, -0.044,  0.463,  0.061,  0.010, -0.023
  3300,  0.302, -0.018,  0.621,  0.088,  0.071,  0.130
  3360,  0.627,  0.045,  0.607,  0.135,  0.177,  0.318
  3420,  0.552,  0.078,  0.625,  0.111,  0.194,  0.751
  3480,  0.813,  0.041,  0.645,  0.160,  0.230,  1.586
  3540,  0.408, -0.006,  0.603,  0.091,  0.088,  0.318
  3600,  0.711,  0.062,  0.739,  0.115,  0.174,  0.287
  3660,  0.790,  0.050,  0.718,  0.128,  0.178,  0.384
  3720,  0.667,  0.027,  0.636,  0.135,  0.194,  0.231
  3780,  0.070, -0.027,  0.547,  0.096,  0.012,  0.032
  3840, -0.014, -0.005,  0.594,  0.099, -0.033, -0.003
  3900,  0.261, -0.021,  0.618,  0.112,  0.095,  0.288
  3960,  0.467,  0.039,  0.699,  0.115,  0.113,  0.382
  4020,  0.701,  0.076,  0.653,  0.123,  0.178,  0.293
  4080,  0.286,  0.038,  0.620,  0.107,  0.072,  0.208
  4140, -0.036, -0.049,  0.586,  0.085, -0.054, -0.065
  4200, -9999.000, -9999.000, -9999.000, -9999.000, -9999.000, -9999.000
  4260,  0.483,  0.070,  0.641,  0.103,  0.119,  0.049
  4320,  0.718,  0.024,  0.670,  0.100,  0.149,  0.140
  4380,  0.715, -9999.000,  0.729,  0.095,  0.162,  0.264
  4440,  0.807, -9999.000,  0.821,  0.109,  0.214,  0.371
  4500,  0.740, -9999.000,  0.733,  0.102,  0.219,  0.309
  4560,  0.656, -9999.000,  0.736,  0.090,  0.182,  0.219
  4620,  0.366, -9999.000,  0.703,  0.111,  0.061,  0.166
  4680,  0.456, -9999.000,  0.622,  0.108,  0.120,  0.136
  4740,  0.749, -9999.000,  0.750,  0.121,  0.131,  0.223
  4800,  0.263, -9999.000,  0.669,  0.100,  0.123,  0.076
  4860, -0.244, -9999.000,  0.511,  0.052, -0.040, -0.019
  4920, -0.128, -9999.000,  0.613,  0.070, -0.021,  0.011
  4980,  0.434, -9999.000,  0.685,  0.087,  0.109,  0.188
  5040,  0.751, -9999.000,  0.764,  0.110,  0.203,  0.415
  5100,  0.749, -9999.000,  0.721,  0.118,  0.208,  0.305
  5160,  0.903, -9999.000,  0.808,  0.073,  0.131,  0.318
  5220,  0.749, -9999.000,  0.740,  0.086,  0.227,  0.543
  5280,  0.725, -9999.000,  0.795,  0.115,  0.184,  0.391
  5340,  0.919, -9999.000,  0.787,  0.124,  0.243,  0.453
  5400,  0.772, -9999.000,  0.865,  0.095,  0.201,  0.468
  5460,  0.829, -9999.000,  0.777,  0.092,  0.223,  0.369
  5520,  0.839, -9999.000,  0.779,  0.087,  0.197,  0.459
  5580,  0.534, -9999.000,  0.713,  0.063,  0.140,  0.362
  5640,  0.752, -9999.000,  0.775,  0.070,  0.143,  0.383
  5700,  0.712, -9999.000,  0.786,  0.067,  0.150,  0.457
  5760,  0.829, -9999.000,  0.826,  0.064,  0.142,  0.576
  5820,  0.839, -9999.000,  0.877,  0.067,  0.135,  0.503
  5880,  0.732, -9999.000,  0.680,  0.059,  0.174,  0.516
  5940,  0.896, -9999.000,  0.860,  0.084,  0.187,  0.493
  6000,  0.717, -9999.000,  0.692,  0.069,  0.139,  0.422
  6060, -9999.000, -9999.000, -9999.000, -9999.000, -9999.000, -9999.000
  6120,  0.776, -9999.000,  0.675,  0.035,  0.115,  0.534
  6180,  0.968, -9999.000,  0.628,  0.038,  0.159,  0.437
  6240,  0.837, -9999.000,  0.695,  0.072,  0.144,  0.516
  6300,  0.805, -9999.000,  0.692,  0.069,  0.154,  0.449
  6360,  0.941, -9999.000,  0.672,  0.062,  0.185,  0.346
  6420,  0.846, -9999.000,  0.673,  0.064,  0.116,  0.291
  6480,  0.487, -9999.000,  0.540,  0.037,  0.064,  0.220
  6540,  0.740, -9999.000,  0.664,  0.038,  0.152,  0.220
  6600,  0.495, -9999.000,  0.651,  0.035,  0.081,  0.121
  6660,  0.719, -9999.000,  0.711,  0.073,  0.130,  0.111
  6720,  0.994, -9999.000,  0.636,  0.073,  0.261,  0.249
  6780,  0.867, -9999.000,  0.732,  0.044,  0.171,  0.268
  6840,  0.555, -9999.000,  0.568,  0.044,  0.150,  0.202
  6900,  0.988, -9999.000,  0.696,  0.028,  0.177,  0.363
  6960,  0.980, -9999.000,  0.684,  0.046,  0.195,  0.365
  7020,  1.142, -9999.000,  0.667,  0.047,  0.256,  0.460
  7080,  0.888, -9999.000,  0.667,  0.074,  0.214,  0.345
  7140,  1.081, -9999.000,  0.752,  0.048,  0.235,  0.420
  7200,  0.551, -9999.000,  0.653,  0.046,  0.096,  0.312
  7260,  0.859, -9999.000,  0.628,  0.045,  0.157,  0.350
  7320,  0.679, -9999.000,  0.640,  0.052,  0.115,  0.240
  7380,  0.676, -9999.000,  0.640,  0.046,  0.113,  0.244
  7440,  0.964, -9999.000,  0.735,  0.079,  0.182,  0.334
  7500,  1.052, -9999.000,  0.681,  0.080,  0.225,  0.351
  7560,  0.790, -9999.000,  0.604,  0.060,  0.138,  0.332
  7620,  0.436, -9999.000,  0.475,  0.019,  0.034,  0.073
  7680,  0.892, -9999.000,  0.591,  0.031,  0.150,  0.273
  7740,  0.997, -9999.000,  0.584,  0.020,  0.115,  0.267
  7800,  1.121, -9999.000,  0.616,  0.056,  0.120,  0.306
  7860,  1.497, -9999.000,  0.625,  0.054,  0.145,  0.491
  7920,  0.726, -9999.000,  0.489,  0.028,  0.084,  0.302
  7980,  1.194, -9999.000,  0.668,  0.050,  0.198,  0.620
  8040,  1.269, -9999.000,  0.664,  0.050,  0.188,  0.544
  8100,  0.906,  0.067,  0.670,  0.065,  0.153,  0.441
  8160,  1.144,  0.068,  0.661,  0.066,  0.164,  0.384
  8220,  1.026,  0.067,  0.707,  0.063,  0.173,  0.378
  8280,  0.794,  0.018,  0.595,  0.037,  0.105,  0.261
  8340,  0.690,  0.029,  0.656,  0.044,  0.062,  0.309
  8400,  1.004,  0.061,  0.641,  0.054,  0.125,  0.484
  8460,  1.057,  0.136,  0.732,  0.035,  0.132,  0.474
  8520,  0.826,  0.027,  0.677,  0.057,  0.096,  0.473
  8580,  0.753,  0.079,  0.708,  0.031,  0.150,  0.428
  8640,  0.765,  0.052,  0.721,  0.029,  0.155,  0.637
  8700,  0.712,  0.012,  0.684,  0.039,  0.078,  0.570
  8760,  0.663, -0.009,  0.660,  0.063,  0.104,  0.523
  8820,  0.801,  0.030,  0.682,  0.040,  0.142,  0.556
  8880,  0.970, -0.000,  0.767,  0.092,  0.119,  0.645
  8940,  0.524, -0.005,  0.690,  0.062,  0.058,  0.490
  9000,  1.000,  0.057,  0.777,  0.052,  0.140,  0.815
  9060,  0.874,  0.063,  0.772,  0.091,  0.171,  0.916
  9120,  0.766,  0.003,  0.694,  0.049,  0.106,  0.482
  9180,  0.775, -0.003,  0.746,  0.057,  0.125,  0.474
  9240,  1.009,  0.042,  0.758,  0.075,  0.213,  0.636
  9300,  0.924, -0.012,  0.722,  0.068,  0.167,  0.675
  9360,  0.112, -0.023,  0.640,  0.033,  0.013,  0.249
  9420,  0.443, -0.052,  0.745,  0.051,  0.065,  0.497
  9480,  0.823, -0.005,  0.779,  0.074,  0.168,  0.519
  9540,  0.913, -0.006,  0.781,  0.080,  0.175,  0.677
  9600,  1.022,  0.055,  0.786,  0.057,  0.169,  0.698
  9660,  0.935,  0.056,  0.825,  0.055,  0.203,  0.647
  9720, -9999.000, -9999.000, -9999.000, -9999.000, -9999.000, -9999.000
  9780,  0.935,  0.056,  0.658,  0.121,  0.221,  0.625
  9840,  0.935,  0.058,  0.719,  0.069,  0.139,  0.792
  9900,  1.072, -0.012,  0.794,  0.059,  0.164,  0.570
  9960,  0.939,  0.001,  0.719,  0.062,  0.168,  0.764
 10020,  1.005, -0.002,  0.716,  0.065,  0.172,  0.605
 10080,  0.943,  0.003,  0.775,  0.050,  0.150,  0.624
 10140,  0.929,  0.005,  0.852,  0.059,  0.189,  0.833
 10200,  0.876,  0.040,  0.761,  0.042,  0.159,  0.754
 10260,  0.845,  0.004,  0.790,  0.059,  0.177,  0.564
 10320,  0.861,  0.047,  0.710,  0.067,  0.186,  0.797
 10380,  0.898,  0.048,  0.768,  0.060,  0.162,  0.754
 10440,  0.868, -0.000,  0.811,  0.072,  0.171,  0.764
 10500,  0.743,  0.067,  0.779,  0.074,  0.147,  0.740
 10560,  0.899,  0.002,  0.761,  0.062,  0.182,  0.769
 10620,  1.012, -0.006,  0.762,  0.076,  0.191,  0.653
 10680,  0.900,  0.068,  0.702,  0.067,  0.154,  0.695
 10740,  0.860, -0.014,  0.818,  0.064,  0.167,  0.866
 10800,  0.755,  0.016,  0.746,  0.120,  0.177,  0.919
 10860,  0.797, -0.014,  0.750,  0.069,  0.153,  0.972
 10920,  0.855,  0.024,  0.791,  0.080,  0.172,  1.167
 10980,  0.798,  0.011,  0.810,  0.075,  0.167,  1.009
 11040,  0.838,  0.033,  0.787,  0.069,  0.213,  1.185
 11100,  0.694, -0.038,  0.826,  0.058,  0.171,  1.179
 11160,  0.778,  0.040,  0.770,  0.060,  0.203,  1.169
 11220,  0.783, -0.026,  0.754,  0.045,  0.183,  1.189
 11280,  0.810,  0.036,  0.759,  0.046,  0.155,  0.880
 11340,  0.780,  0.016,  0.801,  0.048,  0.162,  0.835
 11400,  0.805,  0.001,  0.721,  0.064,  0.180,  1.025
 11460,  0.828, -0.010,  0.745,  0.065,  0.142,  1.066
 11520,  0.801, -0.010,  0.769,  0.100,  0.140,  1.161
 11580, -9999.000, -9999.000, -9999.000, -9999.000, -9999.000, -9999.000
 11640,  0.854, -0.025,  0.733,  0.069,  0.157,  0.965
 11700,  0.685,  0.067,  0.753,  0.082,  0.153,  1.028
 11760,  0.808,  0.058,  0.748,  0.076,  0.174,  0.829
 11820,  0.871, -0.028,  0.771,  0.096,  0.171,  0.868
 11880,  0.792, -0.026,  0.776,  0.110,  0.150,  0.735
 11940,  0.872,  0.056,  0.771,  0.072,  0.201,  0.721
 12000,  0.828, -0.016,  0.761,  0.085,  0.169,  0.899
 12060,  0.723,  0.079,  0.782,  0.078,  0.162,  0.740
 12120,  0.864,  0.004,  0.729,  0.076,  0.187,  0.721
 12180,  0.931,  0.049,  0.740,  0.095,  0.179,  0.713
 12240,  0.798,  0.089,  0.762,  0.090,  0.200,  0.694
 12300,  0.730,  0.044,  0.792,  0.077,  0.144,  0.808
 12360,  0.875,  0.045,  0.690,  0.103,  0.196,  0.825
 12420,  0.882,  0.052,  0.786,  0.092,  0.148,  0.891
 12480,  0.883,  0.054,  0.817,  0.098,  0.178,  0.653
 12540,  0.896,  0.034,  0.688,  0.071,  0.184,  0.833
 12600,  0.855,  0.022,  0.784,  0.061,  0.165,  0.878
 12660,  0.967,  0.038,  0.756,  0.093,  0.168,  0.813
 12720,  0.924,  0.076,  0.767,  0.123,  0.184,  0.765
 12780,  0.949,  0.052,  0.791,  0.092,  0.196,  0.901
 12840,  0.896,  0.064,  0.802,  0.125,  0.212,  2.186
 12900,  0.959,  0.096,  1.026,  0.191,  0.208,  8.289
 12960,  0.928,  0.069,  0.815,  0.103,  0.201,  1.376
 13020,  0.822,  0.058,  0.841,  0.110,  0.168,  1.706
 13080,  0.917,  0.081,  0.803,  0.076,  0.201,  1.044
 13140,  0.869,  0.092,  0.777,  0.118,  0.199,  1.584
 13200,  0.860,  0.124,  1.062,  0.157,  0.341,  8.522
 13260,  0.985,  0.109,  0.867,  0.109,  0.227,  1.954
 13320,  0.964,  0.112,  1.031,  0.152,  0.370,  6.474
 13380,  0.926,  0.062,  1.150,  0.232,  0.330,  9.562
 13440, -9999.000, -9999.000, -9999.000, -9999.000, -9999.000, -9999.000
 13500,  0.994,  0.081,  0.840,  0.133,  0.275,  8.831
 13560,  0.957,  0.068,  0.744,  0.135,  0.182,  3.677
 13620,  0.903,  0.049,  0.746,  0.142,  0.230,  3.037
 13680,  0.960,  0.101,  0.895,  0.114,  0.275,  4.758
 13740,  0.938,  0.055,  0.747,  0.120,  0.187,  1.911
 13800,  1.005,  0.181,  0.860,  0.109,  0.262,  5.394
 13860,  0.953,  0.116,  0.830,  0.151,  0.257,  4.028
 13920,  1.021,  0.046,  0.808,  0.133,  0.265,  5.040
 13980,  0.979,  0.091,  0.879,  0.137,  0.274,  4.050
 14040,  1.063,  0.004,  0.832,  0.114,  0.215,  2.403
 14100,  0.894,  0.071,  0.893,  0.167,  0.266,  5.064
 14160,  0.927,  0.058,  0.836,  0.138,  0.255,  5.139
 14220,  1.173,  0.069,  0.961,  0.193,  0.290,  6.433
 14280,  1.053,  0.061,  1.023,  0.151,  0.318,  8.512
 14340,  0.910,  0.007,  0.891,  0.157,  0.257,  7.415
 14400,  1.032,  0.069,  1.058,  0.180,  0.383,  9.383
 14460,  0.912,  0.006,  0.808,  0.128,  0.208,  2.939
 14520,  0.884,  0.051,  0.907,  0.107,  0.270,  4.987
 14580,  0.952, -0.017,  0.955,  0.128,  0.269,  4.973
 14640,  0.936,  0.076,  0.837,  0.188,  0.190,  3.814
 14700,  1.003,  0.011,  0.875,  0.175,  0.366,  5.932
 14760,  1.088,  0.037,  0.795,  0.128,  0.319,  3.076
 14820,  0.900,  0.035,  0.892,  0.143,  0.369,  3.693
 14880,  1.085, -0.008,  0.867,  0.170,  0.610,  5.852
 14940,  0.874,  0.105,  0.837,  0.142,  0.387,  3.467
 15000,  0.952, -0.031,  0.763,  0.143,  0.453,  2.726
 15060,  1.072,  0.091,  0.782,  0.127,  0.588,  3.207
 15120,  1.056, -0.015,  0.766,  0.121,  0.373,  1.759
 15180,  0.900, -0.054,  0.807,  0.157,  0.256,  1.182
 15240,  0.918,  0.033,  0.687,  0.130,  0.272,  1.016
 15300,  0.968,  0.034,  0.720,  0.064,  0.169,  0.921
 15360,  0.963, -0.062,  0.706,  0.107,  0.188,  0.986
 15420,  0.783, -0.035,  0.670,  0.112,  0.192,  0.905
 15480,  0.834, -0.073,  0.722,  0.095,  0.179,  0.742
 15540,  0.860, -0.023,  0.696,  0.103,  0.154,  0.991
 15600,  0.884, -0.093,  0.649,  0.089,  0.215,  0.733
 15660,  0.789, -0.019,  0.685,  0.113,  0.148,  0.852
 15720,  0.719, -0.044,  0.664,  0.114,  0.129,  0.837
 15780,  0.901, -0.084,  0.777,  0.114,  0.184,  0.826
 15840,  0.704, -0.089,  0.677,  0.113,  0.174,  0.761
 15900,  0.726, -0.049,  0.694,  0.101,  0.146,  0.938
 15960,  0.769, -0.054,  0.728,  0.138,  0.188,  0.977
 16020,  0.897, -0.072,  0.610,  0.123,  0.179,  0.851
 16080,  0.879, -0.013,  0.734,  0.099,  0.158,  0.715
 16140,  0.711, -0.042,  0.630,  0.120,  0.163,  0.733
 16200,  0.711,  0.009,  0.801,  0.117,  0.183,  0.629
 16260,  0.765, -0.046,  0.712,  0.138,  0.192,  0.653
 16320,  0.772, -0.042,  0.797,  0.090,  0.159,  0.744
 16380,  0.858,  0.024,  0.799,  0.120,  0.151,  0.688
 16440,  0.770, -0.045,  0.743,  0.149,  0.174,  0.650
 16500,  0.741, -0.037,  0.695,  0.121,  0.167,  0.639
 16560,  0.729, -0.047,  0.742,  0.111,  0.177,  0.781
 16620,  0.712, -0.021,  0.748,  0.142,  0.143,  0.850
 16680,  0.704, -0.021,  0.817,  0.107,  0.154,  0.799
 16740,  0.709,  0.002,  0.748,  0.133,  0.184,  0.608
 16800,  0.625, -0.050,  0.712,  0.150,  0.166,  0.782
 16860,  0.556,  0.009,  0.745,  0.137,  0.141,  0.690
 16920,  0.768, -0.014,  0.746,  0.130,  0.203,  0.736
