CampaignData_and_Merges/R0/CSL_MobileLab_Parked/raw/20240810/USOS-NOAAIodideCIMS-Halogens_MobileLabGround_20240810_RA.ict
38, 1001
Michael A Robinson, Chris Jernigan, Subi Thakali
NOAA ESRL Chemical Sciences Laboratory and CIRES, U. of Colorado
NOAA Iodide CIMS Instrument
USOS
1, 1
2024, 08, 10, 2024, 08, 11
1
starttime_UTC, seconds_past_midnight, seconds_of_day_since_00:00:00_UTC
6
1, 1, 1, 1, 1, 1
-9999, -9999, -9999, -9999, -9999, -9999
Br2_NOAACIMS, pptv, Gas_Br2_InSitu_S_AVMR, 
BrO_NOAACIMS, pptv, Gas_BrO_InSitu_S_AVMR, 
Cl2_NOAACIMS, pptv, Gas_Cl2_InSitu_S_AVMR, 
ClNO2_NOAACIMS, pptv, Gas_ClNO2_InSitu_S_AVMR, 
BrCl_NOAACIMS, pptv, Gas_BrCl_InSitu_S_AVMR, 
NCl3_NOAACIMS, pptv, Gas_NCl3_InSitu_S_AVMR, 
0
18
PI_CONTACT_INFO: 325 Broadway, R/CSD 7, Boulder, Colorado 80305; michael.a.robinson@noaa.gov; chris.jernigan@noaa.gov;
PLATFORM: NOAA CSL Mobile Lab
LOCATION: SLC, Utah
ASSOCIATED_DATA: 1Hz data also available on request.
INSTRUMENT_INFO: NOAA I- ToF CIMS
DATA_INFO: All data in parts per trillion by volume (pptv). 1 Hz data is available upon request.
UNCERTAINTY: TBD
ULOD_FLAG: -7777
ULOD_VALUE: N/A
LLOD_FLAG: -8888
LLOD_VALUE: N/A
DM_CONTACT_INFO: Nathan Howard; nathan.h.howard@noaa.gov
PROJECT_INFO: USOS, summer 2024. https://csl.noaa.gov/groups/csl7/measurements/2024usos/
STIPULATIONS_ON_USE: Users are strongly encouraged to contact the PI for proper data usage.
OTHER_COMMENTS: 
REVISION: RA
RA: Preliminary Data; For in-field use only
starttime_UTC, Br2_NOAACIMS, BrO_NOAACIMS, Cl2_NOAACIMS, ClNO2_NOAACIMS, BrCl_NOAACIMS, NCl3_NOAACIMS
[from data line 573]
 34380,  0.699,  0.016,  0.814,  0.211,  0.139,  3.552
 34440,  0.732,  0.004,  0.889,  0.272,  0.181,  3.841
 34500,  0.751,  0.071,  0.873,  0.301,  0.184,  4.120
 34560,  0.724,  0.054,  0.949,  0.300,  0.180,  4.421
 34620,  0.756,  0.101,  0.859,  0.261,  0.191,  3.718
 34680,  0.814,  0.022,  0.827,  0.256,  0.155,  3.610
 34740,  0.738,  0.012,  0.875,  0.281,  0.150,  3.750
 34800,  0.712, -0.002,  0.845,  0.264,  0.243,  3.889
 34860,  0.713,  0.047,  0.749,  0.279,  0.221,  3.214
 34920,  0.736,  0.036,  0.856,  0.237,  0.185,  2.836
 34980,  0.713, -0.003,  0.777,  0.246,  0.204,  2.824
 35040,  0.757,  0.018,  0.800,  0.217,  0.176,  2.996
 35100,  0.855,  0.021,  0.842,  0.210,  0.198,  3.006
 35160,  0.617,  0.017,  0.865,  0.239,  0.158,  2.584
 35220,  0.891, -0.002,  0.823,  0.258,  0.176,  2.852
 35280,  0.806,  0.001,  0.818,  0.230,  0.211,  2.976
 35340,  0.679,  0.052,  0.932,  0.227,  0.211,  3.483
 35400,  0.813,  0.018,  0.909,  0.197,  0.213,  3.256
 35460,  0.837, -0.011,  0.842,  0.232,  0.257,  3.448
 35520,  0.741, -0.019,  0.918,  0.255,  0.190,  3.510
 35580,  0.948, -0.085,  0.625,  0.349,  0.142,  4.268
 35640,  0.428,  0.073,  0.727,  0.375,  0.192,  2.763
 35700,  0.575, -0.015,  0.801,  0.261,  0.174,  3.249
 35760,  0.837,  0.007,  0.805,  0.229,  0.218,  3.674
 35820,  0.667, -0.042,  0.868,  0.310,  0.180,  3.819
 35880,  0.766, -0.027,  0.799,  0.347,  0.170,  3.659
 35940,  0.855, -0.007,  0.890,  0.338,  0.206,  4.555
 36000,  0.754, -0.022,  0.842,  0.384,  0.189,  4.040
 36060,  0.673, -0.020,  0.851,  0.365,  0.177,  4.043
 36120,  0.876,  0.034,  0.878,  0.334,  0.183,  4.179
 36180,  0.891, -0.010,  0.803,  0.323,  0.210,  3.878
 36240,  0.766,  0.045,  0.892,  0.338,  0.153,  4.054
 36300,  0.723, -0.016,  0.725,  0.435,  0.191,  4.007
 36360,  0.820,  0.022,  0.859,  0.387,  0.160,  4.079
 36420,  0.857, -0.035,  0.908,  0.462,  0.201,  4.926
 36480,  0.921, -0.011,  0.897,  0.450,  0.165,  5.096
 36540,  0.731, -0.014,  1.010,  0.465,  0.191,  5.030
 36600,  0.872,  0.070,  0.876,  0.376,  0.185,  4.798
 36660,  0.810,  0.013,  0.797,  0.331,  0.154,  3.742
 36720,  0.852, -0.027,  0.829,  0.287,  0.189,  3.131
 36780,  0.774,  0.042,  0.905,  0.299,  0.163,  2.872
 36840,  0.823,  0.008,  0.845,  0.308,  0.174,  3.043
 36900,  0.967,  0.014,  0.902,  0.291,  0.125,  3.197
 36960,  0.732, -0.006,  0.845,  0.368,  0.168,  3.383
 37020,  0.853,  0.066,  0.852,  0.464,  0.155,  3.993
 37080,  0.769,  0.043,  0.940,  0.484,  0.152,  4.843
 37140,  0.865,  0.051,  0.968,  0.625,  0.148,  5.788
 37200,  0.885,  0.001,  0.930,  0.590,  0.221,  5.416
 37260,  0.964,  0.083,  0.933,  0.463,  0.168,  3.811
 37320,  0.887, -0.005,  0.868,  0.424,  0.151,  2.634
 37380,  0.921,  0.003,  0.869,  0.359,  0.097,  2.406
 37440,  0.688,  0.067,  0.748,  0.302,  0.119,  2.735
 37500,  0.790,  0.066,  0.698,  0.259,  0.121,  2.323
 37560,  0.861,  0.017,  0.835,  0.291,  0.159,  2.422
 37620,  0.976,  0.016,  0.786,  0.253,  0.147,  2.227
 37680,  0.925,  0.001,  0.702,  0.280,  0.144,  2.259
 37740,  0.865,  0.045,  0.809,  0.264,  0.108,  2.245
 37800,  0.861,  0.017,  0.710,  0.300,  0.149,  2.220
 37860,  0.850,  0.000,  0.702,  0.232,  0.124,  2.183
 37920,  0.752, -0.002,  0.767,  0.234,  0.110,  2.342
 37980,  0.784, -0.002,  0.736,  0.237,  0.119,  2.310
 38040,  0.816, -0.022,  0.710,  0.247,  0.128,  2.551
 38100,  0.916, -0.014,  0.757,  0.251,  0.128,  2.555
 38160,  0.851,  0.011,  0.795,  0.231,  0.136,  2.704
 38220,  0.934, -0.031,  0.690,  0.257,  0.116,  2.642
 38280,  0.821,  0.010,  0.742,  0.238,  0.136,  2.424
 38340,  0.840,  0.018,  0.684,  0.215,  0.107,  2.430
 38400,  0.834, -0.003,  0.823,  0.198,  0.140,  2.447
 38460,  0.755, -0.020,  0.691,  0.211,  0.148,  2.682
 38520,  0.770,  0.081,  0.745,  0.203,  0.107,  2.399
 38580,  0.787, -0.008,  0.785,  0.192,  0.176,  2.515
 38640,  0.818, -0.035,  0.723,  0.234,  0.132,  2.373
 38700,  0.789, -0.075,  0.735,  0.238,  0.132,  2.357
 38760,  0.736, -0.077,  0.787,  0.246,  0.144,  2.502
 38820,  0.662,  0.019,  0.768,  0.229,  0.129,  2.675
 38880,  0.772, -0.028,  0.775,  0.204,  0.147,  2.499
 38940,  0.675, -0.041,  0.812,  0.229,  0.184,  2.633
 39000,  0.783, -0.083,  0.921,  0.236,  0.173,  2.985
 39060,  0.711, -0.052,  0.793,  0.233,  0.177,  2.987
 39120,  0.703,  0.014,  0.808,  0.194,  0.204,  2.984
 39180,  0.638, -0.068,  0.872,  0.201,  0.150,  2.793
 39240,  0.665, -0.033,  0.798,  0.219,  0.185,  2.855
 39300, -9999.000, -9999.000, -9999.000, -9999.000, -9999.000, -9999.000
 39360,  0.635, -0.111,  0.712,  0.229,  0.225,  2.988
 39420,  0.705, -0.061,  0.810,  0.242,  0.147,  3.143
 39480,  0.807, -0.023,  0.916,  0.265,  0.146,  3.432
 39540,  0.810, -0.098,  0.973,  0.302,  0.185,  4.269
 39600,  1.002, -0.031,  1.008,  0.256,  0.166,  4.461
 39660,  1.053, -0.008,  1.001,  0.308,  0.185,  4.410
 39720,  1.016, -0.059,  0.946,  0.334,  0.152,  4.507
 39780,  0.931,  0.034,  0.966,  0.288,  0.201,  4.152
 39840,  0.828, -0.069,  0.938,  0.346,  0.186,  4.324
 39900,  0.883, -0.061,  0.995,  0.276,  0.180,  4.285
 39960,  0.731, -0.020,  0.976,  0.269,  0.145,  3.930
 40020,  0.712, -0.028,  0.901,  0.300,  0.187,  4.314
 40080,  0.936, -0.059,  0.973,  0.377,  0.158,  5.162
 40140,  1.037, -0.033,  1.034,  0.485,  0.220,  5.322
 40200,  1.346, -0.041,  1.087,  0.505,  0.188,  6.173
 40260,  1.138, -0.025,  1.134,  0.504,  0.198,  5.095
 40320,  0.918, -0.067,  0.977,  0.302,  0.152,  3.733
 40380,  0.866,  0.002,  0.800,  0.273,  0.115,  3.105
 40440,  0.971, -0.055,  0.797,  0.258,  0.156,  3.175
 40500,  0.877, -0.027,  0.919,  0.301,  0.171,  2.900
 40560,  0.999, -0.022,  1.006,  0.437,  0.171,  5.038
 40620,  0.914, -0.083,  0.824,  0.299,  0.173,  3.694
 40680,  0.955, -0.058,  0.688,  0.187,  0.176,  2.228
 40740,  0.895, -0.051,  0.762,  0.213,  0.169,  2.158
 40800,  0.905, -0.029,  0.740,  0.223,  0.158,  2.294
 40860,  0.927, -0.033,  0.658,  0.161,  0.156,  2.245
 40920,  0.783, -0.036,  0.696,  0.185,  0.146,  2.478
 40980,  0.902, -0.042,  0.735,  0.227,  0.201,  2.583
 41040,  0.930, -0.003,  0.729,  0.223,  0.206,  2.739
 41100,  0.921, -0.054,  0.679,  0.241,  0.171,  2.821
 41160, -9999.000, -9999.000, -9999.000, -9999.000, -9999.000, -9999.000
 41220,  0.874,  0.024,  0.736,  0.238,  0.159,  2.686
 41280,  0.845,  0.023,  0.747,  0.197,  0.143,  2.614
 41340,  0.896, -0.045,  0.725,  0.219,  0.109,  2.410
 41400,  0.892, -0.026,  0.738,  0.266,  0.168,  2.570
 41460,  1.065, -0.057,  0.751,  0.215,  0.176,  2.954
 41520,  0.883, -0.066,  0.742,  0.203,  0.183,  2.810
 41580,  0.910, -0.060,  0.747,  0.219,  0.171,  2.852
 41640,  0.941, -0.051,  0.766,  0.241,  0.126,  2.700
 41700,  0.931, -0.008,  0.781,  0.203,  0.150,  2.556
 41760,  0.903, -0.007,  0.664,  0.222,  0.173,  2.585
 41820,  0.885, -0.024,  0.678,  0.194,  0.147,  2.445
 41880,  0.952, -0.013,  0.820,  0.238,  0.166,  3.482
 41940,  0.912,  0.002,  0.920,  0.257,  0.220,  4.558
 42000,  0.883, -0.091,  0.774,  0.257,  0.190,  4.019
 42060,  0.982, -0.025,  0.789,  0.315,  0.157,  4.415
 42120,  0.931, -0.016,  0.762,  0.259,  0.161,  3.509
 42180,  0.867, -0.047,  0.813,  0.240,  0.192,  3.590
 42240,  0.874, -0.050,  0.857,  0.256,  0.186,  3.577
 42300,  0.830, -0.071,  0.777,  0.283,  0.212,  3.472
 42360,  0.844, -0.043,  0.802,  0.276,  0.138,  3.560
 42420,  0.811, -0.034,  0.693,  0.271,  0.158,  3.070
 42480,  0.786, -0.042,  0.733,  0.223,  0.139,  2.805
 42540,  0.851, -0.023,  0.733,  0.235,  0.167,  2.978
 42600,  0.757, -0.038,  0.730,  0.215,  0.171,  3.341
 42660,  0.799, -0.056,  0.777,  0.237,  0.121,  3.333
 42720,  0.742, -0.040,  0.749,  0.285,  0.098,  3.541
 42780,  0.781, -0.032,  0.671,  0.300,  0.123,  3.460
 42840,  0.762, -0.089,  0.768,  0.286,  0.150,  3.385
 42900,  0.734, -0.067,  0.689,  0.303,  0.135,  3.114
 42960,  0.685, -0.068,  0.851,  0.133,  0.172,  2.221
 43020, -9999.000, -9999.000, -9999.000, -9999.000, -9999.000, -9999.000
 43080,  0.748, -0.086,  0.552,  0.206,  0.134,  2.265
 43140,  0.793, -0.061,  0.687,  0.255,  0.170,  2.674
 43200,  0.798, -0.056,  0.706,  0.284,  0.166,  2.812
 43260,  0.672, -0.035,  0.684,  0.286,  0.125,  3.056
 43320,  0.725,  0.017,  0.675,  0.271,  0.112,  2.346
 43380,  0.696, -0.016,  0.726,  0.276,  0.117,  2.752
 43440,  0.793, -0.057,  0.646,  0.232,  0.134,  2.179
 43500,  0.695, -0.065,  0.613,  0.231,  0.177,  2.040
 43560,  0.709, -0.040,  0.670,  0.233,  0.150,  1.935
 43620,  0.694, -0.045,  0.688,  0.211,  0.184,  2.018
 43680,  0.699, -0.000,  0.683,  0.260,  0.126,  1.966
 43740,  0.756,  0.029,  0.754,  0.216,  0.143,  1.994
 43800,  0.763,  0.025,  0.739,  0.251,  0.149,  2.135
 43860,  0.720,  0.020,  0.708,  0.219,  0.174,  2.035
 43920,  0.783,  0.052,  0.722,  0.197,  0.178,  2.375
 43980,  0.662,  0.024,  0.784,  0.217,  0.169,  2.028
 44040,  0.803,  0.056,  0.700,  0.232,  0.142,  2.305
 44100,  0.774,  0.002,  0.679,  0.235,  0.189,  2.187
 44160,  0.679,  0.063,  0.716,  0.241,  0.199,  2.664
 44220,  0.708,  0.028,  0.793,  0.240,  0.191,  3.798
 44280,  0.659,  0.051,  0.769,  0.256,  0.175,  3.295
 44340,  0.746,  0.076,  0.737,  0.214,  0.244,  2.652
 44400,  0.750,  0.044,  0.777,  0.191,  0.205,  2.477
 44460,  0.721,  0.031,  0.901,  0.228,  0.202,  2.772
 44520,  0.681,  0.031,  0.902,  0.222,  0.215,  2.722
 44580,  0.806,  0.058,  0.869,  0.226,  0.171,  2.506
 44640,  0.899,  0.061,  0.749,  0.234,  0.203,  2.595
 44700,  0.776,  0.113,  0.847,  0.258,  0.205,  2.763
 44760,  0.766,  0.043,  0.914,  0.271,  0.215,  2.606
 44820,  0.774,  0.094,  0.972,  0.281,  0.156,  2.704
 44880,  0.704,  0.134,  0.917,  0.244,  0.192,  3.314
 44940,  0.717,  0.105,  0.862,  0.290,  0.226,  3.104
 45000,  0.696,  0.095,  0.747,  0.245,  0.176,  2.074
 45060,  0.664,  0.057,  0.774,  0.210,  0.158,  2.103
 45120,  0.688,  0.071,  0.767,  0.206,  0.168,  2.193
 45180,  0.719,  0.119,  0.864,  0.292,  0.223,  3.523
 45240,  0.726,  0.031,  0.752,  0.245,  0.217,  2.309
 45300,  0.739,  0.086,  0.827,  0.287,  0.197,  3.963
 45360,  0.755,  0.032,  0.813,  0.215,  0.222,  2.726
 45420,  0.728,  0.029,  0.824,  0.247,  0.165,  2.766
 45480,  0.697,  0.079,  0.870,  0.249,  0.171,  2.613
 45540,  0.594,  0.034,  0.852,  0.179,  0.176,  2.529
 45600,  0.662,  0.108,  0.840,  0.260,  0.172,  2.473
 45660,  0.620,  0.057,  0.918,  0.267,  0.160,  2.468
 45720,  0.708,  0.017,  0.834,  0.217,  0.186,  2.616
 45780,  0.650,  0.033,  0.874,  0.261,  0.196,  2.760
 45840,  0.666,  0.056,  0.873,  0.268,  0.154,  2.604
 45900,  0.674,  0.043,  0.924,  0.241,  0.173,  2.652
 45960,  0.622,  0.033,  0.872,  0.256,  0.172,  2.649
 46020,  0.576, -0.005,  0.825,  0.259,  0.165,  2.592
 46080,  0.445,  0.005,  0.832,  0.294,  0.193,  2.537
 46140,  0.565,  0.018,  0.866,  0.297,  0.182,  2.673
 46200,  0.598,  0.023,  0.884,  0.286,  0.168,  2.619
 46260,  0.597, -0.033,  0.914,  0.243,  0.167,  2.718
 46320,  0.461,  0.021,  0.787,  0.302,  0.152,  2.371
 46380,  0.582,  0.062,  0.874,  0.282,  0.216,  2.461
 46440,  0.615, -0.029,  0.800,  0.241,  0.177,  2.059
 46500,  0.600,  0.049,  0.840,  0.270,  0.197,  3.014
 46560,  0.543, -0.034,  0.790,  0.248,  0.157,  2.620
 46620,  0.574, -0.022,  0.784,  0.299,  0.163,  2.285
 46680, -9999.000, -9999.000, -9999.000, -9999.000, -9999.000, -9999.000
 46740,  0.502, -0.043,  0.866,  0.241,  0.120,  2.093
 46800,  0.577, -0.025,  0.727,  0.237,  0.132,  2.258
 46860,  0.540, -0.052,  0.782,  0.199,  0.158,  2.061
 46920,  0.489,  0.042,  0.890,  0.201,  0.175,  2.122
 46980,  0.475, -0.012,  0.900,  0.174,  0.178,  1.647
 47040,  0.455,  0.008,  0.814,  0.180,  0.145,  1.861
 47100,  0.661,  0.010,  0.809,  0.206,  0.156,  1.780
 47160,  0.540,  0.030,  0.932,  0.172,  0.171,  1.852
 47220,  0.509,  0.013,  0.894,  0.185,  0.165,  1.817
 47280,  0.462, -0.006,  0.881,  0.219,  0.172,  1.689
 47340,  0.536,  0.028,  0.942,  0.244,  0.115,  1.883
 47400,  0.511, -0.023,  0.856,  0.160,  0.124,  1.626
 47460,  0.562, -0.006,  0.798,  0.175,  0.148,  1.817
 47520,  0.603,  0.009,  0.778,  0.202,  0.128,  1.529
 47580,  0.582,  0.008,  0.791,  0.166,  0.108,  1.530
 47640,  0.552,  0.025,  0.830,  0.195,  0.149,  1.406
 47700,  0.565,  0.014,  0.852,  0.214,  0.171,  1.290
 47760,  0.646,  0.002,  0.801,  0.191,  0.153,  1.261
 47820,  0.588,  0.040,  0.716,  0.231,  0.165,  1.205
 47880,  0.649,  0.041,  0.760,  0.186,  0.107,  1.514
 47940,  0.617, -0.010,  0.715,  0.182,  0.146,  1.096
 48000,  0.672,  0.005,  0.762,  0.221,  0.163,  1.142
 48060,  0.624,  0.008,  0.851,  0.205,  0.136,  1.313
 48120,  0.536,  0.033,  0.818,  0.234,  0.124,  1.211
 48180,  0.549,  0.009,  0.895,  0.198,  0.148,  1.191
 48240,  0.588,  0.029,  0.932,  0.180,  0.157,  0.973
 48300,  0.678, -0.029,  0.959,  0.240,  0.133,  0.969
 48360,  0.680,  0.001,  0.833,  0.182,  0.132,  1.063
 48420,  0.701, -0.004,  0.882,  0.204,  0.133,  1.035
 48480,  0.729,  0.009,  0.817,  0.233,  0.177,  1.105
 48540, -9999.000, -9999.000, -9999.000, -9999.000, -9999.000, -9999.000
 48600,  0.644,  0.104,  0.712,  0.213,  0.128,  0.969
 48660,  0.584,  0.003,  0.751,  0.230,  0.149,  0.933
 48720,  0.729, -0.028,  0.702,  0.210,  0.152,  0.850
 48780,  0.690,  0.034,  0.759,  0.217,  0.128,  0.949
 48840,  0.643,  0.003,  0.848,  0.210,  0.153,  1.021
 48900,  0.721,  0.009,  0.784,  0.233,  0.197,  1.770
 48960,  0.647,  0.004,  0.898,  0.208,  0.155,  2.006
 49020,  0.718,  0.003,  0.841,  0.263,  0.196,  2.128
 49080,  0.631,  0.060,  0.805,  0.165,  0.105,  0.838
 49140,  0.636,  0.028,  0.794,  0.153,  0.144,  0.858
 49200,  0.582,  0.052,  0.780,  0.184,  0.136,  0.868
 49260,  0.641,  0.047,  0.717,  0.193,  0.126,  0.954
 49320,  0.623,  0.061,  0.738,  0.172,  0.126,  1.168
 49380,  0.648,  0.045,  0.877,  0.160,  0.108,  0.977
 49440,  0.694,  0.035,  0.767,  0.210,  0.145,  0.944
 49500,  0.731,  0.048,  0.853,  0.175,  0.130,  0.984
 49560,  0.665,  0.041,  0.758,  0.172,  0.125,  0.631
 49620,  0.702, -0.004,  0.737,  0.166,  0.116,  0.684
 49680,  0.669,  0.055,  0.652,  0.198,  0.152,  0.687
 49740,  0.686,  0.047,  0.767,  0.192,  0.127,  0.667
 49800,  0.549,  0.027,  0.767,  0.165,  0.109,  0.714
 49860,  0.665,  0.059,  0.814,  0.171,  0.121,  0.796
 49920,  0.722,  0.044,  0.731,  0.208,  0.114,  0.593
 49980,  0.624,  0.018,  0.805,  0.168,  0.098,  0.724
 50040,  0.647,  0.006,  0.724,  0.173,  0.128,  0.700
 50100,  0.678,  0.070,  0.792,  0.153,  0.125,  0.561
 50160,  0.741,  0.039,  0.768,  0.215,  0.142,  0.657
 50220,  0.592,  0.019,  0.843,  0.185,  0.107,  0.637
 50280,  0.808,  0.079,  0.718,  0.167,  0.089,  0.537
 50340,  0.731,  0.013,  0.745,  0.260,  0.114,  0.537
 50400, -9999.000, -9999.000, -9999.000, -9999.000, -9999.000, -9999.000
 50460,  0.710,  0.153,  0.723,  0.163,  0.132,  0.497
 50520,  0.639,  0.069,  0.631,  0.205,  0.130,  0.434
 50580,  0.745,  0.050,  0.692,  0.180,  0.119,  0.403
 50640,  0.712,  0.078,  0.735,  0.157,  0.107,  0.390
 50700,  0.598,  0.011,  0.705,  0.173,  0.120,  0.459
 50760,  0.700,  0.055,  0.702,  0.181,  0.133,  0.501
 50820,  0.718,  0.021,  0.712,  0.177,  0.138,  0.379
 50880,  0.762,  0.031,  0.724,  0.182,  0.117,  0.412
 50940,  0.644,  0.051,  0.628,  0.177,  0.120,  0.486
 51000,  0.701, -0.004,  0.728,  0.192,  0.120,  0.381
 51060,  0.703,  0.041,  0.697,  0.192,  0.118,  0.373
 51120,  0.577,  0.082,  0.686,  0.192,  0.120,  0.510
 51180,  0.615,  0.040,  0.704,  0.176,  0.111,  0.350
 51240,  0.705,  0.055,  0.679,  0.220,  0.101,  0.292
 51300,  0.657,  0.016,  0.801,  0.168,  0.130,  0.332
 51360,  0.805,  0.072,  0.734,  0.277,  0.111,  0.153
 51420,  0.714,  0.034,  0.879,  0.387,  0.123,  0.284
 51480,  0.864,  0.058,  0.783,  0.237,  0.129,  0.270
 51540,  0.676,  0.049,  0.673,  0.254,  0.076,  0.174
 51600,  0.603,  0.035,  0.767,  0.179,  0.094,  0.228
