CampaignData_and_Merges/R0/CSL_MobileLab_Parked/raw/20240810/USOS-jNO2_MobileLabGround_20240810_R0.ict
52,1001
Waxman, E.; Rollins, A.; Zuraski, K.; Chace, W.
NOAA Chemical Sciences Laboratory
jNO2 filter radiometer on CSL Mobile Lab
AMMBEC / USOS
1, 1
2024,08,10, 2025,04,01
60
Time_Start, seconds, number_of_seconds_since_0000_UTC
20
1, 1, 1, 1, 1, 1, 1, 1, 1, 1, 1, 1, 1, 1, 1, 1, 1, 1, 1, 1
-9999, -9999, -9999, -9999, -9999, -9999, -9999, -9999, -9999, -9999, -9999, -9999, -9999, -9999, -9999, -9999, -9999, -9999, -9999, -9999
Time_Stop, seconds, number_of_seconds_since_0000_UTC
jNO2_meas, per second, photolysis rate of NO2 measured using a filter radiometer.
jBrCl, per second, photolysis rate of BrCl -> Br + Cl calculated in TUV for cloud-free sky with local AOD
jBr2, per second, photolysis rate of Br2 -> Br + Br calculated in TUV for cloud-free sky with local AOD
jCCl4, per second, photolysis rate of CCl4 -> Products calcualted in TUV for cloud-free sky with local AOD
jCH2Oa, per second, photolysis rate of CH2O -> H + HCO calculated in TUV for cloud-free sky with local AOD
jCH2Ob, per second, photolysis rate of CH2O -> H2 + CO calculated in TUV for cloud-free sky with local AOD
jClNO2, per second, photolysis rate of ClNO2 -> Cl + NO2 calculated in TUV for cloud-free sky with local AOD
jClOa, per second, photolysis rate of ClO -> Cl + O(1D) calculated in TUV for cloud-free sky with local AOD
jClOb, per second, photolysis rate of ClO -> Cl + O(3P) calculated in TUV for cloud-free sky with local AOD
jCl2, per second, photolysis rate of Cl2 -> Cl + Cl calculated in TUV for cloud-free sky with local AOD
jHNO2, per second, photolysis rate of HNO2 -> OH + NO calculated in TUV for cloud-free sky with local AOD
jHNO3, per second, photolysis rate of HNO3 -> OH + NO2 calculated in TUV for cloud-free sky with local AOD
jI2, per second, photolysis rate of I2 -> I + I calculated in TUV for cloud-free sky with local AOD
jNO2, per second, photolysis rate of NO2 -> NO + O(3P) calculated in TUV for cloud-free sky with local AOD
jNO3a, per second, photolysis rate of NO3 -> NO + O2 calculated in TUV for cloud-free sky with local AOD
jNO3b, per second, photolysis rate of NO3 -> NO2 + O(3P) calculated in TUV for cloud-free sky with local AOD
jN2O5, per second, photolysis rate of N2O5 -> NO3 + NO + O(3P) calculated in TUV for cloud-free sky with local AOD
jO3, per second, photolysis rate of O3 -> O2 + O(1D) calculated in TUV for cloud-free sky with local AOD
AOD_500nm, unitless, UTC daily mean AOD at 500 nm from an AERONET station located at 40.178 N, -112.452 E
0
18
PI_CONTACT_INFO: eleanor.waxman@noaa.gov
PLATFORM: CSL Mobile Lab, at ground site
LOCATION: Salt Lake City, UT
ASSOCIATED_DATA:
INSTRUMENT_INFO: jNO2 filter radiometer.  TUV calculations are for mobile van lat/lon/altitude assuming clear sky (cloud AOD = 0) and daily mean AOD.
DATA_INFO:
UNCERTAINTY: Data uncertainties are +/- 20%.  These come from uncertainties in radiometer angular response, radiometer thermal response, local interferences from clouds/aerosols/shadows etc.
ULOD_FLAG: -7777
ULOD_VALUE: N/A
LLOD_FLAG: -8888
LLOD_VALUE: N/A
DM_CONTACT_INFO: eleanor.waxman@noaa.gov
PROJECT_INFO: USOS Project, July - August 2024
STIPULATIONS_ON_USE: Users are strongly encouraged to contact the PI for proper data usage.
OTHER_COMMENTS: 
REVISION: R0
R0: final data
Time_Start, Time_Stop, jNO2_meas, jBrCl, jBr2, jCCl4, jCH2Oa, jCH2Ob, jClNO2, jClOa, jClOb, jCl2, jHNO2, jHNO3, jI2, jNO2, jNO3a, jNO3b, jN2O5, jO3, AOD_500nm
[from data line 979]
   58740,   58800,0.0070733,0.009126,0.02832,8.977e-25,2.231e-05,3.619e-05,0.0003581,3.229e-25,2.482e-05,0.00183,0.001218,3.585e-07,0.1029,0.007581,0.02007,0.1598,3.105e-05,1.588e-05,0.156
   58800,   58860,0.0071171,0.009143,0.02836,9.242e-25,2.241e-05,3.632e-05,0.0003593,3.329e-25,2.502e-05,0.001835,0.001222,3.606e-07,0.103,0.007599,0.02009,0.16,3.116e-05,1.602e-05,0.156
   58860,   58920,0.0071313,0.00916,0.0284,9.534e-25,2.252e-05,3.645e-05,0.0003606,3.441e-25,2.523e-05,0.00184,0.001225,3.629e-07,0.1031,0.007618,0.02011,0.1602,3.129e-05,1.616e-05,0.156
   58920,   58980,0.0071417,0.009178,0.02845,9.838e-25,2.262e-05,3.658e-05,0.0003618,3.557e-25,2.544e-05,0.001846,0.001228,3.651e-07,0.1032,0.007636,0.02013,0.1603,3.141e-05,1.63e-05,0.156
   58980,   59040,0.0071513,0.009194,0.02849,1.014e-24,2.272e-05,3.671e-05,0.000363,3.671e-25,2.564e-05,0.001851,0.001231,3.672e-07,0.1033,0.007653,0.02014,0.1605,3.153e-05,1.643e-05,0.156
   59040,   59100,0.0071819,0.009211,0.02853,1.046e-24,2.283e-05,3.684e-05,0.0003643,3.798e-25,2.586e-05,0.001856,0.001234,3.695e-07,0.1034,0.007671,0.02016,0.1607,3.165e-05,1.658e-05,0.156
   59100,   59160,0.007185,0.009228,0.02857,1.081e-24,2.294e-05,3.697e-05,0.0003655,3.93e-25,2.607e-05,0.001861,0.001237,3.717e-07,0.1036,0.007689,0.02018,0.1608,3.177e-05,1.672e-05,0.156
   59160,   59220,0.0072035,0.009243,0.02861,1.114e-24,2.304e-05,3.709e-05,0.0003667,4.06e-25,2.627e-05,0.001866,0.00124,3.738e-07,0.1037,0.007706,0.0202,0.161,3.189e-05,1.685e-05,0.156
   59220,   59280,0.0072404,0.00926,0.02865,1.151e-24,2.314e-05,3.721e-05,0.0003679,4.204e-25,2.648e-05,0.001872,0.001243,3.761e-07,0.1038,0.007724,0.02021,0.1611,3.201e-05,1.699e-05,0.156
   59280,   59340,0.0072318,0.009276,0.02868,1.19e-24,2.325e-05,3.734e-05,0.0003692,4.354e-25,2.669e-05,0.001877,0.001247,3.783e-07,0.1039,0.007741,0.02023,0.1613,3.212e-05,1.713e-05,0.156
   59340,   59400,0.0072388,0.009292,0.02872,1.228e-24,2.334e-05,3.746e-05,0.0003703,4.503e-25,2.689e-05,0.001882,0.001249,3.804e-07,0.104,0.007758,0.02025,0.1615,3.224e-05,1.727e-05,0.156
   59400,   59460,0.0072461,0.009308,0.02876,1.269e-24,2.345e-05,3.758e-05,0.0003715,4.668e-25,2.71e-05,0.001887,0.001252,3.826e-07,0.1041,0.007775,0.02027,0.1616,3.235e-05,1.741e-05,0.156
   59460,   59520,0.007261,0.009324,0.0288,1.313e-24,2.355e-05,3.771e-05,0.0003727,4.84e-25,2.731e-05,0.001892,0.001255,3.848e-07,0.1042,0.007792,0.02028,0.1618,3.247e-05,1.755e-05,0.156
   59520,   59580,0.0072691,0.009338,0.02883,1.356e-24,2.364e-05,3.782e-05,0.0003738,5.01e-25,2.751e-05,0.001896,0.001258,3.868e-07,0.1043,0.007808,0.0203,0.1619,3.258e-05,1.768e-05,0.156
   59580,   59640,0.0072929,0.009354,0.02887,1.403e-24,2.375e-05,3.794e-05,0.000375,5.198e-25,2.772e-05,0.001901,0.001261,3.89e-07,0.1044,0.007825,0.02032,0.1621,3.27e-05,1.782e-05,0.156
   59640,   59700,0.0072861,0.009369,0.02891,1.453e-24,2.385e-05,3.807e-05,0.0003762,5.396e-25,2.793e-05,0.001906,0.001264,3.912e-07,0.1045,0.007841,0.02033,0.1622,3.281e-05,1.796e-05,0.156
   59700,   59760,0.0073242,0.009384,0.02894,1.502e-24,2.394e-05,3.818e-05,0.0003773,5.591e-25,2.813e-05,0.001911,0.001267,3.932e-07,0.1046,0.007857,0.02035,0.1623,3.292e-05,1.81e-05,0.156
   59760,   59820,0.0073647,0.009399,0.02898,1.556e-24,2.404e-05,3.83e-05,0.0003784,5.808e-25,2.834e-05,0.001916,0.00127,3.954e-07,0.1047,0.007873,0.02036,0.1625,3.303e-05,1.824e-05,0.156
   59820,   59880,0.0073553,0.009414,0.02902,1.612e-24,2.414e-05,3.842e-05,0.0003796,6.036e-25,2.855e-05,0.00192,0.001273,3.976e-07,0.1048,0.00789,0.02038,0.1626,3.315e-05,1.838e-05,0.156
   59880,   59940,0.0073652,0.009428,0.02905,1.668e-24,2.423e-05,3.853e-05,0.0003807,6.26e-25,2.874e-05,0.001925,0.001275,3.996e-07,0.1049,0.007905,0.02039,0.1628,3.325e-05,1.851e-05,0.156
   59940,   60000,0.0073895,0.009443,0.02908,1.729e-24,2.433e-05,3.865e-05,0.0003818,6.51e-25,2.895e-05,0.00193,0.001278,4.017e-07,0.105,0.00792,0.02041,0.1629,3.336e-05,1.865e-05,0.156
   60000,   60060,0.0074118,0.009457,0.02912,1.793e-24,2.443e-05,3.876e-05,0.0003829,6.773e-25,2.916e-05,0.001934,0.001281,4.038e-07,0.1051,0.007936,0.02042,0.163,3.348e-05,1.879e-05,0.156
   60060,   60120,0.0074023,0.009471,0.02915,1.857e-24,2.452e-05,3.887e-05,0.000384,7.032e-25,2.935e-05,0.001939,0.001283,4.058e-07,0.1052,0.007951,0.02044,0.1632,3.358e-05,1.892e-05,0.156
   60120,   60180,0.0073993,0.009485,0.02918,1.927e-24,2.462e-05,3.899e-05,0.0003851,7.322e-25,2.956e-05,0.001943,0.001286,4.08e-07,0.1053,0.007966,0.02045,0.1633,3.369e-05,1.906e-05,0.156
   60180,   60240,0.0074352,0.009499,0.02922,2.001e-24,2.471e-05,3.91e-05,0.0003862,7.627e-25,2.977e-05,0.001948,0.001289,4.101e-07,0.1054,0.007982,0.02047,0.1634,3.38e-05,1.92e-05,0.156
   60240,   60300,0.0074527,0.009512,0.02925,2.074e-24,2.48e-05,3.921e-05,0.0003872,7.928e-25,2.996e-05,0.001952,0.001291,4.12e-07,0.1054,0.007996,0.02048,0.1636,3.39e-05,1.933e-05,0.156
   60300,   60360,0.0074511,0.009526,0.02928,2.154e-24,2.49e-05,3.932e-05,0.0003883,8.263e-25,3.017e-05,0.001957,0.001294,4.141e-07,0.1055,0.008011,0.02049,0.1637,3.401e-05,1.947e-05,0.156
   60360,   60420,0.0074765,0.00954,0.02931,2.239e-24,2.499e-05,3.943e-05,0.0003894,8.617e-25,3.037e-05,0.001961,0.001297,4.162e-07,0.1056,0.008026,0.02051,0.1638,3.411e-05,1.961e-05,0.156
   60420,   60480,0.0074799,0.009552,0.02934,2.323e-24,2.508e-05,3.953e-05,0.0003904,8.968e-25,3.057e-05,0.001965,0.001299,4.181e-07,0.1057,0.00804,0.02052,0.1639,3.421e-05,1.974e-05,0.156
   60480,   60540,0.00748,0.009566,0.02938,2.416e-24,2.517e-05,3.964e-05,0.0003914,9.359e-25,3.077e-05,0.00197,0.001302,4.202e-07,0.1058,0.008055,0.02054,0.1641,3.432e-05,1.987e-05,0.156
   60540,   60600,0.0074965,0.009579,0.02941,2.514e-24,2.526e-05,3.975e-05,0.0003925,9.772e-25,3.098e-05,0.001974,0.001304,4.222e-07,0.1059,0.008069,0.02055,0.1642,3.442e-05,2.001e-05,0.156
   60600,   60660,0.0074953,0.009592,0.02944,2.61e-24,2.535e-05,3.985e-05,0.0003935,1.018e-24,3.117e-05,0.001978,0.001307,4.242e-07,0.106,0.008083,0.02056,0.1643,3.452e-05,2.014e-05,0.156
   60660,   60720,0.0075289,0.009605,0.02947,2.717e-24,2.544e-05,3.996e-05,0.0003945,1.064e-24,3.137e-05,0.001982,0.001309,4.262e-07,0.106,0.008097,0.02057,0.1644,3.462e-05,2.028e-05,0.156
   60720,   60780,0.0075327,0.009617,0.0295,2.831e-24,2.553e-05,4.006e-05,0.0003955,1.112e-24,3.157e-05,0.001986,0.001312,4.282e-07,0.1061,0.008111,0.02059,0.1645,3.473e-05,2.041e-05,0.156
   60780,   60840,0.0075349,0.009629,0.02953,2.943e-24,2.562e-05,4.016e-05,0.0003965,1.16e-24,3.176e-05,0.00199,0.001314,4.301e-07,0.1062,0.008124,0.0206,0.1647,3.482e-05,2.054e-05,0.156
   60840,   60900,0.0075039,0.009642,0.02956,3.068e-24,2.571e-05,4.027e-05,0.0003975,1.214e-24,3.196e-05,0.001995,0.001317,4.321e-07,0.1063,0.008138,0.02061,0.1648,3.492e-05,2.068e-05,0.156
   60900,   60960,0.0074947,0.009654,0.02959,3.199e-24,2.579e-05,4.037e-05,0.0003985,1.27e-24,3.216e-05,0.001999,0.001319,4.341e-07,0.1064,0.008152,0.02062,0.1649,3.502e-05,2.081e-05,0.156
   60960,   61020,0.0074911,0.009666,0.02961,3.329e-24,2.588e-05,4.047e-05,0.0003995,1.326e-24,3.235e-05,0.002003,0.001321,4.36e-07,0.1064,0.008164,0.02064,0.165,3.512e-05,2.094e-05,0.156
   61020,   61080,0.0075192,0.009678,0.02964,3.474e-24,2.596e-05,4.057e-05,0.0004004,1.39e-24,3.254e-05,0.002007,0.001324,4.379e-07,0.1065,0.008178,0.02065,0.1651,3.521e-05,2.107e-05,0.156
   61080,   61140,0.0075602,0.009686,0.02966,3.587e-24,2.602e-05,4.064e-05,0.0004011,1.44e-24,3.27e-05,0.002009,0.001325,4.394e-07,0.1066,0.008186,0.02066,0.1652,3.528e-05,2.117e-05,0.156
   61140,   61200,0.0075922,0.009697,0.02969,3.736e-24,2.611e-05,4.073e-05,0.000402,1.505e-24,3.288e-05,0.002013,0.001327,4.412e-07,0.1066,0.008199,0.02067,0.1653,3.537e-05,2.13e-05,0.156
   61200,   61260,0.007572,0.009709,0.02971,3.903e-24,2.619e-05,4.083e-05,0.000403,1.578e-24,3.308e-05,0.002017,0.00133,4.432e-07,0.1067,0.008212,0.02068,0.1654,3.547e-05,2.143e-05,0.156
   61260,   61320,0.0075617,0.009721,0.02974,4.078e-24,2.628e-05,4.093e-05,0.0004039,1.655e-24,3.328e-05,0.002021,0.001332,4.451e-07,0.1068,0.008225,0.02069,0.1655,3.557e-05,2.156e-05,0.156
   61320,   61380,0.0075663,0.009732,0.02977,4.252e-24,2.636e-05,4.102e-05,0.0004048,1.732e-24,3.346e-05,0.002024,0.001334,4.469e-07,0.1069,0.008237,0.0207,0.1656,3.565e-05,2.169e-05,0.156
   61380,   61440,0.0075748,0.009743,0.02979,4.447e-24,2.644e-05,4.112e-05,0.0004058,1.818e-24,3.365e-05,0.002028,0.001336,4.488e-07,0.1069,0.008249,0.02071,0.1657,3.575e-05,2.182e-05,0.156
   61440,   61500,0.0076098,0.009754,0.02982,4.653e-24,2.652e-05,4.121e-05,0.0004067,1.909e-24,3.385e-05,0.002032,0.001338,4.507e-07,0.107,0.008262,0.02072,0.1658,3.584e-05,2.195e-05,0.156
   61500,   61560,0.0076328,0.009765,0.02984,4.856e-24,2.66e-05,4.13e-05,0.0004076,2e-24,3.403e-05,0.002036,0.001341,4.525e-07,0.1071,0.008274,0.02073,0.1659,3.593e-05,2.207e-05,0.156
   61560,   61620,0.0076303,0.009776,0.02987,5.085e-24,2.668e-05,4.14e-05,0.0004085,2.102e-24,3.422e-05,0.002039,0.001343,4.544e-07,0.1071,0.008286,0.02074,0.166,3.602e-05,2.22e-05,0.156
   61620,   61680,0.0076253,0.009787,0.02989,5.324e-24,2.676e-05,4.149e-05,0.0004094,2.209e-24,3.441e-05,0.002043,0.001345,4.562e-07,0.1072,0.008298,0.02075,0.1661,3.611e-05,2.233e-05,0.156
   61680,   61740,0.0076139,0.009797,0.02992,5.563e-24,2.684e-05,4.158e-05,0.0004102,2.316e-24,3.459e-05,0.002047,0.001347,4.58e-07,0.1073,0.008309,0.02076,0.1662,3.62e-05,2.245e-05,0.156
   61740,   61800,0.0076326,0.009808,0.02994,5.831e-24,2.692e-05,4.167e-05,0.0004111,2.436e-24,3.478e-05,0.00205,0.001349,4.598e-07,0.1073,0.008321,0.02077,0.1663,3.629e-05,2.258e-05,0.156
   61800,   61860,0.0076469,0.009819,0.02997,6.113e-24,2.7e-05,4.176e-05,0.000412,2.564e-24,3.497e-05,0.002054,0.001351,4.616e-07,0.1074,0.008333,0.02079,0.1664,3.638e-05,2.271e-05,0.156
   61860,   61920,0.0076376,0.009828,0.02999,6.393e-24,2.707e-05,4.185e-05,0.0004129,2.69e-24,3.514e-05,0.002057,0.001353,4.634e-07,0.1075,0.008344,0.02079,0.1665,3.646e-05,2.283e-05,0.156
   61920,   61980,0.0076578,0.009839,0.03001,6.707e-24,2.715e-05,4.194e-05,0.0004137,2.832e-24,3.533e-05,0.002061,0.001355,4.652e-07,0.1075,0.008356,0.0208,0.1665,3.655e-05,2.295e-05,0.156
   61980,   62040,0.0076585,0.009849,0.03004,7.037e-24,2.723e-05,4.203e-05,0.0004146,2.982e-24,3.552e-05,0.002064,0.001357,4.67e-07,0.1076,0.008367,0.02081,0.1666,3.664e-05,2.308e-05,0.156
   62040,   62100,0.0076812,0.009859,0.03006,7.365e-24,2.73e-05,4.211e-05,0.0004154,3.131e-24,3.569e-05,0.002067,0.001359,4.686e-07,0.1076,0.008378,0.02082,0.1667,3.672e-05,2.32e-05,0.156
   62100,   62160,0.0077198,0.009869,0.03008,7.732e-24,2.738e-05,4.22e-05,0.0004163,3.299e-24,3.587e-05,0.002071,0.001361,4.704e-07,0.1077,0.008389,0.02083,0.1668,3.68e-05,2.332e-05,0.156
   62160,   62220,0.0077335,0.009879,0.03011,8.12e-24,2.746e-05,4.228e-05,0.0004171,3.476e-24,3.606e-05,0.002074,0.001363,4.722e-07,0.1078,0.0084,0.02084,0.1669,3.689e-05,2.345e-05,0.156
   62220,   62280,0.0077113,0.009888,0.03013,8.504e-24,2.753e-05,4.236e-05,0.0004179,3.652e-24,3.623e-05,0.002077,0.001365,4.738e-07,0.1078,0.00841,0.02085,0.167,3.697e-05,2.356e-05,0.156
   62280,   62340,0.0077303,0.009898,0.03015,8.931e-24,2.76e-05,4.245e-05,0.0004187,3.847e-24,3.641e-05,0.002081,0.001367,4.756e-07,0.1079,0.008421,0.02086,0.1671,3.705e-05,2.368e-05,0.156
   62340,   62400,0.0077481,0.009907,0.03017,9.382e-24,2.768e-05,4.253e-05,0.0004195,4.054e-24,3.659e-05,0.002084,0.001369,4.773e-07,0.1079,0.008432,0.02087,0.1671,3.714e-05,2.38e-05,0.156
   62400,   62460,0.0077576,0.009916,0.03019,9.827e-24,2.775e-05,4.261e-05,0.0004203,4.257e-24,3.675e-05,0.002087,0.001371,4.789e-07,0.108,0.008442,0.02088,0.1672,3.721e-05,2.392e-05,0.156
   62460,   62520,0.0077322,0.009925,0.03021,1.032e-23,2.782e-05,4.269e-05,0.0004211,4.48e-24,3.693e-05,0.00209,0.001372,4.806e-07,0.1081,0.008453,0.02089,0.1673,3.729e-05,2.404e-05,0.156
   62520,   62580,0.0077459,0.009935,0.03023,1.083e-23,2.789e-05,4.278e-05,0.0004219,4.707e-24,3.71e-05,0.002094,0.001374,4.823e-07,0.1081,0.008463,0.02089,0.1674,3.737e-05,2.415e-05,0.156
   62580,   62640,0.0077494,0.009943,0.03025,1.133e-23,2.796e-05,4.285e-05,0.0004226,4.949e-24,3.726e-05,0.002097,0.001376,4.838e-07,0.1082,0.008473,0.0209,0.1675,3.745e-05,2.426e-05,0.156
   62640,   62700,0.0077697,0.009952,0.03028,1.19e-23,2.803e-05,4.293e-05,0.0004234,5.234e-24,3.743e-05,0.0021,0.001378,4.855e-07,0.1082,0.008483,0.02091,0.1675,3.753e-05,2.438e-05,0.156
   62700,   62760,0.0077864,0.009961,0.0303,1.256e-23,2.81e-05,4.301e-05,0.0004242,5.557e-24,3.761e-05,0.002103,0.00138,4.871e-07,0.1083,0.008493,0.02092,0.1676,3.761e-05,2.45e-05,0.156
   62760,   62820,0.007811,0.00997,0.03031,1.322e-23,2.816e-05,4.309e-05,0.0004249,5.863e-24,3.778e-05,0.002106,0.001381,4.887e-07,0.1083,0.008502,0.02093,0.1677,3.768e-05,2.461e-05,0.156
   62820,   62880,0.0078207,0.009978,0.03033,1.395e-23,2.823e-05,4.317e-05,0.0004257,6.215e-24,3.795e-05,0.002109,0.001383,4.904e-07,0.1084,0.008512,0.02093,0.1678,3.776e-05,2.473e-05,0.156
   62880,   62940,0.0078241,0.009987,0.03035,1.476e-23,2.83e-05,4.324e-05,0.0004264,6.565e-24,3.813e-05,0.002112,0.001385,4.92e-07,0.1084,0.008522,0.02094,0.1678,3.784e-05,2.486e-05,0.156
   62940,   63000,0.0078489,0.009995,0.03037,1.55e-23,2.837e-05,4.332e-05,0.0004271,6.935e-24,3.831e-05,0.002115,0.001386,4.936e-07,0.1085,0.008531,0.02095,0.1679,3.791e-05,2.498e-05,0.156
   63000,   63060,0.0078599,0.01,0.03039,1.633e-23,2.844e-05,4.339e-05,0.0004279,7.29e-24,3.847e-05,0.002118,0.001388,4.952e-07,0.1085,0.008541,0.02096,0.168,3.798e-05,2.509e-05,0.156
   63060,   63120,0.0078505,0.01001,0.03041,1.729e-23,2.851e-05,4.347e-05,0.0004286,7.754e-24,3.867e-05,0.00212,0.00139,4.969e-07,0.1086,0.00855,0.02096,0.168,3.806e-05,2.522e-05,0.156
   63120,   63180,0.0078527,0.01002,0.03043,1.798e-23,2.857e-05,4.354e-05,0.0004293,8.065e-24,3.881e-05,0.002123,0.001391,4.983e-07,0.1086,0.008559,0.02097,0.1681,3.813e-05,2.532e-05,0.156
   63180,   63240,0.0078715,0.01003,0.03045,1.896e-23,2.864e-05,4.361e-05,0.00043,8.561e-24,3.9e-05,0.002126,0.001393,5.001e-07,0.1087,0.008568,0.02098,0.1682,3.821e-05,2.545e-05,0.156
   63240,   63300,0.0077673,0.01004,0.03047,1.999e-23,2.87e-05,4.369e-05,0.0004307,8.997e-24,3.917e-05,0.002129,0.001395,5.016e-07,0.1087,0.008577,0.02099,0.1682,3.828e-05,2.557e-05,0.156
   63300,   63360,0.0078713,0.01004,0.03048,2.092e-23,2.876e-05,4.375e-05,0.0004314,9.506e-24,3.931e-05,0.002132,0.001396,5.03e-07,0.1088,0.008586,0.02099,0.1683,3.835e-05,2.566e-05,0.156
   63360,   63420,0.0077884,0.01005,0.0305,2.214e-23,2.883e-05,4.382e-05,0.0004321,1.002e-23,3.946e-05,0.002134,0.001398,5.046e-07,0.1088,0.008595,0.021,0.1684,3.842e-05,2.577e-05,0.156
   63420,   63480,0.0078665,0.01006,0.03052,2.302e-23,2.889e-05,4.39e-05,0.0004328,1.045e-23,3.966e-05,0.002137,0.001399,5.062e-07,0.1088,0.008604,0.02101,0.1684,3.849e-05,2.589e-05,0.156
   63480,   63540,0.0078775,0.01007,0.03053,2.447e-23,2.895e-05,4.396e-05,0.0004335,1.114e-23,3.981e-05,0.00214,0.001401,5.076e-07,0.1089,0.008612,0.02101,0.1685,3.856e-05,2.6e-05,0.156
   63540,   63600,0.0079369,0.01007,0.03055,2.535e-23,2.902e-05,4.403e-05,0.0004342,1.156e-23,3.998e-05,0.002142,0.001402,5.093e-07,0.1089,0.008621,0.02102,0.1686,3.863e-05,2.612e-05,0.156
   63600,   63660,0.0078259,0.01008,0.03057,2.699e-23,2.908e-05,4.41e-05,0.0004348,1.237e-23,4.011e-05,0.002145,0.001404,5.106e-07,0.109,0.008629,0.02103,0.1686,3.869e-05,2.621e-05,0.156
   63660,   63720,0.0077978,0.01009,0.03058,2.789e-23,2.914e-05,4.417e-05,0.0004354,1.277e-23,4.03e-05,0.002147,0.001405,5.121e-07,0.109,0.008637,0.02103,0.1687,3.876e-05,2.633e-05,0.156
   63720,   63780,0.0079048,0.0101,0.0306,2.944e-23,2.919e-05,4.423e-05,0.0004361,1.36e-23,4.044e-05,0.00215,0.001407,5.135e-07,0.1091,0.008645,0.02104,0.1687,3.883e-05,2.642e-05,0.156
