CampaignData_and_Merges/R0/CSL_MobileLab_Parked/raw/20240810/USOS-NOAAIodideCIMS-HNO3_MobileLabGround_20240810_RA.ict
33, 1001
Michael A Robinson, Chris Jernigan, Subi Thakali
NOAA ESRL Chemical Sciences Laboratory and CIRES, U. of Colorado
NOAA Iodide CIMS Instrument
USOS
1, 1
2024, 08, 10, 2024, 08, 11
1
starttime_UTC, seconds_past_midnight, seconds_of_day_since_00:00:00_UTC
1
1
-9999
HNO3_NOAACIMS, pptv, Gas_HNO3_InSitu_S_AVMR, 
0
18
PI_CONTACT_INFO: 325 Broadway, R/CSD 7, Boulder, Colorado 80305; michael.a.robinson@noaa.gov; chris.jernigan@noaa.gov;
PLATFORM: NOAA CSL Mobile Lab
LOCATION: SLC, Utah
ASSOCIATED_DATA: 1Hz data also available on request.
INSTRUMENT_INFO: NOAA I- ToF CIMS
DATA_INFO: All data in parts per trillion by volume (pptv). 1 Hz data is available upon request.
UNCERTAINTY: TBD
ULOD_FLAG: -7777
ULOD_VALUE: N/A
LLOD_FLAG: -8888
LLOD_VALUE: N/A
DM_CONTACT_INFO: Nathan Howard; nathan.h.howard@noaa.gov
PROJECT_INFO: USOS, summer 2024. https://csl.noaa.gov/groups/csl7/measurements/2024usos/
STIPULATIONS_ON_USE: Users are strongly encouraged to contact the PI for proper data usage.
OTHER_COMMENTS: 
REVISION: RA
RA: Preliminary Data; For in-field use only
starttime_UTC, HNO3_NOAACIMS
[from data line 1001]
 60060, 383.293
 60120, 385.180
 60180, 386.750
 60240, 396.235
 60300, 396.434
 60360, 394.043
 60420, 397.550
 60480, 400.738
 60540, 404.876
 60600, 414.455
 60660, 419.435
 60720, 421.907
 60780, 419.569
 60840, 403.974
 60900, 387.057
 60960, 386.714
 61020, 399.492
 61080, 408.321
 61140, 421.328
 61200, -9999.000
 61260, 411.189
 61320, 412.668
 61380, 400.248
 61440, 395.827
 61500, 402.560
 61560, 412.067
 61620, 423.235
 61680, 430.339
 61740, 433.700
 61800, 450.733
 61860, 453.930
 61920, 459.638
 61980, 474.545
 62040, 475.817
 62100, 484.767
 62160, 495.197
 62220, 511.020
 62280, 518.755
 62340, 504.267
 62400, 499.814
 62460, 494.243
 62520, 510.516
 62580, 508.635
 62640, 493.264
 62700, 482.112
 62760, 463.145
 62820, 455.166
 62880, 462.172
 62940, 468.199
 63000, 467.481
 63060, -9999.000
 63120, 404.484
 63180, 434.417
 63240, 447.437
 63300, 455.854
 63360, 453.457
 63420, 448.187
 63480, 422.808
 63540, 454.529
 63600, 459.229
 63660, 458.793
 63720, 468.046
 63780, 487.943
 63840, 509.843
 63900, 517.528
 63960, 515.653
 64020, 519.522
 64080, 524.656
 64140, 515.602
 64200, 516.989
 64260, 532.348
 64320, 526.742
 64380, 544.482
 64440, 558.290
 64500, 570.899
 64560, 565.136
 64620, 534.246
 64680, 527.557
 64740, 539.930
 64800, 543.698
 64860, 532.132
 64920, 502.274
 64980, 486.586
 65040, 490.215
 65100, 487.670
 65160, 486.873
 65220, 489.167
 65280, 487.738
 65340, 452.672
 65400, 455.082
 65460, 468.742
 65520, 464.891
 65580, 457.235
 65640, 443.760
 65700, 457.188
 65760, 464.924
 65820, 462.827
 65880, 458.395
 65940, 459.668
 66000, 459.801
 66060, 448.618
 66120, 430.412
 66180, 428.686
 66240, 434.730
 66300, 437.978
 66360, 421.986
 66420, 404.700
 66480, 407.491
 66540, 421.344
 66600, 433.943
 66660, 446.561
 66720, 449.839
 66780, 422.952
 66840, 430.051
 66900, 438.836
 66960, 439.243
 67020, 427.630
 67080, 415.659
 67140, 420.740
 67200, 415.775
 67260, 424.913
 67320, 420.260
 67380, 411.458
 67440, 411.619
 67500, 423.451
 67560, 434.640
 67620, 450.006
 67680, 449.544
 67740, 428.895
 67800, 428.402
 67860, 438.450
 67920, 445.370
 67980, 455.969
 68040, 459.786
 68100, 462.250
 68160, 453.237
 68220, 453.011
 68280, 447.828
 68340, 440.395
 68400, 412.910
 68460, 382.860
 68520, 360.721
 68580, 364.259
 68640, 372.473
 68700, 367.622
 68760, 357.898
 68820, 367.816
 68880, 378.632
 68940, 376.589
 69000, 364.411
 69060, 358.787
 69120, 352.870
 69180, 351.561
 69240, 348.737
 69300, 363.111
 69360, 372.883
 69420, 375.715
 69480, 376.790
 69540, 371.685
 69600, 364.569
 69660, 382.662
 69720, 415.033
 69780, 435.189
 69840, 436.684
 69900, 446.098
 69960, 441.991
 70020, 437.071
 70080, 429.430
 70140, 439.654
 70200, 434.086
 70260, 440.580
 70320, 444.412
 70380, 455.351
 70440, -9999.000
 70500, 377.498
 70560, 384.715
 70620, 378.770
 70680, 364.397
 70740, 348.463
 70800, 353.177
 70860, 360.900
 70920, 368.530
 70980, 344.943
 71040, 314.735
 71100, 319.102
 71160, 324.393
 71220, 315.276
 71280, 320.286
 71340, 326.023
 71400, 334.442
 71460, 334.267
 71520, 334.721
 71580, 341.995
 71640, 349.746
 71700, 357.990
 71760, 347.196
 71820, 344.392
 71880, 339.645
 71940, 324.576
 72000, 321.428
 72060, 312.653
 72120, 307.235
 72180, 299.250
 72240, 282.102
 72300, 271.571
 72360, 268.547
 72420, 283.574
 72480, 287.494
 72540, 301.846
 72600, 297.318
 72660, 291.259
 72720, 285.698
 72780, 296.064
 72840, 282.720
 72900, 267.612
 72960, 257.146
 73020, 263.912
 73080, 270.851
 73140, 270.691
 73200, 258.838
 73260, 238.144
 73320, 221.846
 73380, 199.852
 73440, 178.047
 73500, 173.765
 73560, 176.405
 73620, 167.486
 73680, 168.407
 73740, 150.122
 73800, 144.384
 73860, 133.267
 73920, 130.181
 73980, 128.300
 74040, 128.082
 74100, 129.938
 74160, -9999.000
 74220, 152.251
 74280, 125.875
 74340, 125.804
 74400, 126.742
 74460, 117.268
 74520, 122.007
 74580, 112.838
 74640, 105.036
 74700, 106.253
 74760, 113.899
 74820, 120.667
 74880, 129.079
 74940, 128.602
 75000, 129.456
 75060, 130.838
 75120, 135.546
 75180, 140.011
 75240, 153.212
 75300, 170.519
 75360, 179.888
 75420, 186.102
 75480, 196.850
 75540, 203.859
 75600, 209.960
 75660, 219.852
 75720, 218.098
 75780, 222.757
 75840, 221.661
 75900, 226.219
 75960, 234.213
 76020, 241.913
 76080, 231.393
 76140, 224.196
 76200, 230.340
 76260, 240.582
 76320, 254.442
 76380, 269.738
 76440, 272.334
 76500, 284.312
 76560, 292.289
 76620, 307.685
 76680, 312.982
 76740, 306.127
 76800, 313.453
 76860, 314.268
 76920, 312.799
 76980, 314.376
 77040, 314.253
 77100, 319.012
 77160, 320.453
 77220, 319.997
 77280, 319.009
 77340, 321.087
 77400, 319.598
 77460, 325.975
 77520, 312.887
 77580, 309.905
 77640, 306.468
 77700, 289.894
 77760, 296.032
 77820, -9999.000
 77880, 274.196
 77940, 285.712
 78000, 292.786
 78060, 293.639
 78120, 285.130
 78180, 288.322
 78240, 284.144
 78300, 285.191
 78360, 289.458
 78420, 293.642
 78480, 292.460
 78540, 300.220
 78600, 291.539
 78660, 290.826
 78720, 296.167
 78780, 310.529
 78840, 308.648
 78900, 303.004
 78960, 301.002
 79020, 306.265
 79080, 305.277
 79140, 323.704
 79200, 343.431
 79260, 330.158
 79320, 334.078
 79380, 326.533
 79440, 352.032
 79500, 351.894
 79560, 348.503
 79620, 335.878
 79680, -9999.000
 79740, 324.119
 79800, 333.086
 79860, 325.108
 79920, 316.447
 79980, 311.595
 80040, 303.397
 80100, 318.154
 80160, 319.394
 80220, 306.702
 80280, 289.786
 80340, 298.283
 80400, 293.583
 80460, 286.631
 80520, 285.513
 80580, 297.016
 80640, 301.473
 80700, 310.364
 80760, 309.247
 80820, 322.313
 80880, 313.569
 80940, 311.575
 81000, 311.937
 81060, 332.465
 81120, 343.686
 81180, 357.501
 81240, 357.317
 81300, 357.299
 81360, 355.129
 81420, 366.295
 81480, 382.456
 81540, -9999.000
 81600, 338.710
 81660, 334.760
 81720, 329.827
 81780, 323.375
 81840, 329.571
 81900, 339.853
 81960, 362.420
 82020, 376.540
 82080, 358.230
 82140, 350.283
 82200, 355.378
 82260, 361.101
 82320, 361.161
 82380, 331.082
 82440, 327.160
 82500, 339.620
 82560, 347.250
 82620, 350.029
 82680, 342.761
 82740, 332.092
 82800, 319.262
 82860, 303.846
 82920, 299.462
 82980, 309.500
 83040, 293.130
 83100, 277.512
 83160, 268.331
 83220, 263.993
 83280, 253.842
 83340, 248.096
 83400, 231.129
 83460, 225.578
 83520, 217.497
 83580, 211.788
 83640, 205.291
 83700, 197.745
 83760, 194.678
 83820, 187.646
 83880, 177.648
 83940, 173.280
 84000, 169.753
 84060, 167.930
 84120, 168.511
 84180, 180.417
 84240, 194.427
 84300, 208.141
 84360, 218.385
 84420, 236.119
 84480, 251.584
 84540, 275.335
 84600, 283.804
 84660, 297.321
 84720, 312.557
 84780, 310.743
 84840, 291.454
 84900, 291.792
 84960, 310.060
 85020, 334.649
 85080, 341.467
 85140, 359.491
 85200, -9999.000
 85260, 306.801
 85320, 317.659
 85380, 316.423
 85440, 321.245
 85500, 321.121
 85560, 317.809
 85620, 316.844
 85680, 315.666
 85740, 314.504
 85800, 311.224
 85860, 304.443
 85920, 290.069
 85980, 271.822
 86040, 266.569
 86100, 250.018
 86160, 254.234
 86220, 258.414
 86280, 250.562
 86340, 257.560
