CampaignData_and_Merges/R0/CSL_MobileLab_Parked/raw/20240810/USOS-NOAAIodideCIMS-HCOOH_MobileLabGround_20240810_RA.ict
33, 1001
Michael A Robinson, Chris Jernigan, Subi Thakali
NOAA ESRL Chemical Sciences Laboratory and CIRES, U. of Colorado
NOAA Iodide CIMS Instrument
USOS
1, 1
2024, 08, 10, 2024, 08, 11
1
starttime_UTC, seconds_past_midnight, seconds_of_day_since_00:00:00_UTC
1
1
-9999
HCOOH_NOAACIMS, pptv, Gas_HCOOH_InSitu_S_AVMR, 
0
18
PI_CONTACT_INFO: 325 Broadway, R/CSD 7, Boulder, Colorado 80305; michael.a.robinson@noaa.gov; chris.jernigan@noaa.gov;
PLATFORM: NOAA CSL Mobile Lab
LOCATION: SLC, Utah
ASSOCIATED_DATA: 1Hz data also available on request.
INSTRUMENT_INFO: NOAA I- ToF CIMS
DATA_INFO: All data in parts per trillion by volume (pptv). 1 Hz data is available upon request.
UNCERTAINTY: TBD
ULOD_FLAG: -7777
ULOD_VALUE: N/A
LLOD_FLAG: -8888
LLOD_VALUE: N/A
DM_CONTACT_INFO: Nathan Howard; nathan.h.howard@noaa.gov
PROJECT_INFO: USOS, summer 2024. https://csl.noaa.gov/groups/csl7/measurements/2024usos/
STIPULATIONS_ON_USE: Users are strongly encouraged to contact the PI for proper data usage.
OTHER_COMMENTS: 
REVISION: RA
RA: Preliminary Data; For in-field use only
starttime_UTC, HCOOH_NOAACIMS
     0, 1788.650
    60, 1949.981
   120, 2444.825
   180, 3380.936
   240, 3893.185
   300, 3427.592
   360, 3027.041
   420, 2428.628
   480, 2156.270
   540, 1663.593
   600, 1551.036
   660, 1472.969
   720, 1488.022
   780, 1671.329
   840, 1836.066
   900, 2128.400
   960, 2266.941
  1020, 2376.729
  1080, 2588.799
  1140, 2964.914
  1200, 3057.197
  1260, 3097.045
  1320, 3250.608
  1380, 3429.291
  1440, 3514.267
  1500, 3685.062
  1560, 3642.663
  1620, 3717.626
  1680, 4042.582
  1740, 4509.572
  1800, 4797.256
  1860, 4890.849
  1920, 4772.510
  1980, 4956.871
  2040, 4789.101
  2100, 4714.444
  2160, 4571.127
  2220, 4372.789
  2280, 4131.915
  2340, -9999.000
  2400, 4606.054
  2460, 4734.113
  2520, 4199.186
  2580, 3944.509
  2640, 3914.983
  2700, 3596.534
  2760, 3359.195
  2820, 3147.534
  2880, 2960.030
  2940, 2896.289
  3000, 2877.450
  3060, 2911.360
  3120, 2965.160
  3180, 3020.503
  3240, 3017.254
  3300, 3032.824
  3360, 2975.622
  3420, 2919.151
  3480, 2902.059
  3540, 2793.454
  3600, 2539.588
  3660, 2108.004
  3720, 2003.289
  3780, 1979.978
  3840, 1971.257
  3900, 2058.016
  3960, 2185.727
  4020, 2211.854
  4080, 2346.232
  4140, 2303.222
  4200, -9999.000
  4260, 2280.034
  4320, 2368.624
  4380, 2379.326
  4440, 2376.565
  4500, 2466.036
  4560, 2455.504
  4620, 2490.231
  4680, 2561.394
  4740, 2587.520
  4800, 2597.286
  4860, 2607.232
  4920, 2638.785
  4980, 2640.874
  5040, 2655.759
  5100, 2624.814
  5160, 2548.412
  5220, 2579.870
  5280, 2640.930
  5340, 2622.623
  5400, 2524.783
  5460, 2466.345
  5520, 2456.796
  5580, 2245.035
  5640, 2216.378
  5700, 2283.417
  5760, 2251.710
  5820, 2200.790
  5880, 2140.634
  5940, 2147.857
  6000, 2072.765
  6060, -9999.000
  6120, 1946.869
  6180, 1871.195
  6240, 2020.919
  6300, 2000.656
  6360, 1884.827
  6420, 1900.759
  6480, 1919.843
  6540, 1964.919
  6600, 1989.950
  6660, 2022.230
  6720, 2012.481
  6780, 2082.889
  6840, 2131.428
  6900, 2114.177
  6960, 2101.090
  7020, 2125.711
  7080, 2157.384
  7140, 2189.438
  7200, 2233.036
  7260, 2206.094
  7320, 2158.493
  7380, 2160.591
  7440, 2090.744
  7500, 2040.511
  7560, 1933.673
  7620, 1811.689
  7680, 1737.607
  7740, 1695.065
  7800, 1636.268
  7860, 1673.487
  7920, 1637.658
  7980, 1686.820
  8040, 1648.138
  8100, 1628.917
  8160, 1608.816
  8220, 1636.758
  8280, 1598.673
  8340, 1613.651
  8400, 1606.635
  8460, 1594.809
  8520, 1631.118
  8580, 1617.229
  8640, 1623.990
  8700, 1641.212
  8760, 1642.495
  8820, 1626.475
  8880, 1641.201
  8940, 1621.455
  9000, 1613.771
  9060, 1601.197
  9120, 1619.326
  9180, 1656.331
  9240, 1713.889
  9300, 1695.897
  9360, 1656.789
  9420, 1660.255
  9480, 1691.429
  9540, 1666.892
  9600, 1640.307
  9660, 1646.359
  9720, -9999.000
  9780, 1624.566
  9840, 1601.115
  9900, 1589.548
  9960, 1570.840
 10020, 1481.154
 10080, 1503.356
 10140, 1486.313
 10200, 1459.775
 10260, 1424.081
 10320, 1425.773
 10380, 1418.169
 10440, 1422.322
 10500, 1410.366
 10560, 1405.243
 10620, 1398.835
 10680, 1432.985
 10740, 1430.024
 10800, 1391.299
 10860, 1403.885
 10920, 1395.588
 10980, 1382.244
 11040, 1367.741
 11100, 1373.192
 11160, 1363.334
 11220, 1355.233
 11280, 1369.600
 11340, 1387.025
 11400, 1399.871
 11460, 1360.262
 11520, 1358.805
 11580, -9999.000
 11640, 1348.205
 11700, 1363.670
 11760, 1351.992
 11820, 1347.273
 11880, 1359.314
 11940, 1359.391
 12000, 1333.235
 12060, 1364.712
 12120, 1336.662
 12180, 1354.947
 12240, 1412.004
 12300, 1415.838
 12360, 1441.054
 12420, 1437.809
 12480, 1453.970
 12540, 1453.261
 12600, 1451.184
 12660, 1466.510
 12720, 1468.479
 12780, 1476.053
 12840, 1481.589
 12900, 1518.606
 12960, 1514.119
 13020, 1473.852
 13080, 1464.584
 13140, 1502.015
 13200, 1504.358
 13260, 1560.928
 13320, 1500.738
 13380, 1516.602
 13440, -9999.000
 13500, 1554.586
 13560, 1554.308
 13620, 1555.493
 13680, 1550.312
 13740, 1580.797
 13800, 1586.389
 13860, 1594.628
 13920, 1605.655
 13980, 1624.052
 14040, 1623.339
 14100, 1593.976
 14160, 1626.713
 14220, 1601.502
 14280, 1619.461
 14340, 1650.734
 14400, 1598.367
 14460, 1663.003
 14520, 1624.557
 14580, 1633.685
 14640, 1648.513
 14700, 1610.964
 14760, 1648.185
 14820, 1627.980
 14880, 1589.818
 14940, 1624.286
 15000, 1596.050
 15060, 1583.112
 15120, 1615.847
 15180, 1618.433
 15240, 1601.075
 15300, 1528.959
 15360, 1535.522
 15420, 1518.307
 15480, 1508.462
 15540, 1520.005
 15600, 1496.245
 15660, 1491.921
 15720, 1496.659
 15780, 1487.277
 15840, 1487.586
 15900, 1467.988
 15960, 1460.374
 16020, 1469.387
 16080, 1414.094
 16140, 1440.801
 16200, 1454.461
 16260, 1458.771
 16320, 1440.585
 16380, 1438.946
 16440, 1415.393
 16500, 1432.559
 16560, 1402.145
 16620, 1435.020
 16680, 1432.565
 16740, 1401.550
 16800, 1414.602
 16860, 1439.405
 16920, 1435.606
 16980, 1429.521
 17040, 1378.073
 17100, 1392.314
 17160, 1400.677
 17220, 1399.693
 17280, 1391.942
 17340, 1392.698
 17400, 1382.003
 17460, 1398.745
 17520, 1391.359
 17580, 1399.310
 17640, 1389.646
 17700, 1397.720
 17760, 1379.578
 17820, 1389.786
 17880, 1416.492
 17940, 1410.194
 18000, 1401.359
 18060, 1409.514
 18120, 1350.546
 18180, 1391.523
 18240, 1378.848
 18300, 1369.012
 18360, 1391.127
 18420, 1402.476
 18480, 1395.366
 18540, 1390.850
 18600, 1384.446
 18660, 1412.848
 18720, 1367.109
 18780, 1368.670
 18840, 1369.821
 18900, 1355.105
 18960, 1340.750
 19020, 1357.866
 19080, 1356.756
 19140, 1373.765
 19200, 1338.102
 19260, 1343.232
 19320, 1362.112
 19380, 1351.924
 19440, 1390.185
 19500, 1369.179
 19560, 1370.258
 19620, 1357.706
 19680, 1343.986
 19740, 1392.944
 19800, 1378.392
 19860, 1400.016
 19920, 1390.720
 19980, 1414.194
 20040, 1401.534
 20100, 1409.848
 20160, 1385.641
 20220, 1374.840
 20280, 1370.479
 20340, 1384.396
 20400, 1376.033
 20460, 1394.537
 20520, 1367.196
 20580, 1407.145
 20640, 1394.731
 20700, 1395.496
 20760, 1396.158
 20820, -9999.000
 20880, 1403.493
 20940, 1409.922
 21000, 1431.782
 21060, 1427.777
 21120, 1435.253
 21180, 1465.307
 21240, 1484.794
 21300, 1613.838
 21360, 1628.974
 21420, 1520.436
 21480, 1465.897
 21540, 1419.529
 21600, 1491.429
 21660, 1628.468
 21720, 1656.118
 21780, 1615.221
 21840, 1656.303
 21900, 1641.125
 21960, 1660.464
 22020, 1637.211
 22080, 1655.392
 22140, 1700.495
 22200, 1675.215
 22260, 1666.280
 22320, 1630.266
 22380, 1676.560
 22440, 1687.647
 22500, 1664.044
 22560, 1642.666
 22620, 1645.085
 22680, -9999.000
 22740, 1678.589
 22800, 1680.290
 22860, 1688.604
 22920, 1693.321
 22980, 1671.497
 23040, 1624.281
 23100, 1641.849
 23160, 1643.263
 23220, 1670.480
 23280, 1666.921
 23340, 1661.678
 23400, 1631.960
 23460, 1663.021
 23520, 1654.113
 23580, 1669.910
 23640, 1657.961
 23700, 1611.185
 23760, 1557.763
 23820, 1570.994
 23880, 1543.499
 23940, 1518.919
 24000, 1505.832
 24060, 1468.090
 24120, 1493.136
 24180, 1523.899
 24240, 1454.294
 24300, 1483.045
 24360, 1467.180
 24420, 1443.375
 24480, 1484.051
 24540, -9999.000
 24600, 1465.298
 24660, 1483.092
 24720, 1429.670
 24780, 1445.541
 24840, 1469.253
 24900, 1462.802
 24960, 1452.699
 25020, 1482.695
 25080, 1477.793
 25140, 1496.716
 25200, 1461.881
 25260, 1471.249
 25320, 1460.701
 25380, 1478.141
 25440, 1479.150
 25500, 1487.325
 25560, 1464.433
 25620, 1477.177
 25680, 1469.299
 25740, 1483.080
 25800, 1471.256
 25860, 1474.013
 25920, 1468.553
 25980, 1467.999
 26040, 1476.722
 26100, 1468.430
 26160, 1439.774
 26220, 1447.200
 26280, 1458.572
 26340, 1459.356
 26400, 1485.734
 26460, 1499.567
 26520, 1460.123
 26580, 1466.411
 26640, 1466.184
 26700, 1460.029
 26760, 1484.990
 26820, 1504.668
 26880, 1466.316
 26940, 1471.017
 27000, 1434.413
 27060, 1479.441
 27120, 1495.096
 27180, 1498.247
 27240, 1482.068
 27300, 1508.114
 27360, 1505.972
 27420, 1509.711
 27480, 1504.939
 27540, 1493.801
 27600, 1503.573
 27660, 1514.507
 27720, 1501.110
 27780, 1487.623
 27840, 1493.045
 27900, 1476.127
 27960, 1504.736
 28020, 1515.123
 28080, 1464.385
 28140, 1497.988
 28200, -9999.000
 28260, 1526.653
 28320, 1538.873
 28380, 1524.419
 28440, 1515.141
 28500, 1520.256
 28560, 1505.427
 28620, 1498.147
 28680, 1506.847
 28740, 1495.361
 28800, 1500.196
 28860, 1484.706
 28920, 1494.226
 28980, 1528.237
 29040, 1517.569
 29100, 1513.823
 29160, 1559.589
 29220, 1562.498
 29280, 1562.944
 29340, 1564.931
 29400, 1583.301
 29460, 1581.881
 29520, 1583.952
 29580, 1559.994
 29640, 1564.323
 29700, 1596.340
 29760, 1579.471
 29820, 1584.248
 29880, 1596.984
 29940, 1679.971
 30000, 1777.210
 30060, -9999.000
 30120, 1720.439
 30180, 1826.884
 30240, 1827.052
 30300, 1853.638
 30360, 1861.216
 30420, 1827.413
 30480, 1840.803
 30540, 1863.620
 30600, 1893.597
 30660, 1912.149
 30720, 1930.188
 30780, 1918.991
 30840, 1943.881
 30900, 1945.541
 30960, 1930.852
 31020, 1964.546
 31080, 1958.368
 31140, 1956.877
 31200, 1928.161
 31260, 1925.370
 31320, 1902.120
 31380, 1917.993
 31440, 1946.399
 31500, 1941.695
 31560, 1957.093
 31620, 1955.815
 31680, 1939.760
 31740, 1942.547
 31800, 1973.327
 31860, 2005.779
 31920, -9999.000
 31980, 2004.969
 32040, 1988.089
 32100, 2005.033
 32160, 1995.483
 32220, 2012.748
 32280, 2013.278
 32340, 1955.819
 32400, 1810.910
 32460, 1823.486
 32520, 1804.986
 32580, 1612.954
 32640, 1656.251
 32700, 1601.813
 32760, 1515.746
 32820, 1527.346
 32880, 1651.547
 32940, 1701.131
 33000, 1606.512
 33060, 1578.170
 33120, 1672.944
 33180, 1657.342
 33240, 1667.085
 33300, 1713.619
 33360, 1689.347
 33420, 1677.291
 33480, 1625.138
 33540, 1608.188
 33600, 1575.122
 33660, 1652.903
 33720, 1689.899
 33780, 1710.106
 33840, 1676.994
 33900, 1718.774
 33960, 1710.123
 34020, 1645.769
 34080, 1640.807
 34140, 1624.880
 34200, 1604.456
 34260, 1574.429
 34320, 1603.276
 34380, 1601.514
 34440, 1615.491
 34500, 1623.850
 34560, 1577.142
 34620, 1608.735
 34680, 1577.368
 34740, 1596.069
 34800, 1601.535
 34860, 1614.362
 34920, 1533.346
 34980, 1564.047
 35040, 1572.372
 35100, 1596.739
 35160, 1574.203
 35220, 1591.980
 35280, 1580.967
 35340, 1622.039
 35400, 1589.537
 35460, 1608.866
 35520, 1633.894
 35580, 1628.799
 35640, 1569.696
 35700, 1589.451
 35760, 1603.359
 35820, 1606.035
 35880, 1612.120
 35940, 1634.218
 36000, 1574.373
 36060, 1514.645
 36120, 1640.963
 36180, 1686.251
 36240, 1699.128
 36300, 1650.316
 36360, 1600.735
 36420, 1683.986
 36480, 1702.047
 36540, 1740.589
 36600, 1669.118
 36660, 1614.465
 36720, 1574.663
 36780, 1563.134
 36840, 1544.088
 36900, 1544.557
 36960, 1594.597
 37020, 1714.861
 37080, 1728.734
 37140, 1762.283
 37200, 1719.792
 37260, 1610.219
 37320, 1522.083
 37380, 1567.239
 37440, 1545.816
 37500, 1529.045
 37560, 1531.652
 37620, 1532.686
 37680, 1498.890
 37740, 1507.685
 37800, 1504.050
 37860, 1535.825
 37920, 1536.050
 37980, 1539.013
 38040, 1528.639
 38100, 1519.691
 38160, 1525.351
 38220, 1515.938
 38280, 1516.972
 38340, 1516.890
 38400, 1521.072
 38460, 1515.383
 38520, 1484.809
 38580, 1508.022
 38640, 1478.942
 38700, 1504.528
 38760, 1484.472
 38820, 1510.499
 38880, 1517.191
 38940, 1527.191
 39000, 1551.401
 39060, 1521.287
 39120, 1527.038
 39180, 1502.339
 39240, 1523.161
 39300, -9999.000
 39360, 1536.533
 39420, 1554.173
 39480, 1512.777
 39540, 1602.164
 39600, 1603.158
 39660, 1635.856
 39720, 1644.724
 39780, 1643.800
 39840, 1601.939
 39900, 1585.273
 39960, 1585.152
 40020, 1610.727
 40080, 1654.729
 40140, 1682.894
 40200, 1676.331
 40260, 1650.932
 40320, 1583.053
 40380, 1593.694
 40440, 1600.090
 40500, 1594.853
 40560, 1676.988
 40620, 1609.063
 40680, 1524.310
 40740, 1510.641
 40800, 1519.598
 40860, 1509.838
 40920, 1518.777
 40980, 1520.701
 41040, 1504.722
 41100, 1500.689
 41160, -9999.000
 41220, 1491.519
 41280, 1534.670
 41340, 1528.419
 41400, 1558.613
 41460, 1591.593
 41520, 1564.296
 41580, 1551.237
 41640, 1557.815
 41700, 1561.604
 41760, 1553.377
 41820, 1561.623
 41880, 1572.068
 41940, 1574.631
 42000, 1591.824
 42060, 1557.836
 42120, 1603.606
 42180, 1572.913
 42240, 1530.199
 42300, 1547.798
 42360, 1590.926
 42420, 1536.041
 42480, 1538.807
 42540, 1582.975
 42600, 1577.430
 42660, 1525.416
 42720, 1586.375
 42780, 1576.796
 42840, 1534.245
 42900, 1554.923
 42960, 1557.762
 43020, -9999.000
 43080, 1536.784
 43140, 1571.078
 43200, 1577.769
 43260, 1565.157
 43320, 1508.333
 43380, 1521.940
 43440, 1504.153
 43500, 1508.979
 43560, 1483.192
 43620, 1492.086
 43680, 1489.401
 43740, 1483.808
 43800, 1482.716
 43860, 1482.896
 43920, 1465.704
 43980, 1480.301
 44040, 1529.187
 44100, 1491.772
 44160, 1500.177
 44220, 1495.115
 44280, 1500.545
 44340, 1469.616
 44400, 1505.268
 44460, 1553.005
 44520, 1566.342
 44580, 1560.792
 44640, 1541.106
 44700, 1564.061
 44760, 1581.825
 44820, 1591.879
 44880, 1584.702
 44940, 1598.091
 45000, 1513.415
 45060, 1506.449
 45120, 1449.324
 45180, 1488.714
 45240, 1446.941
 45300, 1533.389
 45360, 1552.168
 45420, 1536.607
 45480, 1522.259
 45540, 1523.766
 45600, 1524.687
 45660, 1524.939
 45720, 1534.388
 45780, 1535.583
 45840, 1545.064
 45900, 1574.229
 45960, 1596.588
 46020, 1606.571
 46080, 1581.761
 46140, 1641.431
 46200, 1653.791
 46260, 1667.871
 46320, 1664.806
 46380, 1693.144
 46440, 1620.312
 46500, 1601.987
 46560, 1608.308
 46620, 1623.365
 46680, -9999.000
 46740, 1591.468
 46800, 1685.313
 46860, 1992.770
 46920, 1906.568
 46980, 1798.832
 47040, 1718.452
 47100, 1667.105
 47160, 1634.391
 47220, 1594.888
 47280, 1554.946
 47340, 1570.002
 47400, 1519.591
 47460, 1496.341
 47520, 1483.654
 47580, 1505.671
 47640, 1484.981
 47700, 1473.701
 47760, 1472.202
 47820, 1463.296
 47880, 1470.380
 47940, 1473.271
 48000, 1449.969
 48060, 1467.635
 48120, 1472.143
 48180, 1476.497
 48240, 1469.481
 48300, 1498.170
 48360, 1476.820
 48420, 1467.680
 48480, 1459.307
 48540, -9999.000
 48600, 1435.384
 48660, 1473.527
 48720, 1456.475
 48780, 1461.811
 48840, 1519.774
 48900, 1503.069
 48960, 1536.453
 49020, 1505.424
 49080, 1450.375
 49140, 1460.041
 49200, 1439.870
 49260, 1445.634
 49320, 1465.303
 49380, 1448.210
 49440, 1470.426
 49500, 1429.967
 49560, 1405.877
 49620, 1335.881
 49680, 1326.175
 49740, 1417.022
 49800, 1426.370
 49860, 1447.370
 49920, 1438.803
 49980, 1481.128
 50040, 1464.151
 50100, 1468.776
 50160, 1454.687
 50220, 1468.223
 50280, 1469.795
 50340, 1479.699
 50400, -9999.000
 50460, 1490.300
 50520, 1462.535
 50580, 1460.804
 50640, 1448.014
 50700, 1465.524
 50760, 1467.610
 50820, 1478.336
 50880, 1485.957
 50940, 1463.603
 51000, 1448.227
 51060, 1456.298
 51120, 1484.474
 51180, 1496.776
 51240, 1492.676
 51300, 1481.471
 51360, 1462.921
 51420, 1445.617
 51480, 1480.842
 51540, 1517.257
 51600, 1495.967
 51660, 1534.561
 51720, 1561.034
 51780, 1571.789
 51840, 1554.716
 51900, 1566.916
 51960, 1662.151
 52020, 1628.381
 52080, 1632.970
 52140, 1660.685
 52200, 1682.620
 52260, 1604.015
 52320, 1640.234
 52380, 1654.706
 52440, 1673.531
 52500, 1680.821
 52560, 1649.952
 52620, 1653.184
 52680, 1636.616
 52740, 1668.307
 52800, 1710.093
 52860, 1740.274
 52920, 1716.942
 52980, 1726.908
 53040, 1711.441
 53100, 1700.812
 53160, 1713.921
 53220, 1716.884
 53280, 1706.921
 53340, 1740.288
 53400, 1723.940
 53460, 1803.911
 53520, 1785.003
 53580, 1938.188
 53640, 1816.492
 53700, 1726.671
 53760, 1701.175
 53820, 1730.399
 53880, 1794.526
 53940, 1794.191
 54000, 1826.609
 54060, -9999.000
 54120, 1880.373
 54180, 1906.514
 54240, 1931.272
 54300, 1940.590
 54360, 2024.504
 54420, 2074.647
 54480, 2097.480
 54540, 2153.496
 54600, 2213.428
 54660, 2264.846
 54720, 2275.284
 54780, 2332.305
 54840, 2299.953
 54900, 2304.372
 54960, 2282.343
 55020, 2238.960
 55080, 2229.419
 55140, 2224.550
 55200, 2255.152
 55260, 2150.104
 55320, 2113.816
 55380, 2063.263
 55440, 2043.641
 55500, 2047.237
 55560, 2040.754
 55620, 2161.499
 55680, 2124.211
 55740, 2101.507
 55800, 2053.986
 55860, 2004.136
 55920, 1984.263
 55980, 2001.441
 56040, 1980.808
 56100, 1990.509
 56160, 2035.417
 56220, 2074.805
 56280, 1925.713
 56340, 1840.959
