CampaignData_and_Merges/R0/CSL_MobileLab_Parked/raw/20240810/USOS-NOAAIodideCIMS-OrgNitrs_MobileLabGround_20240810_RA.ict
37, 1001
Michael A Robinson, Chris Jernigan, Subi Thakali
NOAA ESRL Chemical Sciences Laboratory and CIRES, U. of Colorado
NOAA Iodide CIMS Instrument
USOS
1, 1
2024, 08, 10, 2024, 08, 11
1
starttime_UTC, seconds_past_midnight, seconds_of_day_since_00:00:00_UTC
5
1, 1, 1, 1, 1
-9999, -9999, -9999, -9999, -9999
C4H7NO5_NOAACIMS, pptv, Gas_C4H7NO5_InSitu_S_AVMR, 
ISOPN_NOAACIMS, pptv, Gas_ISOPN_InSitu_S_AVMR, 
C5H10O3_NOAACIMS, pptv, Gas_C5H10O3_InSitu_S_AVMR, 
C5H9NO5_NOAACIMS, pptv, Gas_C5H9NO5_InSitu_S_AVMR, 
C10H17NO4_NOAACIMS, pptv, Gas_C10H17NO4_InSitu_S_AVMR, 
0
18
PI_CONTACT_INFO: 325 Broadway, R/CSD 7, Boulder, Colorado 80305; michael.a.robinson@noaa.gov; chris.jernigan@noaa.gov;
PLATFORM: NOAA CSL Mobile Lab
LOCATION: SLC, Utah
ASSOCIATED_DATA: 1Hz data also available on request.
INSTRUMENT_INFO: NOAA I- ToF CIMS
DATA_INFO: All data in parts per trillion by volume (pptv). 1 Hz data is available upon request.
UNCERTAINTY: TBD
ULOD_FLAG: -7777
ULOD_VALUE: N/A
LLOD_FLAG: -8888
LLOD_VALUE: N/A
DM_CONTACT_INFO: Nathan Howard; nathan.h.howard@noaa.gov
PROJECT_INFO: USOS, summer 2024. https://csl.noaa.gov/groups/csl7/measurements/2024usos/
STIPULATIONS_ON_USE: Users are strongly encouraged to contact the PI for proper data usage.
OTHER_COMMENTS: 
REVISION: RA
RA: Preliminary Data; For in-field use only
starttime_UTC, C4H7NO5_NOAACIMS, ISOPN_NOAACIMS, C5H10O3_NOAACIMS, C5H9NO5_NOAACIMS, C10H17NO4_NOAACIMS
[from data line 339]
 20340,  2.090,  4.316, 23.349,  4.465,  0.548
 20400,  2.086,  4.342, 23.827,  4.891,  0.456
 20460,  2.088,  4.332, 22.211,  4.831,  0.455
 20520,  2.078,  4.313, 24.521,  4.886,  0.495
 20580,  2.124,  4.474, 22.139,  4.781,  0.521
 20640,  2.067,  4.196, 22.160,  4.735,  0.431
 20700,  2.134,  4.492, 23.426,  4.883,  0.471
 20760,  2.098,  4.451, 23.100,  4.853,  0.495
 20820, -9999.000, -9999.000, -9999.000, -9999.000, -9999.000
 20880,  2.041,  4.334, 20.459,  4.607,  0.425
 20940,  2.124,  4.389, 21.139,  4.750,  0.433
 21000,  2.120,  4.508, 23.063,  4.712,  0.495
 21060,  2.134,  4.182, 22.573,  4.799,  0.466
 21120,  2.135,  4.477, 22.721,  4.908,  0.449
 21180,  2.104,  4.625, 22.659,  4.828,  0.458
 21240,  2.142,  4.865, 21.743,  4.957,  0.526
 21300,  2.244,  5.264, 24.636,  5.298,  0.712
 21360,  2.254,  5.557, 24.161,  5.383,  0.744
 21420,  2.280,  5.469, 23.374,  5.429,  0.699
 21480,  2.273,  5.932, 23.738,  5.577,  0.645
 21540,  2.353,  6.205, 23.682,  5.799,  0.641
 21600,  2.286,  5.385, 23.194,  5.604,  0.599
 21660,  2.314,  5.702, 24.522,  5.405,  0.735
 21720,  2.301,  5.514, 24.415,  5.338,  0.826
 21780,  2.277,  5.429, 24.319,  5.700,  0.793
 21840,  2.341,  5.665, 24.335,  5.470,  0.841
 21900,  2.332,  5.534, 23.807,  5.773,  0.989
 21960,  2.360,  5.890, 24.561,  5.987,  1.036
 22020,  2.381,  5.658, 24.457,  6.044,  1.079
 22080,  2.327,  5.672, 23.525,  5.811,  1.079
 22140,  2.398,  6.029, 24.973,  6.040,  1.216
 22200,  2.342,  5.819, 25.258,  5.878,  1.186
 22260,  2.375,  5.978, 24.344,  5.847,  1.068
 22320,  2.337,  6.144, 25.563,  6.149,  1.262
 22380,  2.371,  6.031, 24.139,  6.193,  1.212
 22440,  2.395,  6.264, 24.877,  6.265,  1.248
 22500,  2.374,  5.739, 24.566,  6.092,  1.111
 22560,  2.328,  5.788, 23.676,  6.186,  1.080
 22620,  2.368,  5.909, 24.879,  6.068,  1.162
 22680, -9999.000, -9999.000, -9999.000, -9999.000, -9999.000
 22740,  2.337,  5.517, 22.583,  5.736,  1.124
 22800,  2.349,  5.958, 22.781,  5.901,  1.093
 22860,  2.349,  5.856, 23.685,  6.103,  1.244
 22920,  2.378,  5.884, 23.761,  6.144,  1.213
 22980,  2.390,  6.123, 24.065,  6.220,  1.202
 23040,  2.427,  5.854, 24.228,  6.233,  1.181
 23100,  2.416,  6.098, 25.391,  6.264,  1.172
 23160,  2.411,  6.174, 25.055,  6.403,  1.179
 23220,  2.415,  6.026, 23.992,  6.448,  1.163
 23280,  2.410,  6.066, 25.303,  6.413,  1.279
 23340,  2.412,  6.050, 24.353,  6.251,  1.238
 23400,  2.411,  6.116, 22.299,  6.264,  1.177
 23460,  2.386,  6.208, 25.356,  6.257,  1.162
 23520,  2.348,  6.203, 25.464,  6.072,  1.151
 23580,  2.345,  6.173, 24.653,  6.200,  1.157
 23640,  2.302,  5.905, 24.826,  6.118,  1.139
 23700,  2.332,  6.146, 24.626,  6.022,  1.005
 23760,  2.271,  5.723, 24.220,  5.852,  0.949
 23820,  2.201,  5.797, 23.506,  5.667,  0.885
 23880,  2.212,  5.485, 23.237,  5.681,  0.865
 23940,  2.235,  5.632, 24.047,  5.645,  0.872
 24000,  2.333,  5.668, 24.631,  5.620,  0.905
 24060,  2.179,  5.359, 23.507,  5.499,  0.844
 24120,  2.252,  5.359, 24.178,  5.530,  0.757
 24180,  2.223,  5.558, 23.923,  5.611,  0.725
 24240,  2.198,  5.334, 22.496,  5.433,  0.696
 24300,  2.173,  5.430, 23.353,  5.418,  0.675
 24360,  2.195,  5.415, 24.044,  5.565,  0.716
 24420,  2.131,  5.341, 23.864,  5.377,  0.578
 24480,  2.115,  4.864, 24.120,  5.421,  0.657
 24540, -9999.000, -9999.000, -9999.000, -9999.000, -9999.000
 24600,  2.156,  5.109, 20.130,  5.346,  0.572
 24660,  2.237,  5.223, 21.667,  5.586,  0.621
 24720,  2.303,  5.397, 22.410,  5.664,  0.588
 24780,  2.250,  5.217, 22.901,  5.750,  0.631
 24840,  2.274,  5.275, 23.442,  5.770,  0.574
 24900,  2.219,  5.412, 23.568,  5.831,  0.572
 24960,  2.263,  5.128, 22.869,  5.635,  0.578
 25020,  2.235,  5.387, 24.056,  5.662,  0.653
 25080,  2.237,  5.291, 23.865,  5.918,  0.594
 25140,  2.278,  5.581, 24.066,  5.876,  0.662
 25200,  2.213,  5.348, 22.671,  5.788,  0.573
 25260,  2.215,  5.136, 24.451,  5.888,  0.669
 25320,  2.249,  5.513, 24.913,  5.766,  0.640
 25380,  2.304,  5.260, 23.829,  5.995,  0.594
 25440,  2.232,  5.455, 24.633,  6.014,  0.655
 25500,  2.299,  5.367, 23.984,  6.175,  0.588
 25560,  2.255,  5.372, 23.124,  6.083,  0.588
 25620,  2.294,  5.201, 25.348,  6.257,  0.617
 25680,  2.239,  5.442, 23.877,  5.960,  0.641
 25740,  2.320,  5.386, 23.966,  6.181,  0.661
 25800,  2.355,  5.112, 24.988,  6.299,  0.652
 25860,  2.299,  5.420, 23.816,  6.248,  0.580
 25920,  2.326,  5.591, 25.041,  6.359,  0.673
 25980,  2.281,  5.276, 24.356,  6.301,  0.583
 26040,  2.348,  5.184, 24.055,  6.339,  0.604
 26100,  2.369,  5.436, 24.910,  6.549,  0.624
 26160,  2.378,  5.459, 25.528,  6.586,  0.557
 26220,  2.345,  5.489, 25.389,  6.489,  0.564
 26280,  2.395,  5.251, 25.738,  6.586,  0.637
 26340,  2.329,  5.240, 26.182,  6.665,  0.684
 26400,  2.212,  5.205, 24.359,  6.462,  0.600
 26460,  2.253,  5.557, 23.402,  6.350,  0.613
 26520,  2.314,  5.242, 23.377,  6.490,  0.588
 26580,  2.326,  5.412, 24.671,  6.392,  0.674
 26640,  2.380,  5.544, 26.446,  6.533,  0.637
 26700,  2.406,  5.438, 25.059,  6.772,  0.586
 26760,  2.394,  5.401, 25.665,  7.058,  0.699
 26820,  2.447,  5.305, 25.399,  6.824,  0.613
 26880,  2.393,  5.249, 23.973,  6.731,  0.573
 26940,  2.453,  5.428, 26.048,  7.038,  0.661
 27000,  2.566,  6.005, 26.380,  7.490,  0.697
 27060,  2.494,  5.453, 26.451,  7.209,  0.687
 27120,  2.428,  5.568, 25.634,  6.926,  0.662
 27180,  2.432,  5.357, 26.099,  7.005,  0.641
 27240,  2.469,  5.293, 25.660,  7.211,  0.694
 27300,  2.434,  5.261, 25.376,  7.133,  0.675
 27360,  2.441,  5.296, 26.088,  6.842,  0.629
 27420,  2.472,  5.197, 25.731,  7.179,  0.679
 27480,  2.496,  5.002, 26.919,  7.162,  0.737
 27540,  2.460,  5.466, 26.120,  6.910,  0.744
 27600,  2.399,  5.114, 26.275,  6.874,  0.668
 27660,  2.397,  5.279, 25.656,  6.689,  0.687
 27720,  2.486,  5.141, 24.349,  6.949,  0.713
 27780,  2.490,  5.324, 25.242,  6.951,  0.688
 27840,  2.447,  5.252, 27.345,  7.246,  0.702
 27900,  2.454,  5.152, 25.894,  6.959,  0.692
 27960,  2.459,  5.275, 26.208,  6.995,  0.702
 28020,  2.445,  5.156, 25.814,  7.006,  0.664
 28080,  2.404,  5.085, 25.167,  6.720,  0.644
 28140,  2.382,  5.157, 25.396,  6.763,  0.721
 28200, -9999.000, -9999.000, -9999.000, -9999.000, -9999.000
 28260,  2.210,  4.568, 22.054,  6.100,  0.639
 28320,  2.320,  4.991, 22.706,  6.401,  0.588
 28380,  2.339,  5.309, 24.821,  6.872,  0.693
 28440,  2.356,  5.221, 23.807,  6.712,  0.664
 28500,  2.339,  4.959, 24.894,  6.781,  0.706
 28560,  2.362,  5.026, 24.504,  6.741,  0.649
 28620,  2.398,  5.073, 25.168,  6.933,  0.753
 28680,  2.425,  4.978, 26.001,  6.939,  0.668
 28740,  2.370,  5.001, 25.306,  6.772,  0.654
 28800,  2.325,  5.276, 25.890,  6.745,  0.725
 28860,  2.308,  4.958, 24.998,  6.381,  0.704
 28920,  2.305,  4.796, 24.550,  6.534,  0.673
 28980,  2.327,  4.686, 25.538,  6.562,  0.623
 29040,  2.313,  4.762, 25.794,  6.570,  0.741
 29100,  2.306,  5.044, 25.027,  6.463,  0.687
 29160,  2.317,  4.593, 24.721,  6.665,  0.680
 29220,  2.310,  4.729, 24.933,  6.405,  0.695
 29280,  2.315,  4.522, 24.841,  6.108,  0.681
 29340,  2.319,  4.740, 24.089,  6.384,  0.638
 29400,  2.331,  4.736, 24.235,  6.284,  0.602
 29460,  2.348,  4.918, 24.864,  6.699,  0.707
 29520,  2.354,  4.956, 25.213,  6.660,  0.712
 29580,  2.345,  4.553, 24.051,  6.428,  0.666
 29640,  2.319,  4.992, 24.472,  6.570,  0.623
 29700,  2.371,  4.921, 24.746,  6.623,  0.667
 29760,  2.375,  4.697, 23.938,  6.554,  0.690
 29820,  2.349,  4.884, 24.707,  6.734,  0.777
 29880,  2.461,  4.928, 25.172,  6.882,  0.796
 29940,  2.485,  5.136, 24.249,  7.000,  0.855
 30000,  2.570,  5.158, 25.649,  7.469,  1.050
 30060, -9999.000, -9999.000, -9999.000, -9999.000, -9999.000
 30120,  2.328,  4.841, 21.747,  6.555,  0.932
 30180,  2.474,  5.065, 24.225,  7.207,  1.160
 30240,  2.510,  5.139, 24.558,  6.942,  1.222
 30300,  2.438,  4.859, 24.492,  6.858,  1.131
 30360,  2.513,  5.191, 25.129,  7.196,  1.306
 30420,  2.438,  5.275, 24.229,  7.312,  1.230
 30480,  2.452,  4.984, 24.543,  7.149,  1.307
 30540,  2.475,  5.071, 24.663,  6.972,  1.320
 30600,  2.491,  5.119, 24.562,  7.084,  1.467
 30660,  2.463,  5.249, 25.175,  7.237,  1.420
 30720,  2.480,  5.227, 25.383,  7.173,  1.454
 30780,  2.481,  5.383, 25.087,  6.955,  1.420
 30840,  2.468,  5.247, 25.359,  7.081,  1.482
 30900,  2.488,  5.106, 24.879,  7.009,  1.365
 30960,  2.464,  5.221, 25.291,  6.905,  1.445
 31020,  2.466,  5.139, 25.458,  6.847,  1.462
 31080,  2.438,  5.211, 25.895,  6.845,  1.472
 31140,  2.409,  5.075, 24.669,  6.911,  1.482
 31200,  2.457,  5.245, 25.513,  7.014,  1.548
 31260,  2.483,  5.232, 24.526,  6.977,  1.514
 31320,  2.422,  5.237, 24.367,  6.873,  1.532
 31380,  2.437,  5.281, 26.345,  6.749,  1.644
 31440,  2.434,  5.413, 26.053,  6.864,  1.574
 31500,  2.454,  5.177, 25.334,  6.954,  1.600
 31560,  2.429,  5.089, 25.231,  6.755,  1.682
 31620,  2.418,  5.242, 25.694,  6.941,  1.568
 31680,  2.418,  5.297, 24.393,  6.670,  1.445
 31740,  2.409,  5.674, 25.783,  6.815,  1.588
 31800,  2.463,  5.246, 26.290,  6.682,  1.569
 31860,  2.409,  5.249, 24.861,  6.657,  1.709
 31920, -9999.000, -9999.000, -9999.000, -9999.000, -9999.000
 31980,  2.364,  4.846, 22.281,  6.438,  1.571
 32040,  2.373,  5.158, 22.754,  6.641,  1.611
 32100,  2.429,  5.198, 24.350,  6.589,  1.715
 32160,  2.352,  5.050, 25.088,  6.358,  1.648
 32220,  2.408,  5.232, 24.473,  6.661,  1.694
 32280,  2.395,  5.273, 24.797,  6.562,  1.742
 32340,  2.371,  5.199, 23.661,  6.660,  1.723
 32400,  2.404,  5.757, 23.928,  6.956,  1.397
 32460,  2.418,  5.187, 25.087,  6.934,  1.499
 32520,  2.421,  5.520, 25.882,  7.047,  1.557
 32580,  2.377,  5.299, 24.317,  7.392,  1.233
 32640,  2.350,  5.583, 24.820,  7.237,  1.099
 32700,  2.423,  5.760, 24.585,  7.296,  0.972
 32760,  2.368,  5.466, 24.630,  7.383,  1.024
 32820,  2.383,  5.645, 26.211,  7.368,  1.063
 32880,  2.343,  5.423, 26.414,  7.056,  1.168
 32940,  2.388,  5.157, 24.732,  6.850,  1.227
 33000,  2.443,  5.502, 25.419,  7.607,  1.115
 33060,  2.402,  5.555, 25.084,  7.577,  1.114
 33120,  2.401,  5.195, 24.315,  7.032,  1.184
 33180,  2.394,  5.319, 26.195,  7.047,  1.205
 33240,  2.418,  5.379, 25.419,  7.261,  1.269
 33300,  2.340,  5.235, 24.987,  6.983,  1.151
 33360,  2.313,  5.044, 26.145,  6.937,  1.194
 33420,  2.273,  4.997, 24.581,  6.678,  1.126
 33480,  2.417,  5.188, 24.095,  7.135,  1.145
 33540,  2.402,  5.421, 25.173,  7.355,  1.118
 33600,  2.387,  5.151, 26.619,  7.231,  1.161
 33660,  2.355,  4.961, 26.050,  7.021,  1.168
 33720,  2.404,  5.092, 26.294,  7.013,  1.172
 33780,  2.272,  4.637, 21.737,  6.295,  1.203
 33840,  2.246,  5.067, 22.337,  6.480,  1.080
 33900,  2.351,  4.960, 24.948,  6.894,  1.307
 33960,  2.360,  5.162, 25.748,  6.917,  1.237
 34020,  2.341,  5.104, 24.807,  6.884,  1.062
 34080,  2.308,  4.922, 25.714,  7.042,  1.065
 34140,  2.315,  4.929, 25.398,  7.083,  1.141
 34200,  2.327,  4.909, 24.356,  7.085,  1.041
 34260,  2.339,  5.156, 25.936,  7.337,  1.009
 34320,  2.360,  5.277, 26.376,  7.535,  1.015
 34380,  2.327,  5.067, 26.261,  7.178,  1.023
 34440,  2.302,  5.093, 25.824,  7.233,  1.066
 34500,  2.286,  5.257, 26.061,  7.161,  1.034
 34560,  2.341,  5.110, 24.808,  7.121,  0.965
 34620,  2.346,  5.186, 26.919,  7.407,  1.045
 34680,  2.327,  5.047, 27.286,  7.244,  1.143
 34740,  2.351,  5.175, 26.244,  7.365,  0.974
 34800,  2.383,  5.018, 26.781,  7.515,  1.067
 34860,  2.361,  5.245, 26.562,  7.529,  1.065
 34920,  2.406,  5.082, 26.531,  7.658,  1.008
 34980,  2.415,  5.278, 28.172,  7.534,  0.959
 35040,  2.377,  5.166, 28.125,  7.358,  0.974
 35100,  2.303,  5.247, 27.281,  7.358,  0.988
 35160,  2.270,  5.006, 27.684,  7.094,  0.983
 35220,  2.309,  5.285, 27.237,  7.179,  0.949
 35280,  2.288,  5.050, 26.312,  7.159,  0.997
 35340,  2.286,  5.018, 27.659,  7.143,  0.924
 35400,  2.328,  5.291, 28.024,  7.286,  0.982
 35460,  2.345,  4.919, 27.434,  7.056,  0.982
 35520,  2.343,  4.924, 26.900,  7.244,  1.010
 35580,  2.454,  4.729, 27.739,  6.813,  0.757
 35640,  2.256,  4.452, 23.181,  6.650,  0.950
 35700,  2.264,  4.810, 25.280,  6.964,  0.815
 35760,  2.321,  5.038, 26.077,  7.195,  0.986
 35820,  2.319,  4.942, 26.528,  7.000,  1.005
 35880,  2.339,  4.697, 26.006,  7.065,  0.930
 35940,  2.348,  4.963, 25.971,  7.280,  1.014
 36000,  2.290,  4.810, 26.472,  6.984,  1.006
 36060,  2.216,  4.684, 26.882,  6.872,  1.028
 36120,  2.285,  5.133, 27.608,  7.001,  1.061
 36180,  2.299,  5.031, 26.445,  6.794,  1.023
 36240,  2.255,  4.779, 26.744,  6.906,  0.944
 36300,  2.260,  4.725, 26.304,  6.666,  1.052
 36360,  2.203,  4.501, 26.463,  6.363,  0.991
 36420,  2.244,  5.089, 25.950,  6.474,  1.064
 36480,  2.286,  4.970, 26.786,  7.004,  1.065
 36540,  2.293,  4.881, 25.297,  6.612,  1.146
 36600,  2.241,  4.539, 26.381,  6.804,  1.048
 36660,  2.211,  4.918, 25.784,  6.775,  0.996
 36720,  2.301,  5.166, 27.644,  7.001,  0.971
 36780,  2.361,  5.184, 27.857,  7.113,  0.959
 36840,  2.472,  5.258, 29.251,  7.728,  0.914
 36900,  2.468,  5.216, 28.679,  7.456,  0.892
 36960,  2.429,  4.997, 28.946,  7.303,  0.843
 37020,  2.322,  5.142, 28.658,  6.900,  0.914
 37080,  2.336,  4.780, 28.842,  6.824,  1.083
 37140,  2.329,  4.954, 28.180,  6.945,  1.088
 37200,  2.321,  4.809, 28.588,  6.892,  1.127
 37260,  2.463,  5.107, 28.778,  7.493,  0.975
 37320,  2.545,  5.058, 29.027,  7.523,  0.824
 37380,  2.572,  5.224, 31.831,  7.692,  1.005
 37440,  2.520,  4.610, 32.800,  7.781,  1.053
 37500,  2.421,  5.325, 28.685,  7.227,  0.815
 37560,  2.474,  5.261, 31.148,  7.546,  0.795
 37620,  2.549,  5.240, 30.682,  7.510,  0.903
 37680,  2.494,  5.268, 30.538,  7.518,  0.826
 37740,  2.418,  5.351, 31.851,  7.268,  1.002
 37800,  2.401,  5.169, 32.569,  7.114,  0.979
 37860,  2.389,  5.037, 31.380,  7.190,  0.933
 37920,  2.479,  5.290, 31.810,  7.154,  0.899
 37980,  2.476,  5.167, 31.874,  7.109,  0.952
 38040,  2.452,  5.251, 32.493,  7.232,  0.859
 38100,  2.492,  5.173, 33.691,  7.257,  0.948
 38160,  2.507,  5.171, 33.736,  7.039,  1.006
 38220,  2.430,  5.312, 33.446,  6.892,  0.876
 38280,  2.460,  5.344, 33.311,  7.069,  0.896
 38340,  2.498,  5.140, 33.475,  7.086,  0.922
 38400,  2.475,  5.567, 34.527,  7.126,  0.925
 38460,  2.484,  5.415, 35.438,  7.244,  0.886
 38520,  2.442,  5.246, 34.718,  6.995,  0.921
 38580,  2.472,  5.418, 34.352,  7.144,  0.967
 38640,  2.476,  5.522, 35.181,  7.091,  0.913
 38700,  2.492,  5.347, 35.022,  7.027,  0.910
 38760,  2.525,  5.302, 34.737,  7.036,  0.924
 38820,  2.475,  5.619, 36.314,  7.270,  0.955
 38880,  2.482,  5.276, 35.462,  6.921,  0.945
 38940,  2.446,  5.475, 35.184,  7.028,  0.961
 39000,  2.467,  5.363, 34.737,  7.006,  0.962
 39060,  2.447,  5.356, 34.373,  6.944,  0.911
 39120,  2.464,  5.476, 34.196,  6.877,  0.900
 39180,  2.432,  5.320, 35.496,  6.715,  1.040
 39240,  2.446,  5.211, 35.207,  6.922,  0.801
 39300, -9999.000, -9999.000, -9999.000, -9999.000, -9999.000
 39360,  2.392,  5.357, 29.629,  6.669,  0.895
 39420,  2.443,  5.294, 31.405,  6.780,  0.929
 39480,  2.479,  5.392, 31.232,  6.816,  0.856
 39540,  2.553,  5.237, 33.181,  7.113,  1.052
 39600,  2.517,  5.492, 33.614,  7.023,  1.111
 39660,  2.491,  5.052, 33.132,  6.727,  0.965
 39720,  2.382,  5.225, 32.238,  6.730,  0.991
 39780,  2.473,  5.179, 31.956,  6.698,  0.952
 39840,  2.505,  5.092, 32.688,  6.722,  1.022
 39900,  2.481,  5.264, 33.484,  6.932,  1.029
 39960,  2.551,  5.555, 34.710,  7.006,  1.047
 40020,  2.542,  5.424, 33.182,  6.804,  1.005
 40080,  2.463,  5.164, 32.658,  6.753,  1.049
 40140,  2.447,  5.246, 31.960,  6.878,  1.053
 40200,  2.515,  5.159, 32.182,  6.781,  1.048
 40260,  2.471,  5.049, 32.982,  6.916,  1.173
 40320,  2.525,  5.395, 33.670,  6.880,  1.050
 40380,  2.552,  5.277, 33.652,  6.959,  0.965
 40440,  2.570,  5.140, 33.710,  6.920,  0.951
 40500,  2.520,  5.189, 32.930,  6.760,  0.917
