CampaignData_and_Merges/R0/CSL_MobileLab_Parked/raw/20240810/USOS-PTR_MobileLabGround_20240810_RA.ict
58, 1001
Matthew Coggon, Kelvin Bates, Chelsea Stockwell, Carsten Warneke
NOAA ESRL Chemical Sciences Division
NOAA PTR-ToF-MS
USOS
1,1 
2024, 08, 10, 2023, 08, 12
0
Time_Start, seconds, number of seconds from 00:00 UTC 
22
1, 1, 1, 1, 1, 1, 1, 1, 1, 1, 1, 1, 1, 1, 1, 1, 1, 1, 1, 1, 1, 1
-9999, -9999, -9999, -9999, -9999, -9999, -9999, -9999, -9999, -9999, -9999, -9999, -9999, -9999, -9999, -9999, -9999, -9999, -9999, -9999, -9999, -9999
CH3OH_NOAAPTR_ppbv,  ppbv, Gas_CH3OH_InSitu_S_AVMR, (CH3OH) methanol
CH3CN_NOAAPTR_ppbv,  ppbv, Gas_CH3CN_InSitu_S_AVMR, (CH3CN) acetonitrile
CH3CHO_NOAAPTR_ppbv,  ppbv, Gas_CH3CHO_InSitu_S_AVMR, (CH3CHO) acetaldehyde plus contributions from ethylene glycol and ethylene oxide. Interference from ethanol has been subtracted out.
C2H5OH_NOAAPTR_ppbv,  ppbv, Gas_C2H5OH_InSitu_S_AVMR, (C2H5OH) ethanol
CH3SH_NOAAPTR_ppbv,  ppbv, Gas_CH3SH_InSitu_S_AVMR, (CH3SH) methanethiol, using calibration factor for DMS
Acrolein_NOAAPTR_ppbv,  ppbv, Gas_Acrolein_InSitu_S_AVMR, (C3H4O) acrolein
AcetonePropanal_NOAAPTR_ppbv,  ppbv, Gas_AcetoneAndPropanal_InSitu_S_AVMR, (C3H6O) sum of acetone (dominant isomer) and propanal, using calibration factor for acetone
DMS_NOAAPTR_ppbv,  ppbv, Gas_DMS_InSitu_S_AVMR, (C2H6S) dimethyl sulfide with possible small contributions from ethanethiol
C5H8_NOAAPTR_ppbv,  ppbv, Gas_Isoprene_InSitu_S_AVMR, (C5H8) isoprene and possible fragments from cycloalkanes and aldehydes. Interferences have been subtracted following methods described by Coggon et al (2023)
MVKMAC_NOAAPTR_ppbv,  ppbv, Gas_MVKAndMAC_InSitu_S_AVMR, (C4H6O) sum of methyl vinyl ketone, methacrolein, and small amounts of crotonaldehyde, using weighted calibration factor for MVK (0.637) and MACR (0.363)
Benzene_NOAAPTR_ppbv,  ppbv, Gas_Benzene_InSitu_S_AVMR, (C6H6) benzene
Toluene_NOAAPTR_ppbv,  ppbv, Gas_Toluene_InSitu_S_AVMR, (C7H8) toluene with possible small contributions of fragments from ethyltoluene
Styrene_NOAAPTR_ppbv,  ppbv, Gas_Styrene_InSitu_S_AVMR, (C8H8) styrene
Benzaldehyde_NOAAPTR_ppbv,  ppbv, Gas_Benzaldehyde_InSitu_S_AVMR, (C7H6O) benzaldehyde
C8Aromatics_NOAAPTR_ppbv,  ppbv, Gas_C8Aromatics_InSitu_M_AVMR, (C8H10) sum of m-xylene, p-xylene, o-xylene, and ethyl benzene
C9Aromatics_NOAAPTR_ppbv,  ppbv, Gas_C9Aromatics_InSitu_M_AVMR, (C9H12) sum of C9 aromatics
Naphthalene_NOAAPTR_ppbv,  ppbv, Gas_Naphthalene_InSitu_S_AVMR, (C10H8) naphthalene
Octanal_NOAAPTR_ppbv,  ppbv, Gas_Octanal_InSitu_S_AVMR, (C8H16O) octanal and small amounts of octanone
Monoterpenes_NOAAPTR_ppbv,  ppbv, Gas_Monoterpenes_InSitu_M_AVMR, (C10H16) sum of monoterpenes and possible contributions from fragments of oxygenated monoterpenoids such as eucalyptol.
Nonanal_NOAAPTR_ppbv,  ppbv, Gas_Nonanal_InSitu_M_AVMR, (C9H18O) nonanal and small amounts of nonanone
C7H4ClF3_NOAAPTR_ppbv,  ppbv, Gas_C7H4ClF3_InSitu_S_AVMR, (C7H4ClF3) parachlorobenzotrifluoride
C10H30O5Si5_NOAAPTR_ppbv,  ppbv, Gas_C10H30O5Si5_InSitu_S_AVMR, (C10H30O5Si5) decamethylcyclopentasiloxane
1
SPECIAL COMMENTS:N/A
21
PI_CONTACT_INFO: NOAA ESRL Chemical Sciences Division, Tropospheric Chemistry Group. 325 Broadway, R/CSD7, Boulder, CO 80305
PLATFORM: Mobile Laboratory.
LOCATION: Salt Lake City, UT
ASSOCIATED_DATA: N/A
INSTRUMENT_INFO: NOAA PTR-ToF-MS measurements on NOAA CSL Mobile Lab
DATA_INFO: Units: ppbv
UNCERTAINTY: See OTHER_COMMENTS
ULOD_FLAG: -7777
ULOD_VALUE: N/A
LLOD_FLAG: -8888
LLOD_VALUE: N/A.
DM_CONTACT_INFO: Data Managers: Matt Coggon, Kelvin Bates, Chelsea Stockwell; email: matthew.m.coggon@noaa.gov and kelvin.bates@colorado.edu
PROJECT_INFO: USOS Deployment July-August, 2024
STIPULATIONS_ON_USE: Use of these data require prior OK from PI.
OTHER_COMMENTS: Uncertainties:
CH3OH_NOAAPTR_ppbv:30%; CH3CN_NOAAPTR_ppbv:30%; CH3CHO_NOAAPTR_ppbv:30%; C2H5OH_NOAAPTR_ppbv:30%; CH3SH_NOAAPTR_ppbv:50%; Acrolein_NOAAPTR_ppbv:30%; AcetonePropanal_NOAAPTR_ppbv:30%; DMS_NOAAPTR_ppbv:30%; C5H8_NOAAPTR_ppbv:30%; MVKMAC_NOAAPTR_ppbv:30%; 
Benzene_NOAAPTR_ppbv:30%; Toluene_NOAAPTR_ppbv:30%; Styrene_NOAAPTR_ppbv:30%; Benzaldehyde_NOAAPTR_ppbv:30%; C8Aromatics_NOAAPTR_ppbv:30%; C9Aromatics_NOAAPTR_ppbv:30%; Naphthalene_NOAAPTR_ppbv:30%; Octanal_NOAAPTR_ppbv:30%; Monoterpenes_NOAAPTR_ppbv:30%; Nonanal_NOAAPTR_ppbv:30%; 
C7H4ClF3_NOAAPTR_ppbv:30%; C10H30O5Si5_NOAAPTR_ppbv:30%; 
REVISION: RA
RA: Field Data
Time_Start, CH3OH_NOAAPTR_ppbv, CH3CN_NOAAPTR_ppbv, CH3CHO_NOAAPTR_ppbv, C2H5OH_NOAAPTR_ppbv, CH3SH_NOAAPTR_ppbv, Acrolein_NOAAPTR_ppbv, AcetonePropanal_NOAAPTR_ppbv, DMS_NOAAPTR_ppbv, C5H8_NOAAPTR_ppbv, MVKMAC_NOAAPTR_ppbv, Benzene_NOAAPTR_ppbv, Toluene_NOAAPTR_ppbv, Styrene_NOAAPTR_ppbv, Benzaldehyde_NOAAPTR_ppbv, C8Aromatics_NOAAPTR_ppbv, C9Aromatics_NOAAPTR_ppbv, Naphthalene_NOAAPTR_ppbv, Octanal_NOAAPTR_ppbv, Monoterpenes_NOAAPTR_ppbv, Nonanal_NOAAPTR_ppbv, C7H4ClF3_NOAAPTR_ppbv, C10H30O5Si5_NOAAPTR_ppbv
[from data line 1331]
79860.0, 6.22987, 0.19971, 0.84903, 1.33223, 0.00130, 0.17652, 3.00287, -0.00076, 0.64577, 0.91110, 0.02724, 0.06734, 0.00381, 0.01522, 0.02930, 0.02505, -0.00196, 0.03876, 0.14194, 0.01189, 0.00237, 0.00097 
79920.0, 6.38246, 0.21327, 0.94729, 0.99119, 0.00391, 0.13223, 3.03712, 0.00158, 0.67792, 0.90234, 0.04074, 0.07749, 0.01347, 0.02476, 0.03608, 0.01425, 0.00025, 0.01468, 0.12589, 0.03016, 0.00028, 0.00083 
79980.0, 6.92263, 0.20087, 0.91392, 1.14173, 0.00160, 0.16311, 3.04324, -0.00061, 0.71809, 0.88654, 0.07337, 0.07593, 0.02258, 0.02950, 0.03439, 0.00713, 0.01093, 0.02010, 0.12936, 0.02653, 0.00396, 0.00008 
80040.0, 5.46975, 0.21288, 0.87280, 0.82921, -0.00050, 0.13895, 3.02320, 0.01170, 0.75839, 0.83052, 0.00044, 0.06551, 0.01514, 0.00567, 0.04650, 0.02361, 0.00188, 0.02072, 0.09645, 0.02125, 0.00284, 0.00099 
80100.0, 6.36975, 0.20553, 0.93892, 1.33104, -0.00099, 0.17296, 3.03418, 0.00353, 1.19259, 0.90250, 0.06771, 0.10826, 0.00482, 0.03146, 0.05372, 0.01893, 0.00390, 0.01525, 0.15910, 0.02275, 0.00158, 0.00146 
80160.0, 6.23821, 0.20451, 0.86095, 1.06361, 0.00095, 0.12514, 2.88688, 0.00001, 1.12910, 0.82893, 0.02331, 0.07371, -0.00104, 0.00563, 0.03730, 0.01841, 0.00665, 0.02108, 0.13165, 0.03232, 0.00718, 0.00077 
80220.0, 6.38928, 0.23701, 0.91197, 0.97531, 0.00147, 0.18258, 2.95318, 0.00245, 1.05988, 0.82185, 0.02704, 0.10813, -0.00087, 0.01941, 0.04415, 0.02034, 0.00479, 0.03089, 0.13597, 0.03145, 0.00415, 0.00256 
80280.0, 6.52085, 0.21385, 0.97765, 1.21964, 0.00420, 0.18579, 3.10769, -0.00074, 0.99600, 0.85382, 0.07437, 0.09788, 0.00798, 0.02811, 0.04538, 0.02734, 0.00338, 0.03389, 0.17027, 0.02458, 0.00038, 0.00306 
80340.0, 6.94305, 0.20790, 1.07846, 1.73806, -0.00082, 0.20722, 3.22932, 0.01314, 1.14324, 0.87754, 0.11329, 0.09618, -0.00189, 0.03203, 0.05758, 0.02407, -0.00199, 0.05635, 0.15576, 0.03768, 0.00224, 0.00261 
80400.0, 7.62405, 0.20168, 1.17378, 1.87128, 0.00380, 0.20090, 3.21272, 0.00966, 1.06553, 0.88383, 0.05421, 0.23478, 0.01190, 0.00966, 0.09260, 0.04224, 0.01688, 0.03480, 0.25170, 0.05238, -0.00192, 0.00210 
80460.0, 6.87842, 0.19601, 1.01723, 1.49880, 0.00406, 0.17977, 3.14666, 0.00317, 0.96462, 0.85874, 0.06855, 0.10983, -0.00189, 0.00633, 0.06100, 0.02471, -0.00199, 0.03769, 0.20284, 0.03685, 0.00268, 0.00105 
80520.0, 8.45675, 0.22067, 1.07765, 1.37477, 0.00096, 0.16519, 3.22200, -0.00073, 1.02145, 0.89821, 0.06886, 0.09381, 0.01150, -0.00104, 0.05699, 0.02888, -0.00200, 0.02452, 0.18527, 0.02411, 0.00380, 0.00434 
80580.0, 8.70040, 0.20151, 1.22062, 1.50465, 0.00069, 0.19492, 3.16215, 0.00266, 1.04988, 0.91370, 0.05568, 0.10929, 0.00786, 0.01907, 0.05973, 0.02366, 0.00688, 0.04127, 0.15950, 0.03579, 0.00875, 0.00197 
80640.0, 7.44609, 0.20350, 1.10629, 1.79824, 0.00292, 0.18909, 3.33907, -0.00072, 1.04064, 0.86433, 0.04424, 0.11655, 0.02018, -0.00105, 0.06389, 0.02500, -0.00196, 0.04427, 0.18472, 0.04024, 0.00450, 0.00274 
80700.0, 7.79342, 0.21535, 1.00339, 1.97033, 0.00304, 0.20830, 3.09914, 0.00804, 1.00011, 0.87439, 0.02891, 0.11996, -0.00188, -0.00105, 0.12390, 0.03619, 0.00650, 0.02938, 0.16058, 0.04876, 0.00058, 0.00316 
80760.0, 7.68965, 0.22405, 1.01204, 4.05571, 0.00509, 0.18075, 3.22538, 0.00114, 1.03977, 0.76584, 0.06209, 0.15881, -0.00188, -0.00106, 0.25750, 0.03137, 0.01239, 0.02538, 0.17579, 0.03874, 0.00294, 0.00742 
80820.0, 7.66991, 0.20300, 1.11917, 1.53397, 0.00257, 0.15639, 3.10013, 0.00440, 1.14620, 0.76571, 0.02564, 0.10272, 0.00535, 0.01201, 0.07718, 0.02065, -0.00201, 0.02228, 0.22712, 0.03702, 0.00043, 0.00413 
80880.0, 7.87845, 0.21156, 1.04123, 1.66633, 0.00349, 0.18350, 3.07806, 0.00190, 0.76751, 0.73139, 0.06220, 0.08281, 0.01261, -0.00106, 0.05551, 0.02378, -0.00202, 0.02549, 0.14026, 0.02913, 0.00685, 0.00221 
80940.0, 6.53879, 0.19579, 0.84094, 0.90122, 0.00099, 0.14646, 3.01611, -0.00071, 0.63255, 0.73178, 0.04617, 0.05559, 0.01948, 0.03025, 0.03180, 0.01571, 0.00638, 0.02544, 0.09237, 0.02724, 0.00625, 0.00294 
81000.0, 6.53996, 0.21148, 0.82716, 1.77972, 0.00258, 0.16645, 2.95282, 0.00707, 0.60402, 0.72065, 0.11131, 0.25042, 0.02928, 0.02807, 0.12609, 0.05116, -0.00202, 0.03542, 0.10951, 0.03557, 0.00763, 0.00522 
81060.0, 6.60579, 0.23605, 0.84828, 1.30160, -0.00001, 0.17125, 2.98084, 0.00495, 0.59975, 0.70724, 0.04815, 0.07874, 0.01842, 0.04139, 0.03907, 0.02314, 0.01432, 0.01739, 0.11022, 0.03448, 0.00475, 0.00439 
81120.0, 6.04017, 0.20757, 0.90158, 1.38382, -0.00097, 0.15969, 3.00591, -0.00070, 0.60412, 0.67795, 0.05390, 0.07512, 0.01084, 0.02775, 0.03721, 0.01737, 0.00980, 0.01990, 0.10893, 0.02661, 0.00557, 0.00263 
81180.0, 7.83977, 0.20951, 1.10885, 1.96283, 0.00568, 0.19158, 3.22042, -0.00069, 0.71872, 0.73784, 0.03656, 0.09724, 0.00563, 0.01983, 0.03865, 0.02046, -0.00203, 0.01143, 0.17302, 0.02710, 0.00234, 0.00391 
81240.0, 7.12652, 0.20034, 0.99337, 0.95078, 0.00160, 0.15361, 3.12335, 0.00485, 0.57567, 0.69663, 0.04037, 0.12227, -0.00054, 0.02359, 0.07658, 0.05216, 0.02116, 0.02741, 0.14625, 0.00691, 0.00476, 0.00034 
81300.0, 5.90941, 0.21347, 0.99206, 1.44909, 0.00075, 0.16653, 3.14013, 0.00513, 0.67371, 0.72395, 0.00329, 0.10186, 0.00286, -0.00108, 0.06801, 0.03668, -0.00204, 0.01463, 0.13708, 0.01041, 0.00481, 0.00182 
81360.0, 7.57989, 0.21579, 1.01542, 1.40655, 0.00365, 0.18030, 3.14838, -0.00069, 0.74890, 0.73107, 0.05528, 0.14295, -0.00188, -0.00109, 0.05942, 0.04637, 0.02173, 0.02794, 0.17096, 0.02127, 0.00183, 0.00439 
81420.0, 7.68748, 0.22778, 0.88891, 1.24908, 0.00205, 0.20563, 3.17625, 0.00151, 0.93449, 0.70057, 0.01557, 0.10267, 0.01389, 0.00776, 0.05924, 0.03436, 0.00650, 0.02932, 0.16984, 0.00654, 0.00061, 0.00387 
81480.0, 7.28221, 0.20883, 1.28947, 2.51066, 0.00158, 0.18944, 3.04665, -0.00068, 0.65044, 0.66051, 0.09941, 0.15504, 0.01521, 0.04891, 0.12615, 0.06639, 0.00691, 0.03555, 0.18977, 0.03458, 0.00407, 0.00368 
81540.0, 7.99207, 0.20857, 0.98266, 1.31256, -0.00072, 0.15507, 3.05609, 0.00234, 0.48169, 0.64034, 0.06394, 0.09507, 0.01417, 0.03009, 0.07305, 0.02614, 0.00640, 0.02754, 0.12216, 0.02182, 0.00495, 0.00144 
81600.0, 7.27533, 0.20578, 0.94614, 1.50662, 0.00526, 0.14509, 2.99485, -0.00067, 0.63002, 0.65829, 0.04648, 0.07773, 0.01544, 0.01910, 0.07410, 0.01753, 0.00917, 0.02117, 0.12665, 0.02346, 0.00287, 0.00064 
81660.0, 8.38084, 0.19526, 1.16417, 1.41334, 0.00688, 0.19487, 3.24143, 0.00719, 0.83653, 0.71347, 0.07253, 0.09839, 0.00531, 0.00540, 0.06037, 0.02410, 0.00072, 0.02328, 0.19702, 0.01850, 0.00247, 0.00312 
81720.0, 7.19388, 0.22165, 1.06740, 1.27161, 0.00172, 0.17664, 3.16661, 0.00317, 0.72703, 0.77542, 0.02869, 0.10896, 0.00739, 0.01219, 0.04095, 0.02610, 0.00443, 0.01192, 0.10763, 0.02072, 0.00188, 0.00348 
81780.0, 5.87481, 0.20615, 0.99220, 1.21527, 0.00033, 0.13681, 3.05097, 0.00720, 0.45005, 0.68341, 0.02615, 0.07914, 0.01084, 0.01604, 0.03917, 0.01807, -0.00207, 0.02262, 0.13133, 0.02345, 0.00311, 0.00214 
81840.0, 8.09665, 0.20574, 0.99048, 1.17396, 0.00080, 0.15018, 3.04140, 0.00859, 0.44697, 0.70931, 0.00948, 0.05696, 0.00419, 0.00253, 0.02962, 0.02230, -0.00207, 0.02989, 0.05708, 0.02375, 0.00220, 0.00136 
81900.0, 5.75577, 0.19234, 0.82427, 0.64972, 0.00369, 0.16531, 2.98516, 0.00569, 0.36221, 0.71235, 0.01141, 0.07239, 0.00155, 0.01900, 0.02577, 0.02010, 0.00280, 0.01169, 0.05532, 0.02188, 0.00379, 0.00150 
81960.0, 5.34889, 0.20677, 0.79245, 0.77002, -0.00047, 0.12007, 2.96692, 0.00377, 0.31434, 0.70536, 0.03538, 0.06503, 0.00238, -0.00087, 0.03602, 0.01892, 0.00890, 0.01796, 0.07239, 0.01547, 0.00444, 0.00118 
82020.0, 6.44948, 0.19827, 0.94560, 1.48570, 0.00136, 0.14612, 3.09151, -0.00065, 0.35568, 0.69995, 0.05008, 0.13144, 0.00468, 0.00808, 0.07898, 0.03622, 0.00503, 0.02459, 0.09592, 0.03700, 0.00295, 0.00316 
82080.0, 6.81370, 0.21247, 0.96364, 1.58421, 0.00316, 0.15877, 3.03106, -0.00065, 0.34707, 0.70576, 0.05827, 0.18149, 0.00832, 0.01697, 0.09345, 0.03581, 0.00384, 0.02166, 0.09000, 0.03599, 0.01077, 0.00314 
82140.0, 7.61916, 0.20220, 0.92115, 1.42032, 0.00415, 0.17253, 3.14043, 0.00982, 0.43656, 0.71266, 0.05259, 0.09118, 0.00224, 0.01750, 0.07207, 0.02498, 0.00061, 0.02418, 0.10815, 0.03204, 0.00779, 0.00256 
82200.0, 8.60851, 0.20252, 1.11549, 1.64669, 0.00004, 0.19420, 3.20338, -0.00065, 0.43055, 0.70657, 0.05284, 0.11932, -0.00187, 0.02560, 0.05916, 0.01943, 0.01166, 0.03998, 0.09674, 0.04330, 0.01208, 0.00814 
82260.0, 7.57354, 0.20746, 0.96438, 1.56250, -0.00094, 0.19754, 3.19192, -0.00051, 0.54964, 0.71810, 0.02791, 0.11727, 0.00697, -0.00114, 0.04857, 0.03064, -0.00153, 0.04712, 0.11689, 0.03223, 0.00025, 0.00366 
82320.0, 8.07384, 0.20823, 1.08205, 2.02708, 0.00126, 0.20989, 3.12477, 0.00879, 0.52300, 0.71056, 0.03667, 0.09561, 0.00294, 0.02740, 0.06329, 0.02588, 0.00198, 0.03306, 0.15275, 0.04454, 0.00587, 0.00368 
82380.0, 6.19765, 0.20194, 0.84161, 1.22826, 0.00471, 0.17430, 2.92577, -0.00028, 0.58108, 0.71554, 0.03180, 0.08118, 0.01129, 0.00073, 0.04919, 0.01797, 0.00182, 0.00721, 0.07518, 0.03326, -0.00030, 0.00277 
82440.0, 7.74362, 0.21491, 0.87920, 1.70736, 0.00050, 0.15123, 2.96651, -0.00038, 0.80901, 0.65670, 0.01700, 0.10128, -0.00187, -0.00114, 0.06985, 0.02108, -0.00210, 0.02936, 0.13028, 0.03423, -0.00018, 0.00395 
82500.0, 6.20388, 0.20605, 0.79737, 1.41421, 0.00279, 0.16421, 2.95567, 0.00189, 1.28698, 0.77571, 0.04256, 0.10296, -0.00187, -0.00115, 0.05247, 0.02381, 0.01278, 0.03168, 0.19394, 0.02664, 0.00377, 0.00185 
82560.0, 7.47653, 0.20233, 0.96484, 1.31149, 0.00181, 0.18689, 2.95499, 0.00312, 1.36233, 0.81147, 0.02863, 0.08892, -0.00186, 0.01166, 0.07051, 0.02269, 0.01077, 0.02296, 0.18996, 0.01738, 0.00144, 0.00491 
82620.0, 7.50763, 0.22060, 1.03216, 1.77910, -0.00094, 0.17212, 3.11754, 0.01236, 1.18126, 0.81461, 0.01751, 0.11390, 0.01979, -0.00115, 0.05561, 0.01799, 0.00027, 0.01746, 0.16957, 0.02472, 0.00131, 0.00272 
82680.0, 8.81958, 0.19948, 1.12790, 2.10277, 0.00305, 0.22945, 3.24302, 0.00639, 1.20100, 0.84644, 0.00954, 0.13674, 0.01556, 0.00328, 0.07497, 0.03150, -0.00211, 0.03248, 0.20672, 0.03314, 0.00825, 0.01509 
82740.0, 7.73485, 0.21651, 0.95071, 1.68691, 0.00191, 0.14896, 3.22562, 0.00682, 1.19602, 0.83160, 0.09985, 0.10618, 0.01601, -0.00116, 0.09218, 0.03035, 0.00500, 0.01276, 0.18188, 0.02994, -0.00155, 0.00437 
82800.0, 7.96669, 0.19355, 1.16130, 3.43893, 0.00297, 0.24739, 3.33637, -0.00062, 1.27847, 0.87196, 0.07801, 0.13507, -0.00014, 0.02083, 0.08983, 0.03369, -0.00212, 0.03669, 0.23780, 0.06245, 0.00405, 0.00445 
82860.0, 6.66083, 0.20342, 1.04896, 1.88339, 0.00197, 0.18657, 3.39091, 0.00822, 1.44889, 0.83088, 0.04004, 0.11972, 0.00675, 0.00700, 0.08336, 0.03604, -0.00212, 0.02771, 0.20531, 0.04708, 0.00687, 0.00331 
82920.0, 7.70810, 0.22883, 1.08189, 2.50519, 0.00669, 0.20511, 3.29289, -0.00061, 1.21050, 0.81961, 0.05985, 0.15280, 0.00770, 0.02353, 0.08368, 0.02975, 0.00815, 0.02646, 0.22640, 0.04799, -0.00156, 0.00260 
82980.0, 10.53592, 0.21080, 1.37393, 4.37011, 0.00488, 0.22308, 3.56842, 0.00244, 0.91742, 0.80479, 0.05898, 0.18124, 0.01276, -0.00117, 0.10737, 0.04815, 0.00184, 0.04596, 0.28643, 0.08528, 0.00213, 0.00867 
83040.0, 9.76059, 0.21213, 1.35032, 3.17522, 0.00183, 0.17295, 3.36092, -0.00060, 0.75806, 0.78613, 0.06013, 0.14353, -0.00186, 0.00970, 0.09139, 0.03000, 0.00965, 0.02352, 0.23692, 0.04711, 0.00097, 0.00496 
83100.0, 8.32235, 0.22268, 1.21235, 3.53361, 0.00505, 0.19234, 3.35861, 0.00572, 0.80378, 0.74722, 0.00683, 0.14146, 0.00299, -0.00118, 0.09280, 0.03946, 0.00749, 0.03826, 0.22493, 0.04214, -0.00281, 0.00614 
83160.0, 8.67033, 0.22670, 1.12329, 2.62538, 0.00582, 0.19752, 3.28174, 0.00709, 0.75309, 0.74400, 0.06034, 0.15666, -0.00186, 0.01768, 0.09044, 0.03549, 0.00738, 0.02479, 0.19607, 0.04820, 0.00508, 0.00589 
83220.0, 10.15478, 0.22365, 1.51560, 5.34579, 0.00447, 0.24734, 3.41982, 0.01851, 0.83599, 0.79810, 0.14657, 0.42139, 0.02013, 0.00529, 0.24455, 0.10425, 0.01276, 0.04022, 0.25238, 0.06152, 0.00104, 0.00856 
83280.0, 10.98915, 0.20979, 1.33564, 4.38728, -0.00092, 0.19790, 3.35791, 0.00283, 0.66587, 0.73099, 0.05758, 0.19824, 0.00404, 0.00794, 0.10770, 0.04994, -0.00048, 0.03091, 0.21511, 0.06441, 0.00107, 0.00641 
83340.0, 8.25534, 0.21604, 1.09926, 2.01793, 0.00092, 0.16918, 3.29268, 0.00936, 0.34014, 0.73146, 0.06981, 0.11931, 0.00859, 0.00029, 0.08006, 0.03898, -0.00215, 0.02588, 0.09444, 0.02868, -0.00059, 0.00421 
83400.0, 9.39460, 0.22665, 1.40452, 3.50316, 0.00115, 0.22254, 3.41136, -0.00059, 0.58091, 0.76674, 0.12046, 0.26419, 0.00910, 0.00690, 0.13678, 0.06596, 0.00764, 0.03147, 0.21776, 0.04776, 0.00781, 0.00892 
83460.0, 9.08537, 0.21410, 1.39001, 3.42910, 0.00495, 0.18302, 3.49226, 0.00709, 0.41318, 0.69231, 0.10009, 0.20545, 0.01715, 0.01691, 0.11833, 0.04897, 0.00168, 0.04583, 0.15057, 0.04447, 0.00383, 0.00603 
83520.0, 8.89868, 0.21192, 1.54948, 3.00966, 0.00310, 0.18798, 3.52276, 0.00660, 0.32687, 0.63076, 0.04264, 0.18483, 0.02090, -0.00120, 0.10311, 0.04906, 0.00053, 0.02089, 0.13736, 0.06059, 0.00251, 0.00665 
83580.0, 8.97217, 0.20965, 1.58313, 2.61312, -0.00053, 0.21943, 3.47493, -0.00058, 0.30280, 0.60072, 0.10859, 0.18010, 0.02674, 0.00722, 0.09232, 0.05093, 0.00793, 0.04064, 0.11775, 0.03213, 0.01107, 0.00202 
83640.0, 8.17209, 0.21268, 1.60658, 3.09218, 0.00153, 0.20917, 3.66249, 0.00788, 0.32331, 0.56233, 0.06491, 0.16789, -0.00185, -0.00075, 0.09958, 0.05496, 0.01789, 0.02743, 0.08335, 0.04444, 0.00836, 0.00557 
83700.0, 7.97246, 0.22234, 1.62720, 2.99939, 0.00188, 0.20696, 3.91488, 0.00560, 0.31418, 0.54993, 0.04540, 0.20111, 0.02017, -0.00121, 0.12068, 0.05820, 0.00036, 0.04242, 0.06900, 0.05128, 0.01510, 0.00699 
83760.0, 8.73315, 0.23316, 1.81900, 3.38558, 0.00179, 0.22413, 3.96526, -0.00057, 0.34355, 0.52123, 0.06222, 0.22965, 0.02083, 0.01878, 0.13799, 0.05331, 0.02265, 0.03904, 0.11029, 0.04953, 0.00753, 0.00303 
83820.0, 9.43706, 0.21805, 1.92339, 3.48552, 0.00325, 0.23921, 4.18126, -0.00057, 0.29777, 0.52764, 0.08867, 0.22271, 0.02532, -0.00122, 0.13717, 0.06031, 0.01467, 0.05028, 0.11719, 0.05367, 0.01738, 0.00699 
83880.0, 9.94178, 0.22849, 2.21326, 3.86374, 0.00432, 0.22716, 4.23605, 0.00873, 0.32337, 0.52850, 0.10941, 0.24504, 0.03086, 0.01638, 0.15870, 0.08119, 0.01773, 0.03299, 0.11911, 0.03628, 0.00946, 0.00339 
83940.0, 10.57979, 0.23493, 2.30525, 3.31957, 0.00485, 0.22811, 4.27215, -0.00056, 0.32056, 0.48441, 0.11204, 0.31190, 0.02468, 0.00955, 0.16693, 0.06822, 0.00962, 0.06374, 0.13229, 0.04529, 0.00258, 0.00895 
84000.0, 10.46374, 0.22487, 2.27826, 3.42052, 0.00091, 0.21259, 4.14528, -0.00043, 0.30604, 0.46305, 0.14529, 0.25208, 0.02433, -0.00123, 0.17260, 0.08678, 0.03079, 0.04641, 0.11392, 0.05442, 0.00763, 0.00747 
84060.0, 10.56936, 0.22945, 2.16641, 3.33766, 0.00434, 0.23658, 4.03200, 0.01100, 0.32380, 0.46466, 0.08467, 0.22090, -0.00185, 0.01319, 0.13994, 0.05213, 0.01630, 0.03047, 0.10563, 0.03372, 0.00650, 0.00756 
84120.0, 8.23446, 0.22969, 1.72416, 2.51481, -0.00004, 0.18034, 3.78659, -0.00055, 0.20793, 0.41541, 0.06166, 0.18180, 0.01407, 0.00883, 0.08874, 0.04528, 0.01081, 0.05006, 0.07103, 0.01732, 0.01359, 0.00499 
84180.0, 7.96560, 0.21398, -9999.00000, 2.78193, 0.00132, 0.19658, 3.63938, 0.01212, -9999.00000, 0.42536, 0.08715, 0.17716, -0.00185, -0.00124, 0.08863, 0.03675, 0.00804, 0.03371, 0.09118, 0.03143, 0.00615, 0.00426 
84240.0, -9999.00000, -9999.00000, -9999.00000, -9999.00000, -9999.00000, -9999.00000, -9999.00000, -9999.00000, -9999.00000, -9999.00000, -9999.00000, -9999.00000, -9999.00000, -9999.00000, -9999.00000, -9999.00000, -9999.00000, -9999.00000, -9999.00000, -9999.00000, -9999.00000, -9999.00000 
84300.0, -9999.00000, -9999.00000, -9999.00000, -9999.00000, -9999.00000, -9999.00000, -9999.00000, -9999.00000, -9999.00000, -9999.00000, -9999.00000, -9999.00000, -9999.00000, -9999.00000, -9999.00000, -9999.00000, -9999.00000, -9999.00000, -9999.00000, -9999.00000, -9999.00000, -9999.00000 
