CampaignData_and_Merges/R0/CSL_MobileLab_Parked/raw/20240718/USOS-NOAAIodideCIMS-OrgNitrs_MobileLabGround_20240718_RA.ict
38, 1001
Michael A Robinson, Chris Jernigan, Subi Thakali
NOAA ESRL Chemical Sciences Laboratory and CIRES, U. of Colorado
NOAA Iodide CIMS Instrument
USOS
1, 1
2024, 07, 18, 2024, 07, 20
0
starttime_UTC, seconds_past_midnight, seconds_of_day_since_00:00:00_UTC
5
1, 1, 1, 1, 1
-9999, -9999, -9999, -9999, -9999
C4H7NO5_NOAACIMS, pptv, Gas_C4H7NO5_InSitu_M_AVMR
ISOPN_NOAACIMS, pptv, Gas_ISOPN_InSitu_M_AVMR
C5H10O3_NOAACIMS, pptv, Gas_C5H10O3_InSitu_M_AVMR
C5H9NO5_NOAACIMS, pptv, Gas_C5H9NO5_InSitu_M_AVMR
C10H17NO4_NOAACIMS, pptv, Gas_C10H17NO4_InSitu_M_AVMR
1
N/A
18
PI_CONTACT_INFO: 325 Broadway, R/CSD 7, Boulder, Colorado 80305; michael.a.robinson@noaa.gov; chris.jernigan@noaa.gov;
PLATFORM: NOAA CSL Mobile Lab
LOCATION: SLC, Utah
ASSOCIATED_DATA: 1Hz data also available on request.
INSTRUMENT_INFO: NOAA I- ToF CIMS
DATA_INFO: Units: pptv
UNCERTAINTY: tbd
ULOD_FLAG: -7777
ULOD_VALUE: N/A
LLOD_FLAG: -8888
LLOD_VALUE: N/A
DM_CONTACT_INFO: Nathan Howard; nathan.h.howard@noaa.gov
PROJECT_INFO: USOS, summer 2024. https://csl.noaa.gov/groups/csl7/measurements/2024usos/
STIPULATIONS_ON_USE: only the USOS science team is allowed to use this data
OTHER_COMMENTS: Field data; Data are averaged to 1 minute intervals. Stationary data collected from a 10 ft tower on top of the mobile lab
REVISION: RA
RA: Preliminary Data; For in-field use only
starttime_UTC, C4H7NO5_NOAACIMS, ISOPN_NOAACIMS, C5H10O3_NOAACIMS, C5H9NO5_NOAACIMS, C10H17NO4_NOAACIMS
[from data line 397]
23820,7.356,18.360,197.485,10.178,1.038
23880,7.133,17.669,194.167,10.220,1.036
23940,7.373,18.921,202.721,10.436,0.996
24000,7.495,19.086,204.595,10.183,1.048
24060,7.413,18.533,205.611,10.051,1.078
24120,7.309,18.600,204.840,10.443,1.045
24180,7.390,18.922,204.554,10.575,1.077
24240,7.357,18.807,203.562,10.531,1.073
24300,7.095,17.934,196.431,10.414,1.106
24360,6.930,17.464,191.387,10.849,1.096
24420,6.785,18.427,190.547,11.222,1.121
24480,6.407,15.493,130.992,9.800,0.842
24540,-9999.000,-9999.000,-9999.000,-9999.000,-9999.000
24600,-9999.000,-9999.000,-9999.000,-9999.000,-9999.000
24660,-9999.000,-9999.000,-9999.000,-9999.000,-9999.000
24720,-9999.000,-9999.000,-9999.000,-9999.000,-9999.000
24780,6.809,17.165,141.546,9.898,0.832
24840,6.860,16.716,144.457,9.995,0.946
24900,6.755,16.745,142.060,10.192,0.854
24960,6.846,16.365,142.303,10.217,0.877
25020,6.646,16.398,142.800,10.318,0.917
25080,6.790,17.118,148.069,9.958,0.948
25140,-9999.000,-9999.000,-9999.000,-9999.000,-9999.000
25200,-9999.000,-9999.000,-9999.000,-9999.000,-9999.000
25260,-9999.000,-9999.000,-9999.000,-9999.000,-9999.000
25320,-9999.000,-9999.000,-9999.000,-9999.000,-9999.000
25380,-9999.000,-9999.000,-9999.000,-9999.000,-9999.000
25440,-9999.000,-9999.000,-9999.000,-9999.000,-9999.000
25500,6.389,15.177,137.289,9.529,0.980
25560,6.339,15.842,139.260,9.588,0.915
25620,6.442,15.301,145.106,9.668,1.084
25680,6.288,15.021,139.742,9.389,1.023
25740,6.133,14.620,140.184,9.255,0.998
25800,6.074,14.481,137.739,9.245,0.925
25860,6.100,14.779,141.224,9.148,1.032
25920,6.023,14.610,139.390,9.339,1.020
25980,6.075,14.746,137.645,9.345,1.018
26040,5.975,14.457,136.075,9.054,1.003
26100,5.992,14.194,135.643,9.131,0.952
26160,5.820,14.329,139.131,9.008,0.956
26220,5.886,14.723,133.844,9.379,0.993
26280,5.884,14.919,134.101,8.843,1.024
26340,-9999.000,-9999.000,-9999.000,-9999.000,-9999.000
26400,-9999.000,-9999.000,-9999.000,-9999.000,-9999.000
26460,-9999.000,-9999.000,-9999.000,-9999.000,-9999.000
26520,-9999.000,-9999.000,-9999.000,-9999.000,-9999.000
26580,-9999.000,-9999.000,-9999.000,-9999.000,-9999.000
26640,5.814,14.189,131.531,9.346,0.994
26700,5.755,14.283,129.849,9.204,0.862
26760,5.742,14.281,130.989,9.144,0.917
26820,5.827,14.341,131.184,9.445,1.119
26880,5.690,14.248,128.841,9.232,0.941
26940,5.793,14.490,134.689,9.333,0.973
27000,5.801,13.867,134.755,9.473,1.004
27060,5.724,13.963,132.430,9.152,0.895
27120,5.624,13.645,134.595,9.190,0.947
27180,5.660,13.661,131.873,9.342,0.887
27240,5.571,13.390,130.999,8.735,1.047
27300,5.437,13.369,131.375,9.045,0.960
27360,5.595,13.251,130.436,8.757,0.931
27420,5.559,13.020,128.507,8.744,0.996
27480,5.388,13.094,126.308,8.883,0.943
27540,5.378,12.554,126.671,8.630,0.920
27600,5.576,13.271,130.528,8.980,1.018
27660,5.502,13.122,127.961,8.964,0.989
27720,5.476,13.108,128.905,8.938,0.902
27780,5.537,13.176,129.921,9.293,1.035
27840,5.399,13.252,126.074,9.098,0.997
27900,5.466,13.113,123.825,8.846,1.031
27960,5.413,12.918,126.342,8.781,0.980
28020,5.427,13.310,127.897,8.734,0.987
28080,5.350,12.394,124.238,8.604,1.048
28140,5.480,12.931,124.279,8.699,1.074
28200,-9999.000,-9999.000,-9999.000,-9999.000,-9999.000
28260,-9999.000,-9999.000,-9999.000,-9999.000,-9999.000
28320,-9999.000,-9999.000,-9999.000,-9999.000,-9999.000
28380,-9999.000,-9999.000,-9999.000,-9999.000,-9999.000
28440,-9999.000,-9999.000,-9999.000,-9999.000,-9999.000
28500,5.208,12.314,112.445,8.463,0.910
28560,5.295,12.287,114.503,8.280,1.005
28620,5.228,12.140,115.441,8.433,1.038
28680,5.143,12.069,115.202,8.248,1.009
28740,5.229,12.243,114.381,8.102,0.948
28800,5.145,12.129,114.292,8.347,0.952
28860,5.056,12.120,113.010,8.111,0.989
28920,5.168,12.591,111.106,8.227,0.987
28980,5.257,12.135,114.264,8.231,1.012
29040,5.056,12.019,112.896,7.901,0.990
29100,5.041,11.751,112.226,7.847,0.916
29160,5.020,11.839,111.434,7.862,0.925
29220,4.992,11.876,109.764,7.963,0.897
29280,4.969,11.813,105.771,7.634,0.803
29340,4.899,11.494,107.313,7.794,0.941
29400,4.954,11.440,106.764,7.754,0.870
29460,4.904,11.309,104.024,7.499,0.947
29520,4.899,11.457,106.793,7.750,0.913
29580,4.908,11.306,108.098,7.720,0.951
29640,4.972,11.551,105.753,7.567,0.872
29700,4.842,11.043,104.930,7.498,0.839
29760,4.862,11.186,102.592,7.377,0.823
29820,4.752,11.186,102.733,7.261,0.827
29880,4.785,10.925,99.801,7.260,0.834
29940,4.744,10.383,98.866,7.185,0.821
30000,4.715,10.730,99.533,7.113,0.828
30060,-9999.000,-9999.000,-9999.000,-9999.000,-9999.000
30120,-9999.000,-9999.000,-9999.000,-9999.000,-9999.000
30180,-9999.000,-9999.000,-9999.000,-9999.000,-9999.000
30240,-9999.000,-9999.000,-9999.000,-9999.000,-9999.000
30300,4.520,10.239,91.262,6.691,0.653
30360,4.485,10.601,91.917,6.743,0.684
30420,4.614,10.190,91.291,6.675,0.646
30480,4.577,10.174,94.069,6.529,0.744
30540,4.429,10.006,92.658,6.593,0.651
30600,4.541,9.968,91.664,6.477,0.655
30660,4.500,10.044,91.667,6.826,0.705
30720,4.499,10.242,92.854,6.711,0.764
30780,4.349,10.097,87.494,6.530,0.711
30840,4.630,10.388,89.869,7.056,0.908
30900,4.739,10.776,93.309,7.509,0.981
30960,4.618,10.020,93.242,7.071,1.002
31020,4.407,9.575,90.052,6.487,0.754
31080,4.267,9.787,89.459,6.244,0.686
31140,4.238,9.629,86.557,6.317,0.749
31200,4.139,9.403,85.882,6.206,0.803
31260,4.193,9.927,84.714,5.974,0.625
31320,4.228,9.399,87.093,5.912,0.662
31380,4.035,9.043,82.700,5.786,0.706
31440,4.123,9.002,83.551,5.882,0.666
31500,3.972,9.086,83.149,5.709,0.562
31560,4.001,8.941,82.766,5.733,0.639
31620,4.108,9.419,83.855,5.735,0.639
31680,4.074,8.968,80.400,5.681,0.674
31740,3.947,8.844,80.976,5.653,0.588
31800,3.926,8.786,81.850,5.588,0.603
31860,3.880,8.910,81.244,5.584,0.676
31920,-9999.000,-9999.000,-9999.000,-9999.000,-9999.000
31980,-9999.000,-9999.000,-9999.000,-9999.000,-9999.000
32040,-9999.000,-9999.000,-9999.000,-9999.000,-9999.000
32100,-9999.000,-9999.000,-9999.000,-9999.000,-9999.000
32160,3.765,8.624,72.240,5.092,0.580
32220,3.730,8.571,72.463,5.066,0.547
32280,3.956,8.990,76.976,5.388,0.664
32340,3.994,8.512,78.141,5.667,0.623
32400,4.058,8.694,78.520,5.703,0.600
32460,3.941,8.873,79.598,5.253,0.650
32520,3.931,8.574,75.821,5.279,0.585
32580,4.008,9.026,77.433,5.384,0.617
32640,4.268,9.483,81.952,6.478,0.740
32700,4.338,9.471,84.122,6.711,0.866
32760,4.454,9.387,84.317,7.009,0.980
32820,4.606,9.839,88.367,7.182,1.169
32880,4.614,9.799,87.115,7.299,1.105
32940,4.558,10.017,88.317,7.262,1.247
33000,4.278,9.432,83.524,6.350,1.001
33060,4.255,9.141,82.767,6.516,1.172
33120,4.108,8.630,80.586,6.179,0.886
33180,3.963,8.824,81.281,5.735,0.851
33240,3.993,8.141,77.968,5.172,0.667
33300,3.874,8.308,76.307,4.954,0.664
33360,3.843,8.181,75.627,5.011,0.694
33420,3.842,8.131,74.702,4.913,0.621
33480,3.797,7.957,73.267,4.842,0.612
33540,3.796,8.147,72.296,4.876,0.596
33600,3.749,7.854,74.584,4.875,0.666
33660,3.853,7.958,74.830,4.866,0.641
33720,3.841,8.112,73.754,4.881,0.626
33780,-9999.000,-9999.000,-9999.000,-9999.000,-9999.000
33840,-9999.000,-9999.000,-9999.000,-9999.000,-9999.000
33900,-9999.000,-9999.000,-9999.000,-9999.000,-9999.000
33960,-9999.000,-9999.000,-9999.000,-9999.000,-9999.000
34020,3.768,7.691,70.314,4.857,0.599
34080,3.807,8.112,70.216,4.929,0.697
34140,3.758,8.049,70.996,4.795,0.635
34200,3.642,8.024,68.876,4.693,0.586
34260,3.780,7.928,69.214,4.778,0.626
34320,3.751,7.812,68.806,4.598,0.594
34380,3.814,7.888,70.361,4.808,0.682
34440,3.694,8.064,71.275,4.753,0.752
34500,3.759,7.874,70.288,4.595,0.690
34560,3.726,8.095,68.915,4.709,0.616
34620,3.703,8.227,69.539,4.811,0.635
34680,3.760,8.133,69.052,4.737,0.621
34740,3.744,8.432,68.424,4.773,0.624
34800,3.684,8.455,70.040,4.659,0.631
34860,3.787,8.421,70.812,4.789,0.722
34920,3.796,8.232,68.942,4.823,0.694
34980,3.702,8.391,69.547,4.759,0.647
35040,3.687,8.229,69.075,4.675,0.689
35100,3.705,8.288,69.412,4.918,0.639
35160,3.695,8.438,69.322,4.947,0.675
35220,3.787,8.245,69.039,4.672,0.676
35280,3.703,8.050,70.192,4.845,0.737
35340,3.759,8.488,70.126,4.888,0.690
35400,3.744,8.447,68.948,4.685,0.690
35460,3.808,8.564,70.942,4.866,0.712
35520,3.768,8.293,70.578,4.982,0.743
35580,-9999.000,-9999.000,-9999.000,-9999.000,-9999.000
35640,-9999.000,-9999.000,-9999.000,-9999.000,-9999.000
35700,-9999.000,-9999.000,-9999.000,-9999.000,-9999.000
35760,-9999.000,-9999.000,-9999.000,-9999.000,-9999.000
35820,-9999.000,-9999.000,-9999.000,-9999.000,-9999.000
35880,3.745,8.336,67.298,4.804,0.743
35940,3.735,8.340,67.247,4.998,0.714
36000,3.805,8.278,68.750,4.977,0.782
36060,3.740,8.444,67.435,4.954,0.694
36120,3.790,8.552,69.803,5.036,0.796
36180,3.767,8.603,70.386,5.003,0.728
36240,3.943,8.553,71.120,5.202,0.801
36300,3.923,8.487,72.907,5.208,0.662
36360,3.915,8.348,71.698,5.188,0.740
36420,3.872,8.556,70.925,5.091,0.775
36480,3.856,8.086,69.067,5.002,0.694
36540,3.804,8.538,70.855,4.980,0.684
36600,3.953,8.471,70.092,4.953,0.683
36660,3.825,8.384,70.212,4.955,0.781
36720,3.778,7.997,68.393,4.997,0.662
36780,3.866,8.223,69.100,5.051,0.720
36840,3.846,8.366,69.916,4.895,0.646
36900,3.852,8.298,67.392,4.989,0.719
36960,3.862,8.141,67.870,4.796,0.718
37020,3.812,7.824,68.757,4.599,0.674
37080,3.797,7.762,68.333,4.555,0.708
37140,3.824,7.984,67.036,4.513,0.750
37200,3.648,7.619,64.099,4.457,0.636
37260,3.720,7.820,64.676,4.414,0.724
37320,3.744,7.697,63.421,4.273,0.673
37380,-9999.000,-9999.000,-9999.000,-9999.000,-9999.000
37440,-9999.000,-9999.000,-9999.000,-9999.000,-9999.000
37500,-9999.000,-9999.000,-9999.000,-9999.000,-9999.000
37560,-9999.000,-9999.000,-9999.000,-9999.000,-9999.000
37620,-9999.000,-9999.000,-9999.000,-9999.000,-9999.000
37680,-9999.000,-9999.000,-9999.000,-9999.000,-9999.000
37740,3.838,7.958,62.909,4.511,0.650
37800,3.740,7.670,62.779,4.827,0.718
37860,3.832,7.871,61.684,4.658,0.774
37920,3.832,7.530,64.110,4.781,0.664
37980,3.678,7.863,63.680,4.711,0.654
38040,3.687,7.674,64.257,4.570,0.681
38100,3.694,7.550,63.659,4.525,0.754
38160,3.773,7.726,63.905,4.606,0.718
38220,3.646,7.723,61.835,4.640,0.767
38280,3.693,7.850,61.956,4.675,0.820
38340,3.698,7.551,63.406,4.791,0.844
38400,3.912,8.212,67.965,5.349,1.061
38460,3.910,8.192,67.320,5.257,0.998
38520,3.817,8.039,67.715,5.441,0.951
38580,3.859,8.196,68.890,5.439,1.036
38640,3.996,9.049,70.044,5.929,1.047
38700,4.211,9.033,75.179,6.638,1.194
38760,4.042,8.876,73.656,6.183,1.284
38820,3.931,8.163,72.443,5.976,1.105
38880,3.961,8.481,71.516,5.732,1.288
38940,3.633,7.843,67.561,5.158,1.008
39000,3.661,7.806,65.081,4.944,0.941
39060,3.578,7.662,64.950,4.841,0.862
39120,3.631,7.780,65.457,4.956,0.830
39180,3.578,7.663,64.621,4.841,0.836
39240,3.542,7.640,63.550,4.492,0.753
39300,-9999.000,-9999.000,-9999.000,-9999.000,-9999.000
39360,-9999.000,-9999.000,-9999.000,-9999.000,-9999.000
39420,-9999.000,-9999.000,-9999.000,-9999.000,-9999.000
39480,-9999.000,-9999.000,-9999.000,-9999.000,-9999.000
39540,-9999.000,-9999.000,-9999.000,-9999.000,-9999.000
39600,-9999.000,-9999.000,-9999.000,-9999.000,-9999.000
39660,3.755,7.650,63.261,4.976,0.771
39720,3.648,7.759,62.950,4.898,0.762
39780,3.669,7.624,62.479,4.854,0.775
39840,3.664,7.850,62.865,4.768,0.693
39900,3.625,7.754,63.108,4.815,0.744
39960,3.579,7.649,63.050,4.863,0.731
40020,3.675,7.897,64.117,5.010,0.757
40080,3.691,7.581,64.247,4.935,0.776
40140,3.664,7.834,62.295,4.705,0.743
40200,3.598,7.803,62.741,4.579,0.740
40260,3.641,7.679,63.512,4.715,0.695
40320,3.559,7.682,61.415,4.561,0.779
40380,3.509,7.213,60.682,4.657,0.723
40440,3.647,7.284,62.516,4.595,0.697
40500,3.584,7.588,63.709,4.692,0.734
40560,3.665,7.431,61.925,4.468,0.720
40620,3.600,7.174,61.829,4.541,0.750
40680,3.583,7.278,60.065,4.580,0.701
40740,3.594,7.171,62.349,4.492,0.729
40800,3.653,7.335,62.609,4.712,0.680
40860,3.770,7.227,63.612,4.693,0.687
40920,3.616,7.648,61.941,4.627,0.724
40980,3.716,7.660,62.973,4.711,0.702
41040,3.816,7.593,62.565,5.223,1.007
41100,3.953,7.381,64.252,5.798,1.338
41160,-9999.000,-9999.000,-9999.000,-9999.000,-9999.000
41220,-9999.000,-9999.000,-9999.000,-9999.000,-9999.000
41280,-9999.000,-9999.000,-9999.000,-9999.000,-9999.000
41340,3.874,8.027,61.126,6.091,1.781
41400,4.023,7.759,61.688,6.153,1.483
41460,3.969,7.580,62.904,6.341,1.628
41520,3.833,7.663,60.842,6.088,1.600
41580,3.891,7.868,61.880,6.068,1.658
41640,3.920,7.746,61.462,6.016,1.574
41700,3.860,7.446,62.895,6.093,1.707
41760,3.849,7.646,60.430,5.963,1.716
41820,3.912,7.888,60.520,6.096,1.723
41880,3.797,7.729,60.633,5.948,1.749
41940,3.871,7.549,61.236,5.844,1.692
42000,3.767,7.345,58.141,5.874,1.582
42060,3.736,7.584,58.949,5.771,1.736
42120,3.745,7.529,59.420,5.982,1.605
42180,3.819,7.731,61.008,6.139,1.696
42240,3.774,7.505,58.711,6.004,1.695
42300,3.785,7.639,58.032,6.132,1.676
42360,3.728,7.465,59.008,5.974,1.666
42420,3.663,7.634,58.594,5.694,1.659
42480,3.838,7.648,58.461,5.937,1.809
42540,3.875,7.246,59.033,6.071,1.836
42600,3.825,7.589,57.635,6.158,1.803
42660,3.859,7.369,56.428,6.174,1.835
42720,3.937,7.590,57.062,6.420,1.934
42780,3.865,7.442,57.533,6.307,2.011
42840,3.964,7.862,57.139,6.352,2.037
42900,4.002,7.823,57.910,6.551,2.127
42960,3.993,7.333,56.779,6.480,2.024
43020,-9999.000,-9999.000,-9999.000,-9999.000,-9999.000
43080,-9999.000,-9999.000,-9999.000,-9999.000,-9999.000
43140,-9999.000,-9999.000,-9999.000,-9999.000,-9999.000
43200,3.930,7.265,51.708,6.272,2.048
43260,3.824,7.273,51.514,6.171,1.980
43320,3.802,7.504,51.280,6.115,2.018
43380,3.871,7.244,51.976,6.250,1.982
43440,3.915,7.270,53.362,6.068,2.062
43500,3.861,7.353,53.557,5.931,2.045
43560,3.904,7.235,53.140,6.294,2.156
43620,3.853,7.263,52.388,6.305,2.035
43680,3.727,7.050,52.862,6.270,2.087
43740,3.697,7.366,54.136,6.049,1.887
43800,3.678,7.072,52.046,5.753,1.676
43860,3.667,7.129,53.159,5.569,1.529
43920,3.541,7.007,53.829,5.488,1.417
43980,3.502,6.791,53.508,5.239,1.301
44040,3.461,6.892,53.217,5.200,1.200
44100,3.512,6.830,54.951,5.040,1.090
44160,3.453,6.817,53.380,4.893,1.006
44220,3.416,7.005,53.420,4.959,1.039
44280,3.445,6.762,53.346,4.791,0.883
44340,3.464,7.071,54.166,4.819,1.010
44400,3.467,6.966,55.202,4.932,0.903
44460,3.458,6.938,56.413,4.876,0.961
44520,3.439,7.035,53.575,4.846,0.931
44580,3.494,7.014,55.319,5.034,0.956
44640,3.463,6.988,54.324,4.983,0.957
44700,3.505,6.672,54.762,5.037,1.081
44760,3.489,7.144,55.324,4.901,1.187
44820,-9999.000,-9999.000,-9999.000,-9999.000,-9999.000
44880,-9999.000,-9999.000,-9999.000,-9999.000,-9999.000
44940,-9999.000,-9999.000,-9999.000,-9999.000,-9999.000
45000,-9999.000,-9999.000,-9999.000,-9999.000,-9999.000
45060,3.878,6.916,49.885,6.033,2.190
45120,3.950,7.453,50.819,6.488,2.438
45180,3.972,7.368,51.854,6.439,2.461
45240,3.978,7.328,50.250,6.372,2.582
45300,4.108,7.106,50.567,6.596,2.539
45360,4.110,6.792,50.500,6.488,2.747
45420,4.026,7.066,51.442,6.443,2.536
45480,3.924,6.748,51.553,5.779,2.050
45540,4.002,7.032,50.655,6.139,2.356
45600,4.052,6.928,52.453,6.273,2.101
45660,3.978,6.687,50.697,5.854,1.838
45720,3.913,6.882,52.514,6.172,1.840
45780,3.784,6.986,53.712,5.679,1.562
45840,3.714,6.691,54.563,5.423,1.456
45900,3.730,6.838,53.470,5.329,1.207
45960,3.693,6.676,55.197,5.270,1.145
46020,3.727,6.895,56.342,5.207,1.162
46080,3.815,6.773,56.905,5.216,1.059
46140,3.685,6.922,56.453,5.155,1.063
46200,3.752,6.560,55.463,4.980,0.891
46260,3.740,7.059,56.645,5.000,0.992
46320,3.714,6.779,57.473,5.069,0.955
46380,3.681,6.654,57.282,5.130,0.897
46440,3.652,6.879,57.376,4.941,0.898
46500,3.785,6.392,55.985,5.086,1.083
46560,3.909,6.816,54.913,5.255,1.300
46620,3.856,6.816,53.174,5.217,1.252
46680,-9999.000,-9999.000,-9999.000,-9999.000,-9999.000
46740,-9999.000,-9999.000,-9999.000,-9999.000,-9999.000
46800,-9999.000,-9999.000,-9999.000,-9999.000,-9999.000
46860,-9999.000,-9999.000,-9999.000,-9999.000,-9999.000
46920,-9999.000,-9999.000,-9999.000,-9999.000,-9999.000
46980,4.602,8.438,63.615,6.775,1.940
47040,4.563,8.060,63.645,6.406,1.798
47100,4.519,8.626,61.976,6.141,1.819
47160,4.568,8.040,60.263,6.446,1.777
47220,4.486,7.916,60.294,6.277,1.787
47280,4.488,7.635,59.108,6.141,1.644
47340,4.413,7.926,59.878,6.294,1.670
47400,4.382,7.819,58.484,5.976,1.610
