CampaignData_and_Merges/R0/CSL_MobileLab_Parked/raw/20240718/USOS-NOAAIodideCIMS-Halogens_MobileLabGround_20240718_RA.ict
39, 1001
Michael A Robinson, Chris Jernigan, Subi Thakali
NOAA ESRL Chemical Sciences Laboratory and CIRES, U. of Colorado
NOAA Iodide CIMS Instrument
USOS
1, 1
2024, 07, 18, 2024, 07, 20
0
starttime_UTC, seconds_past_midnight, seconds_of_day_since_00:00:00_UTC
6
1, 1, 1, 1, 1, 1
-9999, -9999, -9999, -9999, -9999, -9999
Br2_NOAACIMS, pptv, Gas_Br2_InSitu_S_AVMR
BrO_NOAACIMS, pptv, Gas_BrO_InSitu_S_AVMR
Cl2_NOAACIMS, pptv, Gas_Cl2_InSitu_S_AVMR
ClNO2_NOAACIMS, pptv, Gas_ClNO2_InSitu_S_AVMR
BrCl_NOAACIMS, pptv, Gas_BrCl_InSitu_S_AVMR
NCl3_NOAACIMS, pptv, Gas_NCl3_InSitu_S_AVMR
1
N/A
18
PI_CONTACT_INFO: 325 Broadway, R/CSD 7, Boulder, Colorado 80305; michael.a.robinson@noaa.gov; chris.jernigan@noaa.gov;
PLATFORM: NOAA CSL Mobile Lab
LOCATION: SLC, Utah
ASSOCIATED_DATA: 1Hz data also available on request.
INSTRUMENT_INFO: NOAA I- ToF CIMS
DATA_INFO: Units: pptv
UNCERTAINTY: tbd
ULOD_FLAG: -7777
ULOD_VALUE: N/A
LLOD_FLAG: -8888
LLOD_VALUE: N/A
DM_CONTACT_INFO: Nathan Howard; nathan.h.howard@noaa.gov
PROJECT_INFO: USOS, summer 2024. https://csl.noaa.gov/groups/csl7/measurements/2024usos/
STIPULATIONS_ON_USE: only the USOS science team is allowed to use this data
OTHER_COMMENTS: Field data; Data are averaged to 1 minute intervals. Stationary data collected from a 10 ft tower on top of the mobile lab
REVISION: RA
RA: Preliminary Data; For in-field use only
starttime_UTC, Br2_NOAACIMS, BrO_NOAACIMS, Cl2_NOAACIMS, ClNO2_NOAACIMS, BrCl_NOAACIMS, NCl3_NOAACIMS
[from data line 762]
45720,0.730,0.232,2.843,0.674,0.152,9.014
45780,0.658,0.076,2.816,0.517,0.137,7.027
45840,0.617,0.188,2.634,0.420,0.150,5.150
45900,0.849,0.119,2.595,0.357,0.123,4.482
45960,0.641,0.134,2.607,0.328,0.160,3.928
46020,0.791,0.083,2.606,0.302,0.162,4.357
46080,0.752,0.138,2.624,0.311,0.130,3.886
46140,0.994,0.073,2.856,0.263,0.118,3.955
46200,0.687,0.008,2.517,0.343,0.115,3.799
46260,0.764,0.151,2.569,0.323,0.106,3.943
46320,0.724,0.009,2.689,0.320,0.063,3.587
46380,0.775,0.069,2.592,0.353,0.136,6.097
46440,0.656,0.025,2.660,0.296,0.102,3.299
46500,0.574,0.116,2.718,0.548,0.153,7.691
46560,0.804,0.121,3.220,0.660,0.135,7.962
46620,0.697,0.064,2.841,0.570,0.104,7.030
46680,0.914,0.057,2.994,0.478,0.116,6.363
46740,0.328,-0.009,2.644,0.655,0.088,7.353
46800,0.682,0.107,2.453,0.531,0.128,5.999
46860,0.731,0.097,2.872,0.447,0.126,4.928
46920,0.606,0.092,3.296,0.703,0.146,6.749
46980,0.652,0.105,3.370,0.747,0.104,6.341
47040,0.700,0.136,3.214,0.695,0.148,6.975
47100,0.641,0.103,3.295,0.831,0.109,7.392
47160,0.672,0.127,3.428,0.866,0.164,7.504
47220,0.564,0.127,3.266,0.843,0.112,7.696
47280,0.665,0.111,3.220,0.756,0.092,6.777
47340,0.672,0.194,2.979,0.725,0.097,6.428
47400,0.626,0.100,3.093,0.658,0.093,5.688
47460,0.640,0.051,2.782,0.692,0.117,5.032
47520,0.675,0.065,2.740,0.548,0.088,3.920
47580,0.702,0.080,2.525,0.507,0.084,3.280
47640,0.580,0.014,2.569,0.476,0.079,2.525
47700,0.653,0.014,2.536,0.440,0.084,2.582
47760,0.597,0.093,2.466,0.400,0.118,2.495
47820,0.720,0.209,2.641,0.489,0.090,2.650
47880,0.653,0.003,2.538,0.556,0.072,2.346
47940,0.696,0.100,2.679,0.432,0.113,2.022
48000,0.567,0.045,2.653,0.442,0.089,1.930
48060,0.747,0.078,2.590,0.520,0.078,1.871
48120,0.703,0.100,2.632,0.489,0.123,1.992
48180,0.612,0.004,2.415,0.441,0.114,1.724
48240,0.603,0.045,2.443,0.478,0.086,1.835
48300,0.590,0.101,2.479,0.510,0.130,1.657
48360,0.569,0.070,2.495,0.434,0.131,1.581
48420,0.698,0.071,2.569,0.471,0.069,1.533
48480,0.812,0.215,2.497,0.418,0.093,1.609
48540,0.588,0.175,2.450,0.561,0.096,1.266
48600,0.535,0.109,2.337,0.348,0.058,1.152
48660,0.539,0.169,2.333,0.374,0.104,1.197
48720,0.664,0.066,2.576,0.419,0.103,1.069
48780,0.579,0.062,2.514,0.418,0.077,1.007
48840,0.611,0.124,2.398,0.499,0.120,0.950
48900,0.666,0.084,2.468,0.543,0.108,0.921
48960,0.487,0.050,2.640,0.471,0.088,0.820
49020,0.548,0.129,2.559,0.536,0.099,0.851
49080,0.759,0.087,2.529,0.314,0.077,0.808
49140,0.707,0.080,2.374,0.321,0.096,0.692
49200,0.565,0.186,2.395,0.300,0.102,0.677
49260,0.496,0.308,2.272,0.297,0.059,0.686
49320,0.644,0.138,2.432,0.242,0.040,0.643
49380,0.476,0.113,2.465,0.331,0.061,0.619
49440,0.436,0.134,2.324,0.274,0.039,0.680
49500,0.557,0.085,2.382,0.289,0.073,0.741
49560,0.570,0.130,2.585,0.279,0.083,0.594
49620,0.580,0.193,2.483,0.202,0.052,0.577
49680,0.624,0.165,2.537,0.251,0.072,0.584
49740,0.543,0.047,2.603,0.159,0.102,0.493
49800,0.596,0.097,2.586,0.205,0.096,0.493
49860,0.646,0.098,2.622,0.191,0.071,0.532
49920,0.526,0.107,2.529,0.258,0.070,0.604
49980,0.664,0.181,2.648,0.237,0.051,0.482
50040,0.463,0.135,2.846,0.238,0.085,0.708
50100,0.708,0.255,2.659,0.299,0.083,0.705
50160,0.586,0.149,2.817,0.358,0.124,0.552
50220,0.543,0.177,2.809,0.286,0.051,0.695
50280,0.519,0.106,2.845,0.295,0.086,0.625
50340,0.640,0.150,2.770,0.316,0.033,0.470
50400,0.123,0.341,2.539,0.243,0.055,0.562
50460,0.555,0.109,2.431,0.278,0.073,0.549
50520,0.559,0.110,2.537,0.361,0.045,0.488
50580,0.525,0.162,2.616,0.393,0.089,0.496
50640,0.613,0.183,2.606,0.476,0.147,0.627
50700,0.666,0.263,2.896,0.550,0.101,0.474
50760,0.736,0.179,2.644,0.567,0.049,0.349
50820,0.696,0.202,2.256,0.544,0.084,0.354
50880,0.600,0.133,2.533,0.529,0.070,0.335
50940,0.727,0.219,2.471,0.540,0.097,0.202
51000,0.750,0.225,2.292,0.444,0.073,0.259
51060,0.646,0.186,2.649,0.521,0.103,0.243
51120,0.675,0.354,2.444,0.514,0.082,0.173
51180,0.661,0.216,2.406,0.504,0.096,0.234
51240,0.712,0.221,2.304,0.377,0.070,0.212
51300,0.532,0.172,2.222,0.592,0.054,0.158
51360,0.610,0.254,2.144,0.660,0.080,0.165
51420,0.714,0.274,2.324,0.629,0.068,0.189
51480,0.693,0.217,2.356,0.618,0.062,0.198
51540,0.756,0.124,2.161,0.552,0.083,0.186
51600,0.684,0.196,2.098,0.641,0.018,0.130
51660,0.620,0.121,2.175,0.542,0.037,0.099
51720,0.457,0.104,2.390,0.538,0.037,0.128
51780,0.686,0.115,2.163,0.596,0.090,0.183
51840,0.651,0.082,2.296,0.514,0.073,0.171
51900,0.701,0.208,2.215,0.638,0.005,0.198
51960,0.386,0.124,2.228,0.658,-0.020,0.097
52020,0.658,0.197,1.630,0.834,0.076,0.130
52080,0.702,0.209,1.625,0.594,0.004,0.096
52140,0.813,0.147,1.863,0.557,0.035,0.117
52200,0.641,0.181,1.988,0.652,0.031,0.132
52260,0.154,0.004,2.075,0.630,-0.053,0.059
52320,0.236,0.104,1.790,0.552,-0.040,0.053
52380,0.215,0.158,1.717,0.593,-0.016,0.058
52440,0.591,0.115,1.774,0.529,0.035,0.175
52500,0.815,0.311,1.986,0.620,0.040,0.185
52560,0.860,0.163,1.658,0.587,0.078,0.164
52620,-0.345,0.066,1.223,0.579,-0.047,0.025
52680,0.600,0.093,1.629,0.567,0.035,0.079
52740,0.478,0.145,1.615,0.606,0.014,0.168
52800,0.398,0.112,1.619,0.655,0.050,0.062
52860,0.691,0.169,1.941,0.477,0.064,0.123
52920,0.786,0.155,2.103,0.544,0.079,0.142
52980,0.584,0.209,1.970,0.434,0.037,0.098
53040,0.306,0.022,1.853,0.482,0.022,0.016
53100,0.342,0.151,1.638,0.498,-0.015,0.100
53160,0.638,0.081,2.012,0.448,0.010,0.113
53220,0.881,0.182,2.107,0.498,0.047,0.148
53280,0.617,0.107,2.134,0.536,0.045,0.092
53340,0.571,0.062,2.308,0.394,0.055,0.058
53400,0.811,0.120,2.289,0.471,0.076,0.127
53460,0.762,0.191,2.074,0.502,0.109,0.101
53520,0.876,0.168,2.317,0.806,0.060,0.076
53580,0.726,0.160,2.386,0.954,0.092,0.127
53640,0.857,0.162,2.290,0.974,0.089,0.124
53700,0.708,0.109,2.183,0.980,0.072,0.161
53760,0.695,0.048,2.161,1.103,0.066,0.154
53820,0.936,0.164,2.211,1.245,0.094,0.127
53880,0.810,0.179,2.124,1.374,0.133,0.118
53940,0.856,0.141,2.458,1.220,0.122,0.100
54000,0.689,0.100,2.410,1.156,0.112,0.090
54060,0.798,0.052,2.448,0.917,0.130,0.058
54120,0.421,0.482,2.472,0.766,0.095,0.287
54180,0.918,0.126,2.265,1.035,0.128,0.037
54240,0.409,0.070,2.134,0.891,0.083,0.012
54300,0.682,0.153,2.068,0.854,0.126,0.144
54360,0.587,0.088,1.919,0.745,0.111,0.060
54420,0.773,0.130,2.138,0.698,0.151,0.153
54480,0.205,0.017,2.187,0.744,0.057,0.107
54540,0.130,-0.024,2.274,0.663,0.021,0.001
54600,0.794,0.124,2.254,0.679,0.124,0.075
54660,0.814,0.070,2.230,0.606,0.190,0.067
54720,0.776,0.158,2.467,0.565,0.191,0.120
54780,0.805,0.098,2.258,0.604,0.154,0.119
54840,0.884,0.092,2.107,0.556,0.123,0.147
54900,0.873,0.128,2.394,0.647,0.126,0.109
54960,0.611,0.096,2.304,0.539,0.121,0.131
55020,0.738,0.087,2.207,0.582,0.086,0.148
55080,0.754,0.058,2.353,0.461,0.130,0.154
55140,0.848,0.101,2.495,0.446,0.154,0.084
55200,0.832,0.077,2.577,0.360,0.106,0.118
55260,0.660,0.010,2.416,0.327,0.122,0.115
55320,0.519,0.027,2.436,0.414,0.130,0.022
55380,0.844,0.162,2.517,0.421,0.126,0.088
55440,0.748,0.107,2.360,0.381,0.135,0.050
55500,0.812,0.084,2.320,0.377,0.099,0.095
55560,0.861,0.106,2.554,0.422,0.140,0.095
55620,0.816,0.080,2.480,0.340,0.208,0.110
55680,1.009,0.068,2.514,0.337,0.175,0.123
55740,0.900,0.164,2.423,0.304,0.157,0.209
55800,0.749,-0.015,2.606,0.279,0.183,0.126
55860,-9999.000,-9999.000,-9999.000,-9999.000,-9999.000,-9999.000
55920,-9999.000,-9999.000,-9999.000,-9999.000,-9999.000,-9999.000
55980,-9999.000,-9999.000,-9999.000,-9999.000,-9999.000,-9999.000
56040,-9999.000,-9999.000,-9999.000,-9999.000,-9999.000,-9999.000
56100,-9999.000,-9999.000,-9999.000,-9999.000,-9999.000,-9999.000
56160,-9999.000,-9999.000,-9999.000,-9999.000,-9999.000,-9999.000
56220,-9999.000,-0.047,-9999.000,0.079,0.059,0.075
56280,-9999.000,-0.007,-9999.000,0.171,0.156,0.116
56340,0.194,-0.053,2.365,0.270,0.118,0.015
56400,0.840,-0.042,2.509,0.264,0.202,0.111
56460,1.029,0.145,2.474,0.222,0.176,0.070
56520,1.011,0.111,2.487,0.220,0.104,0.115
56580,1.056,0.025,2.550,0.204,0.168,0.094
56640,1.304,-0.019,2.357,0.173,0.151,-0.069
56700,0.828,0.063,2.224,0.191,0.164,0.226
56760,0.833,0.028,2.403,0.166,0.175,0.104
56820,0.562,0.030,2.280,0.218,0.099,0.119
56880,0.435,-0.049,2.183,0.097,0.077,-0.009
56940,-9999.000,-0.062,2.226,0.126,0.172,0.103
57000,-9999.000,0.148,2.399,0.198,0.137,0.133
57060,-9999.000,-0.169,2.104,0.041,-0.030,-0.092
57120,-9999.000,-0.210,2.126,0.010,-0.056,-0.118
57180,-9999.000,-0.222,2.202,0.023,-0.073,-0.120
57240,-9999.000,0.052,2.365,0.078,0.105,-0.009
57300,-9999.000,0.009,2.481,0.083,0.159,0.052
57360,0.482,0.124,2.614,0.087,0.115,0.106
57420,0.657,0.098,2.553,0.135,0.118,0.100
57480,0.516,-0.015,2.432,0.129,0.099,0.067
57540,0.871,0.029,2.474,0.119,0.175,0.063
57600,0.095,-0.047,2.256,0.064,0.089,0.038
57660,0.503,-0.006,2.485,0.113,0.138,0.053
57720,-9999.000,0.074,2.541,0.112,0.130,0.084
57780,-9999.000,-0.146,2.225,-0.002,-0.009,-0.081
57840,-9999.000,0.052,2.512,0.126,0.125,0.047
57900,0.675,-0.015,2.409,0.126,0.099,0.008
57960,-0.134,-0.107,2.498,0.069,0.060,-0.020
58020,0.260,-0.075,2.470,0.006,0.070,-0.034
58080,1.019,0.003,2.498,0.102,0.167,0.026
58140,-0.028,-0.142,2.117,-0.010,0.031,-0.091
58200,0.348,-0.083,2.333,0.041,0.094,-0.044
58260,0.647,-0.048,2.361,0.104,0.140,-0.012
58320,0.556,-0.020,2.400,0.099,0.128,-0.040
58380,0.057,-0.104,2.327,0.033,0.018,-0.087
58440,-0.249,-0.178,2.289,0.000,-0.009,-0.114
58500,0.622,0.037,2.483,0.037,0.135,-0.062
58560,1.057,0.050,2.368,0.177,0.174,0.055
58620,-0.069,-0.099,2.175,0.006,0.025,-0.082
58680,-0.249,-0.059,2.115,0.065,0.040,-0.069
58740,-0.297,-0.077,2.272,0.031,0.002,-0.055
58800,-9999.000,-0.090,2.257,0.017,0.041,-0.040
58860,-9999.000,-0.067,2.488,0.074,0.043,-0.030
58920,-9999.000,-0.137,2.403,0.048,-0.022,-0.088
58980,-9999.000,-0.152,2.127,-0.002,-0.044,-0.088
59040,-9999.000,-0.148,2.362,0.037,-0.046,-0.085
59100,-9999.000,-0.059,2.600,0.064,0.016,0.007
59160,-9999.000,-0.058,2.314,0.021,0.017,0.001
59220,-9999.000,0.095,2.862,0.066,0.153,0.075
59280,1.129,0.082,2.787,0.051,0.124,0.148
59340,0.572,-0.069,2.574,0.007,0.009,-0.004
59400,-0.212,-0.045,2.467,0.052,-0.000,-0.053
59460,0.213,-0.011,2.798,0.030,0.027,-0.016
59520,0.547,0.070,2.578,-0.015,0.044,-0.001
59580,0.878,0.123,2.767,0.053,0.126,0.069
59640,1.155,0.211,2.855,0.130,0.172,0.150
59700,1.286,0.202,2.669,0.219,0.197,0.196
59760,1.162,0.239,2.478,0.130,0.199,0.125
59820,1.224,0.294,2.670,0.152,0.112,0.179
59880,-9999.000,0.113,2.766,0.125,0.180,0.178
59940,-9999.000,-0.036,2.670,0.034,-0.012,0.020
60000,-9999.000,-0.082,2.620,-0.020,-0.062,-0.028
60060,-9999.000,-0.083,2.652,0.010,-0.075,-0.024
60120,-9999.000,-0.079,2.472,0.003,-0.084,-0.027
60180,-9999.000,-0.076,2.518,-0.001,-0.091,-0.024
60240,-9999.000,-0.029,2.612,-0.004,-0.068,-0.021
60300,-9999.000,-0.069,2.544,0.014,-0.087,-0.015
60360,-9999.000,-0.070,2.998,0.021,-0.097,-0.019
60420,-9999.000,-0.074,2.120,-0.012,-0.095,-0.021
60480,-9999.000,-0.080,2.454,-0.031,-0.096,-0.024
60540,-9999.000,-0.086,2.776,-0.035,-0.097,-0.028
60600,-9999.000,-0.071,2.623,0.012,-0.077,-0.009
60660,-9999.000,-0.084,2.601,0.010,-0.071,-0.035
60720,0.451,-0.096,2.319,-0.004,-0.050,-0.022
60780,0.171,-0.036,2.406,0.001,-0.042,0.006
60840,0.122,0.001,2.492,0.001,-0.070,-0.008
60900,0.027,-0.052,2.562,-0.017,-0.068,-0.006
60960,0.955,0.044,2.732,0.039,0.028,0.069
61020,1.125,-0.029,2.547,0.036,0.017,-0.037
61080,1.306,0.033,2.593,0.024,0.077,0.025
61140,1.391,0.051,2.803,0.051,0.058,0.055
61200,1.270,0.110,3.015,0.039,0.019,-0.020
61260,1.158,0.035,2.733,0.035,0.044,0.011
61320,0.776,0.003,2.579,0.015,0.015,-0.027
61380,1.406,0.073,2.671,0.036,0.016,0.045
61440,1.583,0.190,2.610,0.048,0.096,0.080
61500,1.118,-0.086,2.617,0.011,0.019,0.071
61560,0.802,-0.072,2.409,0.018,-0.019,0.005
61620,0.578,-0.158,2.475,-0.017,-0.033,-0.059
61680,1.416,0.255,2.613,0.030,0.114,0.058
61740,0.830,-0.084,2.593,-0.004,-0.008,-0.019
61800,1.371,-0.052,3.019,0.052,0.075,-0.018
61860,0.988,-0.062,2.692,0.004,0.032,0.001
61920,0.730,-0.104,2.707,0.022,0.008,-0.007
61980,0.510,-0.185,2.724,-0.014,-0.029,-0.082
62040,1.099,-0.062,2.659,-0.019,-0.007,0.003
62100,0.656,-0.185,2.452,-0.015,-0.037,-0.100
62160,0.608,-0.103,3.008,-0.009,0.003,-0.080
62220,-9999.000,-0.108,2.625,-0.007,-0.030,-0.037
62280,-9999.000,-0.176,2.534,-0.066,-0.073,-0.101
62340,-9999.000,-0.219,2.229,-0.071,-0.061,-0.095
62400,-9999.000,-0.200,2.300,-0.073,-0.054,-0.123
62460,-9999.000,-0.171,2.853,-0.054,-0.038,-0.093
62520,-9999.000,-0.101,2.720,-0.049,-0.044,-0.103
62580,-9999.000,0.100,3.155,-0.025,0.118,0.002
62640,-9999.000,0.195,3.513,0.043,0.154,0.071
62700,1.443,0.118,3.157,0.009,0.115,-0.003
62760,0.942,0.060,2.990,0.068,0.078,0.052
62820,1.553,0.252,2.871,0.151,0.187,0.064
62880,0.616,-0.137,2.715,-0.000,-0.017,-0.123
62940,0.946,0.048,3.018,-0.020,0.023,-0.086
63000,1.442,0.198,2.963,0.032,0.127,0.095
63060,1.463,0.366,3.283,-0.006,0.133,0.081
63120,1.493,0.200,3.171,0.015,0.111,0.099
63180,1.381,0.314,3.333,-0.016,0.141,0.048
63240,1.497,0.317,3.411,0.039,0.212,0.081
63300,1.657,0.234,3.521,0.053,0.216,0.031
63360,1.548,0.150,3.722,0.035,0.182,0.041
63420,1.477,0.424,3.631,-0.004,0.111,0.014
63480,1.569,0.222,3.705,0.039,0.180,-0.027
63540,1.597,0.148,3.665,-0.033,0.148,0.013
63600,1.443,0.256,3.680,0.041,0.182,-0.010
63660,1.515,0.342,4.163,0.016,0.216,-0.004
63720,1.583,0.342,3.872,-0.029,0.222,0.025
63780,1.464,0.292,3.647,-0.038,0.174,-0.038
63840,1.045,0.322,3.617,-0.024,0.124,-0.079
63900,1.513,0.349,3.658,0.016,0.211,-0.050
63960,1.585,0.422,3.781,-0.023,0.248,0.028
64020,-9999.000,0.307,3.762,0.082,0.113,-0.006
64080,-9999.000,-0.009,3.300,-0.066,0.018,-0.201
64140,-9999.000,0.348,3.453,-0.039,0.173,-0.073
64200,0.876,0.294,3.516,-0.039,0.123,-0.069
64260,1.481,0.345,3.893,0.111,0.210,-0.052
64320,1.120,0.219,3.739,0.107,0.132,-0.171
64380,1.308,0.324,3.742,0.571,0.209,-0.070
64440,1.533,0.502,3.810,0.489,0.243,-0.001
64500,1.441,0.432,3.872,1.326,0.237,0.010
64560,1.581,0.453,3.911,2.726,0.246,-0.002
64620,1.623,0.278,4.232,2.663,0.200,-0.094
64680,1.414,0.299,3.879,0.168,0.254,-0.147
64740,0.713,0.120,3.577,-0.005,0.090,-0.255
64800,1.311,0.304,3.829,0.037,0.248,-0.094
64860,1.004,0.117,3.799,0.020,0.100,-0.230
64920,0.044,-0.084,3.395,-0.063,-0.023,-0.330
64980,0.489,0.166,3.660,-0.021,0.039,-0.264
65040,1.101,0.284,3.735,0.051,0.171,-0.130
65100,1.141,0.122,3.855,0.057,0.198,-0.155
65160,1.045,0.133,3.673,0.107,0.155,-0.218
65220,1.268,0.252,3.729,0.082,0.204,-0.083
65280,1.393,0.277,3.921,0.131,0.233,-0.105
65340,1.230,0.274,3.862,0.067,0.203,-0.238
65400,1.060,0.138,3.735,0.114,0.152,-0.254
65460,0.504,-0.002,3.640,0.081,0.076,-0.236
65520,1.301,0.228,3.765,0.100,0.158,-0.103
65580,1.222,0.126,3.912,0.082,0.282,-0.114
65640,1.164,0.218,3.837,0.078,0.203,-0.187
65700,1.222,0.214,3.829,0.090,0.221,-0.183
65760,1.071,0.113,3.822,0.099,0.208,-0.217
65820,1.379,0.125,3.860,0.099,0.196,-0.161
65880,1.267,0.147,3.553,0.114,0.152,-0.206
65940,1.237,0.169,3.423,0.113,0.122,-0.194
66000,1.033,0.145,3.432,0.093,0.116,-0.194
66060,0.765,0.029,3.349,0.044,0.138,-0.150
66120,-9999.000,0.125,3.684,0.116,0.143,-0.166
66180,-9999.000,-0.165,3.352,0.030,-0.035,-0.346
66240,-9999.000,-0.154,3.477,0.025,-0.052,-0.376
66300,-9999.000,-0.181,3.026,0.018,-0.054,-0.360
66360,-9999.000,-0.179,3.380,-0.024,-0.066,-0.364
66420,-9999.000,-0.176,3.071,-0.008,-0.066,-0.356
66480,-9999.000,-0.174,2.864,-0.010,-0.066,-0.347
66540,-9999.000,-0.171,2.708,-0.014,-0.066,-0.339
66600,-9999.000,-0.169,2.559,-0.021,-0.066,-0.331
66660,-9999.000,-0.167,2.853,0.008,-0.066,-0.323
66720,-9999.000,-0.135,2.734,-0.029,-0.056,-0.299
66780,-9999.000,-0.151,2.757,0.000,-0.033,-0.277
66840,-9999.000,-0.159,2.675,-0.013,-0.066,-0.299
66900,-9999.000,0.255,3.109,0.171,0.178,-0.078
66960,-9999.000,-0.088,2.821,0.002,-0.020,-0.253
67020,-9999.000,0.018,3.086,0.086,0.128,-0.169
67080,0.245,0.037,3.091,0.066,0.068,-0.166
67140,1.040,0.142,3.147,0.209,0.169,-0.109
67200,0.699,0.170,3.408,0.172,0.175,-0.033
67260,0.191,0.137,3.180,0.055,0.112,-0.141
67320,1.010,0.259,3.437,0.129,0.175,-0.005
67380,-9999.000,-9999.000,-9999.000,-9999.000,-9999.000,-9999.000
