CampaignData_and_Merges/R0/CSL_MobileLab_Parked/raw/20240718/USOS-jNO2_MobileLabGround_20240718_R0.ict
52,1001
Waxman, E.; Rollins, A.; Zuraski, K.; Chace, W.
NOAA Chemical Sciences Laboratory
jNO2 filter radiometer on CSL Mobile Lab
AMMBEC / USOS
1, 1
2024,07,18, 2025,04,01
60
Time_Start, seconds, number_of_seconds_since_0000_UTC
20
1, 1, 1, 1, 1, 1, 1, 1, 1, 1, 1, 1, 1, 1, 1, 1, 1, 1, 1, 1
-9999, -9999, -9999, -9999, -9999, -9999, -9999, -9999, -9999, -9999, -9999, -9999, -9999, -9999, -9999, -9999, -9999, -9999, -9999, -9999
Time_Stop, seconds, number_of_seconds_since_0000_UTC
jNO2_meas, per second, photolysis rate of NO2 measured using a filter radiometer.
jBrCl, per second, photolysis rate of BrCl -> Br + Cl calculated in TUV for cloud-free sky with local AOD
jBr2, per second, photolysis rate of Br2 -> Br + Br calculated in TUV for cloud-free sky with local AOD
jCCl4, per second, photolysis rate of CCl4 -> Products calcualted in TUV for cloud-free sky with local AOD
jCH2Oa, per second, photolysis rate of CH2O -> H + HCO calculated in TUV for cloud-free sky with local AOD
jCH2Ob, per second, photolysis rate of CH2O -> H2 + CO calculated in TUV for cloud-free sky with local AOD
jClNO2, per second, photolysis rate of ClNO2 -> Cl + NO2 calculated in TUV for cloud-free sky with local AOD
jClOa, per second, photolysis rate of ClO -> Cl + O(1D) calculated in TUV for cloud-free sky with local AOD
jClOb, per second, photolysis rate of ClO -> Cl + O(3P) calculated in TUV for cloud-free sky with local AOD
jCl2, per second, photolysis rate of Cl2 -> Cl + Cl calculated in TUV for cloud-free sky with local AOD
jHNO2, per second, photolysis rate of HNO2 -> OH + NO calculated in TUV for cloud-free sky with local AOD
jHNO3, per second, photolysis rate of HNO3 -> OH + NO2 calculated in TUV for cloud-free sky with local AOD
jI2, per second, photolysis rate of I2 -> I + I calculated in TUV for cloud-free sky with local AOD
jNO2, per second, photolysis rate of NO2 -> NO + O(3P) calculated in TUV for cloud-free sky with local AOD
jNO3a, per second, photolysis rate of NO3 -> NO + O2 calculated in TUV for cloud-free sky with local AOD
jNO3b, per second, photolysis rate of NO3 -> NO2 + O(3P) calculated in TUV for cloud-free sky with local AOD
jN2O5, per second, photolysis rate of N2O5 -> NO3 + NO + O(3P) calculated in TUV for cloud-free sky with local AOD
jO3, per second, photolysis rate of O3 -> O2 + O(1D) calculated in TUV for cloud-free sky with local AOD
AOD_500nm, unitless, UTC daily mean AOD at 500 nm from an AERONET station located at 40.178 N, -112.452 E
0
18
PI_CONTACT_INFO: eleanor.waxman@noaa.gov
PLATFORM: CSL Mobile Lab, at ground site
LOCATION: Salt Lake City, UT
ASSOCIATED_DATA:
INSTRUMENT_INFO: jNO2 filter radiometer.  TUV calculations are for mobile van lat/lon/altitude assuming clear sky (cloud AOD = 0) and daily mean AOD.
DATA_INFO:
UNCERTAINTY: Data uncertainties are +/- 20%.  These come from uncertainties in radiometer angular response, radiometer thermal response, local interferences from clouds/aerosols/shadows etc.
ULOD_FLAG: -7777
ULOD_VALUE: N/A
LLOD_FLAG: -8888
LLOD_VALUE: N/A
DM_CONTACT_INFO: eleanor.waxman@noaa.gov
PROJECT_INFO: USOS Project, July - August 2024
STIPULATIONS_ON_USE: Users are strongly encouraged to contact the PI for proper data usage.
OTHER_COMMENTS: 
REVISION: R0
R0: final data
Time_Start, Time_Stop, jNO2_meas, jBrCl, jBr2, jCCl4, jCH2Oa, jCH2Ob, jClNO2, jClOa, jClOb, jCl2, jHNO2, jHNO3, jI2, jNO2, jNO3a, jNO3b, jN2O5, jO3, AOD_500nm
[from data line 855]
   51300,   51360,0.0043116,0.006073,0.02034,9.915e-26,8.935e-06,1.762e-05,0.0001793,3.577e-26,5.55e-06,0.001012,0.0007021,1.164e-07,0.0789,0.00456,0.01605,0.1245,1.464e-05,3.399e-06,0.135
   51360,   51420,0.0043508,0.006117,0.02047,1.007e-25,9.068e-06,1.784e-05,0.0001814,3.631e-26,5.676e-06,0.001022,0.0007088,1.185e-07,0.07928,0.004601,0.01611,0.125,1.482e-05,3.476e-06,0.135
   51420,   51480,0.0044035,0.006157,0.02058,1.022e-25,9.192e-06,1.803e-05,0.0001833,3.683e-26,5.795e-06,0.001032,0.0007151,1.204e-07,0.07963,0.004639,0.01617,0.1256,1.498e-05,3.55e-06,0.135
   51480,   51540,0.0044525,0.0062,0.0207,1.038e-25,9.325e-06,1.825e-05,0.0001854,3.738e-26,5.923e-06,0.001042,0.0007217,1.224e-07,0.08,0.004679,0.01624,0.1261,1.516e-05,3.63e-06,0.135
   51540,   51600,0.0044907,0.006243,0.02081,1.054e-25,9.458e-06,1.846e-05,0.0001874,3.795e-26,6.053e-06,0.001052,0.0007284,1.244e-07,0.08036,0.004718,0.0163,0.1266,1.534e-05,3.71e-06,0.135
   51600,   51660,0.0045256,0.006283,0.02092,1.07e-25,9.584e-06,1.866e-05,0.0001893,3.849e-26,6.177e-06,0.001061,0.0007346,1.264e-07,0.08071,0.004756,0.01636,0.1272,1.551e-05,3.787e-06,0.135
   51660,   51720,0.0045553,0.006325,0.02104,1.086e-25,9.717e-06,1.887e-05,0.0001914,3.908e-26,6.31e-06,0.001071,0.0007411,1.285e-07,0.08106,0.004795,0.01642,0.1277,1.568e-05,3.869e-06,0.135
   51720,   51780,0.0045851,0.006367,0.02115,1.104e-25,9.851e-06,1.908e-05,0.0001934,3.968e-26,6.445e-06,0.001081,0.0007477,1.305e-07,0.08142,0.004834,0.01648,0.1282,1.586e-05,3.953e-06,0.135
   51780,   51840,0.0046194,0.006406,0.02126,1.12e-25,9.978e-06,1.927e-05,0.0001953,4.025e-26,6.573e-06,0.00109,0.0007538,1.325e-07,0.08175,0.004871,0.01653,0.1287,1.603e-05,4.033e-06,0.135
   51840,   51900,0.0046501,0.006446,0.02137,1.138e-25,1.011e-05,1.948e-05,0.0001973,4.087e-26,6.71e-06,0.0011,0.0007602,1.346e-07,0.08209,0.004909,0.01659,0.1292,1.62e-05,4.118e-06,0.135
   51900,   51960,0.0046889,0.006487,0.02148,1.156e-25,1.025e-05,1.969e-05,0.0001993,4.15e-26,6.849e-06,0.00111,0.0007667,1.367e-07,0.08243,0.004948,0.01665,0.1297,1.638e-05,4.205e-06,0.135
   51960,   52020,0.0047158,0.006525,0.02159,1.174e-25,1.037e-05,1.989e-05,0.0002012,4.21e-26,6.982e-06,0.001119,0.0007727,1.388e-07,0.08275,0.004984,0.0167,0.1302,1.655e-05,4.287e-06,0.135
   52020,   52080,0.0047482,0.006565,0.02169,1.192e-25,1.051e-05,2.01e-05,0.0002032,4.276e-26,7.124e-06,0.001129,0.000779,1.409e-07,0.08309,0.005021,0.01676,0.1307,1.673e-05,4.376e-06,0.135
   52080,   52140,0.0047803,0.006605,0.0218,1.212e-25,1.064e-05,2.03e-05,0.0002052,4.342e-26,7.267e-06,0.001139,0.0007854,1.431e-07,0.08342,0.005059,0.01682,0.1312,1.69e-05,4.466e-06,0.135
   52140,   52200,0.0048224,0.006642,0.0219,1.23e-25,1.077e-05,2.05e-05,0.0002071,4.406e-26,7.404e-06,0.001148,0.0007913,1.451e-07,0.08372,0.005094,0.01687,0.1316,1.707e-05,4.551e-06,0.135
   52200,   52260,0.0048584,0.006681,0.02201,1.25e-25,1.091e-05,2.071e-05,0.0002091,4.475e-26,7.55e-06,0.001157,0.0007976,1.473e-07,0.08405,0.005132,0.01692,0.1321,1.724e-05,4.643e-06,0.135
   52260,   52320,0.0048912,0.00672,0.02211,1.271e-25,1.104e-05,2.091e-05,0.0002111,4.546e-26,7.698e-06,0.001167,0.0008038,1.494e-07,0.08437,0.005169,0.01698,0.1326,1.742e-05,4.736e-06,0.135
   52320,   52380,0.0049323,0.006756,0.02221,1.29e-25,1.117e-05,2.111e-05,0.000213,4.614e-26,7.838e-06,0.001176,0.0008096,1.515e-07,0.08466,0.005203,0.01703,0.133,1.758e-05,4.824e-06,0.135
   52380,   52440,0.0049752,0.006794,0.02231,1.311e-25,1.131e-05,2.131e-05,0.000215,4.687e-26,7.989e-06,0.001185,0.0008158,1.537e-07,0.08498,0.00524,0.01708,0.1335,1.776e-05,4.919e-06,0.135
   52440,   52500,0.0050087,0.006832,0.02241,1.333e-25,1.144e-05,2.152e-05,0.0002169,4.762e-26,8.141e-06,0.001195,0.0008219,1.559e-07,0.08528,0.005276,0.01713,0.1339,1.794e-05,5.014e-06,0.135
   52500,   52560,0.0050315,0.006867,0.02251,1.354e-25,1.157e-05,2.171e-05,0.0002188,4.834e-26,8.286e-06,0.001204,0.0008276,1.58e-07,0.08557,0.00531,0.01718,0.1344,1.81e-05,5.105e-06,0.135
   52560,   52620,0.0050866,0.006905,0.02261,1.376e-25,1.171e-05,2.192e-05,0.0002207,4.912e-26,8.441e-06,0.001213,0.0008337,1.603e-07,0.08587,0.005346,0.01723,0.1348,1.827e-05,5.203e-06,0.135
   52620,   52680,0.0051025,0.006942,0.02271,1.399e-25,1.184e-05,2.212e-05,0.0002227,4.991e-26,8.597e-06,0.001222,0.0008397,1.625e-07,0.08617,0.005381,0.01728,0.1353,1.845e-05,5.302e-06,0.135
   52680,   52740,0.0051419,0.006976,0.0228,1.421e-25,1.197e-05,2.231e-05,0.0002245,5.068e-26,8.746e-06,0.001231,0.0008453,1.646e-07,0.08645,0.005415,0.01733,0.1357,1.861e-05,5.395e-06,0.135
   52740,   52800,0.0051802,0.007012,0.02289,1.445e-25,1.211e-05,2.251e-05,0.0002265,5.151e-26,8.905e-06,0.00124,0.0008513,1.669e-07,0.08674,0.00545,0.01738,0.1361,1.879e-05,5.496e-06,0.135
   52800,   52860,0.0052263,0.007048,0.02299,1.47e-25,1.225e-05,2.271e-05,0.0002284,5.235e-26,9.065e-06,0.001249,0.0008572,1.691e-07,0.08703,0.005485,0.01743,0.1365,1.896e-05,5.597e-06,0.135
   52860,   52920,0.0052778,0.007082,0.02308,1.493e-25,1.237e-05,2.29e-05,0.0002302,5.316e-26,9.217e-06,0.001258,0.0008627,1.713e-07,0.0873,0.005517,0.01747,0.1369,1.912e-05,5.694e-06,0.135
   52920,   52980,0.0053279,0.007117,0.02317,1.519e-25,1.251e-05,2.31e-05,0.0002322,5.405e-26,9.38e-06,0.001267,0.0008686,1.736e-07,0.08758,0.005552,0.01752,0.1373,1.93e-05,5.797e-06,0.135
   52980,   53040,0.0053731,0.007152,0.02326,1.545e-25,1.265e-05,2.33e-05,0.0002341,5.495e-26,9.545e-06,0.001276,0.0008744,1.759e-07,0.08786,0.005586,0.01756,0.1377,1.947e-05,5.901e-06,0.135
   53040,   53100,0.0054082,0.007185,0.02335,1.57e-25,1.278e-05,2.349e-05,0.0002359,5.581e-26,9.701e-06,0.001285,0.0008798,1.78e-07,0.08812,0.005618,0.01761,0.1381,1.963e-05,6e-06,0.135
   53100,   53160,0.005445,0.00722,0.02344,1.597e-25,1.291e-05,2.369e-05,0.0002378,5.675e-26,9.868e-06,0.001294,0.0008856,1.803e-07,0.0884,0.005652,0.01765,0.1385,1.98e-05,6.107e-06,0.135
   53160,   53220,0.0054774,0.007254,0.02353,1.625e-25,1.305e-05,2.389e-05,0.0002397,5.771e-26,1.004e-05,0.001302,0.0008913,1.826e-07,0.08867,0.005685,0.0177,0.1389,1.997e-05,6.213e-06,0.135
   53220,   53280,0.0055158,0.007286,0.02362,1.652e-25,1.318e-05,2.408e-05,0.0002415,5.864e-26,1.02e-05,0.001311,0.0008966,1.848e-07,0.08892,0.005717,0.01774,0.1393,2.013e-05,6.315e-06,0.135
   53280,   53340,0.0055426,0.00732,0.0237,1.681e-25,1.331e-05,2.427e-05,0.0002434,5.965e-26,1.037e-05,0.00132,0.0009022,1.871e-07,0.08918,0.00575,0.01778,0.1397,2.03e-05,6.424e-06,0.135
   53340,   53400,0.0055798,0.007353,0.02379,1.711e-25,1.345e-05,2.447e-05,0.0002453,6.067e-26,1.054e-05,0.001328,0.0009079,1.895e-07,0.08944,0.005783,0.01783,0.1401,2.048e-05,6.534e-06,0.135
   53400,   53460,0.0056113,0.007384,0.02387,1.74e-25,1.358e-05,2.465e-05,0.000247,6.167e-26,1.07e-05,0.001337,0.0009131,1.917e-07,0.08969,0.005813,0.01787,0.1404,2.063e-05,6.638e-06,0.135
   53460,   53520,0.0056518,0.007417,0.02396,1.771e-25,1.371e-05,2.485e-05,0.0002489,6.274e-26,1.088e-05,0.001345,0.0009186,1.94e-07,0.08994,0.005846,0.01791,0.1408,2.08e-05,6.749e-06,0.135
   53520,   53580,0.0056913,0.00745,0.02404,1.803e-25,1.385e-05,2.504e-05,0.0002508,6.384e-26,1.105e-05,0.001354,0.0009241,1.964e-07,0.0902,0.005878,0.01795,0.1412,2.097e-05,6.861e-06,0.135
   53580,   53640,0.0057265,0.00748,0.02412,1.834e-25,1.398e-05,2.522e-05,0.0002525,6.491e-26,1.122e-05,0.001362,0.0009293,1.986e-07,0.09043,0.005908,0.01799,0.1415,2.113e-05,6.968e-06,0.135
   53640,   53700,0.0057695,0.007512,0.02421,1.867e-25,1.411e-05,2.542e-05,0.0002544,6.606e-26,1.14e-05,0.001371,0.0009347,2.01e-07,0.09068,0.00594,0.01803,0.1419,2.13e-05,7.082e-06,0.135
   53700,   53760,0.0058072,0.007544,0.02429,1.902e-25,1.425e-05,2.561e-05,0.0002562,6.725e-26,1.158e-05,0.001379,0.0009401,2.033e-07,0.09092,0.005971,0.01807,0.1423,2.147e-05,7.197e-06,0.135
   53760,   53820,0.0058435,0.007574,0.02437,1.935e-25,1.438e-05,2.579e-05,0.0002579,6.839e-26,1.175e-05,0.001387,0.0009451,2.056e-07,0.09115,0.006001,0.01811,0.1426,2.162e-05,7.306e-06,0.135
   53820,   53880,0.0058767,0.007605,0.02445,1.971e-25,1.451e-05,2.598e-05,0.0002598,6.963e-26,1.193e-05,0.001395,0.0009505,2.079e-07,0.09139,0.006032,0.01815,0.1429,2.179e-05,7.422e-06,0.135
   53880,   53940,0.0059025,0.007636,0.02453,2.008e-25,1.465e-05,2.617e-05,0.0002616,7.09e-26,1.211e-05,0.001404,0.0009557,2.103e-07,0.09163,0.006063,0.01819,0.1433,2.196e-05,7.539e-06,0.135
   53940,   54000,0.0059282,0.007665,0.0246,2.044e-25,1.477e-05,2.635e-05,0.0002633,7.213e-26,1.228e-05,0.001412,0.0009607,2.126e-07,0.09185,0.006092,0.01823,0.1436,2.211e-05,7.651e-06,0.135
   54000,   54060,0.0059555,0.007695,0.02468,2.082e-25,1.491e-05,2.654e-05,0.0002651,7.347e-26,1.247e-05,0.00142,0.0009659,2.15e-07,0.09208,0.006122,0.01827,0.144,2.228e-05,7.769e-06,0.135
   54060,   54120,0.0059892,0.007726,0.02476,2.122e-25,1.504e-05,2.672e-05,0.0002669,7.484e-26,1.265e-05,0.001428,0.0009711,2.174e-07,0.09231,0.006152,0.0183,0.1443,2.244e-05,7.889e-06,0.135
   54120,   54180,0.0060183,0.007754,0.02483,2.161e-25,1.517e-05,2.69e-05,0.0002686,7.617e-26,1.283e-05,0.001436,0.000976,2.196e-07,0.09252,0.00618,0.01834,0.1446,2.26e-05,8.003e-06,0.135
   54180,   54240,0.0060426,0.007783,0.02491,2.203e-25,1.53e-05,2.708e-05,0.0002704,7.761e-26,1.302e-05,0.001444,0.0009811,2.22e-07,0.09275,0.00621,0.01838,0.1449,2.276e-05,8.124e-06,0.135
   54240,   54300,0.006064,0.007813,0.02498,2.246e-25,1.544e-05,2.727e-05,0.0002722,7.91e-26,1.321e-05,0.001452,0.0009861,2.244e-07,0.09297,0.00624,0.01841,0.1453,2.293e-05,8.246e-06,0.135
   54300,   54360,0.0060777,0.00784,0.02505,2.287e-25,1.556e-05,2.744e-05,0.0002738,8.053e-26,1.338e-05,0.00146,0.0009909,2.267e-07,0.09318,0.006267,0.01845,0.1456,2.308e-05,8.361e-06,0.135
   54360,   54420,0.0061116,0.007869,0.02513,2.333e-25,1.57e-05,2.763e-05,0.0002756,8.209e-26,1.358e-05,0.001468,0.0009959,2.291e-07,0.0934,0.006297,0.01848,0.1459,2.324e-05,8.484e-06,0.135
   54420,   54480,0.006142,0.007898,0.0252,2.379e-25,1.583e-05,2.781e-05,0.0002773,8.37e-26,1.377e-05,0.001475,0.001001,2.315e-07,0.09361,0.006326,0.01852,0.1462,2.34e-05,8.609e-06,0.135
   54480,   54540,0.0061749,0.007925,0.02527,2.424e-25,1.595e-05,2.798e-05,0.000279,8.526e-26,1.395e-05,0.001483,0.001006,2.338e-07,0.09381,0.006353,0.01855,0.1465,2.355e-05,8.726e-06,0.135
   54540,   54600,0.0062033,0.007953,0.02534,2.473e-25,1.609e-05,2.816e-05,0.0002807,8.695e-26,1.414e-05,0.001491,0.00101,2.362e-07,0.09402,0.006381,0.01858,0.1468,2.371e-05,8.852e-06,0.135
   54600,   54660,0.0062232,0.007981,0.02541,2.524e-25,1.622e-05,2.834e-05,0.0002825,8.87e-26,1.434e-05,0.001499,0.001015,2.386e-07,0.09423,0.006409,0.01862,0.1471,2.388e-05,8.978e-06,0.135
   54660,   54720,0.0062515,0.008007,0.02548,2.573e-25,1.634e-05,2.851e-05,0.0002841,9.039e-26,1.452e-05,0.001506,0.00102,2.409e-07,0.09442,0.006436,0.01865,0.1474,2.403e-05,9.097e-06,0.135
   54720,   54780,0.0062744,0.008034,0.02555,2.626e-25,1.648e-05,2.869e-05,0.0002858,9.223e-26,1.472e-05,0.001514,0.001025,2.434e-07,0.09463,0.006464,0.01868,0.1477,2.418e-05,9.225e-06,0.135
   54780,   54840,0.0063103,0.008062,0.02562,2.681e-25,1.661e-05,2.887e-05,0.0002875,9.414e-26,1.492e-05,0.001521,0.00103,2.458e-07,0.09483,0.006492,0.01872,0.148,2.434e-05,9.353e-06,0.135
   54840,   54900,0.0063317,0.008087,0.02568,2.735e-25,1.673e-05,2.904e-05,0.0002891,9.598e-26,1.51e-05,0.001528,0.001034,2.481e-07,0.09501,0.006517,0.01875,0.1483,2.449e-05,9.475e-06,0.135
   54900,   54960,0.0063667,0.008114,0.02575,2.793e-25,1.686e-05,2.921e-05,0.0002908,9.799e-26,1.53e-05,0.001536,0.001039,2.505e-07,0.09521,0.006545,0.01878,0.1485,2.465e-05,9.604e-06,0.135
   54960,   55020,0.006402,0.00814,0.02582,2.851e-25,1.699e-05,2.939e-05,0.0002925,1.001e-25,1.55e-05,0.001544,0.001043,2.53e-07,0.09541,0.006572,0.01881,0.1488,2.481e-05,9.734e-06,0.135
   55020,   55080,0.0064322,0.008165,0.02588,2.909e-25,1.712e-05,2.955e-05,0.0002941,1.021e-25,1.569e-05,0.001551,0.001048,2.552e-07,0.09559,0.006597,0.01884,0.1491,2.495e-05,9.857e-06,0.135
   55080,   55140,0.0064747,0.008191,0.02595,2.973e-25,1.725e-05,2.973e-05,0.0002957,1.043e-25,1.589e-05,0.001558,0.001052,2.577e-07,0.09578,0.006624,0.01887,0.1494,2.511e-05,9.989e-06,0.135
   55140,   55200,0.0065053,0.008217,0.02601,3.038e-25,1.738e-05,2.99e-05,0.0002974,1.065e-25,1.609e-05,0.001565,0.001057,2.601e-07,0.09597,0.00665,0.0189,0.1496,2.526e-05,1.012e-05,0.135
   55200,   55260,0.0065386,0.008241,0.02607,3.101e-25,1.75e-05,3.006e-05,0.0002989,1.087e-25,1.628e-05,0.001572,0.001061,2.624e-07,0.09614,0.006675,0.01893,0.1499,2.541e-05,1.025e-05,0.135
   55260,   55320,0.0065646,0.008267,0.02613,3.171e-25,1.763e-05,3.023e-05,0.0003006,1.111e-25,1.649e-05,0.00158,0.001066,2.649e-07,0.09633,0.006701,0.01896,0.1502,2.556e-05,1.038e-05,0.135
   55320,   55380,0.0065924,0.008292,0.0262,3.242e-25,1.776e-05,3.04e-05,0.0003022,1.136e-25,1.669e-05,0.001587,0.00107,2.673e-07,0.09651,0.006727,0.01899,0.1504,2.572e-05,1.051e-05,0.135
   55380,   55440,0.0066173,0.008316,0.02626,3.312e-25,1.788e-05,3.056e-05,0.0003038,1.16e-25,1.689e-05,0.001594,0.001075,2.696e-07,0.09668,0.006751,0.01902,0.1507,2.586e-05,1.064e-05,0.135
   55440,   55500,0.0066396,0.00834,0.02632,3.387e-25,1.8e-05,3.073e-05,0.0003054,1.187e-25,1.709e-05,0.001601,0.001079,2.721e-07,0.09686,0.006777,0.01905,0.1509,2.601e-05,1.077e-05,0.135
   55500,   55560,0.0066529,0.008365,0.02638,3.466e-25,1.813e-05,3.09e-05,0.000307,1.214e-25,1.73e-05,0.001608,0.001083,2.745e-07,0.09704,0.006802,0.01908,0.1512,2.616e-05,1.091e-05,0.135
   55560,   55620,0.0066695,0.008388,0.02644,3.542e-25,1.825e-05,3.106e-05,0.0003085,1.241e-25,1.749e-05,0.001615,0.001087,2.768e-07,0.0972,0.006826,0.0191,0.1514,2.631e-05,1.104e-05,0.135
   55620,   55680,0.0066732,0.008412,0.0265,3.625e-25,1.838e-05,3.122e-05,0.0003101,1.27e-25,1.77e-05,0.001622,0.001092,2.792e-07,0.09737,0.006851,0.01913,0.1517,2.646e-05,1.117e-05,0.135
   55680,   55740,0.0066853,0.008436,0.02656,3.711e-25,1.851e-05,3.139e-05,0.0003117,1.3e-25,1.791e-05,0.001629,0.001096,2.817e-07,0.09754,0.006876,0.01916,0.1519,2.661e-05,1.131e-05,0.135
   55740,   55800,0.0067144,0.008458,0.02661,3.795e-25,1.862e-05,3.154e-05,0.0003132,1.33e-25,1.811e-05,0.001635,0.0011,2.84e-07,0.0977,0.006899,0.01919,0.1522,2.675e-05,1.144e-05,0.135
   55800,   55860,0.0067449,0.008482,0.02667,3.887e-25,1.875e-05,3.171e-05,0.0003148,1.362e-25,1.832e-05,0.001642,0.001104,2.864e-07,0.09787,0.006923,0.01921,0.1524,2.69e-05,1.158e-05,0.135
   55860,   55920,0.0067739,0.008505,0.02673,3.982e-25,1.888e-05,3.187e-05,0.0003163,1.395e-25,1.853e-05,0.001649,0.001109,2.889e-07,0.09804,0.006947,0.01924,0.1527,2.704e-05,1.172e-05,0.135
   55920,   55980,0.0067882,0.008527,0.02678,4.074e-25,1.899e-05,3.202e-05,0.0003178,1.428e-25,1.873e-05,0.001655,0.001112,2.912e-07,0.09819,0.00697,0.01927,0.1529,2.718e-05,1.185e-05,0.135
   55980,   56040,0.0068108,0.008549,0.02684,4.175e-25,1.912e-05,3.218e-05,0.0003193,1.464e-25,1.894e-05,0.001662,0.001117,2.936e-07,0.09835,0.006994,0.01929,0.1531,2.733e-05,1.199e-05,0.135
   56040,   56100,0.0068266,0.008572,0.0269,4.28e-25,1.924e-05,3.234e-05,0.0003209,1.501e-25,1.915e-05,0.001669,0.001121,2.96e-07,0.09851,0.007017,0.01932,0.1534,2.747e-05,1.212e-05,0.135
   56100,   56160,0.0068441,0.008593,0.02695,4.382e-25,1.936e-05,3.249e-05,0.0003223,1.537e-25,1.935e-05,0.001675,0.001125,2.983e-07,0.09866,0.007039,0.01934,0.1536,2.761e-05,1.226e-05,0.135
   56160,   56220,0.0068712,0.008616,0.027,4.493e-25,1.948e-05,3.265e-05,0.0003238,1.576e-25,1.956e-05,0.001682,0.001129,3.008e-07,0.09882,0.007063,0.01937,0.1538,2.776e-05,1.24e-05,0.135
   56220,   56280,0.0068912,0.008638,0.02706,4.609e-25,1.961e-05,3.281e-05,0.0003254,1.618e-25,1.978e-05,0.001688,0.001133,3.032e-07,0.09897,0.007086,0.01939,0.154,2.79e-05,1.254e-05,0.135
   56280,   56340,0.0069242,0.008658,0.02711,4.722e-25,1.972e-05,3.296e-05,0.0003268,1.658e-25,1.998e-05,0.001695,0.001136,3.055e-07,0.09912,0.007107,0.01941,0.1542,2.804e-05,1.267e-05,0.135
