CampaignData_and_Merges/R0/CSL_MobileLab_Parked/raw/20240718/USOS-PTR_MobileLabGround_20240718_R0.ict
58, 1001
Matthew Coggon, Kelvin Bates, Chelsea Stockwell, Carsten Warneke
NOAA ESRL Chemical Sciences Division
NOAA PTR-ToF-MS
USOS
1,1 
2024, 07, 18, 2025, 09, 19
0
Time_Start, seconds, number of seconds from 00:00 UTC 
22
1, 1, 1, 1, 1, 1, 1, 1, 1, 1, 1, 1, 1, 1, 1, 1, 1, 1, 1, 1, 1, 1
-9999, -9999, -9999, -9999, -9999, -9999, -9999, -9999, -9999, -9999, -9999, -9999, -9999, -9999, -9999, -9999, -9999, -9999, -9999, -9999, -9999, -9999
CH3OH_NOAAPTR_ppbv,  ppbv, Gas_CH3OH_InSitu_S_AVMR, (CH3OH) methanol
CH3CN_NOAAPTR_ppbv,  ppbv, Gas_CH3CN_InSitu_S_AVMR, (CH3CN) acetonitrile
CH3CHO_NOAAPTR_ppbv,  ppbv, Gas_CH3CHO_InSitu_S_AVMR, (CH3CHO) acetaldehyde plus contributions from ethylene glycol and ethylene oxide. Interference from ethanol has been subtracted out.
C2H5OH_NOAAPTR_ppbv,  ppbv, Gas_C2H5OH_InSitu_S_AVMR, (C2H5OH) ethanol
CH3SH_NOAAPTR_ppbv,  ppbv, Gas_CH3SH_InSitu_S_AVMR, (CH3SH) methanethiol, using calibration factor for DMS
Acrolein_NOAAPTR_ppbv,  ppbv, Gas_Acrolein_InSitu_S_AVMR, (C3H4O) acrolein
AcetonePropanal_NOAAPTR_ppbv,  ppbv, Gas_AcetoneAndPropanal_InSitu_S_AVMR, (C3H6O) sum of acetone (dominant isomer) and propanal, using calibration factor for acetone
DMS_NOAAPTR_ppbv,  ppbv, Gas_DMS_InSitu_S_AVMR, (C2H6S) dimethyl sulfide with possible small contributions from ethanethiol
C5H8_NOAAPTR_ppbv,  ppbv, Gas_Isoprene_InSitu_S_AVMR, (C5H8) isoprene and possible fragments from cycloalkanes and aldehydes. Interferences have been subtracted following methods described by Coggon et al (2023)
MVKMAC_NOAAPTR_ppbv,  ppbv, Gas_MVKAndMAC_InSitu_S_AVMR, (C4H6O) sum of methyl vinyl ketone, methacrolein, and small amounts of crotonaldehyde, using weighted calibration factor for MVK (0.637) and MACR (0.363)
Benzene_NOAAPTR_ppbv,  ppbv, Gas_Benzene_InSitu_S_AVMR, (C6H6) benzene
Toluene_NOAAPTR_ppbv,  ppbv, Gas_Toluene_InSitu_S_AVMR, (C7H8) toluene with possible small contributions of fragments from ethyltoluene
Styrene_NOAAPTR_ppbv,  ppbv, Gas_Styrene_InSitu_S_AVMR, (C8H8) styrene
Benzaldehyde_NOAAPTR_ppbv,  ppbv, Gas_Benzaldehyde_InSitu_S_AVMR, (C7H6O) benzaldehyde
C8Aromatics_NOAAPTR_ppbv,  ppbv, Gas_C8Aromatics_InSitu_M_AVMR, (C8H10) sum of m-xylene, p-xylene, o-xylene, and ethyl benzene
C9Aromatics_NOAAPTR_ppbv,  ppbv, Gas_C9Aromatics_InSitu_M_AVMR, (C9H12) sum of C9 aromatics
Naphthalene_NOAAPTR_ppbv,  ppbv, Gas_Naphthalene_InSitu_S_AVMR, (C10H8) naphthalene
Octanal_NOAAPTR_ppbv,  ppbv, Gas_Octanal_InSitu_S_AVMR, (C8H16O) octanal and small amounts of octanone
Monoterpenes_NOAAPTR_ppbv,  ppbv, Gas_Monoterpenes_InSitu_M_AVMR, (C10H16) sum of monoterpenes and possible contributions from fragments of oxygenated monoterpenoids such as eucalyptol.
Nonanal_NOAAPTR_ppbv,  ppbv, Gas_Nonanal_InSitu_M_AVMR, (C9H18O) nonanal and small amounts of nonanone
C7H4ClF3_NOAAPTR_ppbv,  ppbv, Gas_C7H4ClF3_InSitu_S_AVMR, (C7H4ClF3) parachlorobenzotrifluoride
C10H30O5Si5_NOAAPTR_ppbv,  ppbv, Gas_C10H30O5Si5_InSitu_S_AVMR, (C10H30O5Si5) decamethylcyclopentasiloxane
1
SPECIAL COMMENTS:N/A
21
PI_CONTACT_INFO: NOAA ESRL Chemical Sciences Division, Tropospheric Chemistry Group. 325 Broadway, R/CSD7, Boulder, CO 80305
PLATFORM: Mobile Laboratory.
LOCATION: Salt Lake City, UT
ASSOCIATED_DATA: N/A
INSTRUMENT_INFO: NOAA PTR-ToF-MS measurements on NOAA CSL Mobile Lab
DATA_INFO: Units: ppbv
UNCERTAINTY: See OTHER_COMMENTS
ULOD_FLAG: -7777
ULOD_VALUE: N/A
LLOD_FLAG: -8888
LLOD_VALUE: N/A.
DM_CONTACT_INFO: Data Managers: Matt Coggon, Kelvin Bates, Chelsea Stockwell; email: matthew.m.coggon@noaa.gov and kelvin.bates@colorado.edu
PROJECT_INFO: USOS Deployment July-August, 2024
STIPULATIONS_ON_USE: Use of these data require prior OK from PI.
OTHER_COMMENTS: Uncertainties:
CH3OH_NOAAPTR_ppbv:30%; CH3CN_NOAAPTR_ppbv:30%; CH3CHO_NOAAPTR_ppbv:30%; C2H5OH_NOAAPTR_ppbv:30%; CH3SH_NOAAPTR_ppbv:50%; Acrolein_NOAAPTR_ppbv:30%; AcetonePropanal_NOAAPTR_ppbv:30%; DMS_NOAAPTR_ppbv:30%; C5H8_NOAAPTR_ppbv:30%; MVKMAC_NOAAPTR_ppbv:30%; 
Benzene_NOAAPTR_ppbv:30%; Toluene_NOAAPTR_ppbv:30%; Styrene_NOAAPTR_ppbv:30%; Benzaldehyde_NOAAPTR_ppbv:30%; C8Aromatics_NOAAPTR_ppbv:30%; C9Aromatics_NOAAPTR_ppbv:30%; Naphthalene_NOAAPTR_ppbv:30%; Octanal_NOAAPTR_ppbv:30%; Monoterpenes_NOAAPTR_ppbv:30%; Nonanal_NOAAPTR_ppbv:30%; 
C7H4ClF3_NOAAPTR_ppbv:30%; C10H30O5Si5_NOAAPTR_ppbv:30%; 
REVISION: R0
R0: Calibrated PTR Data. See individual species comments for details about measurement uncertainties
Time_Start, CH3OH_NOAAPTR_ppbv, CH3CN_NOAAPTR_ppbv, CH3CHO_NOAAPTR_ppbv, C2H5OH_NOAAPTR_ppbv, CH3SH_NOAAPTR_ppbv, Acrolein_NOAAPTR_ppbv, AcetonePropanal_NOAAPTR_ppbv, DMS_NOAAPTR_ppbv, C5H8_NOAAPTR_ppbv, MVKMAC_NOAAPTR_ppbv, Benzene_NOAAPTR_ppbv, Toluene_NOAAPTR_ppbv, Styrene_NOAAPTR_ppbv, Benzaldehyde_NOAAPTR_ppbv, C8Aromatics_NOAAPTR_ppbv, C9Aromatics_NOAAPTR_ppbv, Naphthalene_NOAAPTR_ppbv, Octanal_NOAAPTR_ppbv, Monoterpenes_NOAAPTR_ppbv, Nonanal_NOAAPTR_ppbv, C7H4ClF3_NOAAPTR_ppbv, C10H30O5Si5_NOAAPTR_ppbv
    0.0, 7.03528, 0.27140, 2.31650, 2.46010, 0.00326, 0.28522, 5.14163, -0.00018, 0.37660, 0.35366, 0.12192, 0.22854, 0.00318, -0.00057, 0.09742, 0.03725, -0.00074, 0.03317, 0.15603, 0.03749, 0.01831, 0.00405 
   60.0, 6.76161, 0.29517, 2.35985, 2.45161, 0.00188, 0.27019, 5.09695, 0.01113, 0.38507, 0.36900, 0.15118, 0.25615, -0.00096, -0.00058, 0.11175, 0.04255, 0.00048, 0.03267, 0.09135, 0.01784, 0.02009, 0.00468 
  120.0, 7.72338, 0.28724, 2.22442, 1.99628, 0.00207, 0.25174, 5.10178, -0.00018, 0.26257, 0.37494, 0.14003, 0.26739, -0.00097, 0.02114, 0.10779, 0.05018, -0.00074, 0.03163, 0.09451, 0.05787, 0.01020, 0.00118 
  180.0, 6.34813, 0.28449, 2.09207, 1.52841, 0.00394, 0.20173, 4.97242, -0.00018, 0.19299, 0.35561, 0.14556, 0.18804, 0.01739, 0.01057, 0.09937, 0.04107, 0.02218, 0.03063, 0.07585, 0.03217, 0.01759, 0.00110 
  240.0, 14.97329, 0.28464, 2.27495, 2.51545, 0.00427, 0.24379, 5.11250, -0.00018, 0.49544, 0.34723, 0.14423, 0.27758, 0.01913, -0.00059, 0.11296, 0.04946, -0.00074, 0.02384, 0.16649, 0.02013, 0.02508, 0.00304 
  300.0, 7.76353, 0.28799, 2.32688, 2.38590, 0.00528, 0.24180, 5.15976, -0.00018, 0.47909, 0.38475, 0.20304, 0.28604, -0.00097, 0.01624, 0.11955, 0.04707, 0.00416, 0.03236, 0.17186, 0.02789, 0.01483, 0.00169 
  360.0, 9.25904, 0.29197, 2.53361, 4.20273, -0.00095, 0.26345, 5.33145, -0.00018, 0.51893, 0.43104, 0.37854, 0.45865, 0.01710, 0.07746, 0.28647, 0.10814, -0.00074, 0.02142, 0.21555, 0.06649, 0.00977, 0.00290 
  420.0, 7.58853, 0.27760, 2.06315, 1.65089, 0.00001, 0.23435, 4.79146, -0.00019, 0.60867, 0.56038, 0.20298, 0.24174, 0.00524, 0.01785, 0.09495, 0.04680, -0.00074, 0.03226, 0.19570, 0.03496, 0.04191, 0.00256 
  480.0, 7.96418, 0.25881, 2.19904, 2.56917, 0.00148, 0.26072, 4.94002, 0.00850, 0.69083, 0.56679, 0.16477, 0.27006, 0.02562, -0.00060, 0.12769, 0.03679, -0.00074, 0.02609, 0.28752, 0.04338, 0.04910, 0.00356 
  540.0, 8.02412, 0.27300, 2.01913, 1.83826, 0.00196, 0.24037, 4.84841, 0.01324, 0.72370, 0.60364, 0.27685, 0.24697, 0.00614, 0.09429, 0.08793, 0.04422, 0.00626, 0.01934, 0.27577, 0.05275, 0.04676, 0.00078 
  600.0, 9.14155, 0.27380, 2.27989, 2.56136, 0.00100, 0.24725, 5.09071, 0.01687, 0.72070, 0.63699, 0.26878, 0.27596, -0.00098, 0.09902, 0.08337, 0.03946, -0.00074, 0.02976, 0.26292, 0.05302, 0.04193, 0.00478 
  660.0, 8.43013, 0.27838, 2.14025, 2.32087, 0.00184, 0.24465, 4.91176, 0.01310, 0.80459, 0.61612, 0.41052, 0.28032, -0.00098, 0.10149, 0.10188, 0.04819, -0.00074, 0.03210, 0.30399, 0.04693, 0.05378, 0.00269 
  720.0, 8.53902, 0.25000, 2.34292, 2.73379, 0.00286, 0.27164, 4.99300, -0.00019, 0.94302, 0.68453, 0.30204, 0.35425, 0.00992, 0.03743, 0.12618, 0.06456, -0.00074, 0.03503, 0.31023, 0.05416, 0.03802, 0.00334 
  780.0, 8.31065, 0.26909, 2.11673, 3.67788, -0.00093, 0.27709, 4.97003, -0.00019, 0.92876, 0.66017, 0.29259, 0.32224, 0.01690, 0.05030, 0.14760, 0.08779, -0.00074, 0.05186, 0.31619, 0.05511, 0.03977, 0.00432 
  840.0, 7.76614, 0.24847, 1.94785, 1.87493, 0.00120, 0.20745, 4.69625, -0.00019, 0.78030, 0.60368, 0.14547, 0.29229, 0.02000, -0.00062, 0.12222, 0.09594, 0.00121, 0.05758, 0.32990, 0.06123, 0.02625, 0.00393 
  900.0, 9.71267, 0.28130, 2.28532, 3.27408, 0.00011, 0.28158, 5.02126, 0.01066, 0.83483, 0.65538, 0.19117, 0.41544, 0.03726, 0.00874, 0.18266, 0.10815, 0.00067, 0.05472, 0.43102, 0.07859, 0.03858, 0.00367 
  960.0, 7.54772, 0.26781, 1.85418, 2.26738, 0.00185, 0.21283, 4.77093, 0.00175, 0.81933, 0.60389, 0.12954, 0.23832, 0.00879, 0.00245, 0.10517, 0.05683, -0.00074, 0.05082, 0.29931, 0.05277, 0.01772, 0.00346 
 1020.0, 10.19812, 0.26268, 2.24319, 2.40105, 0.00307, 0.28413, 5.72879, 0.00943, 0.84342, 0.64976, 0.79002, 0.24384, 0.01036, 0.28680, 0.12574, 0.08693, 0.00039, 0.05432, 0.34512, 0.09026, 0.01947, 0.00160 
 1080.0, 9.34035, 0.27338, 2.39405, 4.12569, 0.00094, 0.30940, 5.22703, -0.00020, 0.98181, 0.65749, 2.45250, 0.48988, 0.02591, 0.96085, 0.22541, 0.11325, 0.00588, 0.05405, 0.32808, 0.06536, 0.02009, 0.00207 
 1140.0, 11.66934, 0.26633, 2.73382, 3.70618, 0.00447, 0.36217, 5.45079, 0.01797, 1.08309, 0.68652, 5.47371, 0.34147, 0.05230, 2.19633, 0.12089, 0.10762, 0.00572, 0.07433, 0.30855, 0.08793, 0.01716, 0.00529 
 1200.0, 10.64147, 0.26553, 2.52953, 3.16322, 0.00378, 0.26763, 5.25986, 0.00421, 1.03685, 0.66965, 1.91273, 0.27107, 0.02170, 0.75659, 0.13110, 0.08689, -0.00074, 0.07267, 0.27645, 0.06438, 0.02434, 0.00642 
 1260.0, 11.81350, 0.25072, 2.45958, 3.94212, 0.00136, 0.29472, 5.22460, -0.00020, 0.93034, 0.67752, 0.77168, 0.45392, 0.03029, 0.22513, 0.21998, 0.11966, 0.00724, 0.06816, 0.25120, 0.09272, 0.01883, 0.00701 
 1320.0, 9.82401, 0.24336, 2.31630, 2.66784, 0.00291, 0.24372, 5.37449, 0.00021, 0.85309, 0.66372, 0.53610, 0.27841, -0.00100, 0.17186, 0.12586, 0.08337, 0.00115, 0.06053, 0.34630, 0.05358, 0.01350, 0.00976 
 1380.0, 12.14820, 0.27185, 2.42978, 3.14931, 0.00074, 0.30990, 5.34887, 0.00297, 0.92418, 0.65707, 0.63778, 0.33109, 0.02357, 0.22841, 0.15610, 0.08909, -0.00074, 0.08946, 0.44085, 0.08342, 0.01319, 0.00633 
 1440.0, 11.20189, 0.25150, 2.34868, 2.94898, 0.00334, 0.26096, 5.46790, 0.01360, 0.85464, 0.70770, 0.27594, 0.36017, 0.01909, 0.09179, 0.14192, 0.12259, 0.00340, 0.05905, 0.53014, 0.05963, 0.01215, 0.00527 
 1500.0, 11.02416, 0.27138, 2.34756, 2.97522, 0.00152, 0.26875, 5.24284, 0.01094, 0.99200, 0.66655, 1.04913, 0.28965, 0.02869, 0.40454, 0.11871, 0.11406, 0.00004, 0.07794, 0.36151, 0.08656, 0.01043, 0.00672 
 1560.0, 9.61060, 0.26489, 2.30895, 2.90143, 0.00169, 0.24553, 5.16875, 0.00238, 0.91238, 0.66511, 0.29612, 0.31426, 0.02387, 0.05042, 0.12148, 0.14828, 0.00371, 0.12100, 0.33653, 0.07452, 0.01179, 0.00318 
 1620.0, 9.01640, 0.27626, 2.28781, 2.14514, 0.00252, 0.30986, 5.58658, 0.00714, 0.83492, 0.62257, 0.53291, 0.26042, 0.03084, 0.17643, 0.13720, 0.13224, 0.00601, 0.08973, 0.33855, 0.06733, 0.01337, 0.00328 
 1680.0, 9.32178, 0.24905, 2.03543, 1.92918, 0.00212, 0.22421, 5.32234, 0.00107, 0.87862, 0.63456, 0.25261, 0.23148, 0.02593, 0.05110, 0.10726, 0.06468, 0.01154, 0.05269, 0.29835, 0.05435, 0.00947, 0.00367 
 1740.0, 9.07629, 0.24862, 1.89130, 1.99687, 0.00178, 0.24113, 4.80703, 0.01634, 0.69858, 0.59761, 0.34544, 0.24816, 0.03160, 0.09899, 0.12453, 0.15748, -0.00074, 0.11085, 0.25528, 0.02518, 0.01458, 0.00598 
 1800.0, 9.56838, 0.26115, 2.24944, 3.75208, 0.00258, 0.29186, 5.24251, -0.00021, 0.67465, 0.61576, 0.26125, 0.38581, 0.01426, 0.02015, 0.18344, 0.20728, -0.00074, 0.14934, 0.38690, 0.05890, 0.01691, 0.00277 
 1860.0, 8.37874, 0.25166, 2.15076, 2.05828, 0.00142, 0.29099, 5.42080, -0.00021, 0.57965, 0.58121, 0.31168, 0.24369, -0.00102, 0.08476, 0.09596, 0.13227, -0.00074, 0.09079, 0.27857, 0.03381, 0.01801, 0.00296 
 1920.0, 9.25313, 0.28635, 2.36441, 2.31039, 0.00393, 0.28278, 5.79412, -0.00022, 0.71500, 0.59698, 0.37102, 0.25553, -0.00102, 0.15483, 0.13157, 0.11564, 0.01570, 0.08503, 0.29476, 0.04998, 0.01139, 0.00377 
 1980.0, 9.56308, 0.27443, 2.15854, 2.44796, 0.00502, 0.28504, 5.33160, 0.00612, 0.60138, 0.59555, 0.30790, 0.21843, -0.00102, 0.07834, 0.10936, 0.10536, 0.01254, 0.08364, 0.20887, 0.05723, 0.01450, 0.00253 
 2040.0, 13.78992, 0.27167, 2.26447, 6.29009, -0.00004, 0.27569, 5.04639, -0.00022, 0.94650, 0.64531, 0.20342, 0.29484, 0.02576, 0.00580, 0.12369, 0.11641, 0.01140, 0.06104, 0.30308, 0.04220, 0.01782, 0.00551 
 2100.0, 7.54901, 0.24391, 1.80855, 2.35164, 0.00231, 0.22959, 4.67563, -0.00022, 0.82209, 0.57021, 0.12510, 0.25181, 0.02431, 0.01210, 0.11996, 0.09650, -0.00074, 0.08691, 0.32459, 0.04062, 0.02186, 0.00051 
 2160.0, 10.15659, 0.26420, 2.33482, 6.14848, -0.00089, 0.28854, 5.01005, 0.01732, 1.01116, 0.63285, 1.97518, 0.27766, 0.03736, 0.77540, 0.14071, 0.11543, 0.00508, 0.10704, 0.27794, 0.04347, 0.01813, 0.00420 
 2220.0, 7.66509, 0.24854, 1.96094, 2.34828, 0.00050, 0.23932, 5.03891, 0.00572, 0.89327, 0.63861, 0.15429, 0.27666, 0.02872, 0.01521, 0.12491, 0.16043, -0.00068, 0.09972, 0.47814, 0.04428, 0.02344, 0.00217 
 2280.0, 7.70540, 0.28002, 1.70546, 2.35961, 0.00200, 0.23362, 4.62727, 0.00212, 0.96874, 0.66671, 0.32042, 0.23113, 0.03215, 0.07287, 0.12208, 0.14865, 0.00610, 0.10451, 0.33455, 0.03658, 0.02540, 0.00291 
 2340.0, 8.57248, 0.27796, 2.09471, 2.90635, 0.00237, 0.26881, 5.39690, -0.00022, 1.02798, 0.65183, 0.17903, 0.26669, 0.03079, 0.00621, 0.11627, 0.13652, -0.00074, 0.08462, 0.51637, 0.04968, 0.02065, 0.00114 
 2400.0, 9.77116, 0.26494, 2.15611, 2.67618, 0.00451, 0.27644, 5.57439, 0.01165, 1.10388, 0.69152, 0.44648, 0.27412, 0.02411, 0.13141, 0.12222, 0.13323, -0.00074, 0.08167, 0.36833, 0.04446, 0.02553, 0.00366 
 2460.0, 8.87210, 0.24425, 1.77495, 2.01979, 0.00210, 0.24891, 4.68613, 0.00584, 1.23513, 0.60898, 0.27240, 0.22554, 0.01838, 0.04940, 0.09767, 0.08856, -0.00074, 0.05382, 0.36330, 0.03913, 0.02256, 0.00258 
 2520.0, 7.54020, 0.24819, 1.55460, 1.96254, -0.00038, 0.19719, 4.49961, 0.00990, 0.97413, 0.60650, 0.37646, 0.18841, 0.00944, 0.11445, 0.09035, 0.06957, -0.00074, 0.04770, 0.24925, 0.02324, 0.01698, 0.00287 
 2580.0, 9.39806, 0.27612, 1.83848, 4.03621, 0.00087, 0.22842, 4.64553, 0.00551, 1.08171, 0.62131, 0.34066, 0.40020, 0.04036, 0.05441, 0.25012, 0.12589, -0.00074, 0.06202, 0.24532, 0.04226, 0.02358, 0.00674 
 2640.0, 8.18072, 0.24313, 1.60470, 2.04713, 0.00025, 0.21275, 4.55299, 0.00981, 1.11465, 0.60870, 0.15412, 0.23577, 0.00433, 0.02375, 0.09311, 0.07759, 0.00545, 0.05803, 0.29524, 0.03044, 0.01920, 0.00483 
 2700.0, 8.31135, 0.25806, 1.62417, 2.54883, 0.00773, 0.25385, 4.60022, 0.00434, 1.23160, 0.58196, 0.32214, 0.25448, 0.02205, 0.09835, 0.10808, 0.09621, -0.00031, 0.05813, 0.35410, 0.05336, 0.02591, 0.00342 
 2760.0, 8.81490, 0.24445, 1.97372, 2.26163, -0.00087, 0.21984, 4.57288, 0.01018, 1.09980, 0.57729, 0.14691, 0.27805, -0.00105, 0.02044, 0.13332, 0.07963, -0.00074, 0.04538, 0.21636, 0.03659, 0.02406, 0.00604 
 2820.0, 9.13851, 0.26611, 2.25465, 5.37771, 0.00429, 0.28984, 4.83371, 0.01304, 1.15122, 0.60534, 1.69471, 0.56261, 0.01483, 0.58020, 0.33027, 0.13862, -0.00074, 0.04936, 0.20390, 0.06418, 0.02034, 0.00775 
 2880.0, 9.05673, 0.29209, 2.14716, 3.27955, 0.00024, 0.24650, 4.53850, -0.00023, 1.08104, 0.51413, 1.99714, 0.25290, -0.00105, 0.80759, 0.15218, 0.07819, -0.00074, 0.02798, 0.12651, 0.05058, 0.01514, 0.00207 
 2940.0, 6.74984, 0.24976, 1.74225, 2.31754, 0.00027, 0.21377, 4.43893, 0.00382, 0.75487, 0.49541, 0.14555, 0.19088, -0.00105, 0.02630, 0.12238, 0.05095, -0.00074, 0.04273, 0.17666, 0.03726, 0.01948, 0.00515 
 3000.0, 6.80206, 0.25568, 1.76915, 2.50738, 0.00237, 0.22376, 4.45797, -0.00024, 0.80313, 0.49970, 0.33421, 0.20599, -0.00105, 0.11776, 0.10499, 0.05429, 0.00664, 0.01418, 0.16669, 0.03212, 0.01626, 0.00370 
 3060.0, 9.36265, 0.25218, 1.94820, 3.47303, 0.00886, 0.25084, 4.66054, 0.01107, 0.99044, 0.52008, 0.37773, 0.30876, 0.02201, 0.08356, 0.11187, 0.05423, -0.00074, 0.04563, 0.20995, 0.06302, 0.01308, 0.00560 
 3120.0, 8.08677, 0.24683, 1.60358, 2.10294, 0.00199, 0.20654, 4.50422, -0.00024, 0.88552, 0.52443, 0.54898, 0.17881, -0.00106, 0.22396, 0.08535, 0.05655, 0.00897, 0.04332, 0.20181, 0.03950, 0.01563, 0.00412 
 3180.0, 7.53979, 0.26565, 1.36787, 1.63232, 0.00521, 0.21112, 4.44679, 0.01669, 0.93541, 0.54001, 0.37004, 0.18629, -0.00106, 0.11801, 0.07965, 0.04533, -0.00074, 0.03092, 0.17697, 0.01888, 0.01856, 0.00453 
 3240.0, 8.56796, 0.25956, 1.71779, 2.53620, 0.00261, 0.23422, 4.65978, 0.01533, 1.06780, 0.57430, 1.93465, 0.19780, 0.01841, 0.76552, 0.09706, 0.04607, -0.00074, 0.03648, 0.23675, 0.03299, 0.01185, 0.00323 
 3300.0, 8.50009, 0.24766, 1.75595, 2.31939, 0.00056, 0.23315, 4.68464, 0.00653, 1.11497, 0.58335, 0.24117, 0.23658, -0.00106, 0.06750, 0.09367, 0.05201, -0.00074, 0.04782, 0.32734, 0.07189, 0.01205, 0.00286 
 3360.0, 8.44653, 0.26193, 1.49455, 2.37003, 0.00011, 0.20232, 4.47165, 0.00820, 1.06953, 0.55623, 0.33697, 0.21077, -0.00107, 0.10133, 0.08308, 0.04208, -0.00074, 0.04974, 0.32807, 0.03175, 0.01237, 0.00369 
 3420.0, 6.85698, 0.26340, 1.35159, 1.80571, 0.00099, 0.23096, 4.26208, -0.00024, 0.89014, 0.47277, 0.15932, 0.13891, 0.00632, 0.01803, 0.07087, 0.03207, -0.00074, 0.03687, 0.13634, 0.02987, 0.00916, 0.00219 
 3480.0, 7.23114, 0.26579, 1.33591, 1.57099, 0.00145, 0.19140, 4.32972, 0.00807, 0.81149, 0.47746, 0.15073, 0.15884, 0.01199, 0.02645, 0.06234, 0.03401, 0.00546, 0.02792, 0.16675, 0.01750, 0.00877, 0.00389 
 3540.0, 7.94857, 0.26965, 1.64849, 2.77478, 0.00254, 0.24339, 4.52850, 0.01233, 0.84047, 0.46785, 0.12054, 0.22665, -0.00107, -0.00077, 0.10287, 0.04707, -0.00074, 0.03745, 0.31144, 0.02163, 0.01251, 0.00579 
 3600.0, 7.39530, 0.25423, 1.37271, 1.94835, 0.00105, 0.19595, 4.28793, 0.00418, 0.88451, 0.43830, 0.53545, 0.16424, 0.00112, 0.20138, 0.07973, 0.03791, -0.00074, 0.02828, 0.26561, 0.03827, 0.02205, 0.00262 
 3660.0, 8.35647, 0.26561, 1.63167, 12.46020, 0.00103, 0.21157, 4.36721, -0.00025, 1.00420, 0.48158, 0.38033, 0.16812, 0.00653, 0.12150, 0.08319, 0.06365, -0.00074, 0.03699, 0.21929, 0.03772, 0.01356, 0.00311 
 3720.0, 9.05616, 0.26325, 1.65484, 4.68177, 0.00101, 0.21938, 4.47784, -0.00025, 0.93566, 0.50372, 0.23173, 0.18882, 0.01557, 0.04292, 0.09650, 0.07620, -0.00074, 0.05996, 0.25302, 0.03773, 0.01974, 0.00298 
 3780.0, 9.94480, 0.26593, 1.82327, 3.31171, -0.00026, 0.27690, 4.67728, -0.00025, 0.90306, 0.49627, 0.17256, 0.24080, 0.01461, 0.02142, 0.12933, 0.08907, 0.00533, 0.06540, 0.35007, 0.06973, 0.01485, 0.00566 
 3840.0, 7.63363, 0.25838, 1.44636, 1.96769, 0.00509, 0.21172, 4.37512, 0.00658, 0.83765, 0.44621, 0.17396, 0.20913, 0.01594, 0.03162, 0.09975, 0.06762, 0.00096, 0.03526, 0.36669, 0.02897, 0.01524, 0.00250 
 3900.0, 7.12430, 0.26424, 1.26280, 1.65612, 0.00341, 0.16441, 4.32685, 0.00491, 0.69262, 0.40995, 0.70141, 0.18393, 0.02502, 0.25959, 0.06945, 0.04878, -0.00074, 0.02750, 0.23680, 0.04700, 0.01759, 0.00029 
 3960.0, 8.33960, 0.25143, 1.27392, 2.58284, 0.00114, 0.17252, 4.25563, 0.01259, 0.71271, 0.42916, 0.30623, 0.14976, 0.01719, 0.09195, 0.05432, 0.04347, -0.00074, 0.02459, 0.24482, 0.03208, 0.02416, 0.00158 
 4020.0, 7.44356, 0.24270, 1.25979, 2.06016, 0.00289, 0.18875, 4.30483, 0.01729, 0.69980, 0.40307, 0.27156, 0.15046, -0.00109, 0.08414, 0.07352, 0.03278, -0.00074, 0.03448, 0.22476, 0.02078, 0.01546, 0.00048 
 4080.0, 8.51554, 0.25171, 1.81265, 3.93757, 0.00408, 0.21212, 4.32120, 0.00772, 0.87431, 0.40717, 0.52288, 0.21693, 0.00964, 0.15828, 0.10880, 0.04868, -0.00074, 0.02722, 0.30057, 0.04551, 0.01723, 0.00471 
 4140.0, 7.10605, 0.26041, 1.28914, 2.23700, 0.00026, 0.19814, 4.33140, 0.01101, 0.90062, 0.41648, 0.23797, 0.17657, 0.00864, 0.05013, 0.08765, 0.03430, -0.00074, 0.01610, 0.24031, 0.03339, 0.01605, 0.00229 
 4200.0, 7.43398, 0.23885, 1.18151, 2.01890, 0.00035, 0.18994, 4.22955, 0.01367, 0.81687, 0.37450, 1.03448, 0.15497, 0.01609, 0.40384, 0.07135, 0.02738, 0.01313, 0.00721, 0.22347, 0.02531, 0.01659, 0.00222 
 4260.0, 9.43573, 0.26276, 1.34707, 2.47401, 0.00340, 0.18390, 4.32315, 0.01325, 0.74834, 0.40931, 0.55459, 0.17506, 0.01511, 0.21118, 0.09762, 0.04305, 0.00472, 0.03489, 0.22754, 0.05014, 0.01683, 0.00297 
 4320.0, -9999.00000, -9999.00000, -9999.00000, -9999.00000, -9999.00000, -9999.00000, -9999.00000, -9999.00000, -9999.00000, -9999.00000, -9999.00000, -9999.00000, -9999.00000, -9999.00000, -9999.00000, -9999.00000, -9999.00000, -9999.00000, -9999.00000, -9999.00000, -9999.00000, -9999.00000 
 4380.0, -9999.00000, -9999.00000, -9999.00000, -9999.00000, -9999.00000, -9999.00000, -9999.00000, -9999.00000, -9999.00000, -9999.00000, -9999.00000, -9999.00000, -9999.00000, -9999.00000, -9999.00000, -9999.00000, -9999.00000, -9999.00000, -9999.00000, -9999.00000, -9999.00000, -9999.00000 
 4440.0, -9999.00000, -9999.00000, -9999.00000, -9999.00000, -9999.00000, -9999.00000, -9999.00000, -9999.00000, -9999.00000, -9999.00000, -9999.00000, -9999.00000, -9999.00000, -9999.00000, -9999.00000, -9999.00000, -9999.00000, -9999.00000, -9999.00000, -9999.00000, -9999.00000, -9999.00000 
