CampaignData_and_Merges/R0/CSL_MobileLab_Parked/raw/20240718/USOS-O3_MobileLabGround_20240718_R0.ict
34, 1001
Carrie Womack
NOAA Chemical Sciences Laboratory
2B Tech O3 UV Analyzer
USOS
1, 1
2024, 07, 18, 2024, 12, 21
60
Time_Start, seconds_past_midnight, Seconds from midnight UTC
1
1
-9999
O3_ppb, ppb, Ozone from 2B Tech UV Analyzer
1
SPECIAL COMMENTS:
18
PI_CONTACT_INFO: Address: 325 Broadway R/CSL7, Boulder, CO, 80305
PLATFORM: CSL Mobile Lab
LOCATION: Salt Lake City, UT
ASSOCIATED_DATA: N/A
INSTRUMENT_INFO: N/A
DATA_INFO: Units:
UNCERTAINTY: N/A
ULOD_FLAG: -7777
ULOD_VALUE: N/A
LLOD_FLAG: -8888
LLOD_VALUE: N/A
DM_CONTACT_INFO: Data Manager: Nate Howard
PROJECT_INFO: 
STIPULATIONS_ON_USE: Use of these data require prior ok from PI.
OTHER_COMMENTS: N/A
REVISION: R0
R0: Final data. RA: Preliminary Data.  For in-field use only.
Time_Start, O3_ppb
0.0,87.4
60.0,86.8
120.0,87.2
180.0,88.3
240.0,87.1
300.0,87.6
360.0,85.1
420.0,83.4
480.0,82.9
540.0,82.3
600.0,83.1
660.0,81.8
720.0,79.9
780.0,78.8
840.0,80.4
900.0,80.6
960.0,81.4
1020.0,79.3
1080.0,79.5
1140.0,77.2
1200.0,77.9
1260.0,78.3
1320.0,78.2
1380.0,78.2
1440.0,78.3
1500.0,77.7
1560.0,80.3
1620.0,80.8
1680.0,81.9
1740.0,82.9
1800.0,82.2
1860.0,81.8
1920.0,82.8
1980.0,82.9
2040.0,80.5
2100.0,80.7
2160.0,79.2
2220.0,78.9
2280.0,79.4
2340.0,80.2
2400.0,79.8
2460.0,79.3
2520.0,79.7
2580.0,81.2
2640.0,80.0
2700.0,79.2
2760.0,78.6
2820.0,78.6
2880.0,80.9
2940.0,80.8
3000.0,80.0
3060.0,77.5
3120.0,80.1
3180.0,79.9
3240.0,78.2
3300.0,77.7
3360.0,79.2
3420.0,79.4
3480.0,80.4
3540.0,79.1
3600.0,78.8
3660.0,77.4
3720.0,76.5
3780.0,76.6
3840.0,77.7
3900.0,77.2
3960.0,77.0
4020.0,77.0
4080.0,78.1
4140.0,78.1
4200.0,78.4
4260.0,76.8
4320.0,77.8
4380.0,77.5
4440.0,78.4
4500.0,77.1
4560.0,76.4
4620.0,76.4
4680.0,77.6
4740.0,76.2
4800.0,73.9
4860.0,72.9
4920.0,75.0
4980.0,74.8
5040.0,74.4
5100.0,74.4
5160.0,73.6
5220.0,72.7
5280.0,71.6
5340.0,73.3
5400.0,72.5
5460.0,71.1
5520.0,72.1
5580.0,71.2
5640.0,68.6
5700.0,70.3
5760.0,71.7
5820.0,70.2
5880.0,71.7
5940.0,70.4
6000.0,70.4
6060.0,70.7
6120.0,71.4
6180.0,69.7
6240.0,70.5
6300.0,70.4
6360.0,70.9
6420.0,72.0
6480.0,71.1
6540.0,70.4
6600.0,70.8
6660.0,70.6
6720.0,70.7
6780.0,68.1
6840.0,66.9
6900.0,68.6
6960.0,70.0
7020.0,70.1
7080.0,69.4
7140.0,71.2
7200.0,72.1
7260.0,71.4
7320.0,69.3
7380.0,68.7
7440.0,68.2
7500.0,68.2
7560.0,67.5
7620.0,68.3
7680.0,67.5
7740.0,66.9
7800.0,68.4
7860.0,67.7
7920.0,66.9
7980.0,66.7
8040.0,67.9
8100.0,67.3
8160.0,67.9
8220.0,68.8
8280.0,66.0
8340.0,65.9
8400.0,67.4
8460.0,66.9
8520.0,66.6
8580.0,66.0
8640.0,64.4
8700.0,65.6
8760.0,64.7
8820.0,64.1
8880.0,64.7
8940.0,65.1
9000.0,64.6
9060.0,63.3
9120.0,62.4
9180.0,63.8
9240.0,65.7
9300.0,65.5
9360.0,63.5
9420.0,64.3
9480.0,62.7
9540.0,60.5
9600.0,61.1
9660.0,58.5
9720.0,59.9
9780.0,61.9
9840.0,61.1
9900.0,61.3
9960.0,61.2
10020.0,62.0
10080.0,61.9
10140.0,60.3
10200.0,60.7
10260.0,59.6
10320.0,58.8
10380.0,58.4
10440.0,57.8
10500.0,58.9
10560.0,59.0
10620.0,59.7
10680.0,58.9
10740.0,58.0
10800.0,58.4
10860.0,60.4
10920.0,61.2
10980.0,61.0
11040.0,59.0
11100.0,58.5
11160.0,58.2
11220.0,57.8
11280.0,57.0
11340.0,55.6
11400.0,57.8
11460.0,58.4
11520.0,57.7
11580.0,57.1
11640.0,57.3
11700.0,58.7
11760.0,56.2
11820.0,56.6
11880.0,56.9
11940.0,57.3
12000.0,57.2
12060.0,57.8
12120.0,57.4
12180.0,57.9
12240.0,58.0
12300.0,58.4
12360.0,57.5
12420.0,57.5
12480.0,56.6
12540.0,56.1
12600.0,56.4
12660.0,56.0
12720.0,57.3
12780.0,55.6
12840.0,56.3
12900.0,55.9
12960.0,55.4
13020.0,56.1
13080.0,54.5
13140.0,52.1
13200.0,53.7
13260.0,54.5
13320.0,57.7
13380.0,59.2
13440.0,66.4
13500.0,67.8
13560.0,69.0
13620.0,67.0
13680.0,65.9
13740.0,65.0
13800.0,65.9
13860.0,63.8
13920.0,63.8
13980.0,62.6
14040.0,62.6
14100.0,63.8
14160.0,63.1
14220.0,61.9
14280.0,63.4
14340.0,63.3
14400.0,62.0
14460.0,62.2
14520.0,63.1
14580.0,62.9
14640.0,62.8
14700.0,64.0
14760.0,64.7
14820.0,64.2
14880.0,62.3
14940.0,60.5
15000.0,62.2
15060.0,61.6
15120.0,61.3
15180.0,61.2
15240.0,61.5
15300.0,61.0
15360.0,60.5
15420.0,59.0
15480.0,51.2
15540.0,57.8
15600.0,60.8
15660.0,61.4
15720.0,60.5
15780.0,61.1
15840.0,59.9
15900.0,60.3
15960.0,60.5
16020.0,59.9
16080.0,60.0
16140.0,60.6
16200.0,58.4
16260.0,59.1
16320.0,59.1
16380.0,59.0
16440.0,55.6
16500.0,54.5
16560.0,55.9
16620.0,56.6
16680.0,55.6
16740.0,55.0
16800.0,53.5
16860.0,55.3
16920.0,54.6
16980.0,54.0
17040.0,55.8
17100.0,55.3
17160.0,53.6
17220.0,54.4
17280.0,54.6
17340.0,48.7
17400.0,45.0
17460.0,50.0
17520.0,44.9
17580.0,48.0
17640.0,55.0
17700.0,50.4
17760.0,52.5
17820.0,52.1
17880.0,58.0
17940.0,58.9
18000.0,55.9
18060.0,59.5
18120.0,60.9
18180.0,59.2
18240.0,58.7
18300.0,58.8
18360.0,58.5
18420.0,57.4
18480.0,58.6
18540.0,58.7
18600.0,59.5
18660.0,57.4
18720.0,58.2
18780.0,56.6
18840.0,57.3
18900.0,56.3
18960.0,57.4
19020.0,56.9
19080.0,57.3
19140.0,55.4
19200.0,55.0
19260.0,56.8
19320.0,61.0
19380.0,61.1
19440.0,59.6
19500.0,59.3
19560.0,60.7
19620.0,61.3
19680.0,60.1
19740.0,60.0
19800.0,58.0
19860.0,59.2
19920.0,59.0
19980.0,57.5
20040.0,54.8
20100.0,56.4
20160.0,60.0
20220.0,61.6
20280.0,60.2
20340.0,60.3
20400.0,59.3
20460.0,59.7
20520.0,58.5
20580.0,58.9
20640.0,58.7
20700.0,58.1
20760.0,58.2
20820.0,58.4
20880.0,61.2
20940.0,60.7
21000.0,59.4
21060.0,60.6
21120.0,61.6
21180.0,61.2
21240.0,60.7
21300.0,62.4
21360.0,62.2
21420.0,63.2
21480.0,62.4
21540.0,63.5
21600.0,62.6
21660.0,61.9
21720.0,62.9
21780.0,61.9
21840.0,63.0
21900.0,61.5
21960.0,63.3
22020.0,62.8
22080.0,63.2
22140.0,63.1
22200.0,62.6
22260.0,61.5
22320.0,63.0
22380.0,63.3
22440.0,62.1
22500.0,62.4
22560.0,61.8
22620.0,63.9
22680.0,63.5
22740.0,62.8
22800.0,62.9
22860.0,61.1
22920.0,61.0
22980.0,63.9
23040.0,62.6
23100.0,62.3
23160.0,64.2
23220.0,63.5
23280.0,63.2
23340.0,63.6
23400.0,63.4
23460.0,62.6
23520.0,63.1
23580.0,62.2
23640.0,61.9
23700.0,63.3
23760.0,62.0
23820.0,62.1
23880.0,61.4
23940.0,62.3
24000.0,61.5
24060.0,61.8
24120.0,61.4
24180.0,62.1
24240.0,61.2
24300.0,60.7
24360.0,61.5
24420.0,61.7
24480.0,60.8
24540.0,61.2
24600.0,60.9
24660.0,60.8
24720.0,60.5
24780.0,59.8
24840.0,61.2
24900.0,59.8
24960.0,60.0
25020.0,61.4
25080.0,60.3
25140.0,60.7
25200.0,59.3
25260.0,59.6
25320.0,60.6
25380.0,59.1
25440.0,59.7
25500.0,59.3
25560.0,59.2
25620.0,58.7
25680.0,58.7
25740.0,58.5
25800.0,58.8
25860.0,58.9
25920.0,58.3
25980.0,58.9
26040.0,57.9
26100.0,57.9
26160.0,57.7
26220.0,57.8
26280.0,58.5
26340.0,57.0
26400.0,59.0
26460.0,58.1
26520.0,57.5
26580.0,58.9
26640.0,57.8
26700.0,57.4
26760.0,56.4
26820.0,57.8
26880.0,58.3
26940.0,58.8
27000.0,59.0
27060.0,57.5
27120.0,58.5
27180.0,57.4
27240.0,57.0
27300.0,56.3
27360.0,57.8
27420.0,57.2
27480.0,56.4
27540.0,56.6
27600.0,57.4
27660.0,56.8
27720.0,58.3
27780.0,57.9
27840.0,57.3
27900.0,56.5
27960.0,56.6
28020.0,57.6
28080.0,57.1
28140.0,56.9
28200.0,57.2
28260.0,58.0
28320.0,58.1
28380.0,57.5
28440.0,57.3
28500.0,58.3
28560.0,57.8
28620.0,56.8
28680.0,57.2
28740.0,57.8
28800.0,57.2
28860.0,56.6
28920.0,52.3
28980.0,57.3
29040.0,57.9
29100.0,56.6
29160.0,56.5
29220.0,57.9
29280.0,56.1
29340.0,57.6
29400.0,57.0
29460.0,57.1
29520.0,56.3
29580.0,56.9
29640.0,57.0
29700.0,56.7
29760.0,57.0
29820.0,58.7
29880.0,57.7
29940.0,57.8
30000.0,57.3
30060.0,57.4
30120.0,58.4
30180.0,57.8
30240.0,56.9
30300.0,57.1
30360.0,57.7
30420.0,57.0
30480.0,56.4
30540.0,57.1
30600.0,57.4
30660.0,57.3
30720.0,57.5
30780.0,55.9
30840.0,55.8
30900.0,56.5
30960.0,55.5
31020.0,56.5
31080.0,56.8
31140.0,56.9
31200.0,56.7
31260.0,56.8
31320.0,56.7
31380.0,57.0
31440.0,56.5
31500.0,56.5
31560.0,57.0
31620.0,56.8
31680.0,56.8
31740.0,57.3
31800.0,56.3
31860.0,56.6
31920.0,57.2
31980.0,57.1
32040.0,56.6
32100.0,56.3
32160.0,56.4
32220.0,55.2
32280.0,57.3
32340.0,56.8
32400.0,57.6
32460.0,57.0
32520.0,57.0
32580.0,57.4
32640.0,56.3
32700.0,56.8
32760.0,55.7
32820.0,55.6
32880.0,53.7
32940.0,55.5
33000.0,55.4
33060.0,55.3
33120.0,54.8
33180.0,55.0
33240.0,56.1
33300.0,56.0
33360.0,56.3
33420.0,56.5
33480.0,56.1
33540.0,56.7
33600.0,56.4
33660.0,56.4
33720.0,55.8
33780.0,56.2
33840.0,56.2
33900.0,55.3
33960.0,56.4
34020.0,56.3
34080.0,56.9
34140.0,55.9
34200.0,55.5
34260.0,56.0
34320.0,55.5
34380.0,55.9
34440.0,56.5
34500.0,56.4
34560.0,56.3
34620.0,56.2
34680.0,56.2
34740.0,55.7
34800.0,56.1
34860.0,56.3
34920.0,56.2
34980.0,56.2
35040.0,55.8
35100.0,56.8
35160.0,56.4
35220.0,56.9
35280.0,56.3
35340.0,56.2
35400.0,56.3
35460.0,56.2
35520.0,55.7
35580.0,55.4
35640.0,55.5
35700.0,56.2
35760.0,55.7
35820.0,55.7
35880.0,55.5
35940.0,54.7
36000.0,55.2
36060.0,55.6
36120.0,55.7
36180.0,55.0
36240.0,55.7
36300.0,56.5
36360.0,56.2
36420.0,56.1
36480.0,56.3
36540.0,56.3
36600.0,56.1
36660.0,55.8
36720.0,55.0
36780.0,56.6
36840.0,56.2
36900.0,56.4
36960.0,55.8
37020.0,56.3
37080.0,55.7
37140.0,56.6
37200.0,56.2
37260.0,56.0
37320.0,56.1
37380.0,56.0
37440.0,56.5
37500.0,54.9
37560.0,55.5
37620.0,55.7
37680.0,55.2
37740.0,55.8
37800.0,56.1
37860.0,55.6
37920.0,55.5
37980.0,55.6
38040.0,55.6
38100.0,55.9
38160.0,56.0
38220.0,55.7
38280.0,55.9
38340.0,56.1
38400.0,54.8
38460.0,52.7
38520.0,52.0
38580.0,54.7
38640.0,49.4
38700.0,53.2
38760.0,52.9
38820.0,53.0
38880.0,53.5
38940.0,53.1
39000.0,54.3
39060.0,54.9
39120.0,55.7
39180.0,54.5
39240.0,55.3
39300.0,55.3
39360.0,56.1
39420.0,55.3
39480.0,56.0
39540.0,55.5
39600.0,55.2
39660.0,56.1
39720.0,55.6
39780.0,56.5
39840.0,55.6
39900.0,54.4
39960.0,55.9
40020.0,56.3
40080.0,55.6
40140.0,54.4
40200.0,55.2
40260.0,54.8
40320.0,53.8
40380.0,55.0
40440.0,54.8
40500.0,54.9
40560.0,55.5
40620.0,54.7
40680.0,54.9
40740.0,53.5
40800.0,55.0
40860.0,55.6
40920.0,51.7
40980.0,52.9
41040.0,51.4
41100.0,49.2
41160.0,46.6
41220.0,47.3
41280.0,46.5
41340.0,45.6
41400.0,47.1
41460.0,49.0
41520.0,45.6
41580.0,44.8
41640.0,44.5
41700.0,43.2
41760.0,42.9
41820.0,42.0
41880.0,40.1
41940.0,41.6
42000.0,40.0
42060.0,41.4
42120.0,41.8
42180.0,42.6
42240.0,42.3
42300.0,42.5
42360.0,42.2
42420.0,41.3
42480.0,42.4
42540.0,42.6
42600.0,42.4
42660.0,42.3
42720.0,41.8
42780.0,41.3
42840.0,41.0
42900.0,41.0
42960.0,40.4
43020.0,38.7
43080.0,38.3
43140.0,39.6
43200.0,37.9
43260.0,38.8
43320.0,37.7
43380.0,36.1
43440.0,36.5
43500.0,35.8
43560.0,37.5
43620.0,39.4
43680.0,39.4
43740.0,37.3
43800.0,39.5
43860.0,41.6
43920.0,43.5
43980.0,44.9
44040.0,43.4
44100.0,47.9
44160.0,47.5
44220.0,48.4
44280.0,49.6
44340.0,47.7
44400.0,50.1
44460.0,48.7
44520.0,48.2
44580.0,49.8
44640.0,47.0
44700.0,46.0
44760.0,41.5
44820.0,35.2
44880.0,29.0
44940.0,28.2
45000.0,29.4
45060.0,30.1
45120.0,30.0
45180.0,29.0
45240.0,26.8
45300.0,31.6
45360.0,35.4
45420.0,34.6
45480.0,40.9
45540.0,32.7
45600.0,36.0
45660.0,38.7
45720.0,40.2
45780.0,40.9
45840.0,44.0
45900.0,46.3
45960.0,47.5
46020.0,47.6
46080.0,47.0
46140.0,48.4
46200.0,47.2
46260.0,47.4
46320.0,46.8
46380.0,45.1
46440.0,46.0
46500.0,42.0
46560.0,38.3
46620.0,39.0
46680.0,42.3
46740.0,38.0
46800.0,38.6
46860.0,43.8
46920.0,39.4
46980.0,29.0
47040.0,32.9
47100.0,33.2
47160.0,32.5
47220.0,33.2
47280.0,33.2
47340.0,33.2
47400.0,34.2
47460.0,33.5
47520.0,33.8
47580.0,39.0
47640.0,41.8
47700.0,39.5
47760.0,40.7
47820.0,40.8
47880.0,37.9
47940.0,41.2
48000.0,43.9
48060.0,41.0
48120.0,42.0
48180.0,42.7
48240.0,41.0
48300.0,39.1
48360.0,42.1
48420.0,42.5
48480.0,41.9
48540.0,42.9
48600.0,43.6
48660.0,46.5
48720.0,45.8
48780.0,46.0
48840.0,42.8
48900.0,40.6
48960.0,42.1
49020.0,42.5
49080.0,45.2
49140.0,46.9
49200.0,47.2
49260.0,45.6
49320.0,51.4
49380.0,45.6
49440.0,43.4
49500.0,45.8
49560.0,48.6
49620.0,47.6
49680.0,47.8
49740.0,47.5
49800.0,48.0
49860.0,47.2
49920.0,46.7
49980.0,45.7
50040.0,46.6
50100.0,46.8
50160.0,45.9
50220.0,45.4
50280.0,44.8
50340.0,43.6
50400.0,44.0
50460.0,43.1
50520.0,40.9
50580.0,41.9
50640.0,42.0
50700.0,41.7
50760.0,41.5
50820.0,41.2
50880.0,40.5
50940.0,41.6
51000.0,43.2
51060.0,44.2
51120.0,42.5
51180.0,42.3
51240.0,40.8
51300.0,40.5
51360.0,37.8
51420.0,40.3
51480.0,38.3
51540.0,37.8
51600.0,38.5
51660.0,39.3
51720.0,39.4
51780.0,40.5
51840.0,39.3
51900.0,39.4
51960.0,41.1
52020.0,37.9
52080.0,33.7
52140.0,37.5
52200.0,39.1
52260.0,36.9
52320.0,42.4
52380.0,40.2
52440.0,39.0
52500.0,42.3
52560.0,38.3
52620.0,34.2
52680.0,40.1
52740.0,37.8
52800.0,37.4
52860.0,41.2
52920.0,42.2
52980.0,44.7
53040.0,43.6
53100.0,41.3
53160.0,44.6
53220.0,46.6
53280.0,46.7
53340.0,45.4
53400.0,43.5
53460.0,46.0
53520.0,45.9
53580.0,46.4
53640.0,45.4
53700.0,45.4
53760.0,43.6
53820.0,44.4
53880.0,43.8
53940.0,47.7
54000.0,46.3
54060.0,47.1
54120.0,46.2
54180.0,46.1
54240.0,44.0
54300.0,40.0
54360.0,40.1
54420.0,41.5
54480.0,43.4
54540.0,45.4
54600.0,47.0
54660.0,45.2
54720.0,44.0
54780.0,43.7
54840.0,42.7
54900.0,44.5
54960.0,47.3
55020.0,45.5
55080.0,50.3
55140.0,50.6
55200.0,51.6
55260.0,50.9
55320.0,51.6
55380.0,50.4
55440.0,48.7
55500.0,48.7
55560.0,46.6
55620.0,46.4
55680.0,43.3
55740.0,45.6
55800.0,47.2
55860.0,46.0
55920.0,44.0
55980.0,43.8
56040.0,44.2
56100.0,46.2
56160.0,45.7
56220.0,48.6
56280.0,49.3
56340.0,49.0
56400.0,49.9
56460.0,49.7
56520.0,50.7
56580.0,50.2
56640.0,49.5
56700.0,48.5
56760.0,48.2
56820.0,46.3
56880.0,52.3
56940.0,51.5
57000.0,51.3
57060.0,52.5
57120.0,53.9
57180.0,55.0
57240.0,55.6
57300.0,54.1
57360.0,56.1
57420.0,54.5
57480.0,54.1
57540.0,54.7
57600.0,55.7
57660.0,56.4
57720.0,57.1
57780.0,-9999.0
57840.0,-9999.0
57900.0,-9999.0
57960.0,-9999.0
58020.0,-9999.0
58080.0,-9999.0
58140.0,-9999.0
58200.0,-9999.0
58260.0,55.4
58320.0,55.8
58380.0,55.9
58440.0,55.6
58500.0,55.9
58560.0,56.7
58620.0,55.5
58680.0,55.6
58740.0,57.4
58800.0,58.8
58860.0,59.7
58920.0,58.9
58980.0,58.5
59040.0,59.6
59100.0,58.2
59160.0,56.9
59220.0,59.9
59280.0,59.7
59340.0,59.5
59400.0,60.0
59460.0,59.3
59520.0,61.1
59580.0,60.6
59640.0,58.5
59700.0,54.8
59760.0,54.5
59820.0,55.3
59880.0,58.0
59940.0,61.2
60000.0,62.4
60060.0,62.7
60120.0,63.7
60180.0,63.7
60240.0,63.6
60300.0,63.3
60360.0,63.4
60420.0,63.1
60480.0,62.2
60540.0,63.4
60600.0,63.4
60660.0,60.6
60720.0,62.1
60780.0,65.2
60840.0,63.3
60900.0,62.2
60960.0,64.4
61020.0,64.3
61080.0,65.6
61140.0,65.2
61200.0,66.9
61260.0,67.2
61320.0,65.6
61380.0,65.7
61440.0,65.9
61500.0,65.3
61560.0,64.4
61620.0,65.0
61680.0,67.3
61740.0,66.8
61800.0,67.5
61860.0,66.0
61920.0,64.6
61980.0,66.0
62040.0,64.2
62100.0,65.0
62160.0,66.2
62220.0,66.0
62280.0,68.1
62340.0,66.2
62400.0,61.5
62460.0,65.9
62520.0,67.0
62580.0,67.9
62640.0,67.8
62700.0,66.6
62760.0,62.4
62820.0,59.3
62880.0,61.2
62940.0,63.2
63000.0,67.9
63060.0,70.7
63120.0,72.2
63180.0,72.3
63240.0,71.0
63300.0,67.4
63360.0,71.8
63420.0,72.0
63480.0,70.9
63540.0,73.5
63600.0,74.0
63660.0,72.9
63720.0,75.9
63780.0,76.4
63840.0,75.6
63900.0,75.8
63960.0,74.5
64020.0,77.6
64080.0,78.1
64140.0,78.1
64200.0,78.3
64260.0,79.1
64320.0,79.0
64380.0,79.3
64440.0,79.5
64500.0,77.9
64560.0,77.9
64620.0,78.4
64680.0,78.6
64740.0,79.3
64800.0,79.5
64860.0,78.8
64920.0,78.6
64980.0,76.2
65040.0,76.0
65100.0,77.8
65160.0,70.4
65220.0,75.1
65280.0,72.0
65340.0,73.6
65400.0,69.9
65460.0,70.6
65520.0,75.0
65580.0,77.9
65640.0,78.8
65700.0,79.5
65760.0,78.9
65820.0,79.7
65880.0,59.7
65940.0,77.5
66000.0,76.3
66060.0,80.1
66120.0,79.5
66180.0,77.1
66240.0,80.1
66300.0,76.5
66360.0,74.9
66420.0,79.5
66480.0,75.9
66540.0,73.3
66600.0,78.4
66660.0,80.7
66720.0,78.6
66780.0,79.4
66840.0,78.3
66900.0,81.9
66960.0,78.7
67020.0,83.7
67080.0,82.3
67140.0,84.0
67200.0,84.6
67260.0,81.9
67320.0,81.3
67380.0,76.6
67440.0,81.7
67500.0,80.6
67560.0,76.2
67620.0,76.2
67680.0,-9999.0
67740.0,-9999.0
67800.0,-9999.0
67860.0,-9999.0
67920.0,-9999.0
67980.0,-9999.0
68040.0,-9999.0
68100.0,-9999.0
68160.0,-9999.0
68220.0,-9999.0
68280.0,-9999.0
68340.0,-9999.0
68400.0,-9999.0
68460.0,-9999.0
68520.0,-9999.0
68580.0,-9999.0
68640.0,-9999.0
68700.0,-9999.0
68760.0,-9999.0
68820.0,-9999.0
68880.0,-9999.0
68940.0,-9999.0
69000.0,-9999.0
69060.0,-9999.0
69120.0,-9999.0
69180.0,-9999.0
69240.0,-9999.0
69300.0,-9999.0
69360.0,-9999.0
69420.0,-9999.0
69480.0,-9999.0
69540.0,-9999.0
69600.0,-9999.0
69660.0,-9999.0
69720.0,-9999.0
69780.0,-9999.0
69840.0,-9999.0
69900.0,-9999.0
69960.0,-9999.0
70020.0,-9999.0
70080.0,-9999.0
70140.0,-9999.0
70200.0,-9999.0
70260.0,-9999.0
70320.0,-9999.0
70380.0,-9999.0
70440.0,-9999.0
70500.0,-9999.0
70560.0,-9999.0
70620.0,-9999.0
70680.0,-9999.0
70740.0,-9999.0
70800.0,-9999.0
70860.0,-9999.0
70920.0,-9999.0
70980.0,-9999.0
71040.0,-9999.0
71100.0,-9999.0
71160.0,-9999.0
71220.0,-9999.0
71280.0,-9999.0
71340.0,-9999.0
71400.0,-9999.0
71460.0,-9999.0
71520.0,-9999.0
71580.0,-9999.0
71640.0,-9999.0
71700.0,-9999.0
71760.0,-9999.0
71820.0,-9999.0
71880.0,-9999.0
71940.0,-9999.0
72000.0,-9999.0
72060.0,-9999.0
72120.0,-9999.0
72180.0,-9999.0
72240.0,-9999.0
72300.0,-9999.0
72360.0,-9999.0
72420.0,-9999.0
72480.0,-9999.0
72540.0,-9999.0
72600.0,-9999.0
72660.0,-9999.0
72720.0,-9999.0
72780.0,-9999.0
72840.0,-9999.0
72900.0,-9999.0
72960.0,-9999.0
73020.0,-9999.0
73080.0,-9999.0
73140.0,-9999.0
73200.0,-9999.0
73260.0,-9999.0
73320.0,-9999.0
73380.0,-9999.0
73440.0,-9999.0
73500.0,-9999.0
73560.0,-9999.0
73620.0,-9999.0
73680.0,-9999.0
73740.0,-9999.0
73800.0,-9999.0
73860.0,-9999.0
73920.0,-9999.0
73980.0,-9999.0
74040.0,-9999.0
74100.0,-9999.0
74160.0,-9999.0
74220.0,-9999.0
74280.0,-9999.0
74340.0,-9999.0
74400.0,-9999.0
74460.0,-9999.0
74520.0,-9999.0
74580.0,-9999.0
74640.0,-9999.0
74700.0,-9999.0
74760.0,-9999.0
74820.0,-9999.0
74880.0,-9999.0
74940.0,-9999.0
75000.0,-9999.0
75060.0,-9999.0
75120.0,-9999.0
75180.0,-9999.0
75240.0,-9999.0
75300.0,-9999.0
75360.0,-9999.0
75420.0,-9999.0
75480.0,-9999.0
75540.0,-9999.0
75600.0,-9999.0
75660.0,-9999.0
75720.0,-9999.0
75780.0,-9999.0
75840.0,-9999.0
75900.0,-9999.0
75960.0,-9999.0
76020.0,-9999.0
76080.0,-9999.0
76140.0,-9999.0
76200.0,-9999.0
76260.0,-9999.0
76320.0,-9999.0
76380.0,-9999.0
76440.0,-9999.0
76500.0,-9999.0
76560.0,-9999.0
76620.0,-9999.0
76680.0,-9999.0
76740.0,-9999.0
76800.0,-9999.0
76860.0,-9999.0
76920.0,-9999.0
76980.0,-9999.0
77040.0,-9999.0
77100.0,-9999.0
77160.0,-9999.0
77220.0,-9999.0
77280.0,-9999.0
77340.0,-9999.0
77400.0,-9999.0
77460.0,-9999.0
77520.0,-9999.0
77580.0,-9999.0
77640.0,-9999.0
77700.0,-9999.0
77760.0,-9999.0
77820.0,-9999.0
77880.0,-9999.0
77940.0,-9999.0
78000.0,-9999.0
78060.0,-9999.0
78120.0,-9999.0
78180.0,-9999.0
78240.0,-9999.0
78300.0,-9999.0
78360.0,-9999.0
78420.0,-9999.0
78480.0,-9999.0
78540.0,-9999.0
78600.0,-9999.0
78660.0,-9999.0
78720.0,-9999.0
78780.0,-9999.0
78840.0,-9999.0
78900.0,-9999.0
78960.0,-9999.0
79020.0,-9999.0
79080.0,-9999.0
79140.0,-9999.0
79200.0,-9999.0
79260.0,-9999.0
79320.0,-9999.0
79380.0,-9999.0
79440.0,-9999.0
79500.0,-9999.0
79560.0,-9999.0
79620.0,-9999.0
79680.0,-9999.0
79740.0,-9999.0
79800.0,-9999.0
79860.0,-9999.0
79920.0,-9999.0
79980.0,-9999.0
80040.0,-9999.0
80100.0,-9999.0
80160.0,-9999.0
80220.0,-9999.0
80280.0,-9999.0
80340.0,-9999.0
80400.0,-9999.0
80460.0,-9999.0
80520.0,-9999.0
80580.0,-9999.0
80640.0,-9999.0
80700.0,-9999.0
80760.0,-9999.0
80820.0,-9999.0
80880.0,-9999.0
80940.0,-9999.0
81000.0,-9999.0
81060.0,-9999.0
81120.0,-9999.0
81180.0,-9999.0
81240.0,-9999.0
81300.0,-9999.0
81360.0,-9999.0
81420.0,-9999.0
81480.0,-9999.0
81540.0,-9999.0
81600.0,-9999.0
81660.0,-9999.0
81720.0,-9999.0
81780.0,-9999.0
81840.0,-9999.0
81900.0,-9999.0
81960.0,-9999.0
82020.0,-9999.0
82080.0,-9999.0
82140.0,-9999.0
82200.0,-9999.0
82260.0,-9999.0
82320.0,-9999.0
82380.0,-9999.0
82440.0,-9999.0
82500.0,-9999.0
82560.0,-9999.0
82620.0,-9999.0
82680.0,-9999.0
82740.0,-9999.0
82800.0,-9999.0
82860.0,-9999.0
82920.0,-9999.0
82980.0,-9999.0
83040.0,-9999.0
83100.0,-9999.0
83160.0,-9999.0
83220.0,-9999.0
83280.0,-9999.0
83340.0,-9999.0
83400.0,-9999.0
83460.0,-9999.0
83520.0,-9999.0
83580.0,-9999.0
83640.0,-9999.0
83700.0,-9999.0
83760.0,-9999.0
83820.0,-9999.0
83880.0,-9999.0
83940.0,-9999.0
84000.0,-9999.0
84060.0,-9999.0
84120.0,-9999.0
84180.0,-9999.0
84240.0,-9999.0
84300.0,-9999.0
84360.0,-9999.0
84420.0,-9999.0
84480.0,-9999.0
84540.0,-9999.0
84600.0,-9999.0
84660.0,-9999.0
84720.0,-9999.0
84780.0,-9999.0
84840.0,-9999.0
84900.0,-9999.0
84960.0,-9999.0
85020.0,-9999.0
85080.0,-9999.0
85140.0,-9999.0
85200.0,-9999.0
85260.0,-9999.0
85320.0,-9999.0
85380.0,-9999.0
85440.0,-9999.0
85500.0,-9999.0
85560.0,-9999.0
85620.0,-9999.0
85680.0,-9999.0
85740.0,-9999.0
85800.0,-9999.0
85860.0,-9999.0
85920.0,-9999.0
85980.0,-9999.0
86040.0,-9999.0
86100.0,-9999.0
86160.0,-9999.0
86220.0,-9999.0
86280.0,-9999.0
86340.0,-9999.0
