CampaignData_and_Merges/R0/CSL_MobileLab_Parked/raw/20240718/USOS-NOAAIodideCIMS-HNO2_MobileLabGround_20240718_RA.ict
34, 1001
Michael A Robinson, Chris Jernigan, Subi Thakali
NOAA ESRL Chemical Sciences Laboratory and CIRES, U. of Colorado
NOAA Iodide CIMS Instrument
USOS
1, 1
2024, 07, 18, 2024, 07, 20
0
starttime_UTC, seconds_past_midnight, seconds_of_day_since_00:00:00_UTC
1
1
-9999
HNO2_NOAACIMS, pptv, Gas_HNO2_InSitu_S_AVMR
1
N/A
18
PI_CONTACT_INFO: 325 Broadway, R/CSD 7, Boulder, Colorado 80305; michael.a.robinson@noaa.gov; chris.jernigan@noaa.gov;
PLATFORM: NOAA CSL Mobile Lab
LOCATION: SLC, Utah
ASSOCIATED_DATA: 1Hz data also available on request.
INSTRUMENT_INFO: NOAA I- ToF CIMS
DATA_INFO: Units: pptv
UNCERTAINTY: tbd
ULOD_FLAG: -7777
ULOD_VALUE: N/A
LLOD_FLAG: -8888
LLOD_VALUE: N/A
DM_CONTACT_INFO: Nathan Howard; nathan.h.howard@noaa.gov
PROJECT_INFO: USOS, summer 2024. https://csl.noaa.gov/groups/csl7/measurements/2024usos/
STIPULATIONS_ON_USE: only the USOS science team is allowed to use this data
OTHER_COMMENTS: Field data; Data are averaged to 1 minute intervals. Stationary data collected from a 10 ft tower on top of the mobile lab
REVISION: RA
RA: Preliminary Data; For in-field use only
starttime_UTC, HNO2_NOAACIMS
0,10.847
60,14.162
120,9.845
180,5.761
240,5.250
300,8.158
360,14.799
420,6.874
480,8.284
540,1.844
600,8.182
660,10.246
720,11.964
780,14.864
840,7.507
900,7.066
960,8.933
1020,14.620
1080,14.418
1140,18.015
1200,14.042
1260,14.307
1320,12.177
1380,15.238
1440,11.336
1500,15.011
1560,10.585
1620,6.847
1680,7.685
1740,4.034
1800,9.708
1860,5.454
1920,4.220
1980,5.691
2040,10.129
2100,8.768
2160,11.283
2220,12.107
2280,8.607
2340,9.098
2400,7.551
2460,9.743
2520,8.473
2580,6.199
2640,14.819
2700,15.139
2760,17.824
2820,9.603
2880,4.831
2940,9.119
3000,12.561
3060,18.979
3120,7.056
3180,10.353
3240,15.597
3300,18.218
3360,14.662
3420,9.540
3480,11.181
3540,18.600
3600,9.467
3660,8.989
3720,10.821
3780,6.468
3840,5.828
3900,6.637
3960,3.836
4020,3.582
4080,7.257
4140,5.095
4200,8.086
4260,7.084
4320,8.196
4380,9.127
4440,7.448
4500,8.389
4560,12.243
4620,9.648
4680,14.207
4740,15.255
4800,21.968
4860,26.567
4920,17.052
4980,15.268
5040,15.149
5100,13.757
5160,15.465
5220,30.485
5280,32.719
5340,18.993
5400,33.859
5460,26.616
5520,21.878
5580,26.150
5640,41.176
5700,35.716
5760,31.284
5820,20.706
5880,35.262
5940,34.891
6000,34.622
6060,52.317
6120,31.632
6180,34.565
6240,21.757
6300,27.971
6360,19.964
6420,16.238
6480,22.038
6540,17.866
6600,21.667
6660,25.097
6720,23.017
6780,41.406
6840,30.850
6900,23.843
6960,25.657
7020,21.512
7080,23.561
7140,11.549
7200,10.630
7260,22.140
7320,21.285
7380,25.574
7440,23.821
7500,23.770
7560,22.091
7620,19.389
7680,23.186
7740,25.216
7800,22.296
7860,20.290
7920,22.618
7980,25.781
8040,21.935
8100,27.301
8160,23.002
8220,16.429
8280,25.123
8340,19.061
8400,14.497
8460,13.813
8520,21.217
8580,16.419
8640,20.546
8700,20.870
8760,20.586
8820,24.392
8880,19.653
8940,20.283
9000,20.687
9060,24.128
9120,33.406
9180,18.511
9240,22.390
9300,18.222
9360,23.705
9420,25.427
9480,24.117
9540,31.833
9600,31.195
9660,43.332
9720,32.707
9780,27.141
9840,20.374
9900,28.317
9960,29.825
10020,24.364
10080,27.862
10140,34.872
10200,29.879
10260,34.334
10320,36.578
10380,34.716
10440,43.058
10500,30.410
10560,38.098
10620,31.964
10680,41.790
10740,41.254
10800,44.342
10860,30.013
10920,33.818
10980,37.713
11040,37.124
11100,38.585
11160,45.995
11220,36.467
11280,51.571
11340,53.240
11400,36.386
11460,44.731
11520,54.645
11580,53.916
11640,41.283
11700,45.384
11760,68.964
11820,55.110
11880,52.420
11940,45.222
12000,45.308
12060,42.129
12120,48.293
12180,42.818
12240,38.088
12300,44.830
12360,43.028
12420,40.542
12480,48.757
12540,50.176
12600,46.647
12660,41.802
12720,50.965
12780,57.069
12840,57.335
12900,60.035
12960,55.771
13020,54.708
13080,72.709
13140,77.545
13200,85.822
13260,76.932
13320,65.752
13380,63.389
13440,49.861
13500,22.264
13560,29.231
13620,35.350
13680,31.501
13740,38.804
13800,39.015
13860,27.515
13920,36.691
13980,43.031
14040,35.393
14100,31.122
14160,48.190
14220,32.127
14280,34.694
14340,27.881
14400,38.486
14460,36.311
14520,36.710
14580,31.584
14640,34.128
14700,25.001
14760,26.040
14820,27.462
14880,43.616
14940,45.707
15000,52.347
15060,44.756
15120,51.437
15180,55.133
15240,52.258
15300,46.277
15360,56.381
15420,72.677
15480,83.936
15540,50.068
15600,45.360
15660,50.736
15720,49.870
15780,38.648
15840,46.735
15900,44.772
15960,44.986
16020,41.598
16080,42.745
16140,49.598
16200,51.241
16260,46.877
16320,46.880
16380,53.280
16440,73.440
16500,56.489
16560,81.831
16620,77.335
16680,82.588
16740,75.623
16800,94.805
16860,89.704
16920,85.614
16980,83.253
17040,83.167
17100,84.401
17160,59.369
17220,97.305
17280,99.673
17340,215.847
17400,176.393
17460,186.590
17520,201.416
17580,148.740
17640,120.987
17700,165.120
17760,155.842
17820,103.945
17880,48.352
17940,66.327
18000,77.097
18060,59.754
18120,41.955
18180,63.708
18240,68.869
18300,73.228
18360,85.280
18420,78.460
18480,68.336
18540,67.563
18600,76.181
18660,99.636
18720,105.402
18780,96.388
18840,81.429
18900,77.728
18960,73.801
19020,70.096
19080,75.235
19140,83.385
19200,94.405
19260,76.399
19320,45.977
19380,50.448
19440,54.853
19500,60.751
19560,47.600
19620,48.504
19680,65.218
19740,79.225
19800,67.168
19860,63.542
19920,57.523
19980,103.779
20040,111.896
20100,68.870
20160,68.434
20220,56.938
20280,43.583
20340,57.402
20400,52.506
20460,51.738
20520,60.612
20580,51.520
20640,63.379
20700,61.163
20760,71.194
20820,83.829
20880,34.529
20940,46.941
21000,54.561
21060,41.614
21120,37.437
21180,24.657
21240,41.827
21300,39.228
21360,30.937
21420,35.258
21480,27.136
21540,29.258
21600,28.973
21660,34.109
21720,31.321
21780,23.921
21840,30.003
21900,35.540
21960,33.593
22020,30.512
22080,23.257
22140,28.878
22200,41.001
22260,28.272
22320,31.341
22380,35.613
22440,34.536
22500,34.139
22560,35.079
22620,21.156
22680,20.982
22740,31.561
22800,30.156
22860,38.782
22920,31.516
22980,30.419
23040,23.220
23100,30.838
23160,28.542
23220,21.916
23280,31.202
23340,29.980
23400,25.554
23460,26.439
23520,27.918
23580,34.628
23640,26.428
23700,37.585
23760,35.559
23820,32.127
23880,30.992
23940,27.110
24000,31.520
24060,35.831
24120,33.610
24180,36.439
24240,35.271
24300,39.403
24360,36.227
24420,22.924
24480,35.997
24540,-9999.000
24600,40.612
24660,42.499
24720,37.050
24780,37.801
24840,36.582
24900,40.873
24960,35.662
25020,37.037
25080,32.489
25140,31.547
25200,42.564
25260,37.046
25320,35.055
25380,41.157
25440,38.339
25500,45.698
25560,34.872
25620,33.913
25680,47.733
25740,36.915
25800,36.933
25860,32.550
25920,35.287
25980,43.396
26040,39.222
26100,42.277
26160,28.736
26220,35.265
26280,36.103
26340,31.141
26400,26.385
26460,31.432
26520,31.624
26580,37.370
26640,28.381
26700,34.760
26760,30.238
26820,34.564
26880,33.611
26940,26.980
27000,35.490
27060,37.213
27120,30.905
27180,32.067
27240,36.065
27300,25.791
27360,40.703
27420,40.964
27480,38.644
27540,40.945
27600,28.222
27660,37.120
27720,32.391
27780,34.794
27840,39.114
27900,51.165
27960,33.368
28020,29.186
28080,39.633
28140,37.453
28200,35.055
28260,23.600
28320,38.629
28380,30.763
28440,38.217
28500,39.346
28560,35.980
28620,31.637
28680,28.649
28740,30.698
28800,37.031
28860,40.171
28920,45.897
28980,32.585
29040,28.048
29100,32.089
29160,31.197
29220,26.304
29280,38.452
29340,23.721
29400,27.068
29460,34.023
29520,24.636
29580,24.613
29640,31.967
29700,28.793
29760,28.929
29820,22.788
29880,21.368
29940,28.827
30000,24.657
30060,19.510
30120,26.724
30180,25.454
30240,29.009
30300,22.520
30360,25.965
30420,28.409
30480,17.238
30540,18.327
30600,24.715
30660,25.220
30720,23.729
30780,36.312
30840,31.912
30900,39.409
30960,24.105
31020,29.920
31080,22.753
31140,23.277
31200,23.515
31260,23.520
31320,17.422
31380,30.578
31440,15.517
31500,18.540
31560,11.655
31620,11.221
31680,19.457
31740,22.848
31800,14.161
31860,16.020
31920,21.709
31980,9.949
32040,14.887
32100,14.336
32160,23.543
32220,26.831
32280,12.183
32340,11.159
32400,12.668
32460,11.309
32520,19.372
32580,19.297
32640,25.327
32700,35.748
32760,36.050
32820,30.737
32880,44.059
32940,27.920
33000,37.588
33060,39.305
33120,37.074
33180,29.767
33240,30.380
33300,20.000
33360,24.699
33420,25.889
33480,24.224
33540,26.971
33600,19.543
33660,17.192
33720,26.880
33780,25.165
33840,24.241
33900,29.847
33960,17.877
34020,21.754
34080,18.692
34140,19.940
34200,28.584
34260,24.442
34320,19.193
34380,22.754
34440,18.392
34500,15.089
34560,21.113
34620,20.776
34680,22.460
34740,31.307
34800,19.089
34860,13.050
34920,18.872
34980,19.863
35040,17.248
35100,22.483
35160,16.305
35220,23.445
35280,12.334
35340,18.324
35400,17.050
35460,15.711
35520,21.950
35580,22.560
35640,27.289
35700,19.221
35760,21.773
35820,15.207
35880,24.501
35940,21.574
36000,15.257
36060,26.772
36120,21.320
36180,21.016
36240,16.059
36300,11.434
36360,16.814
36420,24.080
36480,25.071
36540,22.569
36600,16.404
36660,18.957
36720,27.353
36780,17.451
36840,13.699
36900,21.316
36960,19.943
37020,13.575
37080,19.100
37140,15.253
37200,19.148
37260,14.015
37320,18.263
37380,15.858
37440,20.019
37500,9.905
37560,13.399
37620,20.849
37680,19.886
37740,20.742
37800,22.388
37860,30.635
37920,23.897
37980,17.220
38040,13.473
38100,20.411
38160,14.115
38220,19.617
38280,21.631
38340,9.361
38400,25.957
38460,57.282
38520,30.392
38580,28.430
38640,54.760
38700,38.127
38760,33.963
38820,32.107
38880,29.584
38940,21.384
39000,19.878
39060,18.033
39120,11.699
39180,7.844
39240,12.952
39300,13.874
39360,12.072
39420,8.895
39480,15.329
39540,13.086
39600,7.962
39660,6.357
39720,9.723
39780,4.337
39840,22.493
39900,14.821
39960,9.580
40020,8.604
40080,10.145
40140,16.653
40200,16.944
40260,10.452
40320,20.752
40380,21.435
40440,10.606
40500,14.164
40560,13.545
40620,17.374
40680,23.391
40740,17.067
40800,19.317
40860,26.197
40920,39.701
40980,30.122
41040,59.114
41100,67.154
41160,72.153
41220,78.406
41280,84.072
41340,85.821
41400,61.982
41460,73.448
41520,87.025
41580,102.250
41640,108.459
41700,102.740
41760,104.895
41820,113.966
41880,121.932
41940,115.757
42000,128.158
42060,122.876
42120,110.095
42180,100.987
42240,118.231
42300,124.177
42360,123.098
42420,133.512
42480,119.241
42540,111.768
42600,116.301
42660,139.201
42720,127.159
42780,136.173
42840,137.487
42900,131.012
42960,146.210
43020,-9999.000
43080,136.866
43140,141.233
43200,141.484
43260,149.763
43320,162.698
43380,156.993
43440,150.821
43500,160.257
43560,147.258
43620,152.731
43680,147.345
43740,128.952
43800,131.342
43860,103.250
43920,88.129
43980,86.690
44040,77.750
44100,47.637
44160,63.532
44220,49.683
44280,55.914
44340,50.371
44400,50.315
44460,43.196
44520,54.838
44580,49.817
44640,62.118
44700,94.597
44760,152.071
44820,373.997
44880,414.038
44940,322.131
45000,321.262
45060,339.197
45120,387.105
45180,384.585
45240,407.325
45300,211.874
45360,172.166
45420,169.046
45480,161.317
45540,207.851
45600,140.304
45660,161.202
45720,127.879
45780,108.366
45840,77.347
45900,73.800
45960,46.375
46020,44.624
46080,54.420
46140,49.271
46200,54.653
46260,59.266
46320,57.155
46380,74.854
46440,57.112
46500,140.528
46560,156.754
46620,146.342
46680,121.918
46740,136.011
46800,169.167
46860,142.704
46920,342.245
46980,406.161
47040,293.379
47100,266.441
47160,226.292
47220,190.693
47280,185.121
47340,179.166
47400,179.414
47460,178.677
47520,149.519
47580,124.504
47640,93.742
47700,97.376
47760,94.566
47820,99.217
47880,106.627
47940,89.066
48000,75.192
48060,95.216
48120,86.868
48180,75.624
48240,91.167
48300,99.441
48360,93.224
48420,78.251
48480,83.437
48540,90.801
48600,60.818
48660,82.923
48720,69.782
48780,67.445
48840,91.927
48900,103.804
48960,87.087
49020,91.801
49080,57.115
49140,46.920
49200,61.587
49260,68.082
49320,33.231
49380,75.819
49440,67.682
49500,54.516
49560,52.998
49620,38.923
49680,41.571
49740,34.795
49800,41.617
49860,46.574
49920,45.867
49980,50.150
50040,48.498
50100,54.414
50160,53.782
50220,51.925
50280,58.942
50340,55.508
50400,51.481
50460,63.885
50520,83.145
50580,87.430
50640,82.090
50700,83.343
50760,78.494
50820,91.304
50880,83.835
50940,63.324
51000,56.219
51060,71.675
51120,57.444
51180,75.455
51240,81.822
51300,79.175
51360,96.521
51420,72.186
51480,86.774
51540,99.664
51600,97.743
51660,72.110
51720,66.445
51780,73.175
51840,88.792
51900,76.273
51960,68.527
52020,763.718
52080,274.450
52140,82.376
52200,108.121
52260,121.823
52320,81.573
52380,179.706
52440,100.352
52500,123.866
52560,193.428
52620,138.431
52680,118.296
52740,137.401
52800,132.940
52860,102.114
52920,99.742
52980,69.274
53040,76.512
53100,137.471
53160,52.335
53220,49.217
53280,56.923
53340,63.455
53400,70.295
53460,65.517
53520,55.463
53580,66.954
53640,57.468
53700,69.757
53760,62.796
53820,68.618
53880,62.876
53940,59.439
54000,60.895
54060,57.728
54120,57.299
54180,89.449
54240,138.911
54300,189.294
54360,182.346
54420,179.891
54480,94.261
54540,74.004
54600,84.289
54660,93.063
54720,121.975
54780,113.880
54840,101.433
54900,107.797
54960,79.611
55020,90.367
55080,58.258
55140,69.358
55200,62.203
55260,68.888
55320,66.755
55380,80.209
55440,79.035
55500,90.573
55560,119.818
55620,126.532
55680,181.469
55740,80.864
55800,117.211
55860,-9999.000
55920,-9999.000
55980,-9999.000
56040,-9999.000
56100,-9999.000
56160,-9999.000
56220,82.534
56280,143.542
56340,86.993
56400,100.024
56460,97.517
56520,82.742
56580,95.951
56640,104.340
56700,117.768
56760,110.107
56820,108.107
56880,54.983
56940,57.087
57000,65.997
57060,53.094
57120,60.622
57180,54.643
57240,48.072
57300,37.818
57360,46.168
57420,70.669
57480,57.457
57540,52.894
57600,57.385
57660,51.480
57720,57.516
57780,51.262
57840,54.273
57900,77.204
57960,65.152
58020,52.763
58080,76.245
58140,78.765
58200,76.099
58260,66.962
58320,63.427
58380,73.610
58440,72.935
58500,54.314
58560,82.731
58620,57.227
58680,50.587
58740,41.443
58800,39.455
58860,45.938
58920,55.417
58980,30.564
59040,37.264
59100,51.461
59160,45.569
59220,45.139
59280,54.437
59340,53.374
59400,53.243
59460,55.202
59520,48.125
59580,49.363
59640,107.188
59700,163.226
59760,110.335
59820,124.871
59880,80.667
59940,47.134
60000,42.316
60060,49.448
60120,36.641
60180,28.941
60240,40.377
60300,46.436
60360,24.669
60420,38.798
60480,54.329
60540,43.535
60600,66.137
60660,62.566
60720,45.900
60780,48.516
60840,53.647
60900,48.114
60960,45.301
61020,43.007
61080,40.886
61140,36.669
61200,27.646
61260,33.030
61320,32.091
61380,33.161
61440,40.588
61500,38.697
61560,60.688
61620,33.344
61680,40.874
61740,47.161
61800,57.372
61860,56.442
61920,64.734
61980,60.541
62040,43.862
62100,39.889
62160,36.978
62220,31.941
62280,18.823
62340,18.739
62400,44.555
62460,33.162
62520,35.641
62580,26.460
62640,40.585
62700,38.360
62760,90.959
62820,115.507
62880,91.134
62940,65.145
63000,34.211
63060,14.954
63120,22.515
63180,17.843
63240,52.793
63300,57.649
63360,46.173
63420,30.005
63480,44.420
63540,27.252
63600,29.772
63660,42.325
63720,27.874
63780,31.181
63840,32.777
63900,35.402
63960,41.485
64020,26.123
64080,21.120
64140,34.519
64200,26.248
64260,30.985
64320,34.242
64380,35.733
64440,42.390
64500,46.474
64560,43.802
64620,41.210
64680,41.172
64740,40.615
64800,46.284
64860,44.721
64920,52.181
64980,49.399
65040,47.965
65100,81.487
65160,95.348
65220,70.820
65280,109.953
65340,94.680
65400,151.776
65460,98.700
65520,72.826
65580,66.807
65640,48.198
65700,58.782
65760,48.812
65820,49.648
65880,41.499
65940,36.338
66000,33.816
66060,31.549
66120,38.338
66180,44.972
66240,37.796
66300,67.135
66360,47.168
66420,34.448
66480,39.612
66540,52.342
66600,28.887
66660,35.090
66720,19.965
66780,37.417
66840,30.012
66900,45.693
66960,37.322
67020,32.791
67080,35.007
67140,36.732
67200,29.694
67260,30.959
67320,51.193
67380,-9999.000
67440,-9999.000
67500,-9999.000
67560,-9999.000
67620,-9999.000
67680,-9999.000
67740,-9999.000
67800,-9999.000
67860,-9999.000
67920,-9999.000
67980,-9999.000
68040,-9999.000
68100,-9999.000
68160,-9999.000
68220,-9999.000
68280,-9999.000
68340,-9999.000
68400,-9999.000
68460,-9999.000
68520,-9999.000
68580,-9999.000
68640,-9999.000
68700,-9999.000
68760,-9999.000
68820,-9999.000
68880,-9999.000
68940,-9999.000
69000,-9999.000
69060,-9999.000
69120,-9999.000
69180,-9999.000
69240,-9999.000
69300,-9999.000
69360,-9999.000
69420,-9999.000
69480,-9999.000
69540,-9999.000
69600,-9999.000
69660,-9999.000
69720,-9999.000
69780,-9999.000
69840,-9999.000
69900,-9999.000
69960,-9999.000
70020,-9999.000
70080,-9999.000
70140,-9999.000
70200,-9999.000
70260,-9999.000
70320,-9999.000
70380,-9999.000
70440,-9999.000
70500,-9999.000
70560,-9999.000
70620,-9999.000
70680,-9999.000
70740,-9999.000
70800,-9999.000
70860,-9999.000
70920,-9999.000
70980,-9999.000
71040,-9999.000
71100,-9999.000
71160,-9999.000
71220,-9999.000
71280,-9999.000
71340,-9999.000
71400,-9999.000
71460,-9999.000
71520,-9999.000
71580,-9999.000
71640,-9999.000
71700,-9999.000
71760,-9999.000
71820,-9999.000
71880,-9999.000
71940,-9999.000
72000,-9999.000
72060,-9999.000
72120,-9999.000
72180,-9999.000
72240,-9999.000
72300,-9999.000
72360,-9999.000
72420,-9999.000
72480,-9999.000
72540,-9999.000
72600,-9999.000
72660,-9999.000
72720,-9999.000
72780,-9999.000
72840,-9999.000
72900,-9999.000
72960,-9999.000
73020,-9999.000
73080,-9999.000
73140,-9999.000
73200,-9999.000
73260,-9999.000
73320,-9999.000
73380,-9999.000
73440,-9999.000
73500,-9999.000
73560,-9999.000
73620,-9999.000
73680,-9999.000
73740,-9999.000
73800,-9999.000
73860,-9999.000
73920,-9999.000
73980,-9999.000
74040,-9999.000
74100,-9999.000
74160,-9999.000
74220,-9999.000
74280,-9999.000
74340,-9999.000
74400,-9999.000
74460,-9999.000
74520,-9999.000
74580,-9999.000
74640,-9999.000
74700,-9999.000
74760,-9999.000
74820,-9999.000
74880,-9999.000
74940,-9999.000
75000,-9999.000
75060,-9999.000
75120,-9999.000
75180,-9999.000
75240,-9999.000
75300,-9999.000
75360,-9999.000
75420,-9999.000
75480,-9999.000
75540,-9999.000
75600,-9999.000
75660,-9999.000
75720,-9999.000
75780,-9999.000
75840,-9999.000
75900,-9999.000
75960,-9999.000
76020,-9999.000
76080,-9999.000
76140,-9999.000
76200,-9999.000
76260,-9999.000
76320,-9999.000
76380,-9999.000
76440,-9999.000
76500,-9999.000
76560,-9999.000
76620,-9999.000
76680,-9999.000
76740,-9999.000
76800,-9999.000
76860,-9999.000
76920,-9999.000
76980,-9999.000
77040,-9999.000
77100,-9999.000
77160,-9999.000
77220,-9999.000
77280,-9999.000
77340,-9999.000
77400,-9999.000
77460,-9999.000
77520,-9999.000
77580,-9999.000
77640,-9999.000
77700,-9999.000
77760,-9999.000
77820,-9999.000
77880,-9999.000
77940,-9999.000
78000,-9999.000
78060,-9999.000
78120,-9999.000
78180,-9999.000
78240,-9999.000
78300,-9999.000
78360,-9999.000
78420,-9999.000
78480,-9999.000
78540,-9999.000
78600,-9999.000
78660,-9999.000
78720,-9999.000
78780,-9999.000
78840,-9999.000
78900,-9999.000
78960,-9999.000
79020,-9999.000
79080,-9999.000
79140,-9999.000
79200,-9999.000
79260,-9999.000
79320,-9999.000
79380,-9999.000
79440,-9999.000
79500,-9999.000
79560,-9999.000
79620,-9999.000
79680,-9999.000
79740,-9999.000
79800,-9999.000
79860,-9999.000
79920,-9999.000
79980,-9999.000
80040,-9999.000
80100,-9999.000
80160,-9999.000
80220,-9999.000
80280,-9999.000
80340,-9999.000
80400,-9999.000
80460,-9999.000
80520,-9999.000
80580,-9999.000
80640,-9999.000
80700,-9999.000
80760,-9999.000
80820,-9999.000
80880,-9999.000
80940,-9999.000
81000,-9999.000
81060,-9999.000
81120,-9999.000
81180,-9999.000
81240,-9999.000
81300,-9999.000
81360,-9999.000
81420,-9999.000
81480,-9999.000
81540,-9999.000
81600,-9999.000
81660,-9999.000
81720,-9999.000
81780,-9999.000
81840,-9999.000
81900,-9999.000
81960,-9999.000
82020,-9999.000
82080,-9999.000
82140,-9999.000
82200,-9999.000
82260,-9999.000
82320,-9999.000
82380,-9999.000
82440,-9999.000
82500,-9999.000
82560,-9999.000
82620,-9999.000
82680,-9999.000
82740,-9999.000
82800,-9999.000
82860,-9999.000
82920,-9999.000
82980,-9999.000
83040,-9999.000
83100,-9999.000
83160,-9999.000
83220,-9999.000
83280,-9999.000
83340,-9999.000
83400,-9999.000
83460,-9999.000
83520,-9999.000
83580,-9999.000
83640,-9999.000
83700,-9999.000
83760,-9999.000
83820,-9999.000
83880,-9999.000
83940,-9999.000
84000,-9999.000
84060,-9999.000
84120,-9999.000
84180,-9999.000
84240,-9999.000
84300,-9999.000
84360,-9999.000
84420,-9999.000
84480,-9999.000
84540,-9999.000
84600,-9999.000
84660,-9999.000
84720,-9999.000
84780,-9999.000
84840,-9999.000
84900,-9999.000
84960,-9999.000
85020,-9999.000
85080,-9999.000
85140,-9999.000
85200,-9999.000
85260,-9999.000
85320,-9999.000
85380,-9999.000
85440,-9999.000
85500,-9999.000
85560,-9999.000
85620,-9999.000
85680,-9999.000
85740,-9999.000
85800,-9999.000
85860,-9999.000
85920,-9999.000
85980,-9999.000
86040,-9999.000
86100,-9999.000
86160,-9999.000
86220,-9999.000
86280,-9999.000
86340,-9999.000
