CampaignData_and_Merges/R0/CSL_MobileLab_Parked/raw/20240718/USOS-MetNav_MobileLabGround_20240718_R0.ict
44, 1001
Carrie Womack, Nate Howard, Mike Zucker
NOAA Chemical Sciences Laboratory
Mobile Lab MetNav Station
USOS
1, 1
2024, 07, 18, 2024, 12, 21
60
Time_Start, seconds_past_midnight, Seconds from midnight UTC
11
1, 1, 1, 1, 1, 1, 1, 1, 1, 1, 1
-9999, -9999, -9999, -9999, -9999, -9999, -9999, -9999, -9999, -9999, -9999
GPS_Alt_m, meters, Altitude from Differential GPS
GPS_Course_deg, degrees, Course from Differential GPS
GPS_GndSpd_m_s, m/s, Ground Speed from Differential GPS
GPS_Heading_deg, degrees, Heading from Differential GPS
GPS_Lat_deg, degrees, Latitude from Differential GPS
GPS_Lon_deg, degrees, Longitude from Differential GPS
AirTemp_C, Celsius, Air Temperature from Airmar
RelHumidity_pct, percent, Relative Humidity from Airmar
Pressure_mb, millibars, Pressure from Honeywell
WindDir_calc_deg, degrees, Wind Direction from Airmar corrected for van movement
WindSpd_calc_m_s, m/s, Wind Speed from Airmar corrected for van movement
1
SPECIAL COMMENTS:
18
PI_CONTACT_INFO: Address: 325 Broadway R/CSL7, Boulder, CO, 80305
PLATFORM: CSL Mobile Lab
LOCATION: Salt Lake City, UT
ASSOCIATED_DATA: N/A
INSTRUMENT_INFO: N/A
DATA_INFO: Units:
UNCERTAINTY: N/A
ULOD_FLAG: -7777
ULOD_VALUE: N/A
LLOD_FLAG: -8888
LLOD_VALUE: N/A
DM_CONTACT_INFO: Data Manager: Nate Howard
PROJECT_INFO: 
STIPULATIONS_ON_USE: Use of these data require prior ok from PI.
OTHER_COMMENTS: 
REVISION: R0
R0: Final data. Fixed bug in wind averaging code. RA: Preliminary Data. For in-field use only. 
Time_Start, GPS_Alt_m, GPS_Course_deg, GPS_GndSpd_m_s, GPS_Heading_deg, GPS_Lat_deg, GPS_Lon_deg, AirTemp_C, RelHumidity_pct, Pressure_mb, WindDir_calc_deg, WindSpd_calc_m_s
0.0,1311.6,359.08,0.05,359.08,40.73435,-111.87211,39.7,13.4,874.7,76.97,0.6
60.0,1311.6,359.38,0.05,359.38,40.73435,-111.87211,39.7,13.4,874.7,89.99,0.6
120.0,1311.5,359.24,0.05,359.24,40.73435,-111.87211,39.5,13.7,874.7,102.65,1.0
180.0,1311.3,358.80,0.05,358.80,40.73435,-111.87211,39.5,13.0,874.7,90.78,0.6
240.0,1310.7,358.51,0.05,358.51,40.73435,-111.87211,39.5,13.1,874.7,64.37,0.3
300.0,1310.7,358.98,0.06,358.98,40.73435,-111.87211,39.5,13.2,874.7,92.77,0.8
360.0,1310.7,359.47,0.05,359.47,40.73435,-111.87211,39.2,13.8,874.7,95.14,1.0
420.0,1310.4,358.87,0.05,358.87,40.73435,-111.87211,39.2,13.8,874.7,93.81,0.5
480.0,1310.4,358.70,0.06,358.70,40.73435,-111.87211,39.1,13.8,874.7,88.31,0.8
540.0,1310.6,358.66,0.05,358.66,40.73435,-111.87211,38.8,13.7,874.7,63.62,0.9
600.0,1311.4,358.65,0.05,358.65,40.73435,-111.87211,38.8,13.8,874.7,98.30,0.8
660.0,1311.0,359.14,0.05,359.14,40.73435,-111.87211,38.7,14.3,874.7,97.70,1.0
720.0,1310.7,359.41,0.05,359.41,40.73436,-111.87211,38.7,14.4,874.7,83.51,0.8
780.0,1310.7,359.55,0.05,359.55,40.73436,-111.87211,38.7,14.2,874.6,80.90,0.6
840.0,1310.3,359.89,0.05,359.89,40.73435,-111.87210,38.7,14.0,874.6,83.14,0.6
900.0,1310.1,359.69,0.04,359.69,40.73435,-111.87210,38.7,14.0,874.6,72.91,0.3
960.0,1310.0,359.97,0.05,359.97,40.73435,-111.87210,38.7,14.0,874.6,97.65,0.9
1020.0,1310.0,359.68,0.05,359.68,40.73435,-111.87211,38.7,15.0,874.6,105.76,1.2
1080.0,1310.2,359.54,0.05,359.54,40.73435,-111.87211,38.8,14.5,874.6,104.99,1.0
1140.0,1310.3,359.52,0.05,359.52,40.73435,-111.87210,38.8,14.9,874.6,110.09,1.3
1200.0,1310.2,359.06,0.05,359.06,40.73435,-111.87210,38.8,14.8,874.7,103.66,1.2
1260.0,1310.2,359.56,0.05,359.56,40.73435,-111.87210,38.8,14.2,874.7,109.55,1.4
1320.0,1310.3,359.29,0.05,359.29,40.73435,-111.87210,38.8,14.7,874.7,97.14,1.0
1380.0,1310.1,358.82,0.04,358.82,40.73435,-111.87210,38.9,14.8,874.7,96.56,1.1
1440.0,1310.0,359.15,0.04,359.15,40.73435,-111.87211,38.8,15.3,874.7,93.63,1.0
1500.0,1310.0,358.96,0.04,358.96,40.73435,-111.87211,38.8,15.5,874.7,103.24,1.3
1560.0,1309.9,358.71,0.05,358.71,40.73435,-111.87211,38.8,15.0,874.7,74.90,0.8
1620.0,1309.8,358.72,0.05,358.72,40.73435,-111.87211,38.6,14.6,874.7,79.38,0.9
1680.0,1309.6,358.92,0.05,358.92,40.73435,-111.87211,38.5,14.4,874.7,70.74,0.8
1740.0,1309.4,358.97,0.05,358.97,40.73435,-111.87211,38.4,14.0,874.7,81.24,0.7
1800.0,1309.7,359.12,0.05,359.12,40.73435,-111.87211,38.5,14.3,874.7,77.65,0.8
1860.0,1310.0,359.56,0.05,359.56,40.73435,-111.87211,38.4,14.3,874.7,85.91,0.8
1920.0,1310.1,359.21,0.05,359.21,40.73435,-111.87211,38.3,14.3,874.7,74.22,0.8
1980.0,1310.1,359.14,0.05,359.14,40.73435,-111.87211,38.3,14.2,874.7,93.69,0.9
2040.0,1310.2,359.73,0.04,359.73,40.73435,-111.87211,38.4,14.7,874.7,97.56,0.7
2100.0,1310.3,0.16,0.04,0.16,40.73435,-111.87210,38.4,14.2,874.7,76.94,0.6
2160.0,1309.9,0.14,0.05,0.14,40.73435,-111.87211,38.5,15.1,874.7,97.45,0.9
2220.0,1309.9,0.16,0.04,0.16,40.73435,-111.87211,38.7,14.8,874.7,92.27,0.8
2280.0,1309.9,0.05,0.04,0.05,40.73435,-111.87210,38.5,14.8,874.7,64.20,0.7
2340.0,1309.8,359.94,0.05,359.94,40.73435,-111.87211,38.4,14.5,874.7,76.96,0.8
2400.0,1309.7,359.99,0.05,359.99,40.73435,-111.87211,38.4,14.8,874.7,79.85,0.7
2460.0,1309.8,359.94,0.05,359.94,40.73435,-111.87210,38.3,15.2,874.7,90.61,0.9
2520.0,1309.8,359.83,0.04,359.83,40.73435,-111.87210,38.2,14.9,874.7,74.19,0.8
2580.0,1309.5,359.47,0.04,359.47,40.73435,-111.87210,38.0,14.4,874.7,66.64,1.0
2640.0,1309.4,0.01,0.05,0.01,40.73435,-111.87210,37.9,14.7,874.7,79.53,0.8
2700.0,1309.4,0.07,0.05,0.07,40.73435,-111.87210,37.8,14.7,874.7,84.36,0.7
2760.0,1309.4,359.62,0.05,359.62,40.73435,-111.87210,37.8,14.8,874.7,95.17,1.1
2820.0,1309.5,359.52,0.05,359.52,40.73435,-111.87211,37.8,14.6,874.7,105.87,1.3
2880.0,1309.5,359.80,0.04,359.80,40.73435,-111.87211,37.6,14.3,874.7,63.71,0.7
2940.0,1309.3,359.70,0.04,359.70,40.73435,-111.87211,37.6,14.3,874.7,94.08,0.7
3000.0,1309.3,359.79,0.05,359.79,40.73435,-111.87211,37.6,14.9,874.7,99.58,1.1
3060.0,1309.2,359.64,0.05,359.64,40.73435,-111.87211,37.5,15.1,874.7,80.49,0.7
3120.0,1309.1,359.82,0.05,359.82,40.73435,-111.87211,37.4,14.6,874.7,82.08,0.8
3180.0,1309.0,359.54,0.06,359.54,40.73435,-111.87211,37.4,14.9,874.7,83.01,0.6
3240.0,1309.0,359.71,0.04,359.71,40.73435,-111.87211,37.4,14.9,874.7,106.70,1.1
3300.0,1308.9,0.12,0.04,0.12,40.73435,-111.87211,37.4,15.3,874.7,97.59,1.0
3360.0,1308.6,359.68,0.05,359.68,40.73435,-111.87211,37.1,14.5,874.6,51.44,0.9
3420.0,1308.4,359.55,0.05,359.55,40.73435,-111.87211,36.9,14.5,874.6,76.67,1.1
3480.0,1308.2,359.88,0.05,359.88,40.73435,-111.87211,36.9,14.6,874.6,77.16,0.8
3540.0,1308.1,360.00,0.05,360.00,40.73435,-111.87211,37.0,14.8,874.6,77.16,0.8
3600.0,1307.6,359.72,0.06,359.72,40.73435,-111.87211,36.9,14.8,874.6,82.22,1.0
3660.0,1307.8,359.46,0.05,359.46,40.73435,-111.87211,37.0,15.2,874.6,89.53,0.8
3720.0,1308.4,359.62,0.05,359.62,40.73434,-111.87211,37.1,15.3,874.6,90.49,0.8
3780.0,1308.3,359.90,0.05,359.90,40.73434,-111.87211,37.1,15.1,874.6,80.58,0.8
3840.0,1308.1,359.53,0.05,359.53,40.73435,-111.87211,37.0,14.8,874.6,66.07,0.8
3900.0,1308.3,359.36,0.05,359.36,40.73435,-111.87211,37.1,15.1,874.7,94.22,1.0
3960.0,1308.4,359.14,0.04,359.14,40.73435,-111.87211,37.0,14.9,874.7,77.46,0.8
4020.0,1308.5,358.97,0.05,358.97,40.73435,-111.87211,36.8,14.4,874.7,64.25,0.9
4080.0,1308.8,358.93,0.05,358.93,40.73434,-111.87211,36.9,14.7,874.7,94.01,0.8
4140.0,1308.4,358.43,0.05,358.43,40.73434,-111.87211,36.8,14.8,874.7,75.55,0.8
4200.0,1308.1,358.11,0.05,358.11,40.73434,-111.87211,36.6,14.6,874.7,79.44,0.5
4260.0,1308.2,357.91,0.05,357.91,40.73434,-111.87211,36.6,14.9,874.7,105.55,1.2
4320.0,1308.2,358.47,0.05,358.47,40.73435,-111.87211,36.5,14.9,874.7,52.29,0.8
4380.0,1308.3,359.07,0.05,359.07,40.73435,-111.87211,36.4,15.0,874.7,86.34,1.0
4440.0,1308.2,358.78,0.05,358.78,40.73435,-111.87211,36.4,14.9,874.7,68.80,0.7
4500.0,1308.4,358.90,0.04,358.90,40.73435,-111.87211,36.3,15.0,874.7,65.84,0.8
4560.0,1309.0,358.83,0.04,358.83,40.73434,-111.87211,36.4,15.5,874.7,92.15,0.8
4620.0,1308.7,359.00,0.04,359.00,40.73434,-111.87211,36.3,15.5,874.7,72.93,0.8
4680.0,1308.6,359.22,0.04,359.22,40.73435,-111.87211,36.3,15.3,874.7,73.31,0.6
4740.0,1308.4,359.18,0.05,359.18,40.73435,-111.87211,36.3,15.4,874.7,81.43,0.8
4800.0,1308.4,359.46,0.04,359.46,40.73435,-111.87211,36.4,15.8,874.7,114.49,1.2
4860.0,1308.4,359.28,0.05,359.28,40.73435,-111.87211,36.4,16.1,874.7,85.58,0.8
4920.0,1308.4,359.30,0.05,359.30,40.73435,-111.87211,36.5,16.0,874.7,98.27,0.9
4980.0,1308.4,359.58,0.05,359.58,40.73435,-111.87211,36.5,15.8,874.7,71.97,0.8
5040.0,1308.7,0.11,0.04,0.11,40.73435,-111.87211,36.5,16.0,874.7,88.50,0.9
5100.0,1308.8,359.33,0.05,359.33,40.73435,-111.87211,36.5,16.1,874.7,89.19,0.8
5160.0,1308.8,359.13,0.04,359.13,40.73435,-111.87211,36.5,16.1,874.7,84.95,0.9
5220.0,1308.8,359.47,0.04,359.47,40.73435,-111.87211,36.5,16.3,874.7,104.15,0.9
5280.0,1308.9,359.97,0.05,359.97,40.73435,-111.87211,36.5,16.1,874.7,97.85,1.1
5340.0,1309.0,0.22,0.05,0.22,40.73435,-111.87211,36.4,15.9,874.7,87.20,0.9
5400.0,1309.0,0.23,0.04,0.23,40.73435,-111.87211,36.4,16.2,874.7,109.89,1.1
5460.0,1308.9,0.42,0.06,0.42,40.73435,-111.87211,36.3,16.6,874.7,95.84,0.9
5520.0,1309.0,0.57,0.05,0.57,40.73435,-111.87211,36.2,16.5,874.7,92.33,0.8
5580.0,1309.1,0.42,0.05,0.42,40.73435,-111.87211,36.2,16.0,874.7,113.40,1.2
5640.0,1309.1,359.91,0.05,359.91,40.73435,-111.87211,36.1,16.6,874.7,94.49,1.1
5700.0,1309.1,0.18,0.05,0.18,40.73435,-111.87211,36.2,16.4,874.8,99.59,0.9
5760.0,1309.0,359.80,0.05,359.80,40.73435,-111.87211,36.1,16.0,874.8,88.99,0.8
5820.0,1308.9,359.96,0.06,359.96,40.73436,-111.87211,36.2,16.3,874.8,94.06,0.9
5880.0,1308.8,0.34,0.04,0.34,40.73436,-111.87211,36.3,16.1,874.8,102.00,0.9
5940.0,1308.8,360.00,0.05,360.00,40.73436,-111.87211,36.2,16.3,874.8,108.00,1.0
6000.0,1308.9,359.86,0.04,359.86,40.73436,-111.87211,36.3,16.4,874.8,95.27,1.0
6060.0,1308.9,359.47,0.05,359.47,40.73435,-111.87211,36.2,16.2,874.8,82.45,0.9
6120.0,1308.9,359.56,0.05,359.56,40.73435,-111.87211,36.2,16.5,874.8,109.95,1.2
6180.0,1308.9,359.47,0.04,359.47,40.73435,-111.87211,36.2,16.3,874.8,115.01,1.3
6240.0,1308.8,359.55,0.05,359.55,40.73436,-111.87211,36.2,16.2,874.8,119.81,1.2
6300.0,1308.8,359.14,0.04,359.14,40.73436,-111.87211,36.2,16.4,874.8,97.63,0.7
6360.0,1308.8,358.87,0.04,358.87,40.73436,-111.87211,36.2,16.4,874.8,75.06,0.8
6420.0,1308.8,358.85,0.05,358.85,40.73436,-111.87211,36.2,16.2,874.8,86.13,0.7
6480.0,1308.9,358.56,0.05,358.56,40.73436,-111.87211,36.2,16.3,874.8,90.36,0.8
6540.0,1309.1,359.04,0.04,359.04,40.73435,-111.87211,36.1,16.3,874.8,75.97,0.8
6600.0,1309.2,359.19,0.04,359.19,40.73435,-111.87211,36.1,16.3,874.8,77.01,0.7
6660.0,1309.3,359.21,0.05,359.21,40.73435,-111.87211,35.9,16.3,874.8,77.39,0.8
6720.0,1309.2,358.59,0.06,358.59,40.73435,-111.87211,35.9,16.4,874.8,89.62,0.9
6780.0,1309.3,358.27,0.05,358.27,40.73435,-111.87211,35.9,16.8,874.8,96.49,0.9
6840.0,1309.3,358.59,0.04,358.59,40.73435,-111.87211,35.9,16.8,874.8,96.55,0.9
6900.0,1309.3,358.62,0.05,358.62,40.73435,-111.87211,35.8,16.8,874.8,91.65,0.8
6960.0,1309.3,358.81,0.04,358.81,40.73435,-111.87211,35.8,16.8,874.8,88.72,0.8
7020.0,1309.4,358.75,0.05,358.75,40.73435,-111.87211,35.7,16.6,874.8,101.51,1.0
7080.0,1309.3,358.60,0.05,358.60,40.73435,-111.87211,35.8,16.6,874.8,95.83,0.9
7140.0,1309.3,358.71,0.05,358.71,40.73435,-111.87211,35.7,16.3,874.8,81.57,0.8
7200.0,1309.3,359.58,0.05,359.58,40.73435,-111.87211,35.7,16.1,874.8,86.83,0.8
7260.0,1309.4,359.44,0.05,359.44,40.73435,-111.87211,35.8,16.3,874.8,102.03,0.9
7320.0,1309.4,359.80,0.04,359.80,40.73435,-111.87211,35.8,16.6,874.8,106.66,1.1
7380.0,1309.4,359.88,0.05,359.88,40.73435,-111.87211,35.8,16.6,874.8,120.81,1.6
7440.0,1309.2,359.39,0.04,359.39,40.73435,-111.87211,35.8,16.8,874.8,109.94,1.1
7500.0,1309.1,359.26,0.04,359.26,40.73435,-111.87211,35.8,17.0,874.8,102.92,0.9
7560.0,1309.1,0.31,0.05,0.31,40.73435,-111.87211,35.9,16.8,874.8,96.05,0.9
7620.0,1309.3,359.76,0.05,359.76,40.73435,-111.87211,35.8,16.5,874.8,96.56,0.8
7680.0,1309.3,0.21,0.05,0.21,40.73435,-111.87211,35.9,16.9,874.8,99.08,0.8
7740.0,1309.4,359.94,0.05,359.94,40.73435,-111.87211,35.9,16.7,874.8,113.63,1.4
7800.0,1309.3,358.73,0.05,358.73,40.73435,-111.87211,35.8,16.9,874.8,108.36,1.1
7860.0,1308.9,358.33,0.05,358.33,40.73435,-111.87211,35.7,17.0,874.9,108.77,0.9
7920.0,1308.9,358.93,0.05,358.93,40.73435,-111.87211,35.7,17.0,874.9,107.76,1.0
7980.0,1309.1,359.30,0.05,359.30,40.73435,-111.87211,35.6,17.2,874.9,114.83,1.4
8040.0,1309.4,359.24,0.05,359.24,40.73435,-111.87211,35.6,16.8,874.9,110.87,1.2
8100.0,1309.7,358.92,0.06,358.92,40.73435,-111.87211,35.6,17.2,874.9,111.91,1.2
8160.0,1309.6,358.82,0.05,358.82,40.73435,-111.87211,35.5,16.8,874.9,110.21,1.1
8220.0,1309.7,358.73,0.05,358.73,40.73435,-111.87211,35.4,16.9,875.0,110.69,1.3
8280.0,1309.4,359.50,0.05,359.50,40.73435,-111.87211,35.3,17.1,875.0,107.43,1.1
8340.0,1309.2,359.73,0.05,359.73,40.73435,-111.87211,35.2,17.1,875.0,115.10,1.6
8400.0,1308.8,359.75,0.05,359.75,40.73435,-111.87211,35.1,17.1,875.0,111.13,1.2
8460.0,1308.9,359.55,0.05,359.55,40.73435,-111.87211,35.0,16.9,875.0,111.41,1.2
8520.0,1309.6,359.54,0.06,359.54,40.73435,-111.87211,35.0,17.2,875.0,114.19,1.1
8580.0,1309.8,359.60,0.05,359.60,40.73435,-111.87211,35.0,17.3,875.0,126.75,1.6
8640.0,1309.5,359.39,0.05,359.39,40.73434,-111.87211,34.9,17.7,875.0,110.94,1.1
8700.0,1309.9,359.77,0.05,359.77,40.73434,-111.87211,34.8,17.7,875.0,113.52,1.0
8760.0,1310.1,359.66,0.05,359.66,40.73434,-111.87211,34.8,17.6,875.0,117.99,1.4
8820.0,1310.0,359.58,0.06,359.58,40.73434,-111.87211,34.7,17.9,875.0,119.70,1.4
8880.0,1310.2,359.45,0.06,359.45,40.73434,-111.87210,34.7,17.9,875.0,120.18,1.3
8940.0,1310.1,359.56,0.05,359.56,40.73435,-111.87210,34.6,17.5,875.0,117.56,1.0
9000.0,1310.1,359.45,0.05,359.45,40.73434,-111.87211,34.5,17.8,875.0,113.72,1.1
9060.0,1309.9,359.06,0.05,359.06,40.73435,-111.87211,34.5,17.9,875.0,117.15,1.1
9120.0,1310.3,359.36,0.06,359.36,40.73435,-111.87210,34.5,17.9,875.0,116.21,1.1
9180.0,1310.3,359.92,0.05,359.92,40.73435,-111.87210,34.4,17.8,875.0,116.93,1.2
9240.0,1310.4,359.93,0.06,359.93,40.73435,-111.87210,34.4,17.7,875.0,117.40,1.1
9300.0,1310.5,359.94,0.06,359.94,40.73435,-111.87210,34.3,17.6,875.0,114.42,1.5
9360.0,1310.6,359.83,0.05,359.83,40.73435,-111.87210,34.2,18.0,875.0,120.77,1.4
9420.0,1310.6,359.09,0.06,359.09,40.73435,-111.87210,34.2,18.2,875.0,118.59,1.3
9480.0,1310.6,359.09,0.06,359.09,40.73435,-111.87210,34.1,18.0,875.0,127.65,1.4
9540.0,1310.6,358.79,0.06,358.79,40.73435,-111.87210,34.0,18.3,875.1,113.56,1.2
9600.0,1310.5,359.21,0.05,359.21,40.73435,-111.87210,33.9,18.4,875.1,119.65,1.3
9660.0,1310.2,359.11,0.06,359.11,40.73435,-111.87210,33.9,18.6,875.1,114.42,1.0
9720.0,1310.1,358.67,0.06,358.67,40.73435,-111.87210,33.8,18.5,875.1,105.55,0.9
9780.0,1310.1,358.13,0.06,358.13,40.73435,-111.87210,33.7,18.4,875.1,110.52,1.0
9840.0,1310.0,358.66,0.06,358.66,40.73435,-111.87210,33.7,18.6,875.1,109.59,0.7
9900.0,1309.9,359.17,0.05,359.17,40.73435,-111.87210,33.6,18.6,875.1,109.06,0.8
9960.0,1309.5,359.01,0.05,359.01,40.73435,-111.87210,33.6,18.7,875.1,104.37,0.7
10020.0,1309.4,359.23,0.05,359.23,40.73435,-111.87210,33.6,18.7,875.1,113.46,0.8
10080.0,1309.3,359.16,0.05,359.16,40.73435,-111.87210,33.5,18.7,875.1,113.60,0.9
10140.0,1309.3,359.35,0.05,359.35,40.73435,-111.87210,33.4,18.9,875.2,101.47,0.7
10200.0,1309.3,359.41,0.06,359.41,40.73435,-111.87210,33.4,18.9,875.2,107.38,0.7
10260.0,1308.7,358.86,0.06,358.86,40.73435,-111.87210,33.3,19.1,875.2,103.50,0.7
10320.0,1309.0,358.87,0.06,358.87,40.73435,-111.87210,33.3,19.2,875.2,111.98,0.9
10380.0,1308.3,358.92,0.05,358.92,40.73435,-111.87211,33.2,19.2,875.3,101.14,0.7
10440.0,1308.3,359.54,0.05,359.54,40.73435,-111.87211,33.2,19.4,875.3,109.49,0.9
10500.0,1308.4,359.99,0.05,359.99,40.73435,-111.87211,33.1,19.3,875.3,103.90,0.7
10560.0,1308.8,359.78,0.05,359.78,40.73435,-111.87211,33.0,19.3,875.3,100.99,0.7
10620.0,1308.8,359.34,0.06,359.34,40.73435,-111.87211,32.9,19.3,875.3,106.88,0.7
10680.0,1309.1,358.40,0.06,358.40,40.73435,-111.87211,32.9,19.4,875.4,102.95,0.7
10740.0,1309.8,358.40,0.05,358.40,40.73435,-111.87210,32.8,19.6,875.4,100.81,0.7
10800.0,1309.8,359.04,0.05,359.04,40.73435,-111.87210,32.7,19.7,875.4,103.02,0.9
10860.0,1309.8,359.39,0.05,359.39,40.73435,-111.87211,32.6,19.4,875.5,99.65,0.9
10920.0,1309.9,359.52,0.06,359.52,40.73435,-111.87211,32.6,19.4,875.5,104.83,0.8
10980.0,1310.0,359.23,0.05,359.23,40.73435,-111.87211,32.5,19.4,875.5,108.45,0.8
11040.0,1309.8,358.92,0.06,358.92,40.73435,-111.87211,32.5,19.5,875.6,95.63,0.9
11100.0,1310.0,359.05,0.05,359.05,40.73435,-111.87211,32.4,19.4,875.6,113.21,1.0
11160.0,1309.8,359.12,0.06,359.12,40.73435,-111.87211,32.4,19.7,875.6,121.05,1.4
11220.0,1309.9,358.73,0.05,358.73,40.73435,-111.87211,32.4,19.7,875.6,109.56,0.9
11280.0,1310.1,358.23,0.05,358.23,40.73435,-111.87211,32.4,19.6,875.6,110.82,0.9
11340.0,1310.3,358.26,0.05,358.26,40.73435,-111.87211,32.4,19.7,875.7,104.75,0.8
11400.0,1310.2,358.18,0.05,358.18,40.73435,-111.87211,32.3,19.7,875.7,101.82,0.6
11460.0,1310.0,358.21,0.06,358.21,40.73435,-111.87211,32.3,19.7,875.7,99.94,0.6
11520.0,1310.0,358.47,0.05,358.47,40.73435,-111.87211,32.3,19.8,875.7,108.53,0.8
11580.0,1310.0,358.17,0.05,358.17,40.73435,-111.87211,32.3,19.9,875.7,105.87,0.8
11640.0,1310.1,358.32,0.05,358.32,40.73435,-111.87211,32.3,19.9,875.7,105.97,0.6
11700.0,1310.0,358.20,0.06,358.20,40.73435,-111.87211,32.3,19.8,875.7,120.29,1.2
11760.0,1309.9,358.38,0.05,358.38,40.73435,-111.87211,32.2,20.4,875.7,118.40,1.5
11820.0,1309.8,358.88,0.05,358.88,40.73435,-111.87211,32.1,20.4,875.7,119.95,1.5
11880.0,1309.7,359.37,0.05,359.37,40.73435,-111.87211,32.1,20.3,875.7,122.29,1.6
11940.0,1309.5,359.61,0.06,359.61,40.73435,-111.87211,32.0,20.7,875.7,118.86,1.5
12000.0,1309.3,359.27,0.05,359.27,40.73435,-111.87211,31.9,20.6,875.7,110.67,1.2
12060.0,1309.4,359.26,0.05,359.26,40.73435,-111.87211,31.9,20.6,875.7,117.03,1.3
