CampaignData_and_Merges/R0/CSL_MobileLab_Parked/raw/20240718/USOS-jNO2_MobileLabGround_20240718_R0.ict
52,1001
Waxman, E.; Rollins, A.; Zuraski, K.; Chace, W.
NOAA Chemical Sciences Laboratory
jNO2 filter radiometer on CSL Mobile Lab
AMMBEC / USOS
1, 1
2024,07,18, 2025,04,01
60
Time_Start, seconds, number_of_seconds_since_0000_UTC
20
1, 1, 1, 1, 1, 1, 1, 1, 1, 1, 1, 1, 1, 1, 1, 1, 1, 1, 1, 1
-9999, -9999, -9999, -9999, -9999, -9999, -9999, -9999, -9999, -9999, -9999, -9999, -9999, -9999, -9999, -9999, -9999, -9999, -9999, -9999
Time_Stop, seconds, number_of_seconds_since_0000_UTC
jNO2_meas, per second, photolysis rate of NO2 measured using a filter radiometer.
jBrCl, per second, photolysis rate of BrCl -> Br + Cl calculated in TUV for cloud-free sky with local AOD
jBr2, per second, photolysis rate of Br2 -> Br + Br calculated in TUV for cloud-free sky with local AOD
jCCl4, per second, photolysis rate of CCl4 -> Products calcualted in TUV for cloud-free sky with local AOD
jCH2Oa, per second, photolysis rate of CH2O -> H + HCO calculated in TUV for cloud-free sky with local AOD
jCH2Ob, per second, photolysis rate of CH2O -> H2 + CO calculated in TUV for cloud-free sky with local AOD
jClNO2, per second, photolysis rate of ClNO2 -> Cl + NO2 calculated in TUV for cloud-free sky with local AOD
jClOa, per second, photolysis rate of ClO -> Cl + O(1D) calculated in TUV for cloud-free sky with local AOD
jClOb, per second, photolysis rate of ClO -> Cl + O(3P) calculated in TUV for cloud-free sky with local AOD
jCl2, per second, photolysis rate of Cl2 -> Cl + Cl calculated in TUV for cloud-free sky with local AOD
jHNO2, per second, photolysis rate of HNO2 -> OH + NO calculated in TUV for cloud-free sky with local AOD
jHNO3, per second, photolysis rate of HNO3 -> OH + NO2 calculated in TUV for cloud-free sky with local AOD
jI2, per second, photolysis rate of I2 -> I + I calculated in TUV for cloud-free sky with local AOD
jNO2, per second, photolysis rate of NO2 -> NO + O(3P) calculated in TUV for cloud-free sky with local AOD
jNO3a, per second, photolysis rate of NO3 -> NO + O2 calculated in TUV for cloud-free sky with local AOD
jNO3b, per second, photolysis rate of NO3 -> NO2 + O(3P) calculated in TUV for cloud-free sky with local AOD
jN2O5, per second, photolysis rate of N2O5 -> NO3 + NO + O(3P) calculated in TUV for cloud-free sky with local AOD
jO3, per second, photolysis rate of O3 -> O2 + O(1D) calculated in TUV for cloud-free sky with local AOD
AOD_500nm, unitless, UTC daily mean AOD at 500 nm from an AERONET station located at 40.178 N, -112.452 E
0
18
PI_CONTACT_INFO: eleanor.waxman@noaa.gov
PLATFORM: CSL Mobile Lab, at ground site
LOCATION: Salt Lake City, UT
ASSOCIATED_DATA:
INSTRUMENT_INFO: jNO2 filter radiometer.  TUV calculations are for mobile van lat/lon/altitude assuming clear sky (cloud AOD = 0) and daily mean AOD.
DATA_INFO:
UNCERTAINTY: Data uncertainties are +/- 20%.  These come from uncertainties in radiometer angular response, radiometer thermal response, local interferences from clouds/aerosols/shadows etc.
ULOD_FLAG: -7777
ULOD_VALUE: N/A
LLOD_FLAG: -8888
LLOD_VALUE: N/A
DM_CONTACT_INFO: eleanor.waxman@noaa.gov
PROJECT_INFO: USOS Project, July - August 2024
STIPULATIONS_ON_USE: Users are strongly encouraged to contact the PI for proper data usage.
OTHER_COMMENTS: 
REVISION: R0
R0: final data
Time_Start, Time_Stop, jNO2_meas, jBrCl, jBr2, jCCl4, jCH2Oa, jCH2Ob, jClNO2, jClOa, jClOb, jCl2, jHNO2, jHNO3, jI2, jNO2, jNO3a, jNO3b, jN2O5, jO3, AOD_500nm
[from data line 1372]
   82320,   82380,-9999,0.009228,0.02849,1.15e-24,2.317e-05,3.725e-05,0.0003681,4.196e-25,2.651e-05,0.001871,0.001243,3.766e-07,0.103,0.007713,0.02003,0.1598,3.202e-05,1.701e-05,0.135
   82380,   82440,-9999,0.009212,0.02845,1.114e-24,2.307e-05,3.712e-05,0.0003669,4.055e-25,2.631e-05,0.001866,0.00124,3.744e-07,0.1029,0.007696,0.02002,0.1597,3.191e-05,1.688e-05,0.135
   82440,   82500,-9999,0.009195,0.02841,1.077e-24,2.296e-05,3.699e-05,0.0003656,3.911e-25,2.609e-05,0.00186,0.001237,3.721e-07,0.1028,0.007678,0.02,0.1595,3.178e-05,1.673e-05,0.135
   82500,   82560,-9999,0.009179,0.02837,1.041e-24,2.285e-05,3.686e-05,0.0003643,3.775e-25,2.587e-05,0.001855,0.001233,3.698e-07,0.1027,0.00766,0.01998,0.1594,3.166e-05,1.658e-05,0.135
   82560,   82620,-9999,0.009163,0.02833,1.009e-24,2.275e-05,3.673e-05,0.0003631,3.651e-25,2.566e-05,0.00185,0.00123,3.676e-07,0.1026,0.007643,0.01997,0.1592,3.154e-05,1.644e-05,0.135
   82620,   82680,-9999,0.009145,0.02829,9.767e-25,2.264e-05,3.66e-05,0.0003618,3.526e-25,2.544e-05,0.001845,0.001227,3.652e-07,0.1024,0.007624,0.01995,0.1591,3.141e-05,1.63e-05,0.135
   82680,   82740,-9999,0.009128,0.02825,9.454e-25,2.253e-05,3.646e-05,0.0003605,3.407e-25,2.522e-05,0.001839,0.001224,3.629e-07,0.1023,0.007605,0.01993,0.1589,3.129e-05,1.615e-05,0.135
   82740,   82800,-9999,0.009111,0.02821,9.171e-25,2.242e-05,3.634e-05,0.0003593,3.3e-25,2.501e-05,0.001834,0.001221,3.607e-07,0.1022,0.007588,0.01991,0.1587,3.117e-05,1.601e-05,0.135
   82800,   82860,-9999,0.009094,0.02817,8.883e-25,2.231e-05,3.62e-05,0.000358,3.19e-25,2.479e-05,0.001828,0.001217,3.583e-07,0.1021,0.007569,0.01989,0.1586,3.104e-05,1.586e-05,0.135
   82860,   82920,-9999,0.009076,0.02813,8.606e-25,2.22e-05,3.606e-05,0.0003567,3.086e-25,2.457e-05,0.001823,0.001214,3.56e-07,0.102,0.00755,0.01987,0.1584,3.091e-05,1.572e-05,0.135
   82920,   82980,-9999,0.009059,0.02809,8.356e-25,2.209e-05,3.593e-05,0.0003554,2.991e-25,2.436e-05,0.001817,0.001211,3.538e-07,0.1019,0.007531,0.01986,0.1582,3.079e-05,1.558e-05,0.135
   82980,   83040,-9999,0.009041,0.02804,8.101e-25,2.198e-05,3.579e-05,0.0003541,2.896e-25,2.414e-05,0.001812,0.001207,3.514e-07,0.1017,0.007512,0.01984,0.158,3.066e-05,1.543e-05,0.135
   83040,   83100,-9999,0.009022,0.028,7.855e-25,2.187e-05,3.565e-05,0.0003527,2.804e-25,2.392e-05,0.001806,0.001204,3.49e-07,0.1016,0.007492,0.01982,0.1579,3.053e-05,1.528e-05,0.135
   83100,   83160,-9999,0.009005,0.02796,7.633e-25,2.176e-05,3.552e-05,0.0003514,2.721e-25,2.371e-05,0.0018,0.001201,3.468e-07,0.1015,0.007474,0.0198,0.1577,3.04e-05,1.515e-05,0.135
   83160,   83220,-9999,0.008986,0.02791,7.406e-25,2.164e-05,3.538e-05,0.0003501,2.636e-25,2.35e-05,0.001795,0.001197,3.444e-07,0.1014,0.007454,0.01978,0.1575,3.027e-05,1.5e-05,0.135
   83220,   83280,-9999,0.008967,0.02786,7.188e-25,2.153e-05,3.523e-05,0.0003487,2.555e-25,2.328e-05,0.001789,0.001194,3.42e-07,0.1013,0.007434,0.01976,0.1573,3.014e-05,1.485e-05,0.135
   83280,   83340,-9999,0.008949,0.02782,6.99e-25,2.142e-05,3.51e-05,0.0003474,2.482e-25,2.307e-05,0.001783,0.00119,3.398e-07,0.1011,0.007415,0.01974,0.1572,3.001e-05,1.472e-05,0.135
   83340,   83400,-9999,0.00893,0.02777,6.788e-25,2.13e-05,3.495e-05,0.000346,2.408e-25,2.285e-05,0.001777,0.001187,3.374e-07,0.101,0.007394,0.01972,0.157,2.988e-05,1.457e-05,0.135
   83400,   83460,-9999,0.008911,0.02773,6.593e-25,2.119e-05,3.481e-05,0.0003446,2.336e-25,2.263e-05,0.001771,0.001183,3.35e-07,0.1009,0.007374,0.0197,0.1568,2.974e-05,1.443e-05,0.135
   83460,   83520,-9999,0.008892,0.02768,6.417e-25,2.108e-05,3.467e-05,0.0003433,2.271e-25,2.243e-05,0.001766,0.00118,3.328e-07,0.1007,0.007354,0.01968,0.1566,2.961e-05,1.429e-05,0.135
   83520,   83580,-9999,0.008873,0.02763,6.239e-25,2.096e-05,3.452e-05,0.0003418,2.206e-25,2.221e-05,0.00176,0.001176,3.304e-07,0.1006,0.007333,0.01965,0.1564,2.948e-05,1.414e-05,0.135
   83580,   83640,-9999,0.008853,0.02759,6.065e-25,2.084e-05,3.438e-05,0.0003404,2.142e-25,2.199e-05,0.001753,0.001172,3.279e-07,0.1005,0.007312,0.01963,0.1562,2.934e-05,1.4e-05,0.135
   83640,   83700,-9999,0.008834,0.02754,5.907e-25,2.073e-05,3.424e-05,0.0003391,2.085e-25,2.178e-05,0.001748,0.001169,3.257e-07,0.1003,0.007292,0.01961,0.156,2.921e-05,1.386e-05,0.135
   83700,   83760,-9999,0.008814,0.02749,5.745e-25,2.061e-05,3.409e-05,0.0003376,2.026e-25,2.157e-05,0.001741,0.001165,3.233e-07,0.1002,0.007271,0.01959,0.1558,2.907e-05,1.372e-05,0.135
   83760,   83820,-9999,0.008793,0.02744,5.589e-25,2.049e-05,3.394e-05,0.0003362,1.969e-25,2.135e-05,0.001735,0.001161,3.209e-07,0.1001,0.007249,0.01957,0.1556,2.893e-05,1.358e-05,0.135
   83820,   83880,-9999,0.008774,0.02739,5.448e-25,2.038e-05,3.379e-05,0.0003348,1.918e-25,2.114e-05,0.001729,0.001158,3.186e-07,0.09992,0.007228,0.01954,0.1554,2.88e-05,1.344e-05,0.135
   83880,   83940,-9999,0.008753,0.02734,5.302e-25,2.026e-05,3.364e-05,0.0003333,1.866e-25,2.093e-05,0.001723,0.001154,3.162e-07,0.09978,0.007206,0.01952,0.1552,2.866e-05,1.33e-05,0.135
   83940,   84000,-9999,0.008732,0.02729,5.162e-25,2.014e-05,3.349e-05,0.0003319,1.816e-25,2.071e-05,0.001717,0.00115,3.137e-07,0.09963,0.007184,0.0195,0.155,2.852e-05,1.315e-05,0.135
   84000,   84060,-9999,0.008712,0.02724,5.035e-25,2.002e-05,3.334e-05,0.0003305,1.77e-25,2.051e-05,0.001711,0.001146,3.115e-07,0.09949,0.007163,0.01948,0.1548,2.839e-05,1.302e-05,0.135
   84060,   84120,-9999,0.00869,0.02719,4.905e-25,1.99e-05,3.319e-05,0.000329,1.723e-25,2.029e-05,0.001704,0.001142,3.09e-07,0.09934,0.007141,0.01945,0.1546,2.825e-05,1.288e-05,0.135
   84120,   84180,-9999,0.008669,0.02713,4.779e-25,1.978e-05,3.303e-05,0.0003275,1.678e-25,2.008e-05,0.001698,0.001138,3.066e-07,0.09919,0.007118,0.01943,0.1543,2.81e-05,1.274e-05,0.135
   84180,   84240,-9999,0.008648,0.02708,4.664e-25,1.966e-05,3.288e-05,0.0003261,1.637e-25,1.988e-05,0.001692,0.001135,3.043e-07,0.09905,0.007097,0.0194,0.1541,2.797e-05,1.26e-05,0.135
   84240,   84300,-9999,0.008626,0.02703,4.546e-25,1.954e-05,3.273e-05,0.0003246,1.595e-25,1.966e-05,0.001685,0.001131,3.019e-07,0.0989,0.007074,0.01938,0.1539,2.782e-05,1.246e-05,0.135
   84300,   84360,-9999,0.008604,0.02698,4.433e-25,1.942e-05,3.257e-05,0.000323,1.555e-25,1.945e-05,0.001678,0.001127,2.995e-07,0.09874,0.00705,0.01935,0.1537,2.768e-05,1.232e-05,0.135
   84360,   84420,-9999,0.008583,0.02692,4.329e-25,1.93e-05,3.242e-05,0.0003216,1.518e-25,1.925e-05,0.001672,0.001123,2.972e-07,0.09859,0.007028,0.01933,0.1535,2.754e-05,1.219e-05,0.135
   84420,   84480,-9999,0.00856,0.02687,4.223e-25,1.918e-05,3.226e-05,0.0003201,1.481e-25,1.904e-05,0.001665,0.001119,2.947e-07,0.09843,0.007005,0.0193,0.1532,2.74e-05,1.205e-05,0.135
   84480,   84540,-9999,0.008537,0.02681,4.12e-25,1.905e-05,3.21e-05,0.0003185,1.444e-25,1.882e-05,0.001659,0.001114,2.923e-07,0.09827,0.006981,0.01928,0.153,2.725e-05,1.191e-05,0.135
   84540,   84600,-9999,0.008516,0.02676,4.026e-25,1.893e-05,3.195e-05,0.000317,1.411e-25,1.863e-05,0.001652,0.001111,2.9e-07,0.09812,0.006959,0.01925,0.1528,2.711e-05,1.178e-05,0.135
   84600,   84660,-9999,0.008493,0.0267,3.93e-25,1.881e-05,3.178e-05,0.0003155,1.377e-25,1.841e-05,0.001645,0.001106,2.875e-07,0.09795,0.006934,0.01923,0.1525,2.696e-05,1.164e-05,0.135
   84660,   84720,-9999,0.008469,0.02664,3.837e-25,1.868e-05,3.162e-05,0.0003139,1.344e-25,1.82e-05,0.001638,0.001102,2.851e-07,0.09778,0.00691,0.0192,0.1523,2.682e-05,1.15e-05,0.135
   84720,   84780,-9999,0.008447,0.02659,3.752e-25,1.856e-05,3.147e-05,0.0003124,1.315e-25,1.801e-05,0.001632,0.001098,2.828e-07,0.09763,0.006887,0.01917,0.1521,2.668e-05,1.137e-05,0.135
   84780,   84840,-9999,0.008423,0.02653,3.664e-25,1.844e-05,3.13e-05,0.0003108,1.284e-25,1.78e-05,0.001625,0.001094,2.804e-07,0.09746,0.006862,0.01915,0.1518,2.653e-05,1.124e-05,0.135
   84840,   84900,-9999,0.008399,0.02647,3.58e-25,1.831e-05,3.113e-05,0.0003092,1.254e-25,1.759e-05,0.001618,0.001089,2.779e-07,0.09728,0.006837,0.01912,0.1516,2.638e-05,1.11e-05,0.135
   84900,   84960,-9999,0.008376,0.02641,3.502e-25,1.819e-05,3.098e-05,0.0003077,1.227e-25,1.739e-05,0.001611,0.001085,2.756e-07,0.09712,0.006814,0.01909,0.1513,2.623e-05,1.097e-05,0.135
   84960,   85020,-9999,0.008352,0.02635,3.423e-25,1.806e-05,3.081e-05,0.0003061,1.199e-25,1.719e-05,0.001604,0.001081,2.732e-07,0.09694,0.006789,0.01906,0.1511,2.608e-05,1.084e-05,0.135
   85020,   85080,-9999,0.008327,0.02629,3.346e-25,1.793e-05,3.064e-05,0.0003045,1.172e-25,1.698e-05,0.001597,0.001077,2.707e-07,0.09677,0.006763,0.01903,0.1508,2.593e-05,1.07e-05,0.135
   85080,   85140,-9999,0.008304,0.02623,3.275e-25,1.781e-05,3.048e-05,0.000303,1.148e-25,1.679e-05,0.00159,0.001072,2.684e-07,0.0966,0.006739,0.01901,0.1506,2.579e-05,1.057e-05,0.135
   85140,   85200,-9999,0.008279,0.02616,3.203e-25,1.769e-05,3.031e-05,0.0003013,1.123e-25,1.658e-05,0.001583,0.001068,2.66e-07,0.09641,0.006713,0.01898,0.1503,2.563e-05,1.044e-05,0.135
   85200,   85260,-9999,0.008253,0.0261,3.132e-25,1.756e-05,3.014e-05,0.0002997,1.098e-25,1.638e-05,0.001576,0.001063,2.635e-07,0.09623,0.006687,0.01895,0.15,2.548e-05,1.031e-05,0.135
   85260,   85320,-9999,0.008229,0.02604,3.068e-25,1.743e-05,2.998e-05,0.0002981,1.076e-25,1.619e-05,0.001569,0.001059,2.612e-07,0.09606,0.006662,0.01892,0.1498,2.533e-05,1.018e-05,0.135
   85320,   85380,-9999,0.008203,0.02598,3.002e-25,1.73e-05,2.981e-05,0.0002965,1.053e-25,1.598e-05,0.001561,0.001055,2.588e-07,0.09587,0.006636,0.01889,0.1495,2.518e-05,1.005e-05,0.135
   85380,   85440,-9999,0.008177,0.02591,2.937e-25,1.717e-05,2.963e-05,0.0002948,1.03e-25,1.578e-05,0.001554,0.00105,2.564e-07,0.09568,0.006609,0.01886,0.1492,2.502e-05,9.916e-06,0.135
   85440,   85500,-9999,0.008153,0.02585,2.879e-25,1.705e-05,2.947e-05,0.0002932,1.01e-25,1.559e-05,0.001547,0.001046,2.541e-07,0.0955,0.006584,0.01883,0.149,2.488e-05,9.793e-06,0.135
   85500,   85560,-9999,0.008126,0.02578,2.818e-25,1.692e-05,2.929e-05,0.0002916,9.89e-26,1.539e-05,0.001539,0.001041,2.516e-07,0.0953,0.006557,0.0188,0.1487,2.472e-05,9.663e-06,0.135
   85560,   85620,-9999,0.008099,0.02571,2.76e-25,1.679e-05,2.912e-05,0.0002899,9.687e-26,1.519e-05,0.001532,0.001036,2.492e-07,0.09511,0.00653,0.01876,0.1484,2.456e-05,9.532e-06,0.135
   85620,   85680,-9999,0.008074,0.02565,2.706e-25,1.667e-05,2.895e-05,0.0002883,9.5e-26,1.5e-05,0.001525,0.001032,2.469e-07,0.09492,0.006504,0.01873,0.1481,2.441e-05,9.411e-06,0.135
   85680,   85740,-9999,0.008047,0.02558,2.651e-25,1.654e-05,2.877e-05,0.0002866,9.307e-26,1.481e-05,0.001517,0.001027,2.444e-07,0.09472,0.006476,0.0187,0.1478,2.426e-05,9.282e-06,0.135
   85740,   85800,-9999,0.00802,0.02551,2.597e-25,1.64e-05,2.859e-05,0.0002849,9.12e-26,1.461e-05,0.001509,0.001022,2.42e-07,0.09452,0.006449,0.01867,0.1475,2.41e-05,9.154e-06,0.135
   85800,   85860,-9999,0.007994,0.02544,2.547e-25,1.628e-05,2.842e-05,0.0002832,8.949e-26,1.442e-05,0.001502,0.001018,2.397e-07,0.09432,0.006422,0.01863,0.1472,2.395e-05,9.034e-06,0.135
   85860,   85920,-9999,0.007966,0.02537,2.496e-25,1.615e-05,2.824e-05,0.0002815,8.772e-26,1.423e-05,0.001494,0.001013,2.373e-07,0.09412,0.006394,0.0186,0.1469,2.379e-05,8.908e-06,0.135
   85920,   85980,-9999,0.007938,0.0253,2.446e-25,1.601e-05,2.806e-05,0.0002798,8.6e-26,1.403e-05,0.001486,0.001008,2.349e-07,0.09391,0.006365,0.01857,0.1466,2.363e-05,8.782e-06,0.135
   85980,   86040,-9999,0.007911,0.02523,2.4e-25,1.589e-05,2.789e-05,0.0002781,8.443e-26,1.385e-05,0.001479,0.001003,2.326e-07,0.09371,0.006338,0.01853,0.1463,2.347e-05,8.664e-06,0.135
   86040,   86100,-9999,0.007882,0.02516,2.353e-25,1.576e-05,2.771e-05,0.0002764,8.28e-26,1.366e-05,0.001471,0.0009982,2.302e-07,0.09349,0.00631,0.0185,0.146,2.331e-05,8.539e-06,0.135
   86100,   86160,-9999,0.007853,0.02509,2.307e-25,1.562e-05,2.753e-05,0.0002746,8.121e-26,1.347e-05,0.001463,0.0009932,2.278e-07,0.09328,0.006281,0.01846,0.1457,2.315e-05,8.415e-06,0.135
   86160,   86220,-9999,0.007826,0.02502,2.265e-25,1.55e-05,2.735e-05,0.0002729,7.976e-26,1.329e-05,0.001456,0.0009884,2.255e-07,0.09307,0.006253,0.01843,0.1454,2.3e-05,8.3e-06,0.135
   86220,   86280,-9999,0.007797,0.02494,2.222e-25,1.536e-05,2.717e-05,0.0002712,7.826e-26,1.31e-05,0.001447,0.0009833,2.231e-07,0.09285,0.006223,0.01839,0.1451,2.283e-05,8.177e-06,0.135
   86280,   86340,-9999,0.007767,0.02487,2.179e-25,1.523e-05,2.698e-05,0.0002694,7.679e-26,1.291e-05,0.001439,0.0009782,2.207e-07,0.09263,0.006194,0.01836,0.1448,2.267e-05,8.055e-06,0.135
   86340,   86400,-9999,0.007739,0.02479,2.14e-25,1.51e-05,2.681e-05,0.0002677,7.545e-26,1.273e-05,0.001432,0.0009734,2.184e-07,0.09241,0.006166,0.01832,0.1444,2.252e-05,7.942e-06,0.135
