CampaignData_and_Merges/R0/CSL_MobileLab_Parked/raw/20240718/USOS-NOy-LIF_MobileLabGround_20240718_R0.ict
39,1001
Rollins, A.; Waxman, E.; Zuraski, K.; Chace, W.
NOAA Chemical Sciences Laboratory
LIF NO/NOx/NOy on CSL Mobile Lab
AMMBEC / USOS
1, 1
2024,07,18, 2025,01,03
1
Time_Start, seconds, number_of_seconds_since_0000_UTC
7
1, 1, 1, 1, 1, 1, 1
-9999, -9999, -9999, -9999, -9999, -9999, -9999
Time_Stop, seconds, number_of_seconds_since_0000_UTC
NO_LIF, pptv, Gas_NO_InSitu_S_AVMR, volume mixing ratio of nitric oxide in air
NO2_LIF, pptv, Gas_NO2_InSitu_S_AVMR, volume mixing ratio of nitrogen dioxide in air
NOy_LIF, pptv, Gas_NOy_InSitu_S_AVMR, volume mixing ratio of total oxidized nitrogen in air
NO_LIF_1SigmaAccuracy, pptv, Gas_NO_InSitu_S_AVMR, volume mixing ratio of nitric oxide in air
NO2_LIF_1SigmaAccuracy, pptv, Gas_NO2_InSitu_S_AVMR, volume mixing ratio of nitrogen dioxide in air
NOy_LIF_1SigmaAccuracy, pptv, Gas_NOy_InSitu_S_AVMR, volume mixing ratio of total oxidized nitrogen in air
0
18
PI_CONTACT_INFO: andrew.rollins@noaa.gov
PLATFORM: CSL Mobile Lab
LOCATION: Salt Lake City, UT
ASSOCIATED_DATA:
INSTRUMENT_INFO: NO detection by laser induced fluorescence. NO2 detection by photolytic conversion to NO. NOy detection by catalytic conversion to NO on gold surface
DATA_INFO:
UNCERTAINTY: Included 1 Sigma Accuracy waves represent the combined calibration uncertainties (±6%, ±9%, ±10%) and zero uncertainties (3 ppt, 20 ppt, 100 ppt) for NO, NO2, and NOy, respectively.
ULOD_FLAG: -7777
ULOD_VALUE: N/A
LLOD_FLAG: -8888
LLOD_VALUE: N/A
DM_CONTACT_INFO: andrew.rollins@noaa.gov
PROJECT_INFO: USOS Project, July - August 2024
STIPULATIONS_ON_USE: Users are strongly encouraged to contact the PI for proper data usage.
OTHER_COMMENTS:
REVISION: R0
R0: final data
Time_Start, Time_Stop, NO_LIF, NO2_LIF, NOy_LIF, NO_LIF_1SigmaAccuracy, NO2_LIF_1SigmaAccuracy, NOy_LIF_1SigmaAccuracy
       0,      60,-9999,-9999,-9999,-9999, -9999, -9999
      60,     120,-9999,-9999,-9999,-9999, -9999, -9999
     120,     180,-9999,-9999,-9999,-9999, -9999, -9999
     180,     240,214.75,2312.9,5068,15.885, 228.16, 606.8
     240,     300,199.13,2409.2,5384.9,14.948, 236.83, 638.49
     300,     360,181.06,2420.2,5426.2,13.864, 237.82, 642.62
     360,     420,151.81,2560,5606.2,12.108, 250.4, 660.62
     420,     480,129.15,2181.3,5151,10.749, 216.32, 615.1
     480,     540,137.14,1872.9,4476.4,11.229, 188.56, 547.64
     540,     600,139.07,1800.9,4220.6,11.344, 182.08, 522.06
     600,     660,142.91,1717.5,4003.6,11.574, 174.57, 500.36
     660,     720,142.2,1927.7,4102.3,11.532, 193.5, 510.23
     720,     780,197.87,2407.8,4715.3,14.872, 236.7, 571.53
     780,     840,250.1,2917.8,5287.9,18.006, 282.6, 628.79
     840,     900,206.01,2499.5,4899.8,15.361, 244.96, 589.98
     900,     960,196.77,2297.9,4763.1,14.806, 226.81, 576.31
     960,    1020,154.84,1844.2,4155.8,12.29, 185.98, 515.58
    1020,    1080,192.81,2210.4,4386,14.569, 218.94, 538.6
    1080,    1140,255.36,2664.2,4925.5,18.322, 259.78, 592.55
    1140,    1200,291.41,3362,5786.1,20.485, 322.58, 678.61
    1200,    1260,277.87,2950.6,5576.6,19.672, 285.55, 657.66
    1260,    1320,244.56,2802.2,5308.9,17.673, 272.2, 630.89
    1320,    1380,226.02,2660.9,5138.3,16.561, 259.48, 613.83
    1380,    1440,223.74,2605.4,5013.8,16.425, 254.48, 601.38
    1440,    1500,222.91,2677.7,5129.6,16.375, 261, 612.96
    1500,    1560,203.15,2552.8,5056.2,15.189, 249.76, 605.62
    1560,    1620,196.07,2307.1,4875.5,14.764, 227.64, 587.55
    1620,    1680,162.05,2221.7,4803.2,12.723, 219.95, 580.32
    1680,    1740,176.26,2144.4,4597.9,13.575, 213, 559.79
    1740,    1800,155.31,1992.7,4534.8,12.318, 199.34, 553.48
    1800,    1860,161.22,2019.7,4516.5,12.673, 201.77, 551.65
    1860,    1920,141.62,1837.4,4354.9,11.497, 185.37, 535.49
    1920,    1980,146.78,1952.7,4424,11.807, 195.74, 542.4
    1980,    2040,168.46,2216.8,4677.4,13.108, 219.51, 567.74
    2040,    2100,250.83,3061.2,5590.1,18.05, 295.51, 659.01
    2100,    2160,232.42,2780.4,5370.8,16.945, 270.24, 637.08
    2160,    2220,224.45,2907.2,5342.3,16.467, 281.65, 634.23
    2220,    2280,242.14,2930.8,5400.6,17.528, 283.77, 640.06
    2280,    2340,199.57,2697.6,5247.4,14.974, 262.79, 624.74
    2340,    2400,171.46,2213.2,4675.9,13.288, 219.18, 567.59
    2400,    2460,161.82,2243.6,4621.4,12.709, 221.92, 562.14
    2460,    2520,164.99,2175.2,4477.7,12.9, 215.77, 547.77
    2520,    2580,137.05,2108.7,4469.7,11.223, 209.78, 546.97
    2580,    2640,125.61,2033.6,4396.7,10.537, 203.02, 539.67
    2640,    2700,194.32,2432.6,4481,14.659, 238.94, 548.1
    2700,    2760,283.69,2796.5,5193.1,20.021, 271.68, 619.31
    2760,    2820,210.46,2777.8,5249,15.628, 270, 624.9
    2820,    2880,158.19,2698.8,5132.2,12.491, 262.89, 613.22
    2880,    2940,125.68,2306.6,4884.5,10.541, 227.59, 588.45
    2940,    3000,134.94,2038.9,4459,11.096, 203.5, 545.9
    3000,    3060,111.37,1996.9,4362,9.6822, 199.72, 536.2
    3060,    3120,170.31,2280.6,4394,13.219, 225.26, 539.4
    3120,    3180,165.65,2154.5,4558.6,12.939, 213.9, 555.86
    3180,    3240,141,2136,4525.5,11.46, 212.24, 552.55
    3240,    3300,158.73,2208.3,4468.2,12.524, 218.75, 546.82
    3300,    3360,223.44,2393.6,4549.5,16.406, 235.42, 554.95
    3360,    3420,174.21,2051.3,4426.9,13.453, 204.62, 542.69
    3420,    3480,129.2,1896.5,4075.3,10.752, 190.69, 507.53
    3480,    3540,137.26,1968.9,4148.5,11.236, 197.2, 514.85
    3540,    3600,202.17,2125.3,4337,15.13, 211.27, 533.7
    3600,    3660,160.89,2000,4256.2,12.654, 200, 525.62
    3660,    3720,216.45,2614.8,4882.2,15.987, 255.33, 588.22
    3720,    3780,226.16,2912.2,5332.6,16.57, 282.1, 633.26
    3780,    3840,235.87,2752.5,5055.6,17.152, 267.72, 605.56
    3840,    3900,135.03,2226.1,4498.9,11.102, 220.35, 549.89
    3900,    3960,134.69,2220.6,4265.7,11.082, 219.85, 526.57
    3960,    4020,103.26,1911.8,4144.5,9.1956, 192.06, 514.45
    4020,    4080,93.774,1714.9,3837.4,8.6265, 174.34, 483.74
    4080,    4140,94.744,1800.9,3777.7,8.6847, 182.08, 477.77
    4140,    4200,-9999,-9999,-9999,-9999, -9999, -9999
    4200,    4260,-9999,-9999,-9999,-9999, -9999, -9999
    4260,    4320,-9999,-9999,-9999,-9999, -9999, -9999
    4320,    4380,-9999,-9999,-9999,-9999, -9999, -9999
    4380,    4440,-9999,-9999,-9999,-9999, -9999, -9999
    4440,    4500,-9999,-9999,-9999,-9999, -9999, -9999
    4500,    4560,-9999,-9999,-9999,-9999, -9999, -9999
    4560,    4620,113.96,2348,4300.3,9.8373, 231.32, 530.03
    4620,    4680,147.15,2521.2,4721.9,11.829, 246.91, 572.19
    4680,    4740,160.8,2586.8,4986.6,12.648, 252.81, 598.66
    4740,    4800,207.29,2819.8,4884.1,15.438, 273.79, 588.41
    4800,    4860,160.81,2992.4,5093.5,12.649, 289.31, 609.35
    4860,    4920,220.8,3869.6,5796.4,16.248, 368.26, 679.64
    4920,    4980,178.12,3134.6,5779.6,13.687, 302.12, 677.96
    4980,    5040,164.15,3078.3,5400.2,12.849, 297.05, 640.02
    5040,    5100,141.01,2995.2,5184.4,11.461, 289.57, 618.44
    5100,    5160,132.66,3004.1,5314.5,10.96, 290.37, 631.45
    5160,    5220,130.88,2866.2,5209.9,10.853, 277.95, 620.99
    5220,    5280,538.35,3817.2,5464.6,35.301, 363.55, 646.46
    5280,    5340,514.59,4045.9,7419.1,33.875, 384.13, 841.91
    5340,    5400,143.27,2955.4,5875.6,11.596, 285.99, 687.56
    5400,    5460,334.2,4044.2,6320.2,23.052, 383.97, 732.02
    5460,    5520,201.59,4129.8,6795.5,15.095, 391.69, 779.55
    5520,    5580,150.04,3736.1,6495.5,12.002, 356.25, 749.55
    5580,    5640,235.67,4170.4,6595.2,17.14, 395.34, 759.52
    5640,    5700,183.64,4111.6,6318.1,14.018, 390.04, 731.81
    5700,    5760,693.82,5550.4,7302.8,44.629, 519.54, 830.28
    5760,    5820,232.18,3690.2,5948.5,16.931, 352.11, 694.85
    5820,    5880,402.01,4490.7,7373.3,27.12, 424.16, 837.33
    5880,    5940,309.18,3831,6249.5,21.551, 364.79, 724.95
    5940,    6000,639.22,5048.6,6995.3,41.353, 474.37, 799.53
    6000,    6060,220.33,3755.2,6044.1,16.22, 357.97, 704.41
    6060,    6120,422.22,3893.6,6375.7,28.333, 370.42, 737.57
    6120,    6180,177.74,3159.4,5531.3,13.665, 304.34, 653.13
    6180,    6240,570.4,4530.6,6984.6,37.224, 427.75, 798.46
    6240,    6300,166.03,3390.8,5793.1,12.962, 325.17, 679.31
    6300,    6360,178.17,3224.6,5855.7,13.69, 310.21, 685.57
    6360,    6420,160.2,2648.4,5202.9,12.612, 258.36, 620.29
    6420,    6480,240.55,2743.6,5014,17.433, 266.93, 601.4
    6480,    6540,218.3,3347.8,5640.9,16.098, 321.31, 664.09
    6540,    6600,203.47,3488.6,5675.6,15.208, 333.98, 667.56
    6600,    6660,174.69,3423.2,5604.5,13.482, 328.08, 660.45
    6660,    6720,268.88,3830.1,6090.1,19.133, 364.71, 709.01
    6720,    6780,165.34,3631.3,5757.9,12.92, 346.82, 675.79
    6780,    6840,174.97,4211.3,6267.9,13.498, 399.02, 726.79
    6840,    6900,363.83,5050.6,6953.4,24.83, 474.55, 795.34
    6900,    6960,101.9,3715,6181.5,9.1137, 354.35, 718.15
    6960,    7020,81.68,2979.3,5353.5,7.9008, 288.14, 635.35
    7020,    7080,70.318,2752.1,4800.5,7.2191, 267.69, 580.05
    7080,    7140,72.327,2713,4733,7.3396, 264.17, 573.3
    7140,    7200,54.533,2218.9,4138.6,6.272, 219.7, 513.86
    7200,    7260,56.157,2317.3,4068.2,6.3694, 228.56, 506.82
    7260,    7320,60.954,2703.7,4246.8,6.6572, 263.33, 524.68
    7320,    7380,63.878,2757.7,4501.3,6.8327, 268.19, 550.13
    7380,    7440,78.188,3117.6,4812.7,7.6913, 300.58, 581.27
    7440,    7500,79.576,3284.8,5042.9,7.7746, 315.63, 604.29
    7500,    7560,82.592,3373.4,5315,7.9555, 323.61, 631.5
    7560,    7620,73.519,3403.8,5179.6,7.4111, 326.34, 617.96
    7620,    7680,90.069,3613.4,5390.8,8.4041, 345.2, 639.08
    7680,    7740,91.629,3941.5,5520.1,8.4977, 374.74, 652.01
    7740,    7800,96.637,4352.8,6209.5,8.7982, 411.75, 720.95
    7800,    7860,60.129,3099.4,5459,6.6077, 298.95, 645.9
    7860,    7920,58.478,3287.9,5427.8,6.5087, 315.91, 642.78
    7920,    7980,74.701,3532.4,5510.8,7.4821, 337.91, 651.08
    7980,    8040,58.06,3401.6,5353.2,6.4836, 326.15, 635.32
    8040,    8100,55.526,3150.1,5056.9,6.3316, 303.51, 605.69
    8100,    8160,53.411,3426.7,5096.4,6.2047, 328.4, 609.64
    8160,    8220,50.928,3472.2,5872.4,6.0557, 332.5, 687.24
    8220,    8280,44.495,2865.5,4448.1,5.6697, 277.89, 544.81
    8280,    8340,121.02,4648.3,5405.4,10.261, 438.35, 640.54
    8340,    8400,142.86,5378.3,6832.3,11.571, 504.05, 783.23
    8400,    8460,53.771,3391.4,6176.9,6.2262, 325.23, 717.69
    8460,    8520,48.607,3085.5,5261.2,5.9164, 297.69, 626.12
    8520,    8580,-9999,-9999,-9999,-9999, -9999, -9999
    8580,    8640,-9999,-9999,-9999,-9999, -9999, -9999
    8640,    8700,-9999,-9999,-9999,-9999, -9999, -9999
    8700,    8760,-9999,-9999,-9999,-9999, -9999, -9999
    8760,    8820,-9999,-9999,-9999,-9999, -9999, -9999
    8820,    8880,-9999,-9999,-9999,-9999, -9999, -9999
    8880,    8940,-9999,-9999,-9999,-9999, -9999, -9999
    8940,    9000,33.409,3435.8,4853.7,5.0046, 329.22, 585.37
    9000,    9060,40.064,3254.9,4888.2,5.4039, 312.94, 588.82
    9060,    9120,40.069,3955.7,5266,5.4042, 376.01, 626.6
    9120,    9180,68.436,5274.9,6179.5,7.1061, 494.74, 717.95
    9180,    9240,43.767,4656.1,6375.3,5.626, 439.05, 737.53
    9240,    9300,28.948,3292,5744.3,4.7369, 316.28, 674.43
    9300,    9360,29.606,2882.1,5084.6,4.7764, 279.39, 608.46
    9360,    9420,34.136,3436.9,4924.8,5.0481, 329.32, 592.48
    9420,    9480,32.846,3573.3,5102.9,4.9707, 341.6, 610.29
    9480,    9540,147.41,5066.2,5867.8,11.845, 475.96, 686.78
    9540,    9600,175.85,6112,8077.1,13.551, 570.08, 907.71
    9600,    9660,88.916,5751.8,6894.1,8.335, 537.66, 789.41
    9660,    9720,50.279,6579.4,7781.2,6.0167, 612.15, 878.12
    9720,    9780,34.63,5639.7,8468.3,5.0778, 527.57, 946.83
    9780,    9840,27.168,3770.8,5750.7,4.6301, 359.37, 675.07
    9840,    9900,27.103,4107.5,6059.6,4.6262, 389.67, 705.96
    9900,    9960,23.867,3962.3,5628.1,4.432, 376.61, 662.81
    9960,   10020,19.553,3760.9,5596.8,4.1732, 358.48, 659.68
   10020,   10080,16.444,3077,5007.4,3.9866, 296.93, 600.74
   10080,   10140,14.897,2885.2,4585.9,3.8938, 279.67, 558.59
   10140,   10200,18.005,3448.2,5007,4.0803, 330.34, 600.7
   10200,   10260,14.926,3417.8,5149.4,3.8955, 327.6, 614.94
   10260,   10320,27.036,3993.6,5683.9,4.6221, 379.42, 668.39
   10320,   10380,18.359,3821.9,5772.5,4.1016, 363.97, 677.25
   10380,   10440,22.166,3695.2,5676.4,4.33, 352.57, 667.64
   10440,   10500,12.104,4303.9,5980.6,3.7262, 407.35, 698.06
   10500,   10560,13.872,3542.6,5426.3,3.8323, 338.84, 642.63
   10560,   10620,13.135,3204.7,5041.8,3.7881, 308.42, 604.18
   10620,   10680,10.371,2816.7,4598.6,3.6222, 273.5, 559.86
   10680,   10740,9.9294,3210.1,4904,3.5958, 308.91, 590.4
   10740,   10800,11.588,3570.1,5302.5,3.6953, 341.31, 630.25
   10800,   10860,12.067,3543,5381.9,3.724, 338.87, 638.19
   10860,   10920,13.986,3072.1,5182.9,3.8391, 296.49, 618.29
   10920,   10980,16.823,3390.7,4952.7,4.0094, 325.16, 595.27
   10980,   11040,15.082,3220.5,5228.6,3.9049, 309.84, 622.86
   11040,   11100,54.463,4470.7,5986.3,6.2678, 422.37, 698.63
   11100,   11160,64.983,5189.1,6662.2,6.899, 487.02, 766.22
   11160,   11220,23.043,4904,6974.1,4.3826, 461.36, 797.41
   11220,   11280,23.418,5102.4,7539.8,4.4051, 479.22, 853.98
   11280,   11340,133.41,6015.2,6848,11.005, 561.37, 784.8
   11340,   11400,78.661,7270.6,8617.2,7.7197, 674.36, 961.72
   11400,   11460,17.838,4989.5,7759.8,4.0703, 469.06, 875.98
   11460,   11520,12.694,4538.7,6635.3,3.7617, 428.49, 763.53
   11520,   11580,11.353,4530.1,6425.2,3.6812, 427.71, 742.52
   11580,   11640,12.735,4425.3,6230.3,3.7641, 418.28, 723.03
   11640,   11700,11.742,3973.4,6461.7,3.7045, 377.61, 746.17
   11700,   11760,11.944,3720.2,5641.6,3.7166, 354.81, 664.16
   11760,   11820,22.618,4591.3,6196.5,4.3571, 433.22, 719.65
   11820,   11880,21.826,4320.7,6511.9,4.3096, 408.86, 751.19
   11880,   11940,19.959,3939.1,6041.8,4.1976, 374.52, 704.18
   11940,   12000,41.083,3463.3,5504.8,5.465, 331.69, 650.48
   12000,   12060,70.79,3661.2,5666.2,7.2474, 349.51, 666.62
   12060,   12120,31.171,3598.2,5730.9,4.8702, 343.84, 673.09
   12120,   12180,19.013,3208.3,5145.8,4.1408, 308.75, 614.58
   12180,   12240,14.884,2929.6,4859.6,3.8931, 283.66, 585.96
   12240,   12300,19.892,3018.6,4618.7,4.1935, 291.67, 561.87
   12300,   12360,14.283,2787.5,4638.3,3.857, 270.88, 563.83
   12360,   12420,18.73,2848.7,4433.1,4.1238, 276.38, 543.31
   12420,   12480,26.342,2945.1,4561.4,4.5805, 285.06, 556.14
   12480,   12540,18.676,3006.4,4545.1,4.1205, 290.58, 554.51
   12540,   12600,33.162,3146.7,4864.2,4.9897, 303.2, 586.42
   12600,   12660,17.349,3378.5,5049,4.0409, 324.06, 604.9
   12660,   12720,50.703,4059.1,5298,6.0422, 385.32, 629.8
   12720,   12780,38.71,3740.9,5727.9,5.3226, 356.68, 672.79
   12780,   12840,54.023,4141.8,6013.3,6.2414, 392.76, 701.33
   12840,   12900,33.015,3584.3,5712.9,4.9809, 342.59, 671.29
   12900,   12960,-9999,-9999,-9999,-9999, -9999, -9999
   12960,   13020,-9999,-9999,-9999,-9999, -9999, -9999
   13020,   13080,-9999,-9999,-9999,-9999, -9999, -9999
   13080,   13140,-9999,-9999,-9999,-9999, -9999, -9999
   13140,   13200,-9999,-9999,-9999,-9999, -9999, -9999
   13200,   13260,-9999,-9999,-9999,-9999, -9999, -9999
   13260,   13320,-9999,-9999,-9999,-9999, -9999, -9999
   13320,   13380,18.727,6195.4,8452.5,4.1236, 577.58, 945.25
   13380,   13440,38.327,5276,7457.5,5.2996, 494.84, 845.75
   13440,   13500,62.905,2473.7,4101.1,6.7743, 242.63, 510.11
   13500,   13560,77.327,1627.8,2996.1,7.6396, 166.51, 399.61
   13560,   13620,27.237,1289.5,2487.4,4.6342, 136.05, 348.74
   13620,   13680,88.009,1999.5,3324.5,8.2805, 199.95, 432.45
   13680,   13740,326.37,2664,5071.4,22.582, 259.76, 607.14
   13740,   13800,68.774,1914.9,3387.1,7.1264, 192.34, 438.71
   13800,   13860,45.149,2120.4,3422.3,5.7089, 210.83, 442.23
   13860,   13920,411.84,3216.7,5233.7,27.71, 309.51, 623.37
   13920,   13980,154.89,1960.4,3297.4,12.294, 196.44, 429.74
   13980,   14040,158.95,2136.8,3275.1,12.537, 212.32, 427.51
   14040,   14100,536.51,3388.3,5650.6,35.191, 324.94, 665.06
   14100,   14160,47.486,1795.4,3008.2,5.8491, 181.58, 400.82
   14160,   14220,497.1,2745.4,4608.2,32.826, 267.09, 560.82
   14220,   14280,299.81,3258.3,6185.1,20.988, 313.25, 718.51
   14280,   14340,45.194,1933.3,3394.2,5.7116, 194, 439.42
   14340,   14400,46.65,1706.8,2959.3,5.799, 173.61, 395.93
   14400,   14460,202.88,2286.7,3631.1,15.173, 225.81, 463.11
   14460,   14520,66.07,1953.2,3387.5,6.9642, 195.79, 438.75
   14520,   14580,39.553,1667.5,2877.1,5.3732, 170.08, 387.71
   14580,   14640,47.521,1852.8,3118.2,5.8513, 186.75, 411.82
   14640,   14700,44.761,1842.3,3112.1,5.6857, 185.81, 411.21
   14700,   14760,82.172,2079,3162.3,7.9303, 207.11, 416.23
   14760,   14820,25.316,1700.8,2899.9,4.519, 173.07, 389.99
   14820,   14880,20.842,1947.5,3154.1,4.2505, 195.28, 415.41
   14880,   14940,118.01,2838.2,4230.6,10.081, 275.44, 523.06
   14940,   15000,172.95,4732.7,5433.8,13.377, 445.94, 643.38
   15000,   15060,191.97,4959.1,7497.4,14.518, 466.32, 849.74
   15060,   15120,47.933,4417.2,6330.3,5.876, 417.55, 733.03
   15120,   15180,58.229,4523.2,6458,6.4937, 427.09, 745.8
   15180,   15240,32.217,4367.9,6560.4,4.933, 413.11, 756.04
   15240,   15300,59.337,4535.7,6172.3,6.5602, 428.21, 717.23
   15300,   15360,25.827,4658.6,6437.9,4.5496, 439.27, 743.79
   15360,   15420,38.235,5525.4,6662.3,5.2941, 517.29, 766.23
   15420,   15480,258.75,7210,7085.3,18.525, 668.9, 808.53
   15480,   15540,1180.8,14495,13649,73.851, 1324.6, 1464.9
   15540,   15600,167.92,8326.8,12953,13.075, 769.41, 1395.3
   15600,   15660,19.42,4714.4,7163.1,4.1652, 444.3, 816.31
   15660,   15720,14.462,3763.7,6209.1,3.8677, 358.73, 720.91
   15720,   15780,19.306,3736,5601.9,4.1584, 356.24, 660.19
