CampaignData_and_Merges/R0/CSL_MobileLab_Parked/raw/20240718/USOS-NOAAIodideCIMS-OrgNitrs_MobileLabGround_20240718_RA.ict
38, 1001
Michael A Robinson, Chris Jernigan, Subi Thakali
NOAA ESRL Chemical Sciences Laboratory and CIRES, U. of Colorado
NOAA Iodide CIMS Instrument
USOS
1, 1
2024, 07, 18, 2024, 07, 20
0
starttime_UTC, seconds_past_midnight, seconds_of_day_since_00:00:00_UTC
5
1, 1, 1, 1, 1
-9999, -9999, -9999, -9999, -9999
C4H7NO5_NOAACIMS, pptv, Gas_C4H7NO5_InSitu_M_AVMR
ISOPN_NOAACIMS, pptv, Gas_ISOPN_InSitu_M_AVMR
C5H10O3_NOAACIMS, pptv, Gas_C5H10O3_InSitu_M_AVMR
C5H9NO5_NOAACIMS, pptv, Gas_C5H9NO5_InSitu_M_AVMR
C10H17NO4_NOAACIMS, pptv, Gas_C10H17NO4_InSitu_M_AVMR
1
N/A
18
PI_CONTACT_INFO: 325 Broadway, R/CSD 7, Boulder, Colorado 80305; michael.a.robinson@noaa.gov; chris.jernigan@noaa.gov;
PLATFORM: NOAA CSL Mobile Lab
LOCATION: SLC, Utah
ASSOCIATED_DATA: 1Hz data also available on request.
INSTRUMENT_INFO: NOAA I- ToF CIMS
DATA_INFO: Units: pptv
UNCERTAINTY: tbd
ULOD_FLAG: -7777
ULOD_VALUE: N/A
LLOD_FLAG: -8888
LLOD_VALUE: N/A
DM_CONTACT_INFO: Nathan Howard; nathan.h.howard@noaa.gov
PROJECT_INFO: USOS, summer 2024. https://csl.noaa.gov/groups/csl7/measurements/2024usos/
STIPULATIONS_ON_USE: only the USOS science team is allowed to use this data
OTHER_COMMENTS: Field data; Data are averaged to 1 minute intervals. Stationary data collected from a 10 ft tower on top of the mobile lab
REVISION: RA
RA: Preliminary Data; For in-field use only
starttime_UTC, C4H7NO5_NOAACIMS, ISOPN_NOAACIMS, C5H10O3_NOAACIMS, C5H9NO5_NOAACIMS, C10H17NO4_NOAACIMS
[from data line 792]
47520,4.283,7.649,57.024,5.804,1.441
47580,4.275,7.549,56.307,5.613,1.231
47640,4.361,7.732,58.849,5.685,1.211
47700,4.296,7.770,58.794,5.585,1.199
47760,4.299,7.629,56.520,5.615,1.113
47820,4.394,7.775,56.201,5.644,1.252
47880,4.470,7.311,55.764,5.855,1.314
47940,4.638,7.404,57.256,6.069,1.324
48000,4.714,7.360,58.827,6.157,1.361
48060,4.611,7.396,57.300,6.209,1.500
48120,4.752,7.913,55.470,6.373,1.578
48180,4.881,7.686,58.222,6.303,1.433
48240,4.864,8.053,55.425,6.428,1.531
48300,4.836,7.735,54.764,6.361,1.612
48360,4.741,7.893,54.899,6.112,1.405
48420,4.880,7.901,55.895,6.367,1.509
48480,4.909,8.253,55.240,6.244,1.389
48540,-9999.000,-9999.000,-9999.000,-9999.000,-9999.000
48600,-9999.000,-9999.000,-9999.000,-9999.000,-9999.000
48660,-9999.000,-9999.000,-9999.000,-9999.000,-9999.000
48720,5.046,8.385,52.876,6.130,1.254
48780,5.082,8.159,55.694,6.269,1.496
48840,5.160,8.182,53.212,6.269,1.608
48900,5.042,8.302,52.453,6.362,1.719
48960,5.190,8.496,53.873,6.424,1.669
49020,5.186,8.184,53.287,6.412,1.652
49080,5.165,8.059,57.069,6.176,1.500
49140,4.999,8.516,58.840,6.048,1.473
49200,4.924,8.881,57.556,5.777,1.158
49260,4.781,8.706,59.040,5.731,1.218
49320,4.729,8.744,60.330,5.622,1.023
49380,4.953,9.147,59.615,5.825,1.245
49440,4.821,9.123,58.431,5.665,1.311
49500,4.775,9.351,58.258,5.454,1.087
49560,4.755,9.944,59.221,5.326,1.015
49620,4.775,10.117,60.033,5.461,1.072
49680,4.778,10.297,60.217,5.438,1.088
49740,4.733,10.552,60.000,5.300,0.993
49800,4.701,11.204,58.186,5.345,0.988
49860,4.779,11.422,59.331,5.329,1.041
49920,4.910,12.353,58.703,5.366,0.947
49980,4.990,12.749,58.569,5.290,0.990
50040,5.040,13.931,57.229,5.485,1.110
50100,5.138,14.634,57.303,5.614,0.990
50160,5.282,15.434,56.215,5.595,1.056
50220,5.349,15.544,57.362,5.814,1.221
50280,5.355,16.188,56.494,5.625,1.122
50340,5.345,15.887,56.700,5.811,1.222
50400,-9999.000,-9999.000,-9999.000,-9999.000,-9999.000
50460,-9999.000,-9999.000,-9999.000,-9999.000,-9999.000
50520,-9999.000,-9999.000,-9999.000,-9999.000,-9999.000
50580,-9999.000,-9999.000,-9999.000,-9999.000,-9999.000
50640,5.798,16.381,48.410,6.095,1.456
50700,5.938,16.040,48.316,6.160,1.203
50760,5.962,15.937,49.556,6.029,1.234
50820,5.838,15.931,48.593,6.215,1.268
50880,6.042,17.233,48.656,6.175,1.454
50940,6.256,17.884,50.129,6.288,1.399
51000,6.345,18.059,50.112,6.339,1.359
51060,6.430,17.969,50.297,6.566,1.305
51120,6.378,17.752,50.114,6.561,1.455
51180,6.293,17.225,48.485,6.486,1.339
51240,6.250,17.476,48.783,6.291,1.282
51300,6.402,18.520,48.871,6.756,1.458
51360,6.311,18.195,48.004,6.474,1.464
51420,6.567,19.080,48.997,6.518,1.482
51480,6.500,19.147,49.800,6.580,1.635
51540,6.481,18.459,46.967,6.549,1.563
51600,6.450,19.357,47.335,6.527,1.576
51660,6.467,18.456,49.730,6.420,1.503
51720,6.878,19.822,49.272,6.633,1.542
51780,6.709,19.448,48.104,6.712,1.531
51840,6.564,19.553,46.790,6.621,1.523
51900,6.930,21.490,47.710,6.597,1.624
51960,7.151,21.815,49.043,6.878,1.620
52020,7.213,23.602,49.426,6.641,1.586
52080,7.342,24.188,50.921,7.025,1.720
52140,-9999.000,-9999.000,-9999.000,-9999.000,-9999.000
52200,-9999.000,-9999.000,-9999.000,-9999.000,-9999.000
52260,-9999.000,-9999.000,-9999.000,-9999.000,-9999.000
52320,-9999.000,-9999.000,-9999.000,-9999.000,-9999.000
52380,-9999.000,-9999.000,-9999.000,-9999.000,-9999.000
52440,-9999.000,-9999.000,-9999.000,-9999.000,-9999.000
52500,8.020,26.640,50.954,7.320,1.734
52560,8.072,29.973,49.274,7.329,1.728
52620,7.921,29.921,51.238,7.337,1.470
52680,8.049,29.178,52.253,7.460,1.735
52740,8.186,29.587,50.470,7.647,1.726
52800,8.201,30.733,52.876,7.504,1.702
52860,8.492,32.936,55.023,7.656,1.913
52920,8.628,33.244,53.915,7.637,1.884
52980,8.755,34.162,55.431,7.610,1.772
53040,8.828,34.753,55.691,7.459,1.722
53100,9.015,34.999,56.971,7.390,1.876
53160,9.010,33.774,55.957,7.395,1.704
53220,9.048,34.712,57.011,7.471,1.718
53280,9.194,35.552,57.192,7.536,1.715
53340,9.210,35.792,56.997,7.417,1.803
53400,9.259,36.454,56.300,7.655,1.955
53460,9.439,35.798,57.470,7.568,1.765
53520,9.451,36.024,56.729,7.782,1.907
53580,9.426,36.309,59.019,7.632,1.895
53640,9.465,34.876,60.302,7.598,1.870
53700,9.502,35.059,59.223,7.729,1.833
53760,9.543,35.028,59.932,7.592,2.008
53820,9.690,35.086,58.819,7.748,1.910
53880,9.674,34.992,59.924,7.630,1.913
53940,9.745,34.265,59.233,7.864,2.026
54000,9.751,33.921,59.539,7.945,2.214
54060,-9999.000,-9999.000,-9999.000,-9999.000,-9999.000
54120,-9999.000,-9999.000,-9999.000,-9999.000,-9999.000
54180,-9999.000,-9999.000,-9999.000,-9999.000,-9999.000
54240,-9999.000,-9999.000,-9999.000,-9999.000,-9999.000
54300,-9999.000,-9999.000,-9999.000,-9999.000,-9999.000
54360,-9999.000,-9999.000,-9999.000,-9999.000,-9999.000
54420,10.036,32.413,52.253,8.217,1.910
54480,10.056,31.135,53.544,8.409,1.821
54540,10.162,30.089,53.984,8.447,1.829
54600,10.410,31.399,55.492,8.659,2.204
54660,10.212,30.683,54.253,8.358,2.124
54720,10.052,31.279,52.768,8.435,2.047
54780,10.452,34.688,53.433,8.630,2.007
54840,10.649,35.445,54.352,8.402,2.105
54900,10.844,35.873,53.813,8.313,1.928
54960,10.305,35.094,58.290,7.979,1.935
55020,10.514,36.784,58.100,8.366,1.910
55080,10.747,41.614,63.703,8.422,2.065
55140,11.018,44.965,64.489,8.637,1.986
55200,11.455,46.992,66.352,8.479,1.897
55260,11.312,47.294,64.810,8.449,2.008
55320,11.496,45.039,64.487,8.408,1.731
55380,11.472,45.451,63.506,8.661,2.006
55440,11.744,45.997,62.776,8.480,2.102
55500,11.677,46.426,61.046,8.609,2.072
55560,12.004,49.403,59.574,8.818,2.279
55620,12.608,51.905,60.283,9.257,2.524
55680,12.889,53.495,56.627,9.081,2.536
55740,13.304,58.145,56.930,9.494,2.690
55800,13.460,58.634,55.532,9.500,2.511
55860,-9999.000,-9999.000,-9999.000,-9999.000,-9999.000
55920,-9999.000,-9999.000,-9999.000,-9999.000,-9999.000
55980,-9999.000,-9999.000,-9999.000,-9999.000,-9999.000
56040,-9999.000,-9999.000,-9999.000,-9999.000,-9999.000
56100,-9999.000,-9999.000,-9999.000,-9999.000,-9999.000
56160,-9999.000,-9999.000,-9999.000,-9999.000,-9999.000
56220,-9999.000,-9999.000,-9999.000,-9999.000,-9999.000
56280,-9999.000,-9999.000,-9999.000,-9999.000,-9999.000
56340,16.882,67.870,75.457,11.163,2.414
56400,16.586,68.409,71.441,10.817,2.622
56460,16.870,70.110,70.643,10.797,2.772
56520,16.935,69.956,70.825,10.393,2.781
56580,16.915,68.419,67.580,10.637,2.767
56640,16.919,66.593,65.726,10.106,2.507
56700,15.418,62.393,47.667,8.703,2.049
56760,15.940,57.049,51.338,9.451,2.028
56820,15.748,54.339,51.497,9.289,1.888
56880,16.212,54.868,55.847,9.416,2.180
56940,15.929,53.321,56.190,9.243,2.208
57000,16.088,53.111,56.392,9.510,2.059
57060,16.119,49.798,55.452,9.177,1.758
57120,16.113,46.670,53.320,9.354,1.516
57180,15.738,43.681,50.560,9.261,0.979
57240,15.827,43.548,53.866,9.571,1.488
57300,15.969,42.309,57.078,9.336,1.626
57360,15.885,42.197,54.428,9.172,1.542
57420,16.246,45.505,51.461,9.604,1.522
57480,16.562,45.311,53.055,9.713,1.620
57540,16.665,46.305,54.821,9.683,1.724
57600,17.035,47.417,54.365,9.714,1.402
57660,17.411,47.420,54.930,9.772,1.708
57720,17.373,46.737,56.062,9.670,1.728
57780,17.646,47.846,59.606,9.750,1.020
57840,17.145,43.310,58.060,9.718,1.733
57900,16.327,40.136,54.941,9.458,1.703
57960,17.139,39.991,56.347,9.581,1.285
58020,17.438,40.413,58.606,9.843,1.445
58080,17.934,46.264,60.723,9.475,1.644
58140,18.512,46.849,61.688,9.784,1.493
58200,18.370,48.198,62.096,9.713,1.583
58260,19.343,50.494,64.159,9.828,1.684
58320,19.493,50.137,63.892,10.092,1.530
58380,19.595,50.565,64.841,10.186,1.450
58440,20.024,50.865,64.519,10.052,1.418
58500,18.725,44.375,59.159,9.338,1.386
58560,19.808,48.510,55.156,9.758,1.590
58620,20.549,52.798,59.856,10.301,1.429
58680,21.072,52.526,58.018,10.222,1.340
58740,21.938,55.059,63.836,10.257,1.226
58800,22.783,59.356,67.071,10.638,1.550
58860,23.370,59.260,66.649,10.757,1.523
58920,22.989,56.983,62.745,10.532,1.406
58980,23.210,56.345,64.781,10.620,1.252
59040,22.774,54.479,63.497,9.973,1.166
59100,22.673,52.294,61.388,10.226,1.146
59160,23.217,55.454,62.946,10.699,1.487
59220,24.119,57.965,64.711,10.744,1.835
59280,25.708,61.378,65.593,11.004,2.103
59340,25.365,59.758,67.175,10.934,1.981
59400,25.709,60.305,63.989,10.264,1.671
59460,26.162,62.173,67.223,11.018,1.857
59520,26.264,60.829,66.777,11.293,1.787
59580,27.230,64.444,69.250,11.307,2.036
59640,27.527,62.941,70.232,11.206,1.987
59700,27.162,61.304,68.982,11.189,2.081
59760,27.444,61.486,69.028,11.528,1.904
59820,27.215,59.000,67.482,11.187,1.912
59880,28.424,62.117,71.758,11.170,2.009
59940,28.234,60.844,72.859,11.163,1.587
60000,28.652,61.461,75.474,11.133,1.543
60060,28.283,57.654,73.045,10.418,1.357
60120,29.084,61.190,78.337,10.810,1.313
60180,29.306,59.295,78.025,10.250,0.954
60240,29.481,60.890,85.115,10.967,1.200
60300,-9999.000,-9999.000,-9999.000,-9999.000,-9999.000
60360,-9999.000,-9999.000,-9999.000,-9999.000,-9999.000
60420,-9999.000,-9999.000,-9999.000,-9999.000,-9999.000
60480,-9999.000,-9999.000,-9999.000,-9999.000,-9999.000
60540,30.533,55.127,70.869,10.809,0.677
60600,29.484,53.521,69.607,11.309,1.506
60660,29.090,51.631,68.757,10.879,1.408
60720,28.927,51.908,73.822,10.811,1.344
60780,29.931,53.069,77.726,11.133,1.215
60840,29.530,50.936,74.917,10.984,1.325
60900,29.534,49.450,75.052,10.721,1.198
60960,28.283,47.403,76.340,10.950,1.428
61020,28.221,44.815,71.492,10.977,1.313
61080,28.526,43.999,75.697,11.006,1.420
61140,27.373,43.175,79.048,10.866,1.516
61200,24.754,39.628,85.773,10.347,1.038
61260,25.037,38.566,83.401,10.203,1.160
61320,27.329,41.975,81.058,10.314,1.163
61380,27.630,40.794,78.376,10.246,1.214
61440,29.194,43.979,79.525,10.782,1.501
61500,29.390,43.414,78.850,10.574,1.292
61560,30.342,46.127,75.387,11.055,1.452
61620,30.182,42.838,77.229,10.953,1.142
61680,30.523,43.922,77.015,10.888,1.466
61740,30.645,43.330,77.000,11.277,1.326
61800,29.569,41.836,76.918,11.497,1.580
61860,27.845,38.616,74.505,10.966,1.231
61920,28.412,39.150,76.234,10.902,1.209
61980,28.573,38.950,73.778,10.957,1.158
62040,22.815,31.177,76.790,9.573,1.207
62100,21.949,30.152,78.335,9.481,1.100
62160,-9999.000,-9999.000,-9999.000,-9999.000,-9999.000
62220,-9999.000,-9999.000,-9999.000,-9999.000,-9999.000
62280,-9999.000,-9999.000,-9999.000,-9999.000,-9999.000
62340,-9999.000,-9999.000,-9999.000,-9999.000,-9999.000
62400,17.241,19.910,75.352,7.935,0.307
62460,21.666,26.411,80.059,9.159,0.586
62520,22.574,28.829,81.019,9.708,0.499
62580,22.753,27.468,80.235,9.131,0.874
62640,22.115,28.316,84.056,9.117,1.288
62700,20.090,26.499,88.721,8.867,1.188
62760,17.456,23.096,90.149,8.117,1.070
62820,17.117,23.147,97.773,8.082,1.144
62880,17.983,23.048,94.961,8.154,0.804
62940,18.463,24.414,94.885,8.293,0.984
63000,19.173,23.397,89.737,8.240,1.140
63060,20.819,24.392,89.953,8.843,1.197
63120,22.300,25.673,85.512,9.150,1.047
63180,22.025,24.616,82.545,9.236,1.203
63240,22.336,23.494,79.389,9.546,1.289
63300,22.456,23.536,78.376,9.501,1.226
63360,23.236,23.971,75.672,9.761,1.275
63420,23.599,24.929,77.670,9.779,1.326
63480,23.566,27.203,75.653,9.676,1.372
63540,22.895,24.484,71.422,9.633,1.435
63600,22.216,22.539,66.371,9.573,1.199
63660,22.353,22.149,66.300,9.271,1.140
63720,23.490,20.920,62.618,9.986,1.207
63780,24.017,21.280,62.616,9.793,1.186
63840,23.552,21.049,62.146,9.888,1.037
63900,23.849,22.422,64.493,10.045,1.377
63960,23.353,22.446,62.240,9.840,1.219
64020,-9999.000,-9999.000,-9999.000,-9999.000,-9999.000
64080,-9999.000,-9999.000,-9999.000,-9999.000,-9999.000
64140,-9999.000,-9999.000,-9999.000,-9999.000,-9999.000
64200,-9999.000,-9999.000,-9999.000,-9999.000,-9999.000
64260,23.133,19.771,46.813,10.193,1.423
64320,23.090,19.789,45.864,10.396,1.101
64380,23.288,20.123,46.922,10.356,1.284
64440,23.430,19.393,43.357,10.438,1.217
64500,23.886,22.428,44.432,10.505,1.424
64560,24.988,25.064,45.477,10.626,1.268
64620,24.721,24.292,46.528,10.810,1.360
64680,24.974,23.515,44.979,10.983,1.254
64740,24.987,23.664,47.100,11.262,1.218
64800,25.066,23.723,45.048,11.378,1.300
64860,25.049,24.189,46.436,11.077,1.309
64920,24.671,22.209,44.777,11.322,0.754
64980,24.556,23.342,43.148,10.820,1.126
65040,24.893,25.469,45.578,11.215,1.444
65100,24.820,23.878,45.502,11.151,1.461
65160,23.436,22.076,44.295,10.723,1.329
65220,25.124,24.473,45.010,11.202,1.436
65280,25.153,24.702,45.750,11.500,1.444
65340,25.289,24.964,45.011,11.142,1.462
65400,24.823,24.584,44.847,11.138,1.482
65460,23.462,23.378,41.434,10.040,1.077
65520,23.228,22.428,47.214,10.570,1.488
65580,23.427,22.967,44.137,10.806,1.320
65640,23.201,21.821,42.656,10.501,1.101
65700,23.216,20.918,40.809,10.563,1.167
65760,22.977,20.612,42.763,10.714,0.994
65820,23.349,20.545,43.056,10.662,1.097
65880,-9999.000,-9999.000,-9999.000,-9999.000,-9999.000
65940,-9999.000,-9999.000,-9999.000,-9999.000,-9999.000
66000,-9999.000,-9999.000,-9999.000,-9999.000,-9999.000
66060,24.793,21.720,43.222,10.245,0.739
66120,25.499,21.801,43.252,10.664,0.898
66180,24.509,19.680,43.446,10.946,0.166
66240,23.960,19.300,44.249,10.657,0.102
66300,22.961,17.477,43.192,10.316,-0.228
66360,22.779,15.714,43.498,9.615,-0.209
66420,22.908,16.810,47.188,10.625,-0.122
66480,23.455,18.767,47.266,10.759,-0.072
66540,23.534,16.676,49.687,10.888,-0.222
66600,23.989,17.380,48.469,10.624,-0.054
66660,24.512,17.562,54.334,10.560,-0.092
66720,24.284,18.060,54.971,10.600,0.156
66780,25.064,20.106,58.075,11.534,0.234
66840,24.950,19.155,57.636,11.866,0.097
66900,26.015,23.184,61.957,12.277,1.302
66960,25.251,20.560,62.776,12.505,0.544
67020,25.891,22.776,64.471,13.014,1.119
67080,25.641,21.183,63.544,12.156,0.919
67140,26.382,22.188,65.114,12.990,1.169
67200,25.196,21.050,66.869,12.612,1.129
67260,23.373,18.124,59.580,11.504,0.855
67320,23.802,19.080,63.279,11.883,1.090
67380,-9999.000,-9999.000,-9999.000,-9999.000,-9999.000
67440,-9999.000,-9999.000,-9999.000,-9999.000,-9999.000
67500,-9999.000,-9999.000,-9999.000,-9999.000,-9999.000
67560,-9999.000,-9999.000,-9999.000,-9999.000,-9999.000
67620,-9999.000,-9999.000,-9999.000,-9999.000,-9999.000
67680,-9999.000,-9999.000,-9999.000,-9999.000,-9999.000
67740,-9999.000,-9999.000,-9999.000,-9999.000,-9999.000
67800,-9999.000,-9999.000,-9999.000,-9999.000,-9999.000
67860,-9999.000,-9999.000,-9999.000,-9999.000,-9999.000
67920,-9999.000,-9999.000,-9999.000,-9999.000,-9999.000
67980,-9999.000,-9999.000,-9999.000,-9999.000,-9999.000
68040,-9999.000,-9999.000,-9999.000,-9999.000,-9999.000
68100,-9999.000,-9999.000,-9999.000,-9999.000,-9999.000
68160,-9999.000,-9999.000,-9999.000,-9999.000,-9999.000
68220,-9999.000,-9999.000,-9999.000,-9999.000,-9999.000
68280,-9999.000,-9999.000,-9999.000,-9999.000,-9999.000
68340,-9999.000,-9999.000,-9999.000,-9999.000,-9999.000
68400,-9999.000,-9999.000,-9999.000,-9999.000,-9999.000
68460,-9999.000,-9999.000,-9999.000,-9999.000,-9999.000
68520,-9999.000,-9999.000,-9999.000,-9999.000,-9999.000
68580,-9999.000,-9999.000,-9999.000,-9999.000,-9999.000
68640,-9999.000,-9999.000,-9999.000,-9999.000,-9999.000
68700,-9999.000,-9999.000,-9999.000,-9999.000,-9999.000
68760,-9999.000,-9999.000,-9999.000,-9999.000,-9999.000
68820,-9999.000,-9999.000,-9999.000,-9999.000,-9999.000
68880,-9999.000,-9999.000,-9999.000,-9999.000,-9999.000
68940,-9999.000,-9999.000,-9999.000,-9999.000,-9999.000
69000,-9999.000,-9999.000,-9999.000,-9999.000,-9999.000
69060,-9999.000,-9999.000,-9999.000,-9999.000,-9999.000
69120,-9999.000,-9999.000,-9999.000,-9999.000,-9999.000
69180,-9999.000,-9999.000,-9999.000,-9999.000,-9999.000
69240,-9999.000,-9999.000,-9999.000,-9999.000,-9999.000
69300,-9999.000,-9999.000,-9999.000,-9999.000,-9999.000
69360,-9999.000,-9999.000,-9999.000,-9999.000,-9999.000
69420,-9999.000,-9999.000,-9999.000,-9999.000,-9999.000
69480,-9999.000,-9999.000,-9999.000,-9999.000,-9999.000
69540,-9999.000,-9999.000,-9999.000,-9999.000,-9999.000
69600,-9999.000,-9999.000,-9999.000,-9999.000,-9999.000
69660,-9999.000,-9999.000,-9999.000,-9999.000,-9999.000
69720,-9999.000,-9999.000,-9999.000,-9999.000,-9999.000
69780,-9999.000,-9999.000,-9999.000,-9999.000,-9999.000
69840,-9999.000,-9999.000,-9999.000,-9999.000,-9999.000
