CampaignData_and_Merges/R0/CSL_MobileLab_Parked/raw/20240718/USOS-NOy-LIF_MobileLabGround_20240718_R0.ict
39,1001
Rollins, A.; Waxman, E.; Zuraski, K.; Chace, W.
NOAA Chemical Sciences Laboratory
LIF NO/NOx/NOy on CSL Mobile Lab
AMMBEC / USOS
1, 1
2024,07,18, 2025,01,03
1
Time_Start, seconds, number_of_seconds_since_0000_UTC
7
1, 1, 1, 1, 1, 1, 1
-9999, -9999, -9999, -9999, -9999, -9999, -9999
Time_Stop, seconds, number_of_seconds_since_0000_UTC
NO_LIF, pptv, Gas_NO_InSitu_S_AVMR, volume mixing ratio of nitric oxide in air
NO2_LIF, pptv, Gas_NO2_InSitu_S_AVMR, volume mixing ratio of nitrogen dioxide in air
NOy_LIF, pptv, Gas_NOy_InSitu_S_AVMR, volume mixing ratio of total oxidized nitrogen in air
NO_LIF_1SigmaAccuracy, pptv, Gas_NO_InSitu_S_AVMR, volume mixing ratio of nitric oxide in air
NO2_LIF_1SigmaAccuracy, pptv, Gas_NO2_InSitu_S_AVMR, volume mixing ratio of nitrogen dioxide in air
NOy_LIF_1SigmaAccuracy, pptv, Gas_NOy_InSitu_S_AVMR, volume mixing ratio of total oxidized nitrogen in air
0
18
PI_CONTACT_INFO: andrew.rollins@noaa.gov
PLATFORM: CSL Mobile Lab
LOCATION: Salt Lake City, UT
ASSOCIATED_DATA:
INSTRUMENT_INFO: NO detection by laser induced fluorescence. NO2 detection by photolytic conversion to NO. NOy detection by catalytic conversion to NO on gold surface
DATA_INFO:
UNCERTAINTY: Included 1 Sigma Accuracy waves represent the combined calibration uncertainties (±6%, ±9%, ±10%) and zero uncertainties (3 ppt, 20 ppt, 100 ppt) for NO, NO2, and NOy, respectively.
ULOD_FLAG: -7777
ULOD_VALUE: N/A
LLOD_FLAG: -8888
LLOD_VALUE: N/A
DM_CONTACT_INFO: andrew.rollins@noaa.gov
PROJECT_INFO: USOS Project, July - August 2024
STIPULATIONS_ON_USE: Users are strongly encouraged to contact the PI for proper data usage.
OTHER_COMMENTS:
REVISION: R0
R0: final data
Time_Start, Time_Stop, NO_LIF, NO2_LIF, NOy_LIF, NO_LIF_1SigmaAccuracy, NO2_LIF_1SigmaAccuracy, NOy_LIF_1SigmaAccuracy
[from data line 793]
   47580,   47640,978.45,10771,16473,61.707, 989.38, 1747.3
   47640,   47700,846.4,8879.2,12498,53.784, 819.13, 1349.8
   47700,   47760,3599.8,12122,14811,218.99, 1111, 1581.1
   47760,   47820,1305,9400.8,16158,81.3, 866.07, 1715.8
   47820,   47880,1313.9,9616.2,12044,81.833, 885.46, 1304.4
   47880,   47940,-9999,-9999,-9999,-9999, -9999, -9999
   47940,   48000,-9999,-9999,-9999,-9999, -9999, -9999
   48000,   48060,-9999,-9999,-9999,-9999, -9999, -9999
   48060,   48120,-9999,-9999,-9999,-9999, -9999, -9999
   48120,   48180,-9999,-9999,-9999,-9999, -9999, -9999
   48180,   48240,-9999,-9999,-9999,-9999, -9999, -9999
   48240,   48300,-9999,-9999,-9999,-9999, -9999, -9999
   48300,   48360,1846.5,11781,15802,113.79, 1080.3, 1680.2
   48360,   48420,1238,9337.8,12421,77.278, 860.4, 1342.1
   48420,   48480,1177.2,8759.3,11972,73.634, 808.34, 1297.2
   48480,   48540,1217.4,8865.7,12304,76.045, 817.91, 1330.4
   48540,   48600,1251.5,8525.2,11492,78.09, 787.27, 1249.2
   48600,   48660,1320.3,9362.7,13161,82.216, 862.65, 1416.1
   48660,   48720,909.17,7174.7,8645.3,57.55, 665.72, 964.53
   48720,   48780,901.86,7398.5,11008,57.112, 685.87, 1200.8
   48780,   48840,756.6,6358.3,9057.5,48.396, 592.24, 1005.8
   48840,   48900,930.62,7520.3,9908.2,58.837, 696.82, 1090.8
   48900,   48960,1161.3,8893.6,11439,72.675, 820.43, 1243.9
   48960,   49020,1096.3,8508.9,11598,68.781, 785.8, 1259.8
   49020,   49080,1165.8,8867,11714,72.946, 818.03, 1271.4
   49080,   49140,898.56,6772.4,12168,56.914, 629.52, 1316.8
   49140,   49200,864.42,5766.8,9276.4,54.865, 539.01, 1027.6
   49200,   49260,1431.9,6422.8,8921.6,88.917, 598.05, 992.16
   49260,   49320,2544.1,8243.5,13339,155.64, 761.91, 1433.9
   49320,   49380,682.33,3119.2,8842.3,43.94, 300.73, 984.23
   49380,   49440,2672.8,8370.1,9425.7,163.37, 773.31, 1042.6
   49440,   49500,1894.8,8238.4,10549,116.69, 761.46, 1154.9
   49500,   49560,978.85,5900.1,11239,61.731, 551.01, 1223.9
   49560,   49620,550.05,3679.5,6315.1,36.003, 351.15, 731.51
   49620,   49680,912.56,4196.9,6332.8,57.754, 397.72, 733.28
   49680,   49740,742.58,4143.7,5835.1,47.555, 392.93, 683.51
   49740,   49800,666.41,4049.1,6228,42.985, 384.41, 722.8
   49800,   49860,451.69,3329.7,5295.9,30.101, 319.67, 629.59
   49860,   49920,494.53,3710,5345.8,32.672, 353.9, 634.58
   49920,   49980,538.1,4026.5,6241.5,35.286, 382.38, 724.15
   49980,   50040,779.8,5095.6,7203.6,49.788, 478.6, 820.36
   50040,   50100,762.42,4930.7,6769.9,48.745, 463.76, 776.99
   50100,   50160,755.16,4758.2,6535.3,48.31, 448.24, 753.53
   50160,   50220,791.52,5054.4,6960.9,50.491, 474.89, 796.09
   50220,   50280,939.83,5361.5,7396.3,59.39, 502.54, 839.63
   50280,   50340,898.45,5500.4,7363.9,56.907, 515.04, 836.39
   50340,   50400,970.49,6011.6,8256.9,61.23, 561.04, 925.69
   50400,   50460,1022.9,6267.8,7879,64.377, 584.11, 887.9
   50460,   50520,697.24,5957.9,7825.5,44.834, 556.21, 882.55
   50520,   50580,1408.7,8256.5,9936.2,87.522, 763.08, 1093.6
   50580,   50640,1021.7,7235.7,9838.8,64.3, 671.22, 1083.9
   50640,   50700,973.07,6806.8,9529.8,61.384, 632.62, 1053
   50700,   50760,1260,7807.9,10305,78.599, 722.71, 1130.5
   50760,   50820,1231.5,7856.4,10854,76.889, 727.08, 1185.4
   50820,   50880,1410.6,8217.2,11096,87.633, 759.55, 1209.6
   50880,   50940,1409.3,8537.3,11607,87.557, 788.36, 1260.7
   50940,   51000,1335.9,8491,11505,83.157, 784.19, 1250.5
   51000,   51060,1378.4,7746.6,11045,85.706, 717.2, 1204.5
   51060,   51120,1376.5,7446.9,10687,85.591, 690.22, 1168.7
   51120,   51180,1287.2,7772.2,10753,80.235, 719.5, 1175.3
   51180,   51240,1451.2,8152,10595,90.072, 753.68, 1159.5
   51240,   51300,1201.1,8203.5,11072,75.063, 758.31, 1207.2
   51300,   51360,1695.9,9061.3,11237,104.75, 835.52, 1223.7
   51360,   51420,2337.3,10643,13390,143.24, 977.88, 1439
   51420,   51480,2475.8,10648,13062,151.55, 978.29, 1406.2
   51480,   51540,2626.5,11410,14488,160.59, 1046.9, 1548.8
   51540,   51600,2323.5,11405,14716,142.41, 1046.5, 1571.6
   51600,   51660,2738.6,11609,16064,167.32, 1064.8, 1706.4
   51660,   51720,2467.2,10959,16651,151.03, 1006.3, 1765.1
   51720,   51780,1986.3,10419,14869,122.18, 957.67, 1586.9
   51780,   51840,2022.8,10103,15155,124.37, 929.31, 1615.5
   51840,   51900,2207.7,10383,14178,135.46, 954.49, 1517.8
   51900,   51960,2129.6,9452,12877,130.77, 870.68, 1387.7
   51960,   52020,2489.2,9776.1,14049,152.35, 899.85, 1504.9
   52020,   52080,38255,25944,18001,2298.3, 2354.9, 1900.1
   52080,   52140,54892,36818,54204,3296.5, 3333.6, 5520.4
   52140,   52200,10160,16662,39205,612.58, 1519.6, 4020.5
   52200,   52260,3955.4,12044,19469,240.32, 1103.9, 2046.9
   52260,   52320,-9999,-9999,-9999,-9999, -9999, -9999
   52320,   52380,-9999,-9999,-9999,-9999, -9999, -9999
   52380,   52440,-9999,-9999,-9999,-9999, -9999, -9999
   52440,   52500,-9999,-9999,-9999,-9999, -9999, -9999
   52500,   52560,-9999,-9999,-9999,-9999, -9999, -9999
   52560,   52620,-9999,-9999,-9999,-9999, -9999, -9999
   52620,   52680,-9999,-9999,-9999,-9999, -9999, -9999
   52680,   52740,4234.4,15180,21693,257.07, 1386.2, 2269.3
   52740,   52800,4801.8,14139,24603,291.11, 1292.5, 2560.3
   52800,   52860,4719.5,14340,22587,286.17, 1310.6, 2358.7
   52860,   52920,4308,11739,17752,261.48, 1076.5, 1875.2
   52920,   52980,4994.1,11799,17811,302.65, 1081.9, 1881.1
   52980,   53040,3452.2,9311.9,40894,210.13, 858.07, 4189.4
   53040,   53100,2897.2,9672.2,14320,176.83, 890.5, 1532
   53100,   53160,5779.2,13069,20898,349.75, 1196.2, 2189.8
   53160,   53220,4458.8,10406,14613,270.53, 956.53, 1561.3
   53220,   53280,2086.4,7800.4,12638,128.19, 722.03, 1363.8
   53280,   53340,1854.3,7600.2,14086,114.26, 704.01, 1508.6
   53340,   53400,2307.9,8935.4,12732,141.47, 824.19, 1373.2
   53400,   53460,2374,9330.1,13586,145.44, 859.71, 1458.6
   53460,   53520,2007.8,7942.6,12356,123.47, 734.84, 1335.6
   53520,   53580,2055.7,8365.3,12036,126.34, 772.88, 1303.6
   53580,   53640,2765.1,8928.7,13053,168.9, 823.59, 1405.3
   53640,   53700,2850.1,9974.5,15705,174.01, 917.7, 1670.5
   53700,   53760,3037.8,10301,13814,185.27, 947.13, 1481.4
   53760,   53820,4231.8,13006,15524,256.91, 1190.5, 1652.4
   53820,   53880,2809.4,9840.8,13534,171.57, 905.67, 1453.4
   53880,   53940,4348.9,13257,18130,263.93, 1213.1, 1913
   53940,   54000,2316.7,8898.2,13564,142, 820.84, 1456.4
   54000,   54060,2513.6,9478.4,13590,153.81, 873.06, 1459
   54060,   54120,2660.4,10074,14184,162.62, 926.7, 1518.4
   54120,   54180,2677.4,10410,15186,163.65, 956.87, 1618.6
   54180,   54240,2778.2,10889,16044,169.69, 999.97, 1704.4
   54240,   54300,4001.5,13341,19960,243.09, 1220.7, 2096
   54300,   54360,6888.8,19729,30512,416.33, 1795.6, 3151.2
   54360,   54420,8148.6,20694,28263,491.92, 1882.5, 2926.3
   54420,   54480,6003.2,18563,24162,363.19, 1690.7, 2516.2
   54480,   54540,4095.6,14671,20794,248.73, 1340.4, 2179.4
   54540,   54600,3434.3,12417,17959,209.06, 1137.6, 1895.9
   54600,   54660,3166.3,12431,17735,192.98, 1138.8, 1873.5
   54660,   54720,2823.4,12203,17136,172.41, 1118.3, 1813.6
   54720,   54780,2678,11970,16577,163.68, 1097.3, 1757.7
   54780,   54840,2764.7,12833,17344,168.88, 1175, 1834.4
   54840,   54900,2696.5,12907,17676,164.79, 1181.6, 1867.6
   54900,   54960,3039.5,12363,18021,185.37, 1132.6, 1902.1
   54960,   55020,3045.4,10841,15549,185.72, 995.67, 1654.9
   55020,   55080,4018,12787,18334,244.08, 1170.9, 1933.4
   55080,   55140,2381.9,9014.5,13238,145.91, 831.31, 1423.8
   55140,   55200,2276.1,8670.1,12912,139.57, 800.31, 1391.2
   55200,   55260,2106,8168.7,12361,129.36, 755.18, 1336.1
   55260,   55320,2090.8,8539,12655,128.45, 788.51, 1365.5
   55320,   55380,2247,8777.8,12845,137.82, 810, 1384.5
   55380,   55440,2248.2,9405.7,13335,137.89, 866.51, 1433.5
   55440,   55500,2556.5,10361,14464,156.39, 952.52, 1546.4
   55500,   55560,2711.7,10392,15217,165.7, 955.26, 1621.7
   55560,   55620,2994,10573,14942,182.64, 971.56, 1594.2
   55620,   55680,3287.9,11457,16074,200.27, 1051.1, 1707.4
   55680,   55740,5372.6,15310,23062,325.35, 1397.9, 2406.2
   55740,   55800,5054,13622,20662,306.24, 1246, 2166.2
   55800,   55860,3573.1,11434,17019,217.39, 1049.1, 1801.9
   55860,   55920,4169.7,12378,19234,253.18, 1134, 2023.4
   55920,   55980,4946,14688,19381,299.76, 1341.9, 2038.1
   55980,   56040,6062.2,16304,25174,366.73, 1487.3, 2617.4
   56040,   56100,5889.3,16315,27314,356.36, 1488.4, 2831.4
   56100,   56160,3484.4,12293,17980,212.06, 1126.4, 1898
   56160,   56220,6804.7,16283,19661,411.28, 1485.5, 2066.1
   56220,   56280,4093.4,12522,18957,248.61, 1147, 1995.7
   56280,   56340,3028.7,10436,15783,184.72, 959.26, 1678.3
   56340,   56400,3008.9,10379,15633,183.53, 954.1, 1663.3
   56400,   56460,3002.9,10461,15614,183.18, 961.51, 1661.4
   56460,   56520,3094,10780,16239,188.64, 990.21, 1723.9
   56520,   56580,2926.9,10102,15411,178.61, 929.14, 1641.1
   56580,   56640,2751.8,9725.8,14740,168.11, 895.32, 1574
   56640,   56700,-9999,-9999,-9999,-9999, -9999, -9999
   56700,   56760,-9999,-9999,-9999,-9999, -9999, -9999
   56760,   56820,-9999,-9999,-9999,-9999, -9999, -9999
   56820,   56880,-9999,-9999,-9999,-9999, -9999, -9999
   56880,   56940,-9999,-9999,-9999,-9999, -9999, -9999
   56940,   57000,-9999,-9999,-9999,-9999, -9999, -9999
   57000,   57060,-9999,-9999,-9999,-9999, -9999, -9999
   57060,   57120,2592.1,9269.7,14394,158.52, 854.27, 1539.4
   57120,   57180,2041.4,7615.3,12258,125.49, 705.38, 1325.8
   57180,   57240,2057.2,7585.8,12122,126.43, 702.72, 1312.2
   57240,   57300,1774.4,6796.2,10999,109.47, 631.65, 1199.9
   57300,   57360,1924.6,7188.6,11674,118.47, 666.97, 1267.4
   57360,   57420,1639.9,6275.8,10200,101.39, 584.82, 1120
   57420,   57480,2050.2,7510.8,11627,126.01, 695.97, 1262.7
   57480,   57540,2271.7,8011.6,12545,139.3, 741.04, 1354.5
   57540,   57600,2049.6,7519.7,11961,125.97, 696.78, 1296.1
   57600,   57660,2079.3,7793,12482,127.76, 721.37, 1348.2
   57660,   57720,2039.8,7604.9,12764,125.39, 704.44, 1376.4
   57720,   57780,1804.4,6916.3,11319,111.26, 642.47, 1231.9
   57780,   57840,1742.3,6785.3,11096,107.54, 630.67, 1209.6
   57840,   57900,1889.3,7172.6,11490,116.36, 665.53, 1249
   57900,   57960,2528,8839.6,13430,154.68, 815.56, 1443
   57960,   58020,2089.8,7674.7,12261,128.39, 710.72, 1326.1
   58020,   58080,1654.6,6483.6,10383,102.28, 603.53, 1138.3
   58080,   58140,1677.9,6849.4,10966,103.67, 636.44, 1196.6
   58140,   58200,2063.2,8743.9,12781,126.79, 806.95, 1378.1
   58200,   58260,2157.9,9973.4,13687,132.47, 917.6, 1468.7
   58260,   58320,1770.5,8343.1,12680,109.23, 770.88, 1368
   58320,   58380,1733.9,7407.7,11853,107.03, 686.69, 1285.3
   58380,   58440,1754.9,7310.3,11866,108.3, 677.93, 1286.6
   58440,   58500,2185.3,8293.3,13713,134.12, 766.4, 1471.3
   58500,   58560,2067.8,7982.4,12898,127.07, 738.42, 1389.8
   58560,   58620,2060.9,8520.1,13128,126.66, 786.81, 1412.8
   58620,   58680,2067.6,8152.2,13081,127.05, 753.7, 1408.1
   58680,   58740,2947.5,8868.7,15807,179.85, 818.19, 1680.7
   58740,   58800,2849.2,8697.8,14788,173.95, 802.81, 1578.8
   58800,   58860,1992.3,7471.4,13456,122.54, 692.42, 1445.6
   58860,   58920,1866.3,7143.4,12311,114.98, 662.91, 1331.1
   58920,   58980,1850.4,7389.8,12329,114.02, 685.08, 1332.9
   58980,   59040,1873.3,7404.6,12344,115.4, 686.42, 1334.4
   59040,   59100,1839.5,7256.2,11962,113.37, 673.05, 1296.2
   59100,   59160,1777,7205.6,11792,109.62, 668.5, 1279.2
   59160,   59220,1404,7229.6,11323,87.242, 670.67, 1232.3
   59220,   59280,1431.2,6835,11336,88.873, 635.15, 1233.6
   59280,   59340,1869.9,7356.2,12367,115.19, 682.06, 1336.7
   59340,   59400,1972.9,7902.5,13320,121.37, 731.23, 1432
   59400,   59460,2080.8,8053,13223,127.85, 744.77, 1422.3
   59460,   59520,1920.5,7545,12788,118.23, 699.05, 1378.8
   59520,   59580,1814.3,7307,12429,111.86, 677.63, 1342.9
   59580,   59640,1850.8,7305.1,12608,114.05, 677.45, 1360.8
   59640,   59700,3795.5,11632,14556,230.73, 1066.9, 1555.6
   59700,   59760,5247.3,15924,25940,317.84, 1453.2, 2694
   59760,   59820,9196.8,20340,34079,554.81, 1850.6, 3507.9
   59820,   59880,4720,14580,23435,286.2, 1332.2, 2443.5
   59880,   59940,4808.9,14267,18480,291.54, 1304, 1948
   59940,   60000,2640.8,9732.6,15305,161.45, 895.93, 1630.5
   60000,   60060,1580.9,6827.2,12157,97.856, 634.45, 1315.7
   60060,   60120,1744.2,7344.9,12213,107.65, 681.04, 1321.3
   60120,   60180,1545.1,6912.2,12145,95.704, 642.1, 1314.5
   60180,   60240,1509.6,6920.3,11790,93.576, 642.82, 1279
   60240,   60300,1432.1,6576.9,11492,88.926, 611.92, 1249.2
   60300,   60360,1707.5,7355,12017,105.45, 681.95, 1301.7
   60360,   60420,1299.4,6452,11503,80.965, 600.68, 1250.3
   60420,   60480,1457,6854.9,11198,90.42, 636.94, 1219.8
   60480,   60540,1743.5,8033.6,12701,107.61, 743.02, 1370.1
   60540,   60600,1572.7,6926.9,12224,97.363, 643.42, 1322.4
   60600,   60660,1489.7,7281.5,12260,92.38, 675.33, 1326
   60660,   60720,1442.1,7705.3,12955,89.527, 713.48, 1395.5
   60720,   60780,1404.6,7318.8,12280,87.276, 678.69, 1328
   60780,   60840,1370.9,6914.9,11878,85.255, 642.34, 1287.8
   60840,   60900,1505.6,7124.6,12210,93.334, 661.21, 1321
   60900,   60960,1253.7,6665.7,11560,78.223, 619.91, 1256
   60960,   61020,1239,5558.8,10611,77.337, 520.29, 1161.1
   61020,   61080,-9999,-9999,-9999,-9999, -9999, -9999
   61080,   61140,-9999,-9999,-9999,-9999, -9999, -9999
   61140,   61200,-9999,-9999,-9999,-9999, -9999, -9999
   61200,   61260,-9999,-9999,-9999,-9999, -9999, -9999
   61260,   61320,-9999,-9999,-9999,-9999, -9999, -9999
   61320,   61380,-9999,-9999,-9999,-9999, -9999, -9999
   61380,   61440,-9999,-9999,-9999,-9999, -9999, -9999
   61440,   61500,1017.2,5741.5,10140,64.034, 536.73, 1114
   61500,   61560,1012,5796.6,10040,63.722, 541.69, 1104
   61560,   61620,1053.5,5999.6,10378,66.21, 559.96, 1137.8
   61620,   61680,1017,5891.8,10570,64.017, 550.26, 1157
   61680,   61740,1083.9,5483.4,9958.5,68.031, 513.5, 1095.9
   61740,   61800,1126.1,6008.1,10401,70.563, 560.73, 1140.1
   61800,   61860,1329,5995.4,11293,82.743, 559.59, 1229.3
   61860,   61920,1626.8,6873,11812,100.61, 638.57, 1281.2
   61920,   61980,2106.7,8761.2,15626,129.4, 808.51, 1662.6
   61980,   62040,2169.8,8546,14976,133.19, 789.14, 1597.6
   62040,   62100,1583.8,6767.2,12511,98.027, 629.04, 1351.1
   62100,   62160,1254,4797.9,8270.7,78.237, 451.81, 927.07
   62160,   62220,1304.6,5192.8,9832.7,81.275, 487.35, 1083.3
   62220,   62280,1245.4,5302.3,9937.8,77.723, 497.21, 1093.8
   62280,   62340,884.7,3980.7,8338.8,56.082, 378.27, 933.88
   62340,   62400,702.72,3065.4,6548.6,45.163, 295.88, 754.86
   62400,   62460,3764,8147.6,8627.8,228.84, 753.29, 962.78
   62460,   62520,1486.5,5639.3,9452,92.192, 527.54, 1045.2
   62520,   62580,938.14,4115.5,8051.6,59.288, 390.4, 905.16
   62580,   62640,863.72,3966.7,8131.5,54.823, 377, 913.15
   62640,   62700,823.36,3840.1,7801.1,52.402, 365.61, 880.11
   62700,   62760,1245.7,4829.3,9210.5,77.742, 454.63, 1021
   62760,   62820,3955.7,8827.6,12849,240.34, 814.48, 1384.9
   62820,   62880,7413.5,14209,22779,447.81, 1298.8, 2377.9
   62880,   62940,8370.8,13061,20318,505.25, 1195.4, 2131.8
   62940,   63000,5244.1,10180,16265,317.65, 936.2, 1726.5
   63000,   63060,1899.8,5352.6,11799,116.99, 501.74, 1279.9
   63060,   63120,660.4,2948.4,6354.4,42.624, 285.35, 735.44
   63120,   63180,680.72,2790,5863.5,43.843, 271.1, 686.35
   63180,   63240,505.49,2611.8,6154.6,33.33, 255.06, 715.46
   63240,   63300,1021.6,4076.9,9056.3,64.297, 386.92, 1005.6
   63300,   63360,2224.5,8059.5,14272,136.47, 745.36, 1527.2
   63360,   63420,1048.5,4871.2,10055,65.912, 458.41, 1105.5
   63420,   63480,1123.9,4884.1,8133.9,70.436, 459.57, 913.39
   63480,   63540,1087.5,4548.4,7834.6,68.253, 429.36, 883.46
   63540,   63600,927.3,4316,8787.5,58.638, 408.44, 978.75
