CampaignData_and_Merges/R0/CSL_MobileLab_Parked/raw/20240718/USOS-Picarro-CO2-CH4-CO-H2O_MobileLabGround_20240718_R0.ict
38, 1001
Ilana Pollack, Nell Schafer, and Jeff Peischl
NOAA Chemical Sciences Laboratory
Picarro 2401-m CO2/CH4/CO/H2O Analyzer
USOS
1, 1
2024, 07, 18, 2024, 11, 20
0
StartTime_UTC, seconds_past_midnight, seconds past midnight
5
1, 1, 1, 1, 1
-9999, -9999, -9999, -9999, -9999
StopTime_UTC, seconds_past_midnight, seconds past midnight
CO2_ppm_1min, ppm, Gas_CO2_InSitu_S_DMF, carbon dioxide mixing ratio
CH4_ppb_1min, ppb, Gas_CH4_InSitu_S_DMF, methane mixing ratio
CO_ppb_1min, ppb, Gas_CO_InSitu_S_DMF, carbon monoxide mixing ratio
H2O_ppmv_1min, ppmv, Met_H2OMRV_InSitu_S_AVMR, water vapor mixing ratio
1
SPECIAL COMMENTS: N/A
18
PI_CONTACT_INFO: Address: NOAA Chemical Sciences Laboratory, Mail Stop CSL7, 325 Broadway, Boulder, CO 80305; Email: Ilana.Pollack@noaa.gov
PLATFORM: NOAA CSL Mobile Laboratory
LOCATION: The mobile lab was stationed in Salt Lake City, Utah.
ASSOCIATED_DATA: N/A
INSTRUMENT_INFO: CO2, CH4, and CO are reported as dry air mole fractions using a commercial wavelength-scanned cavity ring-down analyzer (Picarro 2401-m). An in-field calibration gas standard of 432±0.07 ppm CO2, 2095±1 ppb CH4, and 183±1 ppb CO, calibrated in the Boulder laboratories before and after the field project using primary CO2, CH4, and CO standard tanks tied to the WMO standard (X2019, X2004A, and X2014A, respectively) from the Global Monitoring Laboratory (GML), was delivered to the inlet every 2-3 days to evaluate instrument sensitivity. A H2O measurement was calibrated before the project with a Dew Point Mirror 373 hygrometer. The water correction calculated from these calibrations was applied to the H2O measurement for the entire campaign. Species are measured at 0.5 Hz and reported as 1-minute averages for stationary measurements.
DATA_INFO: Units: CO2, ppm, dry air mole fraction; CH4, ppb, dry air mole fraction; CO, ppb, dry air mole fraction; H2O, ppmv
UNCERTAINTY: Total uncertainties are estimated as ±0.1 ppm for CO2, ±1 ppb for CH4, ±5 ppb for CO, and ±(50 ppm + 4%) for H2O.
ULOD_FLAG: -7777
ULOD_VALUE: N/A
LLOD_FLAG: -8888
LLOD_VALUE: N/A
DM_CONTACT_INFO: Data Manager: Nathan Howard; nathan.h.howard@noaa.gov
PROJECT_INFO: USOS Dates of Study: July – August 2024
STIPULATIONS_ON_USE: Use of these data require prior ok from PI.
OTHER_COMMENTS: Data are averaged to 1 minute intervals. Stationary data collected from a 10 ft tower on top of the mobile van.
REVISION: R0
R0: Final Data
StartTime_UTC, StopTime_UTC, CO2_ppm_1min, CH4_ppb_1min, CO_ppb_1min, H2O_ppmv_1min
0,60,429.65,1977.5,178.3,10121.6172
60,120,430.20,1979.3,178.1,10015.6621
120,180,430.04,1979.0,177.5,9756.4502
180,240,429.92,1978.9,176.3,9698.8398
240,300,430.02,1981.7,181.3,9742.1104
300,360,430.18,1982.8,184.5,10399.5234
360,420,429.76,1985.0,184.8,10900.8652
420,480,429.38,1984.4,174.9,10240.7314
480,540,429.18,1984.9,173.1,10534.5977
540,600,428.99,1985.3,171.6,10206.9902
600,660,429.12,1986.1,173.8,10583.6846
660,720,430.27,1987.4,182.2,10938.1367
720,780,430.84,1988.3,187.0,11049.8193
780,840,429.99,1987.8,185.4,10893.9141
840,900,429.62,1986.8,179.1,10561.6973
900,960,429.14,1986.2,178.1,10533.4756
960,1020,429.09,1986.7,176.4,10538.5439
1020,1080,429.41,1987.4,185.1,11434.4932
1080,1140,430.75,1987.5,188.3,11153.2012
1140,1200,431.39,1987.6,188.9,11777.0098
1200,1260,431.18,1988.3,189.3,11144.6738
1260,1320,430.42,1987.7,189.3,11604.0791
1320,1380,430.63,1987.0,187.2,11048.3994
1380,1440,430.30,1987.8,194.3,11770.0313
1440,1500,430.16,1987.9,195.2,12045.8369
1500,1560,429.74,1987.0,190.5,11777.7324
1560,1620,429.26,1985.4,178.7,11304.5605
1620,1680,429.01,1985.0,181.6,11143.8477
1680,1740,430.02,1984.3,180.1,10675.1465
1740,1800,429.21,1982.8,176.8,10600.4814
1800,1860,429.15,1983.1,176.8,11126.7627
1860,1920,429.12,1982.5,173.8,10653.6436
1920,1980,429.50,1983.4,176.0,10653.0996
1980,2040,430.53,1984.2,183.1,10985.5615
2040,2100,430.35,1986.5,184.0,10969.8672
2100,2160,429.86,1987.9,182.9,11093.5635
2160,2220,430.12,1988.5,186.1,11337.4746
2220,2280,429.95,1989.9,187.0,11290.4785
2280,2340,429.50,1990.1,181.4,11028.4248
2340,2400,429.38,1990.1,177.4,11199.5625
2400,2460,429.19,1989.8,176.2,11185.5420
2460,2520,429.68,1989.8,181.4,11414.1240
2520,2580,429.69,1988.5,175.8,10693.7246
2580,2640,429.85,1988.7,177.3,10679.2764
2640,2700,430.97,1989.2,183.0,10968.7656
2700,2760,431.25,1989.9,186.2,11123.0527
2760,2820,432.09,1988.2,192.5,10762.8125
2820,2880,432.19,1986.1,189.2,10732.8096
2880,2940,430.92,1984.1,177.9,10220.0869
2940,3000,431.21,1984.2,175.9,10525.7627
3000,3060,432.32,1984.4,175.9,10937.2969
3060,3120,432.43,1990.2,175.9,10915.2656
3120,3180,429.99,1996.6,175.7,10678.5898
3180,3240,430.09,2000.5,173.6,10829.2246
3240,3300,430.03,2002.3,173.8,11143.5508
3300,3360,429.98,2001.5,169.6,10870.6709
3360,3420,429.67,1996.1,168.5,10733.8965
3420,3480,429.77,1992.6,176.5,10298.2705
3480,3540,429.92,1992.1,176.7,10505.1777
3540,3600,429.67,1990.7,172.4,10500.2178
3600,3660,430.30,1990.8,177.2,10768.3398
3660,3720,431.32,1990.5,183.2,10900.2188
3720,3780,431.09,1990.2,183.7,10968.9473
3780,3840,430.51,1989.9,184.7,10823.4443
3840,3900,430.11,1988.5,181.3,10758.4961
3900,3960,429.91,1986.8,174.9,10684.9434
3960,4020,429.53,1985.9,171.3,10460.3750
4020,4080,429.63,1986.3,171.1,10347.4121
4080,4140,430.00,1987.7,180.0,10581.0918
4140,4200,429.46,1988.5,171.6,10404.7646
4200,4260,429.47,1989.6,170.8,10633.7510
4260,4320,429.81,1990.8,170.5,10845.2822
4320,4380,430.04,1995.6,175.4,10415.7275
4380,4440,430.13,2004.3,175.1,10468.8496
4440,4500,430.06,2005.9,178.9,10596.4561
4500,4560,430.22,2007.3,180.7,10638.4863
4560,4620,430.76,2009.1,181.5,11033.7490
4620,4680,431.09,2011.0,182.3,10744.7754
4680,4740,431.50,2011.4,178.2,10859.2510
4740,4800,431.21,2011.2,186.4,11248.2676
4800,4860,432.73,2011.6,183.3,11596.9697
4860,4920,432.45,2012.4,193.5,11535.3164
4920,4980,432.25,2012.4,195.3,11268.7686
4980,5040,431.76,2008.6,193.2,11053.5088
5040,5100,431.60,2009.4,190.1,11484.6943
5100,5160,431.22,2009.2,190.3,11624.6318
5160,5220,430.78,2011.4,183.1,11297.3135
5220,5280,434.37,2012.6,182.9,11875.7070
5280,5340,433.41,2015.3,185.1,11577.1816
5340,5400,431.96,2017.1,186.3,11415.6211
5400,5460,434.11,2016.2,189.2,11972.9219
5460,5520,432.72,2013.5,192.4,11941.9277
5520,5580,434.13,2008.7,197.9,12017.2041
5580,5640,434.43,2001.5,193.4,11635.0645
5640,5700,437.49,2000.8,195.3,12124.1396
5700,5760,434.23,1995.6,190.8,11325.7725
5760,5820,435.76,1995.2,189.8,11471.1914
5820,5880,433.86,1994.4,189.5,11561.6738
5880,5940,435.73,1993.5,186.4,11453.7676
5940,6000,434.91,1992.5,186.1,11639.9932
6000,6060,435.44,1991.6,182.7,11663.3867
6060,6120,432.18,1989.8,181.7,11376.2539
6120,6180,435.90,1990.3,183.6,11864.0986
6180,6240,433.73,1989.0,194.8,11738.7227
6240,6300,432.56,1987.2,195.7,11515.7275
6300,6360,433.41,1986.8,198.0,11739.0898
6360,6420,432.15,1984.9,187.9,11428.0781
6420,6480,432.92,1984.3,184.2,11426.6084
6480,6540,432.58,1985.0,189.8,11445.7197
6540,6600,433.20,1985.3,193.5,11503.0889
6600,6660,433.04,1985.1,193.1,11579.8428
6660,6720,433.18,1984.6,193.7,11414.8896
6720,6780,433.55,1985.1,196.0,11737.7275
6780,6840,436.29,1985.4,196.1,11891.8604
6840,6900,433.69,1984.8,193.3,11848.5029
6900,6960,433.99,1985.7,189.1,11808.2549
6960,7020,432.97,1984.2,185.7,11652.5830
7020,7080,433.89,1983.9,184.7,11890.5498
7080,7140,432.02,1980.9,184.9,11427.7119
7140,7200,431.57,1978.7,184.3,11050.4561
7200,7260,431.98,1978.5,191.9,11139.9922
7260,7320,433.26,1979.4,195.1,11421.4766
7320,7380,434.16,1980.1,191.1,11689.5732
7380,7440,434.49,1980.2,196.8,11757.0020
7440,7500,433.21,1980.3,193.8,11606.4111
7500,7560,433.31,1980.0,190.8,11660.7822
7560,7620,433.77,1980.3,190.8,11562.4238
7620,7680,434.41,1979.5,199.3,11468.1299
7680,7740,434.49,1980.8,197.1,11648.5107
7740,7800,434.30,1980.0,189.3,11606.0703
7800,7860,435.46,1981.3,194.9,11935.7021
7860,7920,434.86,1981.1,193.5,11756.6074
7920,7980,435.66,1982.0,190.9,11979.0498
7980,8040,434.79,1981.2,191.4,11712.9941
8040,8100,435.61,1981.5,190.4,11855.3262
8100,8160,436.12,1981.3,201.2,11923.9580
8160,8220,433.47,1980.2,216.7,11394.2920
8220,8280,434.83,1982.0,216.9,11721.6934
8280,8340,435.81,1982.3,217.8,11730.5527
8340,8400,436.30,1980.1,219.3,11673.3994
8400,8460,434.35,1979.0,211.5,11696.5703
8460,8520,433.81,1977.6,225.7,11572.0859
8520,8580,435.96,1978.4,233.8,11888.5586
8580,8640,435.95,1978.3,297.0,11667.8662
8640,8700,437.91,1978.0,275.6,12033.7500
8700,8760,435.51,1977.7,245.3,11823.7773
8760,8820,435.16,1977.3,216.9,11814.2607
8820,8880,437.48,1977.8,214.2,12058.7119
8880,8940,437.62,1977.1,198.9,11801.0068
8940,9000,435.42,1977.1,199.5,11755.1230
9000,9060,435.86,1977.4,208.3,11858.3955
9060,9120,437.32,1977.9,234.0,11831.0664
9120,9180,437.24,1977.4,233.4,11748.3574
9180,9240,435.12,1976.4,217.9,11613.5498
9240,9300,434.36,1976.6,206.7,11571.4385
9300,9360,436.25,1978.3,243.0,11715.8320
9360,9420,438.84,1978.8,272.8,11867.4492
9420,9480,439.06,1979.4,281.2,11891.9316
9480,9540,438.40,1979.7,238.2,11942.2227
9540,9600,436.36,1980.1,216.8,11942.9912
9600,9660,439.08,1980.8,215.5,12171.6133
9660,9720,439.37,1980.9,233.1,12225.1943
9720,9780,435.26,1978.8,204.5,12019.9297
9780,9840,435.70,1979.1,200.8,12196.5898
9840,9900,434.97,1979.3,196.0,12168.3545
9900,9960,436.00,1979.9,195.4,12238.6553
9960,10020,435.59,1980.6,193.4,12268.2695
10020,10080,434.25,1981.1,189.8,12217.9326
10080,10140,435.60,1981.6,192.1,12375.7959
10140,10200,436.65,1982.5,190.5,12391.4727
10200,10260,437.70,1983.9,198.1,12478.7686
10260,10320,437.53,1985.0,201.2,12502.1602
10320,10380,437.85,1986.4,199.3,12601.9873
10380,10440,437.81,1986.2,206.0,12561.9365
10440,10500,438.23,1985.9,206.8,12651.8516
10500,10560,437.15,1985.9,198.3,12596.4482
10560,10620,436.74,1986.1,193.9,12582.5850
10620,10680,436.92,1987.3,192.0,12593.7080
10680,10740,440.57,1987.2,203.7,12691.6348
10740,10800,441.38,1988.9,203.3,12782.6611
10800,10860,439.00,1987.8,209.1,12584.0078
10860,10920,438.01,1985.2,205.9,12271.7295
10920,10980,436.98,1984.3,199.0,12218.0488
10980,11040,439.96,1985.0,214.6,12397.2129
11040,11100,439.24,1984.2,215.6,12300.5703
11100,11160,439.09,1983.4,210.1,12315.6543
11160,11220,443.08,1984.6,213.2,12432.3418
11220,11280,441.55,1984.5,209.3,12318.0020
11280,11340,442.46,1984.6,223.9,12311.9854
11340,11400,442.09,1984.3,215.1,12433.4639
11400,11460,440.50,1983.0,207.9,12389.3818
11460,11520,441.06,1983.5,208.2,12437.3281
11520,11580,441.58,1984.4,206.7,12521.2266
11580,11640,441.60,1984.8,207.4,12563.0957
11640,11700,439.71,1981.5,203.7,12413.7305
11700,11760,442.38,1982.0,207.6,12548.3662
11760,11820,451.91,1984.6,212.3,12927.0664
11820,11880,447.91,1982.4,208.2,12744.2637
11880,11940,448.17,1982.3,248.6,12734.1680
11940,12000,444.16,1980.3,226.2,12670.8984
12000,12060,441.45,1980.6,208.2,12588.7939
12060,12120,441.68,1981.3,204.8,12644.5566
12120,12180,442.75,1981.8,220.2,12724.5361
12180,12240,439.26,1980.3,197.7,12557.0674
12240,12300,441.57,1979.8,197.8,12615.1875
12300,12360,442.84,1980.3,201.6,12696.3916
12360,12420,442.05,1980.0,200.8,12645.1641
12420,12480,441.50,1980.1,199.0,12612.8672
12480,12540,441.93,1980.4,193.3,12644.9883
12540,12600,445.01,1981.2,207.5,12899.4307
12600,12660,441.45,1980.2,206.6,12644.1182
12660,12720,441.13,1979.7,208.8,12565.4385
12720,12780,442.61,1979.7,201.4,12552.0205
12780,12840,446.36,1980.9,201.1,12761.1074
12840,12900,445.21,1981.9,194.1,12947.4902
12900,12960,445.57,1984.0,196.5,12698.8438
12960,13020,443.86,1981.8,194.3,12668.3662
13020,13080,445.64,1983.2,214.3,12772.2100
13080,13140,448.65,1983.3,246.3,12849.8242
13140,13200,451.44,1981.7,323.0,12433.2197
13200,13260,450.08,1983.7,235.9,12049.7998
13260,13320,446.19,2020.4,231.3,11891.2002
13320,13380,440.83,2023.0,208.0,11396.6553
13380,13440,441.28,1991.0,188.1,10949.8027
13440,13500,433.17,1963.4,185.0,10251.1582
13500,13560,429.79,1956.9,148.1,10158.5615
13560,13620,431.52,1957.7,149.0,10276.3408
13620,13680,433.53,1959.2,213.5,10677.2324
13680,13740,432.74,1956.4,158.5,10825.1865
13740,13800,432.72,1956.6,170.4,10471.1201
13800,13860,432.96,1958.6,158.9,10576.3027
13860,13920,432.60,1955.2,146.2,10413.6377
13920,13980,433.12,1956.2,168.5,10821.5059
13980,14040,434.62,1957.3,279.2,10789.5947
14040,14100,433.45,1958.0,154.9,10980.6221
14100,14160,432.01,1959.6,148.7,10719.7510
14160,14220,432.33,1959.5,147.6,10908.9209
14220,14280,434.15,1958.8,153.2,11412.9531
14280,14340,433.87,1957.9,156.0,11106.1885
14340,14400,433.34,1957.7,143.7,11436.0117
14400,14460,434.87,1958.1,150.1,11444.7158
14460,14520,433.42,1957.7,160.0,11327.9844
14520,14580,435.59,1957.8,227.8,11357.8760
14580,14640,435.64,1957.9,148.1,11390.0850
14640,14700,436.68,1960.9,150.2,11517.3408
14700,14760,432.41,1962.1,150.8,11154.3975
14760,14820,434.04,1963.6,151.3,11713.3018
14820,14880,434.42,1965.8,161.3,11382.8623
14880,14940,437.77,1966.8,166.2,11301.2549
14940,15000,439.12,1966.8,174.1,11681.4961
15000,15060,438.18,1967.3,183.6,11529.2070
15060,15120,437.10,1965.4,176.5,11286.5742
15120,15180,441.64,1966.0,230.7,11968.5420
15180,15240,439.83,1965.1,192.9,11707.7861
15240,15300,439.88,1966.1,199.7,11618.8252
15300,15360,439.50,1966.2,194.7,11583.8604
15360,15420,440.77,1967.1,189.3,11438.0732
15420,15480,441.17,1968.0,204.4,11409.1406
15480,15540,441.55,1968.0,204.9,11412.8760
15540,15600,439.84,1967.2,179.2,11131.0557
15600,15660,440.18,1968.2,184.6,11258.9199
15660,15720,438.84,1969.5,182.3,11093.2969
15720,15780,439.14,1969.4,182.9,11009.8760
15780,15840,440.34,1967.8,177.5,11160.5850
15840,15900,443.99,1968.8,170.9,11124.0332
15900,15960,438.58,1970.4,164.5,11099.6826
15960,16020,438.22,1972.3,162.1,11177.7148
16020,16080,439.97,1974.7,162.3,11389.5078
16080,16140,437.70,1969.2,158.4,10828.4893
16140,16200,441.41,1970.6,176.3,10940.6533
16200,16260,441.91,1971.7,183.8,10936.9102
16260,16320,441.98,1971.1,186.5,10939.2344
16320,16380,442.13,1969.9,188.9,10968.5439
16380,16440,446.23,1973.0,202.8,11171.9609
16440,16500,448.35,1974.5,199.4,11302.0742
16500,16560,444.59,1975.2,183.5,11157.3486
16560,16620,450.58,1976.0,196.7,11481.2148
16620,16680,447.12,1973.6,181.1,11289.3809
16680,16740,446.72,1975.6,170.2,11535.0313
16740,16800,449.27,1976.2,178.1,11644.9023
16800,16860,449.07,1977.0,193.9,11653.1768
16860,16920,448.30,1977.4,200.2,11821.4258
16920,16980,447.70,1976.5,202.8,11636.3916
16980,17040,448.75,1975.7,199.1,11581.1396
17040,17100,446.65,1972.9,192.7,11480.9199
17100,17160,448.67,1973.6,199.8,11456.3701
17160,17220,450.36,1975.3,204.6,11701.3604
17220,17280,449.04,1974.3,196.4,11758.5703
17280,17340,450.97,1975.4,193.4,11893.1309
17340,17400,451.72,1976.8,197.2,11983.9160
17400,17460,444.01,1971.2,173.8,11294.7715
17460,17520,446.15,1984.4,183.3,11489.3887
17520,17580,451.53,1987.0,206.4,11828.7676
17580,17640,446.92,1980.1,189.1,11622.2109
17640,17700,446.31,1979.0,190.6,11545.8203
17700,17760,445.19,1975.3,189.2,11478.6514
17760,17820,439.94,1966.1,167.5,11071.3545
17820,17880,448.22,1974.6,178.6,11751.7344
17880,17940,437.55,1960.6,152.5,11224.0576
17940,18000,444.36,1968.0,171.1,11465.9414
18000,18060,443.69,1970.4,182.4,11816.7197
18060,18120,437.26,1959.4,155.5,11624.9863
18120,18180,434.99,1957.2,146.1,11782.9268
18180,18240,439.85,1961.0,152.2,12360.6611
18240,18300,439.22,1960.2,152.6,12088.3652
18300,18360,439.00,1960.5,149.6,12258.7178
18360,18420,440.35,1961.0,153.1,12155.6621
18420,18480,438.92,1959.3,147.4,12105.7217
18480,18540,436.74,1957.8,144.0,11934.7598
18540,18600,437.98,1958.0,146.0,12360.2324
18600,18660,437.81,1958.6,143.4,12026.3242
18660,18720,440.11,1958.6,143.8,12042.3311
18720,18780,443.04,1960.5,144.2,12173.2598
18780,18840,439.01,1960.1,144.3,12042.4316
18840,18900,439.71,1960.0,145.8,12264.6094
18900,18960,439.96,1961.3,150.4,12412.2207
18960,19020,440.02,1959.6,153.6,12403.7109
19020,19080,440.72,1960.3,159.6,12505.0508
19080,19140,440.56,1960.1,154.1,12238.3369
19140,19200,444.37,1961.7,154.4,12521.7998
19200,19260,444.09,1961.8,156.5,12451.5986
19260,19320,438.66,1959.3,158.6,11906.4063
19320,19380,435.54,1955.5,148.7,11823.6807
19380,19440,435.33,1956.0,145.9,11870.2539
19440,19500,436.26,1956.3,148.2,12186.8223
19500,19560,435.81,1956.9,144.9,11915.1797
19560,19620,434.86,1956.5,144.9,11597.2275
19620,19680,436.01,1956.8,149.4,11697.1396
19680,19740,437.40,1956.9,146.5,12035.0293
19740,19800,437.60,1957.3,148.6,11713.0566
19800,19860,436.49,1957.8,148.3,11600.9023
19860,19920,439.58,1959.5,148.0,11719.6719
19920,19980,438.37,1960.5,147.6,11701.7910
19980,20040,438.59,1960.5,152.6,11824.6699
20040,20100,438.77,1961.0,152.4,11857.3232
20100,20160,439.32,1961.4,148.8,11894.1660
20160,20220,436.90,1959.6,148.1,11660.6592
20220,20280,435.40,1958.4,146.0,11558.0967
20280,20340,436.00,1959.2,146.6,11571.1602
20340,20400,436.92,1961.7,149.1,11576.6113
20400,20460,436.77,1960.2,160.4,11735.9287
20460,20520,438.55,1960.4,185.0,11716.6777
20520,20580,439.54,1961.4,196.3,11898.1543
20580,20640,437.54,1960.8,188.2,11612.4434
20640,20700,438.63,1960.5,181.6,11738.1143
20700,20760,438.74,1961.3,168.3,11826.3799
20760,20820,440.39,1962.1,168.0,11978.3281
20820,20880,436.03,1959.6,151.3,11466.8516
20880,20940,436.15,1958.6,149.1,11863.9023
20940,21000,436.32,1959.5,149.4,11560.5469
21000,21060,437.07,1959.1,149.8,11686.6895
21060,21120,434.17,1956.6,145.6,11515.7363
21120,21180,433.38,1956.3,146.1,11508.8193
21180,21240,434.96,1956.7,149.2,11739.5313
21240,21300,433.28,1955.0,144.8,11501.3906
21300,21360,433.47,1955.5,143.3,11654.9414
21360,21420,433.21,1955.5,142.9,11553.8018
21420,21480,433.01,1955.5,141.1,11676.6416
21480,21540,432.93,1955.4,141.2,11678.3154
21540,21600,432.28,1954.5,141.3,11448.8076
21600,21660,432.60,1954.5,140.9,11538.0781
21660,21720,432.75,1954.6,158.0,11550.8584
21720,21780,432.45,1954.6,152.3,11534.6113
21780,21840,432.65,1954.2,143.9,11540.7656
21840,21900,432.13,1954.0,141.7,11506.2324
21900,21960,431.80,1953.5,140.4,11470.3135
21960,22020,432.31,1953.8,140.8,11595.3223
22020,22080,432.38,1953.7,141.4,11538.2148
22080,22140,432.01,1953.1,148.2,11552.9346
22140,22200,432.22,1953.5,147.1,11582.7764
22200,22260,433.15,1954.0,145.6,11724.1592
22260,22320,432.56,1953.7,141.8,11674.5107
22320,22380,431.82,1953.7,143.4,11450.7793
22380,22440,431.40,1953.6,144.5,11453.5352
22440,22500,432.65,1953.5,147.1,11622.8809
22500,22560,432.15,1953.4,142.9,11677.7500
22560,22620,432.07,1953.9,143.6,11354.8428
22620,22680,430.14,1952.0,139.9,11219.2891
22680,22740,432.56,1953.6,146.8,11459.0195
22740,22800,431.60,1953.2,147.2,11572.1982
