CampaignData_and_Merges/R0/CSL_MobileLab_Parked/raw/20240718/USOS-jNO2_MobileLabGround_20240718_R0.ict
52,1001
Waxman, E.; Rollins, A.; Zuraski, K.; Chace, W.
NOAA Chemical Sciences Laboratory
jNO2 filter radiometer on CSL Mobile Lab
AMMBEC / USOS
1, 1
2024,07,18, 2025,04,01
60
Time_Start, seconds, number_of_seconds_since_0000_UTC
20
1, 1, 1, 1, 1, 1, 1, 1, 1, 1, 1, 1, 1, 1, 1, 1, 1, 1, 1, 1
-9999, -9999, -9999, -9999, -9999, -9999, -9999, -9999, -9999, -9999, -9999, -9999, -9999, -9999, -9999, -9999, -9999, -9999, -9999, -9999
Time_Stop, seconds, number_of_seconds_since_0000_UTC
jNO2_meas, per second, photolysis rate of NO2 measured using a filter radiometer.
jBrCl, per second, photolysis rate of BrCl -> Br + Cl calculated in TUV for cloud-free sky with local AOD
jBr2, per second, photolysis rate of Br2 -> Br + Br calculated in TUV for cloud-free sky with local AOD
jCCl4, per second, photolysis rate of CCl4 -> Products calcualted in TUV for cloud-free sky with local AOD
jCH2Oa, per second, photolysis rate of CH2O -> H + HCO calculated in TUV for cloud-free sky with local AOD
jCH2Ob, per second, photolysis rate of CH2O -> H2 + CO calculated in TUV for cloud-free sky with local AOD
jClNO2, per second, photolysis rate of ClNO2 -> Cl + NO2 calculated in TUV for cloud-free sky with local AOD
jClOa, per second, photolysis rate of ClO -> Cl + O(1D) calculated in TUV for cloud-free sky with local AOD
jClOb, per second, photolysis rate of ClO -> Cl + O(3P) calculated in TUV for cloud-free sky with local AOD
jCl2, per second, photolysis rate of Cl2 -> Cl + Cl calculated in TUV for cloud-free sky with local AOD
jHNO2, per second, photolysis rate of HNO2 -> OH + NO calculated in TUV for cloud-free sky with local AOD
jHNO3, per second, photolysis rate of HNO3 -> OH + NO2 calculated in TUV for cloud-free sky with local AOD
jI2, per second, photolysis rate of I2 -> I + I calculated in TUV for cloud-free sky with local AOD
jNO2, per second, photolysis rate of NO2 -> NO + O(3P) calculated in TUV for cloud-free sky with local AOD
jNO3a, per second, photolysis rate of NO3 -> NO + O2 calculated in TUV for cloud-free sky with local AOD
jNO3b, per second, photolysis rate of NO3 -> NO2 + O(3P) calculated in TUV for cloud-free sky with local AOD
jN2O5, per second, photolysis rate of N2O5 -> NO3 + NO + O(3P) calculated in TUV for cloud-free sky with local AOD
jO3, per second, photolysis rate of O3 -> O2 + O(1D) calculated in TUV for cloud-free sky with local AOD
AOD_500nm, unitless, UTC daily mean AOD at 500 nm from an AERONET station located at 40.178 N, -112.452 E
0
18
PI_CONTACT_INFO: eleanor.waxman@noaa.gov
PLATFORM: CSL Mobile Lab, at ground site
LOCATION: Salt Lake City, UT
ASSOCIATED_DATA:
INSTRUMENT_INFO: jNO2 filter radiometer.  TUV calculations are for mobile van lat/lon/altitude assuming clear sky (cloud AOD = 0) and daily mean AOD.
DATA_INFO:
UNCERTAINTY: Data uncertainties are +/- 20%.  These come from uncertainties in radiometer angular response, radiometer thermal response, local interferences from clouds/aerosols/shadows etc.
ULOD_FLAG: -7777
ULOD_VALUE: N/A
LLOD_FLAG: -8888
LLOD_VALUE: N/A
DM_CONTACT_INFO: eleanor.waxman@noaa.gov
PROJECT_INFO: USOS Project, July - August 2024
STIPULATIONS_ON_USE: Users are strongly encouraged to contact the PI for proper data usage.
OTHER_COMMENTS: 
REVISION: R0
R0: final data
Time_Start, Time_Stop, jNO2_meas, jBrCl, jBr2, jCCl4, jCH2Oa, jCH2Ob, jClNO2, jClOa, jClOb, jCl2, jHNO2, jHNO3, jI2, jNO2, jNO3a, jNO3b, jN2O5, jO3, AOD_500nm
[from data line 1025]
   61500,   61560,0.0082914,0.009925,0.03011,1.494e-23,2.828e-05,4.317e-05,0.0004255,6.638e-24,3.812e-05,0.002105,0.00138,4.917e-07,0.1073,0.008486,0.02071,0.1661,3.777e-05,2.485e-05,0.135
   61560,   61620,0.0083091,0.009934,0.03013,1.587e-23,2.835e-05,4.325e-05,0.0004263,7.083e-24,3.834e-05,0.002108,0.001382,4.936e-07,0.1074,0.008497,0.02072,0.1662,3.785e-05,2.5e-05,0.135
   61620,   61680,0.0083187,0.009943,0.03015,1.68e-23,2.843e-05,4.334e-05,0.0004272,7.524e-24,3.855e-05,0.002112,0.001384,4.955e-07,0.1075,0.008507,0.02073,0.1662,3.794e-05,2.514e-05,0.135
   61680,   61740,0.0083303,0.009952,0.03017,1.78e-23,2.85e-05,4.342e-05,0.0004279,7.976e-24,3.872e-05,0.002115,0.001386,4.971e-07,0.1075,0.008517,0.02073,0.1663,3.802e-05,2.525e-05,0.135
   61740,   61800,0.0083449,0.009961,0.03019,1.886e-23,2.858e-05,4.35e-05,0.0004288,8.509e-24,3.893e-05,0.002118,0.001387,4.991e-07,0.1076,0.008527,0.02074,0.1664,3.81e-05,2.54e-05,0.135
   61800,   61860,0.0083465,0.00997,0.03021,2.004e-23,2.866e-05,4.359e-05,0.0004296,9.006e-24,3.913e-05,0.002121,0.001389,5.01e-07,0.1076,0.008537,0.02075,0.1664,3.819e-05,2.554e-05,0.135
   61860,   61920,0.0083463,0.009978,0.03023,2.111e-23,2.872e-05,4.366e-05,0.0004303,9.581e-24,3.928e-05,0.002124,0.001391,5.025e-07,0.1077,0.008547,0.02076,0.1665,3.826e-05,2.564e-05,0.135
   61920,   61980,0.0083469,0.009987,0.03025,2.243e-23,2.88e-05,4.374e-05,0.0004311,1.014e-23,3.947e-05,0.002127,0.001393,5.043e-07,0.1077,0.008557,0.02076,0.1666,3.834e-05,2.578e-05,0.135
   61980,   62040,0.0083449,0.009995,0.03027,2.383e-23,2.887e-05,4.382e-05,0.0004319,1.088e-23,3.968e-05,0.00213,0.001395,5.061e-07,0.1078,0.008567,0.02077,0.1667,3.842e-05,2.591e-05,0.135
   62040,   62100,0.008355,0.01,0.03028,2.508e-23,2.894e-05,4.39e-05,0.0004326,1.14e-23,3.986e-05,0.002133,0.001396,5.079e-07,0.1078,0.008576,0.02078,0.1667,3.85e-05,2.604e-05,0.135
   62100,   62160,0.008365,0.01001,0.0303,2.682e-23,2.901e-05,4.398e-05,0.0004334,1.228e-23,4.002e-05,0.002136,0.001398,5.095e-07,0.1078,0.008586,0.02078,0.1668,3.858e-05,2.615e-05,0.135
   62160,   62220,0.008373,0.01002,0.03032,2.799e-23,2.908e-05,4.406e-05,0.0004342,1.281e-23,4.024e-05,0.002139,0.0014,5.113e-07,0.1079,0.008595,0.02079,0.1669,3.866e-05,2.629e-05,0.135
   62220,   62280,0.0083869,0.01003,0.03034,2.987e-23,2.915e-05,4.413e-05,0.0004349,1.374e-23,4.042e-05,0.002142,0.001401,5.131e-07,0.1079,0.008604,0.0208,0.1669,3.874e-05,2.642e-05,0.135
   62280,   62340,0.0083895,0.01004,0.03036,3.148e-23,2.921e-05,4.421e-05,0.0004356,1.461e-23,4.057e-05,0.002145,0.001403,5.145e-07,0.108,0.008614,0.02081,0.167,3.881e-05,2.652e-05,0.135
   62340,   62400,0.0083773,0.01004,0.03038,3.344e-23,2.929e-05,4.428e-05,0.0004364,1.554e-23,4.082e-05,0.002148,0.001405,5.167e-07,0.108,0.008623,0.02081,0.167,3.889e-05,2.67e-05,0.135
   62400,   62460,0.0083772,0.01006,0.0304,3.71e-23,2.939e-05,4.44e-05,0.0004375,1.71e-23,4.1e-05,0.002152,0.001407,5.186e-07,0.1081,0.008637,0.02082,0.1672,3.9e-05,2.681e-05,0.135
   62460,   62520,0.0083767,0.01006,0.03042,3.945e-23,2.946e-05,4.447e-05,0.0004382,1.821e-23,4.118e-05,0.002155,0.001409,5.202e-07,0.1082,0.008646,0.02083,0.1672,3.907e-05,2.693e-05,0.135
   62520,   62580,0.0083907,0.01007,0.03044,4.192e-23,2.953e-05,4.455e-05,0.0004389,1.939e-23,4.136e-05,0.002158,0.00141,5.219e-07,0.1082,0.008655,0.02084,0.1673,3.915e-05,2.705e-05,0.135
   62580,   62640,0.0084157,0.01008,0.03045,4.442e-23,2.959e-05,4.462e-05,0.0004396,2.056e-23,4.153e-05,0.002161,0.001412,5.235e-07,0.1082,0.008663,0.02084,0.1673,3.922e-05,2.717e-05,0.135
   62640,   62700,0.0084474,0.01009,0.03047,4.702e-23,2.966e-05,4.469e-05,0.0004403,2.183e-23,4.171e-05,0.002164,0.001414,5.251e-07,0.1083,0.008672,0.02085,0.1674,3.929e-05,2.729e-05,0.135
   62700,   62760,0.0084727,0.01009,0.03049,4.997e-23,2.972e-05,4.476e-05,0.000441,2.322e-23,4.188e-05,0.002166,0.001415,5.267e-07,0.1083,0.008681,0.02086,0.1675,3.937e-05,2.741e-05,0.135
   62760,   62820,0.0084891,0.0101,0.0305,5.293e-23,2.978e-05,4.483e-05,0.0004417,2.463e-23,4.205e-05,0.002169,0.001417,5.283e-07,0.1084,0.008689,0.02086,0.1675,3.943e-05,2.753e-05,0.135
   62820,   62880,0.0084881,0.01011,0.03052,5.609e-23,2.985e-05,4.49e-05,0.0004424,2.617e-23,4.222e-05,0.002172,0.001418,5.299e-07,0.1084,0.008698,0.02087,0.1676,3.951e-05,2.765e-05,0.135
   62880,   62940,0.0085002,0.01012,0.03053,5.955e-23,2.991e-05,4.497e-05,0.0004431,2.782e-23,4.24e-05,0.002174,0.00142,5.315e-07,0.1084,0.008706,0.02087,0.1676,3.958e-05,2.776e-05,0.135
   62940,   63000,0.0085192,0.01012,0.03055,6.298e-23,2.998e-05,4.504e-05,0.0004437,2.948e-23,4.256e-05,0.002177,0.001421,5.33e-07,0.1085,0.008714,0.02088,0.1677,3.964e-05,2.788e-05,0.135
   63000,   63060,0.0085285,0.01013,0.03057,6.679e-23,3.004e-05,4.51e-05,0.0004444,3.129e-23,4.273e-05,0.002179,0.001423,5.345e-07,0.1085,0.008722,0.02089,0.1677,3.971e-05,2.799e-05,0.135
   63060,   63120,0.0085404,0.01014,0.03058,7.087e-23,3.01e-05,4.517e-05,0.0004451,3.324e-23,4.29e-05,0.002182,0.001424,5.361e-07,0.1086,0.00873,0.02089,0.1678,3.978e-05,2.811e-05,0.135
   63120,   63180,0.0085445,0.01014,0.03059,7.49e-23,3.016e-05,4.524e-05,0.0004457,3.519e-23,4.306e-05,0.002184,0.001425,5.375e-07,0.1086,0.008738,0.0209,0.1678,3.985e-05,2.822e-05,0.135
   63180,   63240,0.0085396,0.01015,0.03061,7.933e-23,3.022e-05,4.53e-05,0.0004463,3.734e-23,4.323e-05,0.002187,0.001427,5.391e-07,0.1086,0.008746,0.0209,0.1679,3.992e-05,2.833e-05,0.135
   63240,   63300,0.0085336,0.01016,0.03062,8.398e-23,3.028e-05,4.537e-05,0.000447,3.956e-23,4.34e-05,0.00219,0.001428,5.406e-07,0.1087,0.008754,0.02091,0.1679,3.998e-05,2.845e-05,0.135
   63300,   63360,0.0085392,0.01016,0.03064,8.865e-23,3.034e-05,4.543e-05,0.0004476,4.183e-23,4.356e-05,0.002192,0.00143,5.42e-07,0.1087,0.008761,0.02091,0.168,4.005e-05,2.856e-05,0.135
   63360,   63420,0.0085558,0.01017,0.03065,9.383e-23,3.04e-05,4.55e-05,0.0004482,4.43e-23,4.372e-05,0.002194,0.001431,5.435e-07,0.1087,0.008769,0.02092,0.168,4.011e-05,2.867e-05,0.135
   63420,   63480,0.0085647,0.01018,0.03067,9.932e-23,3.046e-05,4.556e-05,0.0004489,4.696e-23,4.389e-05,0.002197,0.001432,5.45e-07,0.1088,0.008777,0.02092,0.1681,4.018e-05,2.878e-05,0.135
   63480,   63540,0.0085789,0.01018,0.03068,1.047e-22,3.052e-05,4.562e-05,0.0004495,4.956e-23,4.404e-05,0.002199,0.001434,5.464e-07,0.1088,0.008784,0.02093,0.1681,4.024e-05,2.889e-05,0.135
   63540,   63600,0.0085818,0.01019,0.03069,1.108e-22,3.058e-05,4.568e-05,0.0004501,5.247e-23,4.42e-05,0.002201,0.001435,5.479e-07,0.1088,0.008791,0.02093,0.1682,4.03e-05,2.9e-05,0.135
   63600,   63660,0.0085822,0.0102,0.03071,1.171e-22,3.063e-05,4.575e-05,0.0004507,5.553e-23,4.436e-05,0.002204,0.001436,5.493e-07,0.1089,0.008799,0.02094,0.1682,4.037e-05,2.911e-05,0.135
   63660,   63720,0.008602,0.0102,0.03072,1.233e-22,3.069e-05,4.58e-05,0.0004513,5.855e-23,4.451e-05,0.002206,0.001438,5.507e-07,0.1089,0.008806,0.02094,0.1683,4.043e-05,2.921e-05,0.135
   63720,   63780,0.0085904,0.01021,0.03073,1.303e-22,3.075e-05,4.587e-05,0.0004518,6.191e-23,4.467e-05,0.002208,0.001439,5.521e-07,0.1089,0.008813,0.02095,0.1683,4.049e-05,2.932e-05,0.135
   63780,   63840,0.0085992,0.01021,0.03075,1.376e-22,3.08e-05,4.593e-05,0.0004524,6.544e-23,4.483e-05,0.002211,0.00144,5.535e-07,0.109,0.00882,0.02095,0.1684,4.055e-05,2.943e-05,0.135
   63840,   63900,0.0085918,0.01022,0.03076,1.448e-22,3.086e-05,4.598e-05,0.000453,6.891e-23,4.498e-05,0.002213,0.001441,5.549e-07,0.109,0.008827,0.02096,0.1684,4.061e-05,2.953e-05,0.135
   63900,   63960,0.0085867,0.01022,0.03077,1.528e-22,3.091e-05,4.604e-05,0.0004536,7.278e-23,4.513e-05,0.002215,0.001443,5.563e-07,0.109,0.008834,0.02096,0.1685,4.067e-05,2.963e-05,0.135
   63960,   64020,0.0085737,0.01023,0.03078,1.611e-22,3.097e-05,4.61e-05,0.0004541,7.68e-23,4.528e-05,0.002217,0.001444,5.576e-07,0.1091,0.00884,0.02097,0.1685,4.073e-05,2.974e-05,0.135
   64020,   64080,0.008572,0.01024,0.03079,1.693e-22,3.102e-05,4.616e-05,0.0004547,8.078e-23,4.543e-05,0.002219,0.001445,5.589e-07,0.1091,0.008847,0.02097,0.1685,4.079e-05,2.984e-05,0.135
   64080,   64140,0.0085741,0.01024,0.03081,1.784e-22,3.107e-05,4.621e-05,0.0004552,8.519e-23,4.558e-05,0.002221,0.001446,5.603e-07,0.1091,0.008854,0.02097,0.1686,4.085e-05,2.994e-05,0.135
   64140,   64200,0.0085759,0.01025,0.03082,1.879e-22,3.112e-05,4.627e-05,0.0004558,8.98e-23,4.573e-05,0.002224,0.001447,5.616e-07,0.1092,0.00886,0.02098,0.1686,4.09e-05,3.005e-05,0.135
   64200,   64260,0.0085922,0.01025,0.03083,1.972e-22,3.117e-05,4.632e-05,0.0004563,9.432e-23,4.587e-05,0.002226,0.001449,5.629e-07,0.1092,0.008866,0.02098,0.1687,4.096e-05,3.014e-05,0.135
   64260,   64320,0.0085967,0.01026,0.03084,2.076e-22,3.123e-05,4.638e-05,0.0004569,9.933e-23,4.602e-05,0.002228,0.00145,5.642e-07,0.1092,0.008873,0.02099,0.1687,4.101e-05,3.024e-05,0.135
   64320,   64380,0.0085796,0.01026,0.03085,2.183e-22,3.128e-05,4.643e-05,0.0004574,1.045e-22,4.616e-05,0.00223,0.001451,5.655e-07,0.1092,0.008879,0.02099,0.1687,4.107e-05,3.034e-05,0.135
   64380,   64440,0.008565,0.01027,0.03086,2.288e-22,3.132e-05,4.648e-05,0.0004579,1.096e-22,4.63e-05,0.002232,0.001452,5.667e-07,0.1093,0.008885,0.02099,0.1688,4.112e-05,3.044e-05,0.135
   64440,   64500,0.0085614,0.01027,0.03088,2.404e-22,3.138e-05,4.654e-05,0.0004584,1.153e-22,4.644e-05,0.002234,0.001453,5.68e-07,0.1093,0.008891,0.021,0.1688,4.118e-05,3.054e-05,0.135
   64500,   64560,0.0085584,0.01028,0.03089,2.525e-22,3.143e-05,4.659e-05,0.0004589,1.212e-22,4.659e-05,0.002236,0.001454,5.693e-07,0.1093,0.008898,0.021,0.1688,4.123e-05,3.063e-05,0.135
   64560,   64620,0.00855,0.01028,0.0309,2.644e-22,3.147e-05,4.664e-05,0.0004594,1.269e-22,4.672e-05,0.002237,0.001455,5.705e-07,0.1093,0.008903,0.021,0.1689,4.128e-05,3.072e-05,0.135
   64620,   64680,0.0085492,0.01029,0.03091,2.774e-22,3.152e-05,4.669e-05,0.0004599,1.333e-22,4.686e-05,0.002239,0.001456,5.717e-07,0.1094,0.008909,0.02101,0.1689,4.134e-05,3.082e-05,0.135
   64680,   64740,0.0085602,0.01029,0.03092,2.909e-22,3.157e-05,4.674e-05,0.0004604,1.398e-22,4.7e-05,0.002241,0.001457,5.73e-07,0.1094,0.008915,0.02101,0.169,4.139e-05,3.092e-05,0.135
   64740,   64800,0.0085179,0.0103,0.03093,3.041e-22,3.161e-05,4.679e-05,0.0004609,1.462e-22,4.713e-05,0.002243,0.001458,5.741e-07,0.1094,0.008921,0.02102,0.169,4.144e-05,3.101e-05,0.135
   64800,   64860,0.0084908,0.0103,0.03094,3.186e-22,3.166e-05,4.684e-05,0.0004614,1.533e-22,4.727e-05,0.002245,0.001459,5.753e-07,0.1094,0.008926,0.02102,0.169,4.149e-05,3.11e-05,0.135
   64860,   64920,0.0084985,0.01031,0.03095,3.337e-22,3.171e-05,4.689e-05,0.0004619,1.606e-22,4.74e-05,0.002247,0.00146,5.765e-07,0.1095,0.008932,0.02102,0.1691,4.154e-05,3.119e-05,0.135
   64920,   64980,0.0085103,0.01031,0.03096,3.483e-22,3.175e-05,4.693e-05,0.0004623,1.678e-22,4.753e-05,0.002249,0.001461,5.776e-07,0.1095,0.008937,0.02103,0.1691,4.159e-05,3.128e-05,0.135
   64980,   65040,0.0085086,0.01032,0.03097,3.643e-22,3.18e-05,4.698e-05,0.0004628,1.756e-22,4.766e-05,0.00225,0.001462,5.788e-07,0.1095,0.008943,0.02103,0.1691,4.164e-05,3.137e-05,0.135
   65040,   65100,0.008501,0.01032,0.03098,3.81e-22,3.184e-05,4.703e-05,0.0004633,1.837e-22,4.779e-05,0.002252,0.001463,5.8e-07,0.1095,0.008948,0.02103,0.1692,4.169e-05,3.146e-05,0.135
   65100,   65160,0.0084935,0.01033,0.03099,3.971e-22,3.188e-05,4.707e-05,0.0004637,1.916e-22,4.791e-05,0.002254,0.001464,5.81e-07,0.1096,0.008954,0.02104,0.1692,4.173e-05,3.154e-05,0.135
   65160,   65220,0.0085609,0.01033,0.031,4.149e-22,3.193e-05,4.712e-05,0.0004642,2.002e-22,4.804e-05,0.002255,0.001465,5.822e-07,0.1096,0.008959,0.02104,0.1692,4.178e-05,3.163e-05,0.135
   65220,   65280,0.0086058,0.01033,0.031,4.331e-22,3.197e-05,4.717e-05,0.0004646,2.091e-22,4.817e-05,0.002257,0.001466,5.833e-07,0.1096,0.008964,0.02104,0.1692,4.183e-05,3.172e-05,0.135
   65280,   65340,0.0086131,0.01034,0.03101,4.508e-22,3.201e-05,4.721e-05,0.000465,2.178e-22,4.829e-05,0.002259,0.001467,5.843e-07,0.1096,0.008969,0.02105,0.1693,4.187e-05,3.18e-05,0.135
   65340,   65400,0.0086284,0.01034,0.03102,4.701e-22,3.205e-05,4.725e-05,0.0004655,2.272e-22,4.841e-05,0.00226,0.001468,5.854e-07,0.1096,0.008974,0.02105,0.1693,4.192e-05,3.188e-05,0.135
   65400,   65460,0.0086748,0.01035,0.03103,4.901e-22,3.21e-05,4.73e-05,0.0004659,2.369e-22,4.853e-05,0.002262,0.001469,5.865e-07,0.1097,0.008979,0.02105,0.1693,4.197e-05,3.197e-05,0.135
   65460,   65520,0.0086894,0.01035,0.03104,5.094e-22,3.214e-05,4.734e-05,0.0004663,2.464e-22,4.865e-05,0.002264,0.00147,5.875e-07,0.1097,0.008984,0.02105,0.1694,4.201e-05,3.205e-05,0.135
   65520,   65580,0.0086789,0.01035,0.03105,5.305e-22,3.218e-05,4.738e-05,0.0004667,2.567e-22,4.877e-05,0.002265,0.001471,5.886e-07,0.1097,0.008989,0.02106,0.1694,4.205e-05,3.213e-05,0.135
   65580,   65640,0.0086769,0.01036,0.03106,5.521e-22,3.222e-05,4.742e-05,0.0004671,2.673e-22,4.889e-05,0.002267,0.001472,5.896e-07,0.1097,0.008993,0.02106,0.1694,4.21e-05,3.221e-05,0.135
   65640,   65700,0.0086848,0.01036,0.03106,5.73e-22,3.225e-05,4.746e-05,0.0004675,2.775e-22,4.9e-05,0.002268,0.001472,5.906e-07,0.1097,0.008998,0.02106,0.1694,4.214e-05,3.229e-05,0.135
   65700,   65760,0.0086882,0.01037,0.03107,5.957e-22,3.229e-05,4.75e-05,0.0004679,2.886e-22,4.911e-05,0.00227,0.001473,5.916e-07,0.1098,0.009003,0.02106,0.1695,4.218e-05,3.237e-05,0.135
   65760,   65820,0.008714,0.01037,0.03108,6.191e-22,3.233e-05,4.754e-05,0.0004683,3e-22,4.923e-05,0.002271,0.001474,5.926e-07,0.1098,0.009007,0.02107,0.1695,4.222e-05,3.245e-05,0.135
   65820,   65880,0.0087233,0.01037,0.03109,6.416e-22,3.237e-05,4.758e-05,0.0004687,3.11e-22,4.933e-05,0.002273,0.001475,5.936e-07,0.1098,0.009011,0.02107,0.1695,4.226e-05,3.252e-05,0.135
   65880,   65940,0.0087326,0.01038,0.03109,6.66e-22,3.241e-05,4.762e-05,0.0004691,3.23e-22,4.945e-05,0.002274,0.001476,5.945e-07,0.1098,0.009016,0.02107,0.1695,4.23e-05,3.26e-05,0.135
   65940,   66000,0.0087066,0.01038,0.0311,6.91e-22,3.244e-05,4.766e-05,0.0004694,3.352e-22,4.956e-05,0.002276,0.001476,5.955e-07,0.1098,0.00902,0.02108,0.1696,4.234e-05,3.267e-05,0.135
   66000,   66060,0.008694,0.01038,0.03111,7.149e-22,3.248e-05,4.77e-05,0.0004698,3.469e-22,4.966e-05,0.002277,0.001477,5.964e-07,0.1099,0.009024,0.02108,0.1696,4.238e-05,3.274e-05,0.135
   66060,   66120,0.0086667,0.01039,0.03112,7.41e-22,3.251e-05,4.773e-05,0.0004702,3.597e-22,4.977e-05,0.002278,0.001478,5.973e-07,0.1099,0.009029,0.02108,0.1696,4.242e-05,3.282e-05,0.135
   66120,   66180,0.0082856,0.01039,0.03112,7.677e-22,3.255e-05,4.777e-05,0.0004705,3.727e-22,4.987e-05,0.00228,0.001479,5.983e-07,0.1099,0.009033,0.02108,0.1696,4.246e-05,3.289e-05,0.135
   66180,   66240,0.0083566,0.01039,0.03113,7.932e-22,3.258e-05,4.78e-05,0.0004709,3.852e-22,4.997e-05,0.002281,0.001479,5.991e-07,0.1099,0.009037,0.02108,0.1697,4.249e-05,3.296e-05,0.135
   66240,   66300,0.008262,0.0104,0.03114,8.208e-22,3.262e-05,4.784e-05,0.0004712,3.988e-22,5.007e-05,0.002282,0.00148,6e-07,0.1099,0.009041,0.02109,0.1697,4.253e-05,3.303e-05,0.135
   66300,   66360,0.0060872,0.0104,0.03114,8.49e-22,3.265e-05,4.788e-05,0.0004716,4.126e-22,5.018e-05,0.002284,0.001481,6.009e-07,0.1099,0.009045,0.02109,0.1697,4.257e-05,3.31e-05,0.135
   66360,   66420,0.0067039,0.0104,0.03115,8.758e-22,3.268e-05,4.791e-05,0.0004719,4.257e-22,5.027e-05,0.002285,0.001482,6.017e-07,0.1099,0.009048,0.02109,0.1697,4.26e-05,3.316e-05,0.135
   66420,   66480,0.0038088,0.01041,0.03116,9.049e-22,3.272e-05,4.794e-05,0.0004722,4.4e-22,5.037e-05,0.002286,0.001482,6.026e-07,0.11,0.009052,0.02109,0.1697,4.264e-05,3.323e-05,0.135
   66480,   66540,0.0044629,0.01041,0.03116,9.344e-22,3.275e-05,4.798e-05,0.0004725,4.545e-22,5.047e-05,0.002287,0.001483,6.034e-07,0.11,0.009056,0.02109,0.1698,4.267e-05,3.33e-05,0.135
