CampaignData_and_Merges/R0/CSL_MobileLab_Parked/raw/20240718/USOS-PTR_MobileLabGround_20240718_R0.ict
58, 1001
Matthew Coggon, Kelvin Bates, Chelsea Stockwell, Carsten Warneke
NOAA ESRL Chemical Sciences Division
NOAA PTR-ToF-MS
USOS
1,1 
2024, 07, 18, 2025, 09, 19
0
Time_Start, seconds, number of seconds from 00:00 UTC 
22
1, 1, 1, 1, 1, 1, 1, 1, 1, 1, 1, 1, 1, 1, 1, 1, 1, 1, 1, 1, 1, 1
-9999, -9999, -9999, -9999, -9999, -9999, -9999, -9999, -9999, -9999, -9999, -9999, -9999, -9999, -9999, -9999, -9999, -9999, -9999, -9999, -9999, -9999
CH3OH_NOAAPTR_ppbv,  ppbv, Gas_CH3OH_InSitu_S_AVMR, (CH3OH) methanol
CH3CN_NOAAPTR_ppbv,  ppbv, Gas_CH3CN_InSitu_S_AVMR, (CH3CN) acetonitrile
CH3CHO_NOAAPTR_ppbv,  ppbv, Gas_CH3CHO_InSitu_S_AVMR, (CH3CHO) acetaldehyde plus contributions from ethylene glycol and ethylene oxide. Interference from ethanol has been subtracted out.
C2H5OH_NOAAPTR_ppbv,  ppbv, Gas_C2H5OH_InSitu_S_AVMR, (C2H5OH) ethanol
CH3SH_NOAAPTR_ppbv,  ppbv, Gas_CH3SH_InSitu_S_AVMR, (CH3SH) methanethiol, using calibration factor for DMS
Acrolein_NOAAPTR_ppbv,  ppbv, Gas_Acrolein_InSitu_S_AVMR, (C3H4O) acrolein
AcetonePropanal_NOAAPTR_ppbv,  ppbv, Gas_AcetoneAndPropanal_InSitu_S_AVMR, (C3H6O) sum of acetone (dominant isomer) and propanal, using calibration factor for acetone
DMS_NOAAPTR_ppbv,  ppbv, Gas_DMS_InSitu_S_AVMR, (C2H6S) dimethyl sulfide with possible small contributions from ethanethiol
C5H8_NOAAPTR_ppbv,  ppbv, Gas_Isoprene_InSitu_S_AVMR, (C5H8) isoprene and possible fragments from cycloalkanes and aldehydes. Interferences have been subtracted following methods described by Coggon et al (2023)
MVKMAC_NOAAPTR_ppbv,  ppbv, Gas_MVKAndMAC_InSitu_S_AVMR, (C4H6O) sum of methyl vinyl ketone, methacrolein, and small amounts of crotonaldehyde, using weighted calibration factor for MVK (0.637) and MACR (0.363)
Benzene_NOAAPTR_ppbv,  ppbv, Gas_Benzene_InSitu_S_AVMR, (C6H6) benzene
Toluene_NOAAPTR_ppbv,  ppbv, Gas_Toluene_InSitu_S_AVMR, (C7H8) toluene with possible small contributions of fragments from ethyltoluene
Styrene_NOAAPTR_ppbv,  ppbv, Gas_Styrene_InSitu_S_AVMR, (C8H8) styrene
Benzaldehyde_NOAAPTR_ppbv,  ppbv, Gas_Benzaldehyde_InSitu_S_AVMR, (C7H6O) benzaldehyde
C8Aromatics_NOAAPTR_ppbv,  ppbv, Gas_C8Aromatics_InSitu_M_AVMR, (C8H10) sum of m-xylene, p-xylene, o-xylene, and ethyl benzene
C9Aromatics_NOAAPTR_ppbv,  ppbv, Gas_C9Aromatics_InSitu_M_AVMR, (C9H12) sum of C9 aromatics
Naphthalene_NOAAPTR_ppbv,  ppbv, Gas_Naphthalene_InSitu_S_AVMR, (C10H8) naphthalene
Octanal_NOAAPTR_ppbv,  ppbv, Gas_Octanal_InSitu_S_AVMR, (C8H16O) octanal and small amounts of octanone
Monoterpenes_NOAAPTR_ppbv,  ppbv, Gas_Monoterpenes_InSitu_M_AVMR, (C10H16) sum of monoterpenes and possible contributions from fragments of oxygenated monoterpenoids such as eucalyptol.
Nonanal_NOAAPTR_ppbv,  ppbv, Gas_Nonanal_InSitu_M_AVMR, (C9H18O) nonanal and small amounts of nonanone
C7H4ClF3_NOAAPTR_ppbv,  ppbv, Gas_C7H4ClF3_InSitu_S_AVMR, (C7H4ClF3) parachlorobenzotrifluoride
C10H30O5Si5_NOAAPTR_ppbv,  ppbv, Gas_C10H30O5Si5_InSitu_S_AVMR, (C10H30O5Si5) decamethylcyclopentasiloxane
1
SPECIAL COMMENTS:N/A
21
PI_CONTACT_INFO: NOAA ESRL Chemical Sciences Division, Tropospheric Chemistry Group. 325 Broadway, R/CSD7, Boulder, CO 80305
PLATFORM: Mobile Laboratory.
LOCATION: Salt Lake City, UT
ASSOCIATED_DATA: N/A
INSTRUMENT_INFO: NOAA PTR-ToF-MS measurements on NOAA CSL Mobile Lab
DATA_INFO: Units: ppbv
UNCERTAINTY: See OTHER_COMMENTS
ULOD_FLAG: -7777
ULOD_VALUE: N/A
LLOD_FLAG: -8888
LLOD_VALUE: N/A.
DM_CONTACT_INFO: Data Managers: Matt Coggon, Kelvin Bates, Chelsea Stockwell; email: matthew.m.coggon@noaa.gov and kelvin.bates@colorado.edu
PROJECT_INFO: USOS Deployment July-August, 2024
STIPULATIONS_ON_USE: Use of these data require prior OK from PI.
OTHER_COMMENTS: Uncertainties:
CH3OH_NOAAPTR_ppbv:30%; CH3CN_NOAAPTR_ppbv:30%; CH3CHO_NOAAPTR_ppbv:30%; C2H5OH_NOAAPTR_ppbv:30%; CH3SH_NOAAPTR_ppbv:50%; Acrolein_NOAAPTR_ppbv:30%; AcetonePropanal_NOAAPTR_ppbv:30%; DMS_NOAAPTR_ppbv:30%; C5H8_NOAAPTR_ppbv:30%; MVKMAC_NOAAPTR_ppbv:30%; 
Benzene_NOAAPTR_ppbv:30%; Toluene_NOAAPTR_ppbv:30%; Styrene_NOAAPTR_ppbv:30%; Benzaldehyde_NOAAPTR_ppbv:30%; C8Aromatics_NOAAPTR_ppbv:30%; C9Aromatics_NOAAPTR_ppbv:30%; Naphthalene_NOAAPTR_ppbv:30%; Octanal_NOAAPTR_ppbv:30%; Monoterpenes_NOAAPTR_ppbv:30%; Nonanal_NOAAPTR_ppbv:30%; 
C7H4ClF3_NOAAPTR_ppbv:30%; C10H30O5Si5_NOAAPTR_ppbv:30%; 
REVISION: R0
R0: Calibrated PTR Data. See individual species comments for details about measurement uncertainties
Time_Start, CH3OH_NOAAPTR_ppbv, CH3CN_NOAAPTR_ppbv, CH3CHO_NOAAPTR_ppbv, C2H5OH_NOAAPTR_ppbv, CH3SH_NOAAPTR_ppbv, Acrolein_NOAAPTR_ppbv, AcetonePropanal_NOAAPTR_ppbv, DMS_NOAAPTR_ppbv, C5H8_NOAAPTR_ppbv, MVKMAC_NOAAPTR_ppbv, Benzene_NOAAPTR_ppbv, Toluene_NOAAPTR_ppbv, Styrene_NOAAPTR_ppbv, Benzaldehyde_NOAAPTR_ppbv, C8Aromatics_NOAAPTR_ppbv, C9Aromatics_NOAAPTR_ppbv, Naphthalene_NOAAPTR_ppbv, Octanal_NOAAPTR_ppbv, Monoterpenes_NOAAPTR_ppbv, Nonanal_NOAAPTR_ppbv, C7H4ClF3_NOAAPTR_ppbv, C10H30O5Si5_NOAAPTR_ppbv
[from data line 298]
17880.0, 9.47870, 0.23419, 1.67126, 2.94976, 0.00450, 0.23677, 4.72510, -0.00013, 0.31228, 0.38598, 0.06810, 0.19148, 0.01665, -0.00094, 0.10494, 0.04724, -0.00060, 0.06212, 0.11567, 0.07008, 0.00964, 0.00686 
17940.0, 9.27741, 0.23027, 1.69756, 2.69203, 0.00751, 0.23949, 4.70151, -0.00013, 0.28059, 0.38683, 0.06725, 0.18560, -0.00038, 0.03497, 0.13664, 0.04359, -0.00060, 0.04057, 0.09561, 0.05959, 0.01380, 0.00585 
18000.0, 12.60275, 0.24126, 2.07096, 4.67903, 0.00921, 0.21798, 4.78194, 0.01338, 0.24857, 0.38908, 0.09889, 0.26290, 0.00921, 0.00454, 0.17639, 0.08346, 0.00749, 0.05891, 0.12079, 0.06702, 0.01721, 0.00811 
18060.0, 9.69483, 0.25097, 1.61673, 2.77977, 0.00034, 0.24377, 4.98211, 0.02241, 0.42847, 0.45159, 0.03239, 0.14830, 0.02566, -0.00095, 0.08810, 0.04290, 0.00523, 0.05171, 0.13740, 0.04998, 0.01229, 0.00223 
18120.0, 9.28674, 0.24432, 1.59073, 1.75261, 0.00412, 0.25207, 5.17822, 0.00805, 0.44189, 0.45853, -0.00549, 0.11633, -0.00108, 0.01397, 0.07482, 0.03413, 0.01220, 0.07599, 0.09060, 0.05247, 0.01572, 0.00311 
18180.0, 11.53814, 0.24543, 1.72127, 3.28510, 0.00235, 0.26774, 5.35203, 0.00617, 0.48639, 0.48136, 0.09385, 0.16847, 0.00777, 0.00377, 0.10850, 0.04228, 0.00172, 0.08547, 0.11757, 0.07472, 0.01334, 0.00296 
18240.0, 11.63035, 0.24545, 1.79934, 3.13778, 0.00573, 0.28500, 5.43474, 0.02349, 0.39625, 0.45355, 0.38022, 0.18507, 0.02139, 0.20291, 0.13385, 0.04255, 0.01026, 0.08278, 0.12571, 0.06625, 0.01155, 0.00476 
18300.0, 10.43073, 0.24833, 1.66269, 2.91387, 0.00078, 0.28844, 5.46140, -0.00012, 0.50941, 0.47187, 0.10587, 0.16636, 0.02519, 0.06828, 0.09389, 0.03587, -0.00060, 0.08351, 0.12806, 0.07224, 0.01003, 0.00637 
18360.0, 12.28567, 0.24351, 1.92693, 3.45824, 0.00559, 0.28818, 5.46080, 0.01213, 0.48139, 0.45999, 0.60270, 0.20545, 0.01541, 0.27595, 0.12669, 0.04395, -0.00059, 0.08027, 0.12704, 0.06314, 0.00783, 0.00644 
18420.0, 12.93297, 0.25896, 2.01112, 5.12565, 0.00739, 0.28185, 5.56888, 0.02411, 0.48764, 0.45997, 0.49369, 0.38189, 0.01460, 0.20393, 0.29587, 0.11279, 0.01477, 0.08768, 0.12886, 0.09356, 0.01623, 0.00579 
18480.0, 12.24332, 0.24306, 1.99030, 4.34042, 0.00402, 0.30690, 5.53785, 0.02982, 0.52362, 0.48539, 0.54181, 0.21284, -0.00108, 0.26747, 0.14789, 0.05011, 0.00940, 0.07077, 0.14844, 0.08636, 0.01336, 0.00653 
18540.0, 11.80552, 0.21992, 2.06266, 9.37615, 0.00465, 0.30453, 5.51431, 0.03321, 0.59533, 0.47616, 0.51377, 0.99362, 0.05796, 0.11649, 0.61335, 0.18296, -0.00059, 0.09147, 0.15725, 0.08087, 0.00890, 0.00476 
18600.0, 11.10269, 0.24157, 1.84253, 3.37213, 0.00825, 0.28533, 5.41448, 0.02565, 0.49531, 0.49060, 0.28152, 0.16063, -0.00107, 0.15922, 0.09633, 0.03795, -0.00059, 0.08157, 0.10146, 0.07163, 0.00627, 0.00632 
18660.0, 11.66687, 0.26962, 1.99689, 3.01991, 0.00502, 0.30937, 5.39526, 0.02490, 0.44951, 0.48085, 0.74210, 0.15692, -0.00107, 0.41491, 0.09701, 0.03357, -0.00059, 0.08824, 0.12416, 0.06209, 0.00515, 0.00585 
18720.0, -9999.00000, -9999.00000, -9999.00000, -9999.00000, -9999.00000, -9999.00000, -9999.00000, -9999.00000, -9999.00000, -9999.00000, -9999.00000, -9999.00000, -9999.00000, -9999.00000, -9999.00000, -9999.00000, -9999.00000, -9999.00000, -9999.00000, -9999.00000, -9999.00000, -9999.00000 
18780.0, -9999.00000, -9999.00000, -9999.00000, -9999.00000, -9999.00000, -9999.00000, -9999.00000, -9999.00000, -9999.00000, -9999.00000, -9999.00000, -9999.00000, -9999.00000, -9999.00000, -9999.00000, -9999.00000, -9999.00000, -9999.00000, -9999.00000, -9999.00000, -9999.00000, -9999.00000 
18840.0, -9999.00000, -9999.00000, -9999.00000, -9999.00000, -9999.00000, -9999.00000, -9999.00000, -9999.00000, -9999.00000, -9999.00000, -9999.00000, -9999.00000, -9999.00000, -9999.00000, -9999.00000, -9999.00000, -9999.00000, -9999.00000, -9999.00000, -9999.00000, -9999.00000, -9999.00000 
18900.0, -9999.00000, -9999.00000, -9999.00000, -9999.00000, -9999.00000, -9999.00000, -9999.00000, -9999.00000, -9999.00000, -9999.00000, -9999.00000, -9999.00000, -9999.00000, -9999.00000, -9999.00000, -9999.00000, -9999.00000, -9999.00000, -9999.00000, -9999.00000, -9999.00000, -9999.00000 
18960.0, -9999.00000, -9999.00000, -9999.00000, -9999.00000, -9999.00000, -9999.00000, -9999.00000, -9999.00000, -9999.00000, -9999.00000, -9999.00000, -9999.00000, -9999.00000, -9999.00000, -9999.00000, -9999.00000, -9999.00000, -9999.00000, -9999.00000, -9999.00000, -9999.00000, -9999.00000 
19020.0, -9999.00000, -9999.00000, -9999.00000, -9999.00000, -9999.00000, -9999.00000, -9999.00000, -9999.00000, -9999.00000, -9999.00000, -9999.00000, -9999.00000, -9999.00000, -9999.00000, -9999.00000, -9999.00000, -9999.00000, -9999.00000, -9999.00000, -9999.00000, -9999.00000, -9999.00000 
19080.0, -9999.00000, -9999.00000, -9999.00000, -9999.00000, -9999.00000, -9999.00000, -9999.00000, -9999.00000, -9999.00000, -9999.00000, -9999.00000, -9999.00000, -9999.00000, -9999.00000, -9999.00000, -9999.00000, -9999.00000, -9999.00000, -9999.00000, -9999.00000, -9999.00000, -9999.00000 
19140.0, -9999.00000, -9999.00000, -9999.00000, -9999.00000, -9999.00000, -9999.00000, -9999.00000, -9999.00000, -9999.00000, -9999.00000, -9999.00000, -9999.00000, -9999.00000, -9999.00000, -9999.00000, -9999.00000, -9999.00000, -9999.00000, -9999.00000, -9999.00000, -9999.00000, -9999.00000 
19200.0, -9999.00000, -9999.00000, -9999.00000, -9999.00000, -9999.00000, -9999.00000, -9999.00000, -9999.00000, -9999.00000, -9999.00000, -9999.00000, -9999.00000, -9999.00000, -9999.00000, -9999.00000, -9999.00000, -9999.00000, -9999.00000, -9999.00000, -9999.00000, -9999.00000, -9999.00000 
19260.0, -9999.00000, -9999.00000, -9999.00000, -9999.00000, -9999.00000, -9999.00000, -9999.00000, -9999.00000, -9999.00000, -9999.00000, -9999.00000, -9999.00000, -9999.00000, -9999.00000, -9999.00000, -9999.00000, -9999.00000, -9999.00000, -9999.00000, -9999.00000, -9999.00000, -9999.00000 
19320.0, -9999.00000, -9999.00000, -9999.00000, -9999.00000, -9999.00000, -9999.00000, -9999.00000, -9999.00000, -9999.00000, -9999.00000, -9999.00000, -9999.00000, -9999.00000, -9999.00000, -9999.00000, -9999.00000, -9999.00000, -9999.00000, -9999.00000, -9999.00000, -9999.00000, -9999.00000 
19380.0, 9.92815, 0.25664, 1.59835, 2.47250, 0.00137, 0.25605, 5.02138, 0.02447, 0.48971, 0.48083, 0.02978, 0.16623, 0.00754, 0.01916, 0.08279, 0.03012, -0.00153, 0.04886, 0.11776, 0.06262, -0.00173, 0.00120 
19440.0, 9.61131, 0.26148, 1.66069, 2.21828, 0.00177, 0.27204, 5.02542, 0.02328, 0.55432, 0.51427, 0.05081, 0.18305, -0.00169, 0.02652, 0.08856, 0.04971, -0.00166, 0.08595, 0.10779, 0.04719, 0.00632, 0.00272 
19500.0, 10.04298, 0.25565, 1.68161, 2.83348, 0.00745, 0.24602, 5.03118, 0.02431, 0.50114, 0.49254, 0.00816, 0.17463, 0.00596, 0.01299, 0.09647, 0.04190, -0.00178, 0.06098, 0.11979, 0.05943, 0.00963, 0.00321 
19560.0, 9.94506, 0.26319, 1.61281, 2.50387, 0.00586, 0.25833, 4.87289, 0.01687, 0.52696, 0.48549, 0.04707, 0.15118, -0.00183, 0.03787, 0.07802, 0.02533, 0.01095, 0.06104, 0.14007, 0.05828, 0.01222, 0.00321 
19620.0, 10.58863, 0.25883, 1.59201, 2.14923, 0.00314, 0.26923, 4.86529, 0.02385, 0.55336, 0.51080, 0.00291, 0.14575, -0.00190, 0.02021, 0.06705, 0.02726, 0.00326, 0.04186, 0.10853, 0.04081, 0.01382, 0.00014 
19680.0, 10.08311, 0.26833, 1.63046, 2.49591, 0.00664, 0.25083, 4.90653, -0.00012, 0.50343, 0.50888, -0.01243, 0.12557, -0.00197, 0.01422, 0.05853, 0.02842, -0.00214, 0.07568, 0.13103, 0.03849, 0.01980, 0.00419 
19740.0, 9.83291, 0.24465, 1.77464, 3.11765, 0.00369, 0.26236, 5.05754, 0.01963, 0.49012, 0.52261, 0.05196, 0.15944, -0.00204, 0.01028, 0.07195, 0.03430, -0.00226, 0.06285, 0.10600, 0.04592, 0.00466, 0.00997 
19800.0, 9.83907, 0.26231, 1.60520, 1.96764, 0.00453, 0.28513, 4.91305, 0.00765, 0.55144, 0.52811, 0.04928, 0.12972, 0.02352, 0.02796, 0.06345, 0.01956, -0.00087, 0.06654, 0.13234, 0.05757, 0.01005, 0.00148 
19860.0, 11.31183, 0.26554, 1.81373, 3.63081, 0.00623, 0.24154, 5.07711, 0.01684, 0.52567, 0.51227, 0.15003, 0.18167, 0.02352, 0.05855, 0.08928, 0.02270, 0.00310, 0.05771, 0.15631, 0.05437, 0.01410, 0.00659 
19920.0, 11.60865, 0.25388, 1.74180, 3.31484, -0.00068, 0.24921, 5.00010, 0.00536, 0.46246, 0.50953, 0.00465, 0.17091, -0.00225, 0.02737, 0.09945, 0.03872, -0.00263, 0.07294, 0.13847, 0.08067, 0.01225, 0.00252 
19980.0, 11.19376, 0.25614, 1.98413, 3.42109, 0.00241, 0.30210, 5.07318, 0.01215, 0.50755, 0.55307, 0.14159, 0.24181, 0.01045, 0.04636, 0.17398, 0.06245, -0.00077, 0.05752, 0.14787, 0.08629, 0.01313, 0.00178 
20040.0, 11.14532, 0.25340, 1.82094, 3.11214, 0.00222, 0.37553, 5.02802, 0.00208, 0.58340, 0.59165, 0.10963, 0.20067, 0.01337, -0.00277, 0.09343, 0.05542, 0.01392, 0.05849, 0.14534, 0.07096, 0.01094, 0.00641 
20100.0, 12.13599, 0.27740, 2.02385, 3.86105, 0.00447, 0.34026, 5.35412, 0.01523, 0.69416, 0.53699, 6.64056, 0.17982, 0.03561, 2.79550, 0.01548, 0.04367, 0.00671, 0.06951, 0.10104, 0.07952, 0.01070, 0.00342 
20160.0, 10.68141, 0.26721, 1.67480, 2.42501, 0.00191, 0.24293, 5.04785, 0.02332, 0.57388, 0.55745, 0.92462, 0.13843, 0.00831, 0.38906, 0.08375, 0.03115, 0.00972, 0.06632, 0.11355, 0.04268, 0.01428, 0.00273 
20220.0, 9.79569, 0.25506, 1.48139, 2.59113, 0.00020, 0.22101, 4.89262, -0.00013, 0.60510, 0.55009, 0.22479, 0.13296, -0.00260, 0.12718, 0.08708, 0.03178, 0.00058, 0.03805, 0.12672, 0.03893, 0.00777, 0.00579 
20280.0, 10.43623, 0.25370, 1.68945, 3.52261, 0.00647, 0.27526, 4.95470, 0.01645, 0.55665, 0.54786, 0.06853, 0.21724, -0.00267, 0.05899, 0.10268, 0.04060, -0.00336, 0.03764, 0.12969, 0.03686, 0.01219, 0.00492 
20340.0, 11.02861, 0.25203, 1.59043, 3.34115, 0.00377, 0.25620, 4.88295, 0.01290, 0.59694, 0.56600, 0.13702, 0.14425, 0.00679, 0.04447, 0.07483, 0.04611, 0.01258, 0.06640, 0.15003, 0.06353, 0.01306, 0.00500 
20400.0, 11.55660, 0.27095, 1.73259, 3.08418, 0.00344, 0.25751, 4.92776, -0.00013, 0.48453, 0.53975, 0.29147, 0.16087, -0.00281, 0.11172, 0.07213, 0.03524, -0.00128, 0.03462, 0.19281, 0.07901, 0.01132, 0.00548 
20460.0, 10.18304, 0.26322, 1.65333, 3.00666, 0.00171, 0.24772, 4.80473, 0.00318, 0.62743, 0.55151, 0.27916, 0.17393, -0.00288, 0.11280, 0.08134, 0.03143, 0.00012, 0.05048, 0.09285, 0.05435, 0.01072, 0.00578 
20520.0, 11.11796, 0.26785, 1.79347, 3.25045, 0.00271, 0.25224, 4.96612, 0.00569, 0.49031, 0.55330, 0.16560, 0.20853, 0.00726, 0.04254, 0.12293, 0.06409, 0.01261, 0.05098, 0.16312, 0.05564, 0.01356, 0.00629 
20580.0, 11.26714, 0.28458, 1.69683, 3.25211, 0.00263, 0.24282, 4.79433, 0.01489, 0.58686, 0.54566, 0.11149, 0.14557, -0.00302, 0.03781, 0.08578, 0.03578, -0.00397, 0.03691, 0.10140, 0.08590, 0.01570, 0.00926 
20640.0, 9.79314, 0.26756, 1.77829, 3.77400, 0.00169, 0.27359, 4.81605, 0.00019, 0.51896, 0.54202, 0.61761, 0.22769, -0.00309, 0.20832, 0.13323, 0.04717, 0.00060, 0.03831, 0.13118, 0.07534, 0.01131, 0.00937 
20700.0, 10.25284, 0.28616, 1.64901, 3.61904, 0.00427, 0.26968, 4.71846, 0.00361, 0.59222, 0.56984, 0.43593, 0.18746, 0.01310, 0.18609, 0.11986, 0.03954, -0.00197, 0.05918, 0.11379, 0.05791, 0.00981, 0.00682 
20760.0, 10.90279, 0.28173, 1.76563, 4.26222, 0.00234, 0.26027, 4.89219, 0.00700, 0.49912, 0.51594, 0.69717, 0.21467, 0.01123, 0.29654, 0.13238, 0.03931, -0.00433, 0.05036, 0.12333, 0.08121, 0.01167, 0.00948 
20820.0, 10.81583, 0.26890, 1.68390, 3.16298, 0.00202, 0.23002, 4.71698, 0.01921, 0.55781, 0.59954, 1.77980, 0.16555, 0.01415, 0.83268, 0.08992, 0.04738, -0.00445, 0.04382, 0.14401, 0.06258, 0.00619, 0.00882 
20880.0, 9.43975, 0.28130, 1.67440, 5.99051, 0.00946, 0.26230, 4.76183, 0.01546, 0.57131, 0.59709, 1.00735, 0.61338, 0.04014, 0.31426, 0.38051, 0.12588, -0.00275, 0.04984, 0.15785, 0.06138, 0.01277, 0.00477 
20940.0, 8.19471, 0.26109, 1.46792, 2.75202, -0.00031, 0.26417, 4.65943, 0.00356, 0.55646, 0.55628, 0.61948, 0.18014, -0.00344, 0.26302, 0.10964, 0.04215, -0.00470, 0.02050, 0.12745, 0.05196, 0.01175, 0.00357 
21000.0, 10.31364, 0.26665, 1.65740, 2.88146, 0.00216, 0.23786, 4.69390, 0.01088, 0.59155, 0.60227, 0.54988, 0.21492, 0.00644, 0.22951, 0.09707, 0.04014, -0.00482, 0.04780, 0.13062, 0.07216, 0.00960, 0.00678 
21060.0, 8.56424, 0.27673, 1.40352, 2.41881, 0.00256, 0.21608, 4.52785, 0.01593, 0.62576, 0.59150, 0.42282, 0.12376, -0.00358, 0.14817, 0.07738, 0.02252, -0.00362, 0.03627, 0.12766, 0.05546, 0.00873, 0.00190 
21120.0, 9.21467, 0.24723, 1.28652, 1.56025, 0.00131, 0.18782, 4.41560, 0.01480, 0.66373, 0.60896, 0.07695, 0.11459, 0.01033, 0.02424, 0.05711, 0.02401, -0.00506, 0.05236, 0.11586, 0.03781, 0.01256, 0.00012 
21180.0, 9.07033, 0.25457, 1.34404, 2.42649, 0.00556, 0.22084, 4.56280, -0.00015, 0.59931, 0.61975, 0.11857, 0.11776, 0.01018, -0.00205, 0.05446, 0.02285, -0.00110, 0.03082, 0.14984, 0.05245, 0.00612, 0.00400 
21240.0, 8.65993, 0.24948, 1.28016, 2.23333, 0.00631, 0.21177, 4.47298, 0.01101, 0.53745, 0.59773, 0.07758, 0.16423, 0.02254, 0.00399, 0.07993, 0.02522, -0.00531, 0.03053, 0.14644, 0.03550, 0.00798, 0.00243 
21300.0, 8.82792, 0.27771, 1.30332, 1.99699, 0.00377, 0.23325, 4.50563, 0.01109, 0.57720, 0.61478, -0.00925, 0.10607, -0.00386, -0.01027, 0.05658, 0.02589, 0.01050, 0.04205, 0.16222, 0.02893, 0.01858, 0.00249 
21360.0, 9.21097, 0.28032, 1.33761, 2.41356, 0.00203, 0.24531, 4.49892, -0.00015, 0.58833, 0.56867, 0.03897, 0.12963, -0.00393, -0.00399, 0.05535, 0.01711, -0.00555, 0.02630, 0.12183, 0.04264, 0.00719, 0.00222 
21420.0, 9.25546, 0.23405, 1.14927, 1.87577, 0.00290, 0.23145, 4.46963, -0.00015, 0.55403, 0.63265, 0.01197, 0.10959, 0.01237, -0.01107, 0.03631, 0.01405, 0.00447, 0.02889, 0.15299, 0.03969, 0.00952, 0.00129 
21480.0, 9.07933, 0.25602, 1.25437, 2.44045, 0.00343, 0.20786, 4.54138, 0.00314, 0.58717, 0.60250, 0.00179, 0.11057, -0.00212, -0.02589, 0.05583, 0.02957, -0.00579, 0.03470, 0.10143, 0.05580, 0.01515, 0.00290 
21540.0, 8.50996, 0.24843, 1.18065, 1.86956, 0.00178, 0.20391, 4.34944, 0.00778, 0.57148, 0.63228, 0.02296, 0.09076, -0.00414, -0.00910, 0.03543, 0.01970, -0.00592, 0.02208, 0.11414, 0.02782, 0.00904, 0.00268 
21600.0, 8.17201, 0.23896, 1.17035, 2.94499, -0.00015, 0.20126, 4.49117, 0.00060, 0.52684, 0.60094, 0.03705, 0.08414, 0.00851, 0.02384, 0.04849, 0.03113, -0.00604, 0.05104, 0.16381, 0.04339, 0.01152, 0.00463 
21660.0, 8.38351, 0.24865, 1.24240, 1.92149, 0.00148, 0.17012, 4.36166, -0.00016, 0.49567, 0.59298, 0.02472, 0.13764, 0.00703, -0.02002, 0.05017, 0.02204, 0.00278, 0.02539, 0.13015, 0.02171, 0.01313, 0.00187 
21720.0, 8.48730, 0.23727, 1.23150, 2.36621, 0.00033, 0.21165, 4.42831, -0.00016, 0.56270, 0.59865, 0.00773, 0.10737, -0.00435, -0.01976, 0.05795, 0.02119, -0.00628, 0.03117, 0.14844, 0.04349, 0.00720, 0.00072 
21780.0, 9.06456, 0.26526, 1.28758, 1.91128, 0.00021, 0.23541, 4.40213, -0.00016, 0.55171, 0.65255, -0.01756, 0.09930, -0.00442, -0.02879, 0.05271, 0.03372, -0.00640, 0.03073, 0.11229, 0.04080, 0.01111, 0.00231 
21840.0, 9.49564, 0.25964, 1.21017, 2.04026, 0.00045, 0.22786, 4.42617, 0.00837, 0.48430, 0.59541, 0.03594, 0.10227, -0.00449, -0.02326, 0.04385, 0.01758, -0.00653, 0.03828, 0.12822, 0.01048, 0.00714, 0.00353 
21900.0, 8.42382, 0.26667, 1.18463, 2.01300, 0.00689, 0.21200, 4.46479, 0.00056, 0.56749, 0.61541, -0.01055, 0.12381, -0.00456, -0.02279, 0.05394, 0.02350, -0.00665, 0.01668, 0.12489, 0.03602, 0.00996, 0.00145 
21960.0, 9.12564, 0.24044, 1.22826, 1.68814, 0.00039, 0.22387, 4.42450, 0.00643, 0.48454, 0.64871, 0.02209, 0.10273, 0.00125, -0.01289, 0.05864, 0.03080, -0.00677, 0.03028, 0.12773, 0.05303, 0.00772, 0.00297 
22020.0, 7.88805, 0.24648, 1.20087, 1.53679, 0.00130, 0.20016, 4.34605, -0.00016, 0.47948, 0.59578, -0.01211, 0.11456, 0.01606, -0.02319, 0.02742, 0.02455, -0.00689, 0.01780, 0.13965, 0.03224, 0.00755, 0.00094 
22080.0, 8.47941, 0.24923, 1.11933, 1.45638, 0.00467, 0.18358, 4.31884, 0.00529, 0.52336, 0.65664, 0.02935, 0.09849, -0.00260, -0.00869, 0.04490, 0.02156, -0.00701, 0.03185, 0.11494, 0.02679, 0.01330, -0.00079 
