CampaignData_and_Merges/R0/CSL_MobileLab_Parked/raw/20240718/USOS-PTR_MobileLabGround_20240718_R0.ict
58, 1001
Matthew Coggon, Kelvin Bates, Chelsea Stockwell, Carsten Warneke
NOAA ESRL Chemical Sciences Division
NOAA PTR-ToF-MS
USOS
1,1 
2024, 07, 18, 2025, 09, 19
0
Time_Start, seconds, number of seconds from 00:00 UTC 
22
1, 1, 1, 1, 1, 1, 1, 1, 1, 1, 1, 1, 1, 1, 1, 1, 1, 1, 1, 1, 1, 1
-9999, -9999, -9999, -9999, -9999, -9999, -9999, -9999, -9999, -9999, -9999, -9999, -9999, -9999, -9999, -9999, -9999, -9999, -9999, -9999, -9999, -9999
CH3OH_NOAAPTR_ppbv,  ppbv, Gas_CH3OH_InSitu_S_AVMR, (CH3OH) methanol
CH3CN_NOAAPTR_ppbv,  ppbv, Gas_CH3CN_InSitu_S_AVMR, (CH3CN) acetonitrile
CH3CHO_NOAAPTR_ppbv,  ppbv, Gas_CH3CHO_InSitu_S_AVMR, (CH3CHO) acetaldehyde plus contributions from ethylene glycol and ethylene oxide. Interference from ethanol has been subtracted out.
C2H5OH_NOAAPTR_ppbv,  ppbv, Gas_C2H5OH_InSitu_S_AVMR, (C2H5OH) ethanol
CH3SH_NOAAPTR_ppbv,  ppbv, Gas_CH3SH_InSitu_S_AVMR, (CH3SH) methanethiol, using calibration factor for DMS
Acrolein_NOAAPTR_ppbv,  ppbv, Gas_Acrolein_InSitu_S_AVMR, (C3H4O) acrolein
AcetonePropanal_NOAAPTR_ppbv,  ppbv, Gas_AcetoneAndPropanal_InSitu_S_AVMR, (C3H6O) sum of acetone (dominant isomer) and propanal, using calibration factor for acetone
DMS_NOAAPTR_ppbv,  ppbv, Gas_DMS_InSitu_S_AVMR, (C2H6S) dimethyl sulfide with possible small contributions from ethanethiol
C5H8_NOAAPTR_ppbv,  ppbv, Gas_Isoprene_InSitu_S_AVMR, (C5H8) isoprene and possible fragments from cycloalkanes and aldehydes. Interferences have been subtracted following methods described by Coggon et al (2023)
MVKMAC_NOAAPTR_ppbv,  ppbv, Gas_MVKAndMAC_InSitu_S_AVMR, (C4H6O) sum of methyl vinyl ketone, methacrolein, and small amounts of crotonaldehyde, using weighted calibration factor for MVK (0.637) and MACR (0.363)
Benzene_NOAAPTR_ppbv,  ppbv, Gas_Benzene_InSitu_S_AVMR, (C6H6) benzene
Toluene_NOAAPTR_ppbv,  ppbv, Gas_Toluene_InSitu_S_AVMR, (C7H8) toluene with possible small contributions of fragments from ethyltoluene
Styrene_NOAAPTR_ppbv,  ppbv, Gas_Styrene_InSitu_S_AVMR, (C8H8) styrene
Benzaldehyde_NOAAPTR_ppbv,  ppbv, Gas_Benzaldehyde_InSitu_S_AVMR, (C7H6O) benzaldehyde
C8Aromatics_NOAAPTR_ppbv,  ppbv, Gas_C8Aromatics_InSitu_M_AVMR, (C8H10) sum of m-xylene, p-xylene, o-xylene, and ethyl benzene
C9Aromatics_NOAAPTR_ppbv,  ppbv, Gas_C9Aromatics_InSitu_M_AVMR, (C9H12) sum of C9 aromatics
Naphthalene_NOAAPTR_ppbv,  ppbv, Gas_Naphthalene_InSitu_S_AVMR, (C10H8) naphthalene
Octanal_NOAAPTR_ppbv,  ppbv, Gas_Octanal_InSitu_S_AVMR, (C8H16O) octanal and small amounts of octanone
Monoterpenes_NOAAPTR_ppbv,  ppbv, Gas_Monoterpenes_InSitu_M_AVMR, (C10H16) sum of monoterpenes and possible contributions from fragments of oxygenated monoterpenoids such as eucalyptol.
Nonanal_NOAAPTR_ppbv,  ppbv, Gas_Nonanal_InSitu_M_AVMR, (C9H18O) nonanal and small amounts of nonanone
C7H4ClF3_NOAAPTR_ppbv,  ppbv, Gas_C7H4ClF3_InSitu_S_AVMR, (C7H4ClF3) parachlorobenzotrifluoride
C10H30O5Si5_NOAAPTR_ppbv,  ppbv, Gas_C10H30O5Si5_InSitu_S_AVMR, (C10H30O5Si5) decamethylcyclopentasiloxane
1
SPECIAL COMMENTS:N/A
21
PI_CONTACT_INFO: NOAA ESRL Chemical Sciences Division, Tropospheric Chemistry Group. 325 Broadway, R/CSD7, Boulder, CO 80305
PLATFORM: Mobile Laboratory.
LOCATION: Salt Lake City, UT
ASSOCIATED_DATA: N/A
INSTRUMENT_INFO: NOAA PTR-ToF-MS measurements on NOAA CSL Mobile Lab
DATA_INFO: Units: ppbv
UNCERTAINTY: See OTHER_COMMENTS
ULOD_FLAG: -7777
ULOD_VALUE: N/A
LLOD_FLAG: -8888
LLOD_VALUE: N/A.
DM_CONTACT_INFO: Data Managers: Matt Coggon, Kelvin Bates, Chelsea Stockwell; email: matthew.m.coggon@noaa.gov and kelvin.bates@colorado.edu
PROJECT_INFO: USOS Deployment July-August, 2024
STIPULATIONS_ON_USE: Use of these data require prior OK from PI.
OTHER_COMMENTS: Uncertainties:
CH3OH_NOAAPTR_ppbv:30%; CH3CN_NOAAPTR_ppbv:30%; CH3CHO_NOAAPTR_ppbv:30%; C2H5OH_NOAAPTR_ppbv:30%; CH3SH_NOAAPTR_ppbv:50%; Acrolein_NOAAPTR_ppbv:30%; AcetonePropanal_NOAAPTR_ppbv:30%; DMS_NOAAPTR_ppbv:30%; C5H8_NOAAPTR_ppbv:30%; MVKMAC_NOAAPTR_ppbv:30%; 
Benzene_NOAAPTR_ppbv:30%; Toluene_NOAAPTR_ppbv:30%; Styrene_NOAAPTR_ppbv:30%; Benzaldehyde_NOAAPTR_ppbv:30%; C8Aromatics_NOAAPTR_ppbv:30%; C9Aromatics_NOAAPTR_ppbv:30%; Naphthalene_NOAAPTR_ppbv:30%; Octanal_NOAAPTR_ppbv:30%; Monoterpenes_NOAAPTR_ppbv:30%; Nonanal_NOAAPTR_ppbv:30%; 
C7H4ClF3_NOAAPTR_ppbv:30%; C10H30O5Si5_NOAAPTR_ppbv:30%; 
REVISION: R0
R0: Calibrated PTR Data. See individual species comments for details about measurement uncertainties
Time_Start, CH3OH_NOAAPTR_ppbv, CH3CN_NOAAPTR_ppbv, CH3CHO_NOAAPTR_ppbv, C2H5OH_NOAAPTR_ppbv, CH3SH_NOAAPTR_ppbv, Acrolein_NOAAPTR_ppbv, AcetonePropanal_NOAAPTR_ppbv, DMS_NOAAPTR_ppbv, C5H8_NOAAPTR_ppbv, MVKMAC_NOAAPTR_ppbv, Benzene_NOAAPTR_ppbv, Toluene_NOAAPTR_ppbv, Styrene_NOAAPTR_ppbv, Benzaldehyde_NOAAPTR_ppbv, C8Aromatics_NOAAPTR_ppbv, C9Aromatics_NOAAPTR_ppbv, Naphthalene_NOAAPTR_ppbv, Octanal_NOAAPTR_ppbv, Monoterpenes_NOAAPTR_ppbv, Nonanal_NOAAPTR_ppbv, C7H4ClF3_NOAAPTR_ppbv, C10H30O5Si5_NOAAPTR_ppbv
[from data line 666]
39960.0, 6.71892, 0.23039, 0.98374, 1.07552, 0.00203, 0.17386, 3.70776, 0.00559, 0.22645, 0.37718, 0.04241, 0.10649, 0.00342, -0.01795, 0.04457, 0.02013, -0.00812, 0.01887, 0.12510, 0.03349, 0.00180, 0.00066 
40020.0, 6.48533, 0.22454, 1.01747, 0.81168, 0.00210, 0.14405, 3.70581, -0.00011, 0.25034, 0.38048, 0.03146, 0.08334, 0.01601, -0.03096, 0.05034, 0.01279, 0.00260, 0.02385, 0.10429, 0.02322, 0.00471, 0.00425 
40080.0, 6.70895, 0.21774, 1.02344, 1.14444, -0.00002, 0.16212, 3.77567, 0.00740, 0.21963, 0.37639, 0.01864, 0.06673, 0.00252, -0.01394, 0.04411, 0.01492, -0.01472, 0.03810, 0.11389, 0.02161, 0.00870, -0.00014 
40140.0, 7.57722, 0.23609, 0.99315, 1.24982, 0.00303, 0.15673, 3.71024, -0.00011, 0.23008, 0.39684, 0.06669, 0.08435, 0.01325, -0.01424, 0.04804, 0.02192, 0.00203, 0.01791, 0.10387, 0.03089, 0.00492, 0.00257 
40200.0, 6.99900, 0.22009, 0.86782, 1.32846, 0.00183, 0.17467, 3.70218, 0.00540, 0.25549, 0.37284, -0.06883, 0.09227, 0.00927, -0.02659, 0.06462, 0.01614, -0.01669, 0.02645, 0.11215, 0.03370, 0.00143, 0.00004 
40260.0, 6.91533, 0.25438, 0.99767, 1.45404, 0.00256, 0.15340, 3.75339, -0.00011, 0.26299, 0.38020, 0.00057, 0.09113, -0.00081, -0.01503, 0.05043, 0.02490, -0.01022, 0.03641, 0.11604, 0.04007, 0.00880, 0.00249 
40320.0, -9999.00000, -9999.00000, -9999.00000, -9999.00000, -9999.00000, -9999.00000, -9999.00000, -9999.00000, -9999.00000, -9999.00000, -9999.00000, -9999.00000, -9999.00000, -9999.00000, -9999.00000, -9999.00000, -9999.00000, -9999.00000, -9999.00000, -9999.00000, -9999.00000, -9999.00000 
40380.0, -9999.00000, -9999.00000, -9999.00000, -9999.00000, -9999.00000, -9999.00000, -9999.00000, -9999.00000, -9999.00000, -9999.00000, -9999.00000, -9999.00000, -9999.00000, -9999.00000, -9999.00000, -9999.00000, -9999.00000, -9999.00000, -9999.00000, -9999.00000, -9999.00000, -9999.00000 
40440.0, -9999.00000, -9999.00000, -9999.00000, -9999.00000, -9999.00000, -9999.00000, -9999.00000, -9999.00000, -9999.00000, -9999.00000, -9999.00000, -9999.00000, -9999.00000, -9999.00000, -9999.00000, -9999.00000, -9999.00000, -9999.00000, -9999.00000, -9999.00000, -9999.00000, -9999.00000 
40500.0, -9999.00000, -9999.00000, -9999.00000, -9999.00000, -9999.00000, -9999.00000, -9999.00000, -9999.00000, -9999.00000, -9999.00000, -9999.00000, -9999.00000, -9999.00000, -9999.00000, -9999.00000, -9999.00000, -9999.00000, -9999.00000, -9999.00000, -9999.00000, -9999.00000, -9999.00000 
40560.0, -9999.00000, -9999.00000, -9999.00000, -9999.00000, -9999.00000, -9999.00000, -9999.00000, -9999.00000, -9999.00000, -9999.00000, -9999.00000, -9999.00000, -9999.00000, -9999.00000, -9999.00000, -9999.00000, -9999.00000, -9999.00000, -9999.00000, -9999.00000, -9999.00000, -9999.00000 
40620.0, -9999.00000, -9999.00000, -9999.00000, -9999.00000, -9999.00000, -9999.00000, -9999.00000, -9999.00000, -9999.00000, -9999.00000, -9999.00000, -9999.00000, -9999.00000, -9999.00000, -9999.00000, -9999.00000, -9999.00000, -9999.00000, -9999.00000, -9999.00000, -9999.00000, -9999.00000 
40680.0, -9999.00000, -9999.00000, -9999.00000, -9999.00000, -9999.00000, -9999.00000, -9999.00000, -9999.00000, -9999.00000, -9999.00000, -9999.00000, -9999.00000, -9999.00000, -9999.00000, -9999.00000, -9999.00000, -9999.00000, -9999.00000, -9999.00000, -9999.00000, -9999.00000, -9999.00000 
40740.0, -9999.00000, -9999.00000, -9999.00000, -9999.00000, -9999.00000, -9999.00000, -9999.00000, -9999.00000, -9999.00000, -9999.00000, -9999.00000, -9999.00000, -9999.00000, -9999.00000, -9999.00000, -9999.00000, -9999.00000, -9999.00000, -9999.00000, -9999.00000, -9999.00000, -9999.00000 
40800.0, -9999.00000, -9999.00000, -9999.00000, -9999.00000, -9999.00000, -9999.00000, -9999.00000, -9999.00000, -9999.00000, -9999.00000, -9999.00000, -9999.00000, -9999.00000, -9999.00000, -9999.00000, -9999.00000, -9999.00000, -9999.00000, -9999.00000, -9999.00000, -9999.00000, -9999.00000 
40860.0, -9999.00000, -9999.00000, -9999.00000, -9999.00000, -9999.00000, -9999.00000, -9999.00000, -9999.00000, -9999.00000, -9999.00000, -9999.00000, -9999.00000, -9999.00000, -9999.00000, -9999.00000, -9999.00000, -9999.00000, -9999.00000, -9999.00000, -9999.00000, -9999.00000, -9999.00000 
40920.0, -9999.00000, -9999.00000, -9999.00000, -9999.00000, -9999.00000, -9999.00000, -9999.00000, -9999.00000, -9999.00000, -9999.00000, -9999.00000, -9999.00000, -9999.00000, -9999.00000, -9999.00000, -9999.00000, -9999.00000, -9999.00000, -9999.00000, -9999.00000, -9999.00000, -9999.00000 
40980.0, 8.45890, 0.24857, 1.06821, 1.61893, 0.00146, 0.15781, 3.78581, 0.00069, 0.21483, 0.39800, 0.03888, 0.13339, 0.00357, -0.03703, 0.07294, 0.03925, -0.01701, 0.04530, 0.14214, 0.03110, 0.00174, 0.00313 
41040.0, 9.03665, 0.23483, 1.53131, 2.81069, 0.00498, 0.19546, 4.22889, 0.00771, 0.21512, 0.46318, 0.03065, 0.22888, 0.01347, -0.03382, 0.12505, 0.05989, -0.00351, 0.02474, 0.10176, 0.05156, 0.01119, 0.00300 
41100.0, 9.72948, 0.23565, 1.85439, 4.36980, 0.00494, 0.23206, 4.39012, 0.01820, 0.24316, 0.46680, 0.08154, 0.28285, 0.03037, -0.03310, 0.15868, 0.08434, -0.00322, 0.04951, 0.10190, 0.07956, 0.01151, 0.01035 
41160.0, 10.87262, 0.23820, 2.02207, 4.87363, 0.00150, 0.24346, 4.68186, 0.00939, 0.23592, 0.45419, 0.02691, 0.37140, 0.07481, -0.05630, 0.21834, 0.09070, 0.00185, 0.05693, 0.13029, 0.07943, 0.01053, 0.00634 
41220.0, 10.89479, 0.24967, 1.91172, 4.48877, 0.00704, 0.25105, 4.62289, 0.01565, 0.21421, 0.45737, 0.09469, 0.29481, 0.07075, -0.03925, 0.18772, 0.08908, 0.00201, 0.06756, 0.10818, 0.07009, 0.01886, 0.00879 
41280.0, 10.92109, 0.24583, 2.06591, 5.33409, 0.00509, 0.28674, 4.70265, 0.00532, 0.25368, 0.48474, 0.08890, 0.32931, 0.08058, -0.04481, 0.20975, 0.08685, -0.01718, 0.05809, 0.11903, 0.09093, 0.03010, 0.00881 
41340.0, 11.17676, 0.25412, 2.31679, 6.28771, 0.00320, 0.30694, 4.77847, 0.02238, 0.26274, 0.50417, 0.09227, 0.39767, 0.06721, -0.03073, 0.25483, 0.11338, -0.00296, 0.06761, 0.15937, 0.06873, 0.01680, 0.01172 
41400.0, 9.11236, 0.24111, 1.61700, 3.26988, 0.00016, 0.23763, 4.33899, -0.00011, 0.24251, 0.41181, 0.07720, 0.25574, 0.10113, -0.03399, 0.13880, 0.07756, -0.00498, 0.05158, 0.11718, 0.04195, 0.01743, 0.00587 
41460.0, 10.03273, 0.25201, 1.70847, 3.24468, 0.00692, 0.19906, 4.42283, -0.00011, 0.21166, 0.45877, 0.07606, 0.30500, 0.07123, -0.02696, 0.18664, 0.07273, -0.00956, 0.05353, 0.09102, 0.07207, 0.01600, 0.00839 
41520.0, 12.21535, 0.26441, 2.07196, 4.58556, 0.00646, 0.24217, 4.61168, 0.00130, 0.27497, 0.48424, 0.12526, 0.36910, 0.10480, -0.01646, 0.21524, 0.07911, -0.01731, 0.05855, 0.11994, 0.07936, 0.01462, 0.01074 
41580.0, 11.13318, 0.24768, 2.10468, 4.75532, 0.00048, 0.26639, 4.72559, 0.00369, 0.27658, 0.48733, 0.12217, 0.35287, 0.08010, -0.04699, 0.22093, 0.08827, 0.00205, 0.05646, 0.15978, 0.05685, 0.01323, 0.01308 
41640.0, 11.19310, 0.22700, 2.03400, 4.92357, 0.00137, 0.26561, 4.69088, 0.01842, 0.24188, 0.45194, 0.08420, 0.35245, 0.11088, -0.00941, 0.23365, 0.10304, -0.00800, 0.03315, 0.14129, 0.07597, 0.01364, 0.00975 
41700.0, 11.35922, 0.22864, 2.22119, 4.86018, 0.00842, 0.26040, 4.67531, 0.02114, 0.17317, 0.48758, 0.16335, 0.42523, 0.11380, -0.00224, 0.23348, 0.10476, -0.00603, 0.05615, 0.14479, 0.08296, 0.01997, 0.01172 
41760.0, 12.24212, 0.23686, 2.37017, 5.32854, 0.00213, 0.27914, 4.83176, -0.00011, 0.28781, 0.48531, 0.13179, 0.42711, 0.11135, -0.01514, 0.24198, 0.09617, -0.00631, 0.06733, 0.17270, 0.09574, 0.02100, 0.01056 
41820.0, 12.02759, 0.24603, 2.26466, 5.46387, 0.00514, 0.27063, 4.76748, 0.01406, 0.23651, 0.48630, 0.20080, 0.45276, 0.10837, -0.02698, 0.25317, 0.11405, 0.00193, 0.06679, 0.16070, 0.07339, 0.02042, 0.01652 
41880.0, 13.06515, 0.24961, 2.36981, 5.62586, 0.00337, 0.30192, 4.87074, 0.00830, 0.21785, 0.47356, 0.14764, 0.42109, 0.12209, -0.02516, 0.28598, 0.12601, 0.00075, 0.07731, 0.18344, 0.08865, 0.01277, 0.01219 
41940.0, 13.25730, 0.23927, 2.33784, 5.52442, 0.00446, 0.27987, 4.89401, 0.00457, 0.25019, 0.46333, 0.16069, 0.43402, 0.11553, -0.01934, 0.27432, 0.11396, -0.01755, 0.04741, 0.20662, 0.06772, 0.01409, 0.01100 
42000.0, 12.70584, 0.25167, 2.47755, 6.52376, 0.00665, 0.27956, 4.90902, 0.01282, 0.27702, 0.48850, 0.18189, 0.64031, 0.13733, -0.02807, 0.38056, 0.15759, -0.00816, 0.06982, 0.18479, 0.07739, 0.01369, 0.01449 
42060.0, 13.26416, 0.24124, 2.51995, 6.10031, 0.00389, 0.29231, 4.86001, 0.01443, 0.23622, 0.51768, 0.16743, 0.51003, 0.11455, -0.00957, 0.26833, 0.10840, 0.00695, 0.06871, 0.16254, 0.06458, 0.01644, 0.01546 
42120.0, 12.03801, 0.23903, 2.28614, 5.64490, 0.00258, 0.28853, 4.75214, 0.01258, 0.28554, 0.47236, 0.08634, 0.42897, 0.10375, -0.01659, 0.27339, 0.11164, -0.01502, 0.05186, 0.11540, 0.09530, 0.01579, 0.01357 
42180.0, 12.56623, 0.26103, 2.39241, 5.44791, 0.00722, 0.27554, 4.81599, 0.01974, 0.24384, 0.46961, 0.17385, 0.39465, 0.08546, -0.02181, 0.26777, 0.10647, -0.01037, 0.05744, 0.12089, 0.08887, 0.01717, 0.01347 
42240.0, 13.22853, 0.26092, 2.52739, 5.78715, 0.00336, 0.32806, 4.87885, 0.00527, 0.25535, 0.48121, 0.11653, 0.40313, 0.09499, -0.03790, 0.25854, 0.10019, -0.01295, 0.06644, 0.14248, 0.08081, 0.01763, 0.01194 
42300.0, 11.74034, 0.23112, 2.46623, 6.18105, 0.00271, 0.24038, 4.86471, 0.01725, 0.23741, 0.47986, 0.17657, 0.46998, 0.10844, -0.01714, 0.25507, 0.11223, -0.01489, 0.05436, 0.13370, 0.10043, 0.01351, 0.00787 
42360.0, 12.20380, 0.23425, 2.32313, 6.10767, 0.00398, 0.27589, 4.85090, 0.01415, 0.26919, 0.45394, 0.14988, 0.47192, 0.08583, -0.05347, 0.25176, 0.10759, -0.01061, 0.05974, 0.13299, 0.07177, 0.01124, 0.01569 
42420.0, 12.54227, 0.24232, 2.49734, 5.62843, 0.00486, 0.26122, 4.78804, 0.01194, 0.25488, 0.48491, 0.14709, 0.46817, 0.09780, -0.01621, 0.29321, 0.11679, -0.01470, 0.07272, 0.13941, 0.09362, 0.01819, 0.01513 
42480.0, 12.46801, 0.24982, 2.57503, 5.86927, 0.00418, 0.28274, 4.82791, 0.01150, 0.23145, 0.50129, 0.20262, 0.48250, 0.08789, -0.02372, 0.29154, 0.13828, -0.01538, 0.05752, 0.16262, 0.08300, 0.02037, 0.01296 
42540.0, 13.41112, 0.24542, 2.64704, 5.86620, 0.00281, 0.24375, 4.95700, 0.00657, 0.23701, 0.50447, 0.09937, 0.44210, 0.07541, -0.01615, 0.31124, 0.10674, -0.01077, 0.06364, 0.14946, 0.09451, 0.01753, 0.00992 
42600.0, 12.87665, 0.27222, 2.78821, 7.38879, 0.00601, 0.29518, 5.00433, 0.00638, 0.31908, 0.47278, 0.18358, 0.53251, 0.09615, -0.00020, 0.34727, 0.12442, -0.01515, 0.06333, 0.15292, 0.08900, 0.01962, 0.01139 
42660.0, 13.28393, 0.26622, 2.74531, 6.81151, 0.00722, 0.29681, 5.03808, 0.01127, 0.26824, 0.50554, 0.19285, 0.53254, 0.07399, -0.01835, 0.33874, 0.14229, -0.01150, 0.08203, 0.16758, 0.10101, 0.02283, 0.01322 
42720.0, 12.12817, 0.24285, 2.68466, 6.07179, 0.00269, 0.34165, 4.98807, 0.00808, 0.24960, 0.47171, 0.19435, 0.54563, 0.08746, -0.03593, 0.32999, 0.12946, -0.01799, 0.07333, 0.17631, 0.09577, 0.02169, 0.00913 
42780.0, 13.16325, 0.28142, 2.63519, 7.03039, 0.00531, 0.33453, 5.00978, 0.01310, 0.35664, 0.48814, 0.18749, 0.56745, 0.07481, -0.02335, 0.36875, 0.13821, -0.00809, 0.07348, 0.17190, 0.08881, 0.01754, 0.01881 
42840.0, 13.55999, 0.25412, 2.80936, 7.96226, 0.00433, 0.29244, 5.09952, 0.01529, 0.36069, 0.50575, 0.25907, 0.58853, 0.06426, -0.01674, 0.39609, 0.14925, 0.00133, 0.05739, 0.21047, 0.12563, 0.01583, 0.01458 
42900.0, 13.21380, 0.27874, 2.72043, 7.04475, 0.00297, 0.30534, 5.06180, -0.00011, 0.28138, 0.47240, 0.23245, 0.57077, 0.08502, -0.01502, 0.33371, 0.13495, -0.00760, 0.06008, 0.15238, 0.11017, 0.01335, 0.01535 
42960.0, 15.61469, 0.28070, 2.80429, 7.73890, 0.00439, 0.29863, 5.15788, 0.01693, 0.27199, 0.50377, 0.22242, 0.57146, 0.06478, -0.02535, 0.36231, 0.15637, -0.00774, 0.06069, 0.23374, 0.13528, 0.01880, 0.01778 
43020.0, 15.62572, 0.24475, 2.79111, 6.95878, 0.00173, 0.33299, 5.08982, 0.00307, 0.22655, 0.50179, 0.23481, 0.55620, 0.06927, -0.03824, 0.37863, 0.15775, -0.00329, 0.05800, 0.20312, 0.09444, 0.01272, 0.01576 
43080.0, 13.70935, 0.24314, 2.84881, 7.34276, 0.00620, 0.28822, 5.07990, 0.01281, 0.31381, 0.47654, 0.23193, 0.58221, 0.07239, -0.00075, 0.35129, 0.12891, -0.01693, 0.04795, 0.20833, 0.08437, 0.01233, 0.01707 
43140.0, 14.13331, 0.24972, 2.83151, 7.20339, 0.00920, 0.30284, 5.10831, -0.00011, 0.29719, 0.50031, 0.23589, 0.57467, 0.09111, 0.00020, 0.36263, 0.15855, -0.00013, 0.05622, 0.23064, 0.07032, 0.00954, 0.01364 
43200.0, 14.91127, 0.27395, 3.18954, 7.16958, -0.00049, 0.31315, 5.11259, 0.01246, 0.23258, 0.49830, 0.29952, 0.61147, 0.08250, -0.02908, 0.34815, 0.16115, -0.00786, 0.05806, 0.23946, 0.10168, 0.01289, 0.01759 
43260.0, 14.53695, 0.26182, 3.15361, 7.85453, 0.00188, 0.32159, 5.07973, 0.00013, 0.20817, 0.50553, 0.17028, 0.57442, 0.08366, -0.02836, 0.32005, 0.15517, -0.00644, 0.07229, 0.22769, 0.11399, 0.02229, 0.01696 
43320.0, 15.08804, 0.26363, 3.24359, 7.52358, 0.00874, 0.33501, 5.21854, 0.01702, 0.30944, 0.51508, 5.39047, 0.54360, 0.08018, 2.31548, 0.38261, 0.16986, -0.00415, 0.08705, 0.19787, 0.11526, 0.01419, 0.01468 
43380.0, 14.53353, 0.26959, 3.20652, 8.28431, 0.00827, 0.34235, 5.28910, 0.01450, 0.24932, 0.52115, 2.24480, 0.57739, 0.08049, 0.94874, 0.40579, 0.17031, -0.01484, 0.07976, 0.19162, 0.10517, 0.01147, 0.03367 
43440.0, 14.35326, 0.24099, 2.93056, 7.55561, 0.00655, 0.30612, 5.22359, 0.02273, 0.28968, 0.49476, 0.92862, 0.53274, -0.00997, 0.39085, 0.35102, 0.16738, 0.01296, 0.07921, 0.21205, 0.08932, 0.01328, 0.02962 
43500.0, 15.29164, 0.27420, 2.94162, 8.02788, 0.00221, 0.29180, 5.16295, 0.00682, 0.28866, 0.49369, 0.48537, 0.57075, 0.07459, 0.08857, 0.34993, 0.16010, -0.00396, 0.06947, 0.19567, 0.10095, 0.01297, 0.02004 
43560.0, 14.10183, 0.26252, 2.82094, 7.75466, 0.00160, 0.32873, 5.01512, -0.00011, 0.28713, 0.47091, 0.78673, 0.48220, 0.08369, 0.26226, 0.30601, 0.14345, -0.00503, 0.05900, 0.18348, 0.08963, 0.01251, 0.02200 
43620.0, 14.23901, 0.26062, 2.85037, 7.39465, 0.00745, 0.30591, 5.03026, 0.01402, 0.23044, 0.50385, 0.40708, 0.53252, 0.08931, 0.08581, 0.30826, 0.13837, -0.01270, 0.05604, 0.16682, 0.08831, 0.00924, 0.01556 
43680.0, 14.95169, 0.24198, 2.85992, 8.20174, 0.00444, 0.33537, 5.13388, 0.01939, 0.29110, 0.50209, 0.73263, 0.63958, 0.06729, 0.24914, 0.37415, 0.18282, -0.00931, 0.04824, 0.17147, 0.11136, 0.00759, 0.01525 
43740.0, 14.54026, 0.25959, 2.78316, 8.07048, 0.00981, 0.35340, 5.15221, 0.00978, 0.26828, 0.50889, 1.32258, 0.50063, 0.07471, 0.54293, 0.31927, 0.13058, -0.00420, 0.08082, 0.15272, 0.12735, 0.00804, 0.01665 
43800.0, 17.36138, 0.22550, 2.71494, 7.87165, 0.00350, 0.32488, 5.12715, 0.02584, 0.29323, 0.49089, 0.86818, 0.50601, 0.06699, 0.32032, 0.32750, 0.13085, -0.01063, 0.08367, 0.17538, 0.12115, 0.01033, 0.02070 
43860.0, 11.23327, 0.23121, 1.93551, 4.65399, 0.00034, 0.25962, 4.41355, 0.01500, 0.19206, 0.48103, 0.24636, 0.31588, -0.00620, 0.01853, 0.21039, 0.08345, -0.00044, 0.05534, 0.15623, 0.07595, 0.00776, 0.01154 
43920.0, 9.77027, 0.21344, 1.70197, 3.20245, 0.00062, 0.21993, 4.29120, -0.00011, 0.23874, 0.42549, 0.10340, 0.19755, 0.03614, -0.02480, 0.14230, 0.05032, -0.01867, 0.03135, 0.13541, 0.08466, 0.00922, 0.01024 
43980.0, 12.95232, 0.23392, 1.96880, 5.10421, 0.00115, 0.27506, 4.55464, -0.00011, 0.27517, 0.47558, 0.20962, 0.41558, 0.06622, -0.02288, 0.28121, 0.11392, -0.01807, 0.05884, 0.19357, 0.06910, 0.01011, 0.01231 
44040.0, 10.36679, 0.24560, 1.75691, 4.79991, 0.00227, 0.23499, 4.38718, 0.01430, 0.25138, 0.44301, 0.09087, 0.22837, 0.03578, 0.00359, 0.16992, 0.06815, -0.01874, 0.05022, 0.14884, 0.07043, 0.00529, 0.01499 
44100.0, 10.31130, 0.24070, 1.43238, 3.39801, 0.00407, 0.19369, 4.16587, 0.01579, 0.20878, 0.43370, 0.07507, 0.23037, 0.01229, -0.01974, 0.13431, 0.04779, -0.01877, 0.03839, 0.15714, 0.06036, 0.00227, 0.00753 
44160.0, 10.34036, 0.23868, 1.54830, 2.93756, 0.00664, 0.22064, 4.16141, 0.00311, 0.29297, 0.42658, 0.07617, 0.21055, 0.00250, -0.01614, 0.12350, 0.05610, -0.01880, 0.02381, 0.14853, 0.06355, 0.01139, 0.01064 
