CampaignData_and_Merges/R0/CSL_MobileLab_Parked/raw/20240718/USOS-Picarro-CO2-CH4-CO-H2O_MobileLabGround_20240718_R0.ict
38, 1001
Ilana Pollack, Nell Schafer, and Jeff Peischl
NOAA Chemical Sciences Laboratory
Picarro 2401-m CO2/CH4/CO/H2O Analyzer
USOS
1, 1
2024, 07, 18, 2024, 11, 20
0
StartTime_UTC, seconds_past_midnight, seconds past midnight
5
1, 1, 1, 1, 1
-9999, -9999, -9999, -9999, -9999
StopTime_UTC, seconds_past_midnight, seconds past midnight
CO2_ppm_1min, ppm, Gas_CO2_InSitu_S_DMF, carbon dioxide mixing ratio
CH4_ppb_1min, ppb, Gas_CH4_InSitu_S_DMF, methane mixing ratio
CO_ppb_1min, ppb, Gas_CO_InSitu_S_DMF, carbon monoxide mixing ratio
H2O_ppmv_1min, ppmv, Met_H2OMRV_InSitu_S_AVMR, water vapor mixing ratio
1
SPECIAL COMMENTS: N/A
18
PI_CONTACT_INFO: Address: NOAA Chemical Sciences Laboratory, Mail Stop CSL7, 325 Broadway, Boulder, CO 80305; Email: Ilana.Pollack@noaa.gov
PLATFORM: NOAA CSL Mobile Laboratory
LOCATION: The mobile lab was stationed in Salt Lake City, Utah.
ASSOCIATED_DATA: N/A
INSTRUMENT_INFO: CO2, CH4, and CO are reported as dry air mole fractions using a commercial wavelength-scanned cavity ring-down analyzer (Picarro 2401-m). An in-field calibration gas standard of 432±0.07 ppm CO2, 2095±1 ppb CH4, and 183±1 ppb CO, calibrated in the Boulder laboratories before and after the field project using primary CO2, CH4, and CO standard tanks tied to the WMO standard (X2019, X2004A, and X2014A, respectively) from the Global Monitoring Laboratory (GML), was delivered to the inlet every 2-3 days to evaluate instrument sensitivity. A H2O measurement was calibrated before the project with a Dew Point Mirror 373 hygrometer. The water correction calculated from these calibrations was applied to the H2O measurement for the entire campaign. Species are measured at 0.5 Hz and reported as 1-minute averages for stationary measurements.
DATA_INFO: Units: CO2, ppm, dry air mole fraction; CH4, ppb, dry air mole fraction; CO, ppb, dry air mole fraction; H2O, ppmv
UNCERTAINTY: Total uncertainties are estimated as ±0.1 ppm for CO2, ±1 ppb for CH4, ±5 ppb for CO, and ±(50 ppm + 4%) for H2O.
ULOD_FLAG: -7777
ULOD_VALUE: N/A
LLOD_FLAG: -8888
LLOD_VALUE: N/A
DM_CONTACT_INFO: Data Manager: Nathan Howard; nathan.h.howard@noaa.gov
PROJECT_INFO: USOS Dates of Study: July – August 2024
STIPULATIONS_ON_USE: Use of these data require prior ok from PI.
OTHER_COMMENTS: Data are averaged to 1 minute intervals. Stationary data collected from a 10 ft tower on top of the mobile van.
REVISION: R0
R0: Final Data
StartTime_UTC, StopTime_UTC, CO2_ppm_1min, CH4_ppb_1min, CO_ppb_1min, H2O_ppmv_1min
[from data line 753]
45180,45240,465.68,2021.1,264.7,13130.3984
45240,45300,465.83,2017.2,258.1,13145.1611
45300,45360,465.63,2010.8,249.2,13180.1377
45360,45420,469.76,2013.3,260.6,13261.7637
45420,45480,476.17,2003.5,284.8,13105.1143
45480,45540,477.06,2004.6,347.2,13090.6230
45540,45600,483.62,2020.1,398.6,13376.5137
45600,45660,463.70,1997.7,266.4,12831.5273
45660,45720,470.55,2002.8,286.9,13147.0547
45720,45780,463.28,1996.0,263.3,12901.4229
45780,45840,457.01,1983.6,229.5,12720.4932
45840,45900,451.83,1975.8,201.2,12520.4443
45900,45960,446.33,1968.7,175.6,12316.9795
45960,46020,444.13,1964.8,166.2,12206.3213
46020,46080,445.42,1966.3,175.0,12289.9063
46080,46140,445.36,1965.7,174.5,12275.9463
46140,46200,443.76,1965.4,175.8,12245.2881
46200,46260,445.78,1968.1,190.4,12294.9209
46260,46320,450.38,1969.0,196.7,12343.8467
46320,46380,447.47,1967.2,175.4,12265.6133
46380,46440,451.58,1967.1,197.9,12415.6455
46440,46500,450.33,1967.3,191.9,12304.0898
46500,46560,460.93,1989.3,219.8,12961.7637
46560,46620,464.79,1996.7,231.9,13158.6572
46620,46680,455.39,1981.9,208.6,12707.3652
46680,46740,458.84,1988.9,217.8,12922.0654
46740,46800,464.94,1998.2,237.1,13156.0625
46800,46860,454.62,1982.9,218.2,12656.3838
46860,46920,452.78,1981.7,212.4,12630.0928
46920,46980,462.00,1999.6,255.9,13187.4541
46980,47040,459.74,1995.8,247.8,13044.1387
47040,47100,461.52,1997.3,263.1,13138.7695
47100,47160,465.94,2004.0,285.7,13360.6719
47160,47220,467.86,2004.2,304.7,13368.9619
47220,47280,467.23,2001.1,312.9,13295.1787
47280,47340,468.25,2001.3,320.2,13348.1553
47340,47400,465.17,1998.1,305.0,13240.6719
47400,47460,466.89,1998.8,315.9,13344.2031
47460,47520,471.96,1997.8,346.0,13411.0635
47520,47580,465.56,1986.9,310.5,13023.2500
47580,47640,460.27,1983.3,273.2,12862.1396
47640,47700,457.07,1977.6,246.0,12638.9531
47700,47760,463.12,1978.6,248.7,12843.8281
47760,47820,459.43,1976.6,256.6,12794.2354
47820,47880,462.42,1977.6,275.3,12908.1973
47880,47940,460.22,1977.9,254.9,12776.4883
47940,48000,455.68,1974.3,235.6,12598.3125
48000,48060,451.02,1973.2,231.4,12579.1240
48060,48120,456.65,1980.3,268.9,12784.8516
48120,48180,452.90,1978.3,251.9,12542.6582
48180,48240,452.33,1975.8,242.2,12407.9688
48240,48300,457.10,1980.8,267.2,12765.4590
48300,48360,457.60,1991.1,271.1,12898.8867
48360,48420,455.04,2007.3,252.6,12860.7041
48420,48480,452.04,1981.0,238.7,12560.4482
48480,48540,453.51,1977.0,234.5,12525.4541
48540,48600,454.13,1976.4,237.6,12613.5078
48600,48660,448.04,1971.8,210.0,12302.4570
48660,48720,449.44,1972.8,217.9,12447.7783
48720,48780,447.90,1972.6,215.9,12377.3721
48780,48840,452.74,1976.6,255.9,12686.6865
48840,48900,452.96,1981.9,292.0,12915.8193
48900,48960,453.26,1984.2,289.2,13152.5391
48960,49020,451.02,1979.1,249.3,12769.9375
49020,49080,454.43,1980.5,255.2,12850.3721
49080,49140,446.00,1970.8,206.4,12395.6133
49140,49200,445.55,1968.7,228.0,12255.2744
49200,49260,452.64,1977.5,447.3,12515.2148
49260,49320,444.25,1965.5,194.4,12350.6074
49320,49380,441.52,1963.5,179.1,12305.1309
49380,49440,450.59,1971.9,230.1,12654.2305
49440,49500,450.09,1968.4,227.5,13008.5313
49500,49560,444.81,1970.0,215.4,12819.8555
49560,49620,441.56,1967.0,194.0,12923.9570
49620,49680,441.35,1963.0,184.0,12705.4795
49680,49740,442.43,1962.6,184.7,12917.0313
49740,49800,439.39,1961.7,175.0,12837.9307
49800,49860,438.31,1961.8,173.4,13141.0117
49860,49920,439.28,1963.4,179.0,13329.2471
49920,49980,440.08,1964.0,179.7,13222.0811
49980,50040,441.95,1964.4,187.1,13334.6523
50040,50100,442.03,1965.8,195.1,13308.8809
50100,50160,443.30,1966.9,203.7,13552.4414
50160,50220,441.89,1967.4,202.0,13445.2861
50220,50280,441.55,1968.3,208.4,13501.6592
50280,50340,442.67,1968.3,218.8,13828.8477
50340,50400,442.00,1969.0,211.1,13953.7295
50400,50460,441.95,1969.8,212.8,14205.2451
50460,50520,443.08,1971.6,218.3,14132.5762
50520,50580,443.80,1976.0,226.5,14040.2695
50580,50640,443.57,1978.6,218.5,14373.7002
50640,50700,446.71,1988.7,236.4,14355.3652
50700,50760,448.47,1992.1,248.2,14273.1611
50760,50820,449.01,1992.6,249.1,14392.2617
50820,50880,449.37,1994.2,253.4,14654.1719
50880,50940,450.40,1995.6,250.8,14476.7871
50940,51000,450.62,1992.7,242.3,13771.8018
51000,51060,449.55,1991.6,237.8,13695.6543
51060,51120,449.18,1991.8,236.4,13804.0654
51120,51180,449.74,1992.1,238.5,13954.9072
51180,51240,449.52,1992.2,239.2,14474.0322
51240,51300,449.30,1993.1,240.9,14517.8457
51300,51360,452.80,2000.3,280.3,14675.8320
51360,51420,455.00,1998.7,279.6,14515.3457
51420,51480,458.97,2003.0,309.7,14022.0586
51480,51540,457.79,2005.2,307.6,14875.6660
51540,51600,458.15,2001.3,284.8,14663.7559
51600,51660,461.02,1999.0,283.4,14899.8496
51660,51720,456.35,1997.9,266.8,14379.3467
51720,51780,453.50,1998.8,259.6,14249.5479
51780,51840,456.47,2001.5,272.7,14497.1787
51840,51900,456.59,2004.5,273.7,14975.7178
51900,51960,456.94,2006.4,280.5,14732.3604
51960,52020,457.99,2005.4,280.2,14178.5068
52020,52080,488.44,2002.9,335.0,14435.2188
52080,52140,465.22,2006.6,296.4,14212.4424
52140,52200,454.49,2006.2,268.0,14051.2959
52200,52260,455.98,2007.1,303.9,14503.4893
52260,52320,459.54,2004.7,306.3,14533.2217
52320,52380,454.15,2002.2,268.1,13955.7295
52380,52440,462.95,2002.4,296.7,14608.6152
52440,52500,452.93,1998.4,265.4,14158.5205
52500,52560,455.93,2000.6,268.9,14258.3857
52560,52620,463.48,2002.2,289.2,14872.6748
52620,52680,459.71,2004.7,283.0,14925.8652
52680,52740,457.26,2004.1,280.0,15346.4004
52740,52800,459.78,2004.7,293.2,15010.2588
52800,52860,456.79,2003.3,275.7,15031.4092
52860,52920,453.68,2001.9,272.7,14672.4219
52920,52980,452.82,1997.5,292.4,14422.5273
52980,53040,452.26,1996.9,278.6,14347.8848
53040,53100,455.05,1997.6,295.1,14514.0439
53100,53160,456.04,1994.1,315.7,14371.3965
53160,53220,447.78,1990.5,259.0,13991.7275
53220,53280,447.68,1992.0,260.1,14280.3750
53280,53340,449.56,1998.7,266.2,14325.0986
53340,53400,452.45,2000.8,277.0,14479.8418
53400,53460,450.53,1996.2,273.9,14460.8301
53460,53520,449.99,1994.6,280.3,14418.2432
53520,53580,449.11,1992.6,276.2,14304.8428
53580,53640,450.60,1993.6,285.1,14080.0117
53640,53700,449.97,1994.5,286.9,14048.1367
53700,53760,453.80,1994.0,304.6,14224.9854
53760,53820,451.85,1993.4,293.6,14276.1494
53820,53880,456.09,1993.7,298.0,14305.1260
53880,53940,452.27,1994.5,287.4,14322.5137
53940,54000,449.71,1996.1,273.8,13946.6133
54000,54060,450.23,1997.6,274.7,14018.8525
54060,54120,451.67,1999.5,277.0,13880.5059
54120,54180,450.74,1998.6,282.8,14203.9014
54180,54240,452.79,1998.9,286.2,14113.1826
54240,54300,454.14,1999.5,289.8,14021.3955
54300,54360,454.19,2000.1,287.8,14113.0713
54360,54420,454.97,2001.4,286.4,14137.5020
54420,54480,454.27,2000.9,280.6,14263.6729
54480,54540,452.93,2002.4,274.2,13866.1104
54540,54600,452.68,2002.4,278.1,13964.4639
54600,54660,452.45,2003.2,276.5,14098.6777
54660,54720,453.23,2003.5,275.3,14723.4053
54720,54780,453.83,2002.6,277.2,15097.5957
54780,54840,450.48,2000.6,282.4,15075.1523
54840,54900,448.51,1999.8,281.6,15664.6377
54900,54960,451.07,1996.9,276.3,14225.8369
54960,55020,452.42,1992.4,282.3,14545.8135
55020,55080,450.68,1991.3,269.6,13819.5518
55080,55140,446.57,1987.1,239.8,13519.5293
55140,55200,446.42,1985.8,238.2,13652.4531
55200,55260,446.77,1985.3,243.3,13507.5361
55260,55320,448.37,1987.1,247.0,13867.5635
55320,55380,447.18,1988.8,250.8,13944.1201
55380,55440,447.97,1989.5,259.9,14376.4355
55440,55500,450.16,1990.0,266.7,14184.3516
55500,55560,449.11,1990.6,267.5,15258.5381
55560,55620,452.73,1992.5,273.8,14979.1689
55620,55680,451.39,1997.6,287.6,15233.7090
55680,55740,453.17,2000.1,295.8,15454.1768
55740,55800,451.90,2001.2,293.7,15409.5508
55800,55860,450.90,1998.5,288.8,15058.4668
55860,55920,452.05,1999.8,288.9,15193.9512
55920,55980,452.61,1999.7,289.6,15471.5527
55980,56040,453.10,2000.0,290.9,15535.2734
56040,56100,452.29,2001.1,289.0,15564.9307
56100,56160,451.54,2000.3,290.4,15338.9824
56160,56220,450.88,1998.6,294.1,15155.6211
56220,56280,449.84,1997.6,289.8,14863.7461
56280,56340,449.55,1996.7,286.2,14826.9150
56340,56400,449.16,1996.0,284.6,14831.9053
56400,56460,450.34,1996.0,287.8,14830.4629
56460,56520,448.74,1995.0,284.2,14739.1846
56520,56580,447.85,1993.4,278.6,14544.8584
56580,56640,448.24,1994.7,283.9,14724.7051
56640,56700,449.47,1996.7,292.4,14958.5762
56700,56760,449.61,1996.6,293.1,15016.0283
56760,56820,449.51,1996.4,295.4,15087.4043
56820,56880,449.84,1994.4,298.7,14987.0732
56880,56940,449.16,1989.3,288.6,14906.3955
56940,57000,447.75,1987.9,277.3,14843.6211
57000,57060,447.51,1988.6,278.9,14966.6592
57060,57120,445.71,1987.6,268.7,14481.1592
57120,57180,445.04,1991.4,256.2,14620.5215
57180,57240,444.13,1988.2,252.0,14306.2676
57240,57300,444.05,1989.7,250.3,14417.4785
57300,57360,442.67,1985.9,240.5,14125.5215
57360,57420,443.63,1989.4,244.7,14926.5068
57420,57480,445.09,1992.1,260.3,14673.6094
57480,57540,444.87,1991.6,257.2,14805.5449
57540,57600,444.13,1990.0,256.1,14831.0049
57600,57660,444.59,1990.8,259.7,14431.1143
57660,57720,443.83,1990.1,255.4,14406.6074
57720,57780,442.32,1985.9,248.0,14215.9824
57780,57840,441.91,1983.9,247.0,14212.2178
57840,57900,443.52,1985.3,257.6,14409.4082
57900,57960,443.67,1984.4,272.8,15360.3789
57960,58020,441.78,1980.8,249.3,13978.3555
58020,58080,442.39,1981.1,249.4,13843.1191
58080,58140,443.38,1984.2,269.1,15234.7070
58140,58200,441.49,1985.2,296.6,15430.3447
58200,58260,441.97,1985.4,289.5,15682.1533
58260,58320,441.93,1985.1,266.4,15424.6504
58320,58380,442.70,1985.0,265.4,15481.7646
58380,58440,443.55,1985.1,267.2,15190.8252
58440,58500,444.71,1986.4,276.1,15179.4053
58500,58560,443.30,1986.1,267.0,15170.1563
58560,58620,442.68,1986.2,264.1,15149.1396
58620,58680,-9999,-9999,-9999,-9999
58680,58740,-9999,-9999,-9999,-9999
58740,58800,-9999,-9999,-9999,-9999
58800,58860,442.93,1992.1,263.9,14654.0791
58860,58920,444.98,1993.5,272.3,14747.8662
58920,58980,443.71,1992.4,276.1,15107.3984
58980,59040,443.36,1991.6,278.4,14935.8682
59040,59100,444.21,1990.2,274.2,15490.9775
59100,59160,444.95,1991.1,273.7,16205.7656
59160,59220,441.75,1989.2,267.3,14977.2148
59220,59280,443.47,1990.5,278.5,14924.3994
59280,59340,445.46,1992.0,285.2,14906.8496
59340,59400,445.31,1991.9,287.5,14919.5059
59400,59460,444.77,1991.5,285.2,15004.2012
59460,59520,444.35,1990.7,280.2,14909.0430
59520,59580,442.60,1989.9,279.0,14843.7158
59580,59640,442.99,1990.5,286.7,14845.4189
59640,59700,443.62,1990.9,290.5,15028.7480
59700,59760,444.51,1991.2,294.3,15077.8379
59760,59820,443.84,1990.4,287.3,15355.8613
59820,59880,442.82,1989.5,284.4,15140.4980
59880,59940,442.34,1988.8,283.0,14858.5889
59940,60000,441.30,1987.1,272.6,14934.1357
60000,60060,441.60,1987.4,274.9,14802.9121
60060,60120,441.78,1987.0,271.7,14985.0293
60120,60180,440.65,1986.7,270.8,14873.5762
60180,60240,440.19,1985.4,267.8,14889.6357
60240,60300,439.33,1982.8,258.7,14701.3877
60300,60360,439.67,1984.0,262.7,14796.3232
60360,60420,439.06,1984.1,264.5,15209.0664
60420,60480,440.53,1986.8,273.7,15188.5381
60480,60540,441.35,1987.2,276.3,15319.4512
60540,60600,441.53,1988.8,278.5,15312.9287
60600,60660,441.57,1993.4,294.3,16104.2705
60660,60720,440.18,1987.4,275.4,15891.0264
60720,60780,439.11,1984.1,260.9,15336.8574
60780,60840,439.18,1984.2,262.7,15263.0088
60840,60900,437.68,1984.8,261.3,16356.6611
60900,60960,437.74,1982.5,254.5,15676.1729
60960,61020,437.09,1982.5,255.2,16308.6816
61020,61080,437.62,1981.0,249.1,15093.3096
61080,61140,437.53,1979.8,249.2,14922.9512
61140,61200,435.91,1975.5,232.0,14359.0752
61200,61260,434.53,1969.6,213.2,13318.5713
61260,61320,434.90,1975.4,229.9,15078.4600
61320,61380,437.40,1977.5,238.7,14759.7363
61380,61440,437.13,1979.1,247.7,15071.5576
61440,61500,437.72,1979.7,249.2,14966.4385
61500,61560,437.69,1981.7,256.4,16033.7217
61560,61620,437.36,1982.7,262.2,16433.7871
61620,61680,437.95,1979.6,253.9,14883.6758
61680,61740,438.27,1980.9,254.9,15278.9980
61740,61800,438.35,1980.5,254.7,14845.6143
61800,61860,439.79,1979.4,252.5,14338.4697
61860,61920,439.10,1978.3,248.5,14375.2471
61920,61980,439.17,1979.5,257.8,14520.9951
61980,62040,438.00,1978.2,251.2,14995.7012
62040,62100,436.04,1968.3,219.6,13249.0693
62100,62160,437.58,1973.0,229.6,13605.6885
62160,62220,437.47,1974.4,236.1,13753.5527
62220,62280,437.88,1973.7,231.3,13826.4102
62280,62340,434.22,1966.3,205.9,13139.4053
62340,62400,434.07,1963.8,205.7,12919.7529
62400,62460,436.53,1965.1,207.2,12717.3008
62460,62520,437.72,1971.9,232.4,13826.3789
62520,62580,436.64,1972.2,225.9,14023.6777
62580,62640,435.79,1970.7,218.4,13576.1270
62640,62700,436.06,1971.1,221.8,13640.7002
62700,62760,434.18,1966.6,205.8,13450.1260
62760,62820,433.78,1963.1,197.2,12918.7490
62820,62880,434.34,1969.1,205.6,12789.2197
62880,62940,434.49,1967.9,203.5,12924.3203
62940,63000,434.11,1966.4,200.3,13151.3740
63000,63060,433.45,1964.9,199.1,13103.5313
63060,63120,433.56,1965.7,199.1,13118.9170
63120,63180,434.53,1967.9,207.2,13283.8447
63180,63240,435.07,1967.7,209.1,13183.8613
63240,63300,436.63,1968.6,216.1,13454.0635
63300,63360,436.00,1968.9,216.2,13527.8887
63360,63420,436.01,1970.1,217.4,13702.0547
63420,63480,436.13,1970.9,223.1,13611.3906
63480,63540,437.03,1971.5,232.3,14004.4473
63540,63600,436.71,1970.1,215.4,13280.7227
63600,63660,437.79,1970.6,214.4,13536.4590
63660,63720,437.57,1971.7,226.2,13666.2813
63720,63780,436.76,1971.7,225.7,13392.1670
63780,63840,436.95,1972.1,224.2,13477.0498
63840,63900,436.54,1972.4,226.8,13899.0430
63900,63960,436.73,1972.5,226.4,14508.2666
63960,64020,437.68,1974.2,244.9,13759.4697
64020,64080,438.87,1975.3,242.7,13181.9121
64080,64140,439.22,1975.7,245.0,13312.0195
64140,64200,439.56,1976.6,247.6,13235.8154
64200,64260,439.51,1977.1,248.2,13131.6504
64260,64320,439.94,1978.0,250.0,13207.6055
64320,64380,439.84,1978.2,249.2,13095.0020
64380,64440,439.90,1978.4,247.8,12928.4824
64440,64500,440.28,1979.1,248.8,13147.0107
64500,64560,440.64,1980.4,250.5,13726.1152
64560,64620,441.26,1981.2,250.4,13455.2900
64620,64680,441.98,1982.5,253.5,13727.9043
64680,64740,442.63,1985.3,256.5,13722.3047
64740,64800,443.04,1986.6,257.1,13735.1162
64800,64860,442.91,1986.1,253.9,13676.7998
64860,64920,443.01,1986.3,254.0,13755.6387
64920,64980,-9999,-9999,-9999,-9999
64980,65040,-9999,-9999,-9999,-9999
65040,65100,-9999,-9999,-9999,-9999
65100,65160,-9999,-9999,-9999,-9999
65160,65220,-9999,-9999,-9999,-9999
65220,65280,-9999,-9999,-9999,-9999
65280,65340,-9999,-9999,-9999,-9999
65340,65400,-9999,-9999,-9999,-9999
65400,65460,-9999,-9999,-9999,-9999
65460,65520,-9999,-9999,-9999,-9999
65520,65580,-9999,-9999,-9999,-9999
65580,65640,-9999,-9999,-9999,-9999
65640,65700,-9999,-9999,-9999,-9999
65700,65760,-9999,-9999,-9999,-9999
65760,65820,-9999,-9999,-9999,-9999
65820,65880,-9999,-9999,-9999,-9999
65880,65940,-9999,-9999,-9999,-9999
65940,66000,-9999,-9999,-9999,-9999
66000,66060,-9999,-9999,-9999,-9999
66060,66120,-9999,-9999,-9999,-9999
66120,66180,-9999,-9999,-9999,-9999
66180,66240,-9999,-9999,-9999,-9999
66240,66300,-9999,-9999,-9999,-9999
66300,66360,-9999,-9999,-9999,-9999
66360,66420,-9999,-9999,-9999,-9999
66420,66480,-9999,-9999,-9999,-9999
66480,66540,-9999,-9999,-9999,-9999
66540,66600,-9999,-9999,-9999,-9999
66600,66660,-9999,-9999,-9999,-9999
66660,66720,-9999,-9999,-9999,-9999
66720,66780,-9999,-9999,-9999,-9999
66780,66840,-9999,-9999,-9999,-9999
66840,66900,-9999,-9999,-9999,-9999
66900,66960,-9999,-9999,-9999,-9999
66960,67020,-9999,-9999,-9999,-9999
67020,67080,-9999,-9999,-9999,-9999
67080,67140,-9999,-9999,-9999,-9999
67140,67200,-9999,-9999,-9999,-9999
67200,67260,-9999,-9999,-9999,-9999
67260,67320,-9999,-9999,-9999,-9999
67320,67380,-9999,-9999,-9999,-9999
67380,67440,-9999,-9999,-9999,-9999
67440,67500,-9999,-9999,-9999,-9999
67500,67560,-9999,-9999,-9999,-9999
67560,67620,-9999,-9999,-9999,-9999
67620,67680,-9999,-9999,-9999,-9999
67680,67740,-9999,-9999,-9999,-9999
67740,67800,-9999,-9999,-9999,-9999
67800,67860,-9999,-9999,-9999,-9999
67860,67920,-9999,-9999,-9999,-9999
67920,67980,-9999,-9999,-9999,-9999
