CampaignData_and_Merges/R0/CSL_MobileLab_Parked/raw/20240718/USOS-NOAAIodideCIMS-OrgNitrs_MobileLabGround_20240718_RA.ict
38, 1001
Michael A Robinson, Chris Jernigan, Subi Thakali
NOAA ESRL Chemical Sciences Laboratory and CIRES, U. of Colorado
NOAA Iodide CIMS Instrument
USOS
1, 1
2024, 07, 18, 2024, 07, 20
0
starttime_UTC, seconds_past_midnight, seconds_of_day_since_00:00:00_UTC
5
1, 1, 1, 1, 1
-9999, -9999, -9999, -9999, -9999
C4H7NO5_NOAACIMS, pptv, Gas_C4H7NO5_InSitu_M_AVMR
ISOPN_NOAACIMS, pptv, Gas_ISOPN_InSitu_M_AVMR
C5H10O3_NOAACIMS, pptv, Gas_C5H10O3_InSitu_M_AVMR
C5H9NO5_NOAACIMS, pptv, Gas_C5H9NO5_InSitu_M_AVMR
C10H17NO4_NOAACIMS, pptv, Gas_C10H17NO4_InSitu_M_AVMR
1
N/A
18
PI_CONTACT_INFO: 325 Broadway, R/CSD 7, Boulder, Colorado 80305; michael.a.robinson@noaa.gov; chris.jernigan@noaa.gov;
PLATFORM: NOAA CSL Mobile Lab
LOCATION: SLC, Utah
ASSOCIATED_DATA: 1Hz data also available on request.
INSTRUMENT_INFO: NOAA I- ToF CIMS
DATA_INFO: Units: pptv
UNCERTAINTY: tbd
ULOD_FLAG: -7777
ULOD_VALUE: N/A
LLOD_FLAG: -8888
LLOD_VALUE: N/A
DM_CONTACT_INFO: Nathan Howard; nathan.h.howard@noaa.gov
PROJECT_INFO: USOS, summer 2024. https://csl.noaa.gov/groups/csl7/measurements/2024usos/
STIPULATIONS_ON_USE: only the USOS science team is allowed to use this data
OTHER_COMMENTS: Field data; Data are averaged to 1 minute intervals. Stationary data collected from a 10 ft tower on top of the mobile lab
REVISION: RA
RA: Preliminary Data; For in-field use only
starttime_UTC, C4H7NO5_NOAACIMS, ISOPN_NOAACIMS, C5H10O3_NOAACIMS, C5H9NO5_NOAACIMS, C10H17NO4_NOAACIMS
0,8.800,10.457,39.589,6.158,0.237
60,8.667,10.576,38.303,6.222,0.322
120,8.558,10.045,38.272,6.487,0.299
180,8.724,10.344,38.189,5.967,0.247
240,8.609,9.886,39.678,6.142,0.310
300,8.573,10.521,38.886,6.010,0.371
360,8.338,11.493,38.391,5.954,0.385
420,8.385,15.277,51.075,5.870,0.432
480,-9999.000,-9999.000,-9999.000,-9999.000,-9999.000
540,-9999.000,-9999.000,-9999.000,-9999.000,-9999.000
600,-9999.000,-9999.000,-9999.000,-9999.000,-9999.000
660,8.235,17.602,56.672,5.685,0.443
720,8.226,17.498,57.991,5.549,0.381
780,8.187,18.130,58.030,5.635,0.400
840,8.118,18.186,58.684,5.415,0.363
900,8.172,18.499,59.761,5.462,0.398
960,8.423,18.127,59.619,5.632,0.478
1020,8.253,18.544,59.956,5.748,0.528
1080,8.509,18.795,60.087,5.502,0.547
1140,8.143,18.337,57.943,5.257,0.550
1200,8.270,17.916,58.536,5.608,0.525
1260,8.207,17.417,56.102,5.319,0.399
1320,8.481,18.467,57.944,5.544,0.479
1380,8.378,18.476,57.071,5.782,0.510
1440,8.262,18.774,56.725,5.735,0.599
1500,8.464,18.467,57.961,5.897,0.575
1560,8.617,17.792,58.315,5.463,0.502
1620,8.679,17.535,59.176,5.828,0.597
1680,8.842,18.323,58.744,5.526,0.514
1740,8.825,17.001,59.434,5.340,0.606
1800,8.850,17.230,56.867,5.670,0.590
1860,8.798,16.590,58.799,5.789,0.509
1920,8.958,17.652,60.480,5.708,0.519
1980,8.925,17.903,60.160,5.845,0.577
2040,8.747,17.967,60.910,5.814,0.526
2100,8.406,17.818,58.258,5.407,0.627
2160,8.412,18.453,59.323,5.316,0.541
2220,8.265,18.392,58.958,5.690,0.622
2280,8.204,18.956,58.854,5.591,0.677
2340,-9999.000,-9999.000,-9999.000,-9999.000,-9999.000
2400,-9999.000,-9999.000,-9999.000,-9999.000,-9999.000
2460,-9999.000,-9999.000,-9999.000,-9999.000,-9999.000
2520,-9999.000,-9999.000,-9999.000,-9999.000,-9999.000
2580,-9999.000,-9999.000,-9999.000,-9999.000,-9999.000
2640,7.875,17.468,56.663,5.479,0.479
2700,7.881,16.947,57.749,5.206,0.539
2760,8.016,16.624,54.086,5.262,0.491
2820,7.906,15.738,53.493,5.283,0.442
2880,8.042,14.740,54.771,5.416,0.445
2940,7.901,13.861,54.748,5.253,0.327
3000,7.850,14.499,54.544,5.193,0.423
3060,7.793,14.457,55.378,5.350,0.415
3120,7.905,15.746,59.172,5.254,0.380
3180,7.917,16.022,58.668,5.407,0.501
3240,7.945,16.174,57.166,5.393,0.365
3300,7.783,16.515,60.287,5.607,0.555
3360,7.801,15.029,57.747,5.430,0.404
3420,7.669,14.256,57.773,5.362,0.423
3480,7.589,13.807,56.329,5.227,0.380
3540,7.408,13.629,56.435,5.195,0.355
3600,6.733,11.156,46.269,4.995,0.345
3660,6.161,9.713,38.314,4.277,0.267
3720,6.087,9.525,34.705,4.346,0.138
3780,6.000,9.425,33.745,4.316,0.265
3840,6.094,9.199,34.350,4.358,0.268
3900,6.003,8.299,33.605,4.212,0.237
3960,6.081,8.684,34.707,4.384,0.234
4020,6.212,8.879,35.823,4.422,0.173
4080,6.160,9.069,34.784,4.452,0.194
4140,6.176,8.954,38.194,4.368,0.224
4200,-9999.000,-9999.000,-9999.000,-9999.000,-9999.000
4260,-9999.000,-9999.000,-9999.000,-9999.000,-9999.000
4320,-9999.000,-9999.000,-9999.000,-9999.000,-9999.000
4380,-9999.000,-9999.000,-9999.000,-9999.000,-9999.000
4440,-9999.000,-9999.000,-9999.000,-9999.000,-9999.000
4500,6.149,10.074,41.218,4.574,0.172
4560,6.181,10.499,42.436,4.537,0.182
4620,6.236,11.015,44.308,4.744,0.225
4680,6.210,11.205,43.478,4.722,0.275
4740,6.297,11.809,46.040,4.685,0.217
4800,6.286,11.512,45.287,4.581,0.224
4860,6.362,12.208,46.601,4.766,0.296
4920,6.354,12.277,45.599,4.618,0.250
4980,6.312,11.993,46.719,4.633,0.326
5040,6.276,12.162,47.113,4.661,0.371
5100,6.320,12.126,47.280,4.749,0.276
5160,6.302,12.128,47.489,4.826,0.267
5220,6.075,12.221,46.859,4.572,0.238
5280,6.124,12.776,47.095,4.454,0.343
5340,6.230,13.494,50.788,4.676,0.308
5400,6.193,13.366,48.359,4.676,0.295
5460,6.147,13.582,49.725,4.801,0.386
5520,6.234,13.981,49.315,4.735,0.299
5580,6.147,13.837,50.476,4.818,0.425
5640,6.078,13.462,49.607,4.606,0.237
5700,5.799,12.760,49.902,4.674,0.371
5760,5.810,13.252,51.756,4.706,0.352
5820,5.818,12.486,52.205,4.510,0.230
5880,5.826,13.508,51.916,4.626,0.307
5940,5.768,13.894,54.227,4.620,0.388
6000,5.702,13.202,52.817,4.605,0.354
6060,-9999.000,-9999.000,-9999.000,-9999.000,-9999.000
6120,-9999.000,-9999.000,-9999.000,-9999.000,-9999.000
6180,-9999.000,-9999.000,-9999.000,-9999.000,-9999.000
6240,-9999.000,-9999.000,-9999.000,-9999.000,-9999.000
6300,-9999.000,-9999.000,-9999.000,-9999.000,-9999.000
6360,5.415,11.612,53.173,4.663,0.364
6420,5.473,12.283,56.903,4.844,0.318
6480,5.475,12.267,55.158,4.638,0.378
6540,5.560,12.194,55.523,4.740,0.313
6600,5.469,12.220,53.869,4.773,0.355
6660,5.537,12.593,56.999,4.756,0.276
6720,5.496,12.454,56.405,4.631,0.290
6780,5.461,12.892,56.468,4.740,0.269
6840,5.356,11.856,54.969,4.716,0.299
6900,5.407,12.206,56.848,4.867,0.270
6960,5.426,11.977,56.239,4.795,0.265
7020,5.327,11.367,56.028,4.672,0.276
7080,5.457,10.912,53.232,4.587,0.315
7140,5.352,10.347,54.424,4.745,0.231
7200,5.371,10.146,53.768,4.892,0.220
7260,5.378,10.251,53.294,4.767,0.145
7320,5.209,10.092,53.042,4.807,0.230
7380,5.235,10.295,51.612,4.588,0.193
7440,5.290,10.237,52.937,4.688,0.248
7500,5.256,10.029,52.977,4.729,0.250
7560,5.180,10.023,52.096,4.906,0.270
7620,5.380,10.365,52.125,4.780,0.192
7680,5.230,10.297,52.856,4.897,0.215
7740,-9999.000,-9999.000,-9999.000,-9999.000,-9999.000
7800,-9999.000,-9999.000,-9999.000,-9999.000,-9999.000
7860,-9999.000,-9999.000,-9999.000,-9999.000,-9999.000
7920,-9999.000,-9999.000,-9999.000,-9999.000,-9999.000
7980,-9999.000,-9999.000,-9999.000,-9999.000,-9999.000
8040,-9999.000,-9999.000,-9999.000,-9999.000,-9999.000
8100,-9999.000,-9999.000,-9999.000,-9999.000,-9999.000
8160,5.034,9.874,48.934,4.919,0.316
8220,4.944,9.742,49.612,5.017,0.332
8280,4.931,10.219,48.200,4.867,0.256
8340,4.950,10.168,51.287,4.837,0.287
8400,4.967,10.695,54.739,4.935,0.321
8460,5.027,11.075,57.550,5.102,0.372
8520,4.875,10.658,55.764,5.057,0.402
8580,5.029,11.419,57.915,5.163,0.419
8640,4.778,11.440,57.567,4.917,0.460
8700,4.917,11.905,59.213,5.094,0.447
8760,4.948,11.169,59.313,5.243,0.500
8820,4.896,11.833,59.496,5.081,0.498
8880,4.890,12.053,59.638,5.055,0.556
8940,4.921,12.171,59.895,5.180,0.489
9000,4.909,12.098,60.448,5.297,0.540
9060,5.014,12.698,62.078,5.389,0.529
9120,5.087,12.635,61.421,5.330,0.547
9180,4.914,12.319,63.382,5.449,0.597
9240,5.065,12.480,64.194,5.388,0.656
9300,4.951,12.889,64.160,5.686,0.704
9360,4.970,12.288,65.053,5.616,0.658
9420,5.020,13.218,66.247,5.813,0.743
9480,5.137,13.109,69.427,5.871,0.710
9540,5.005,13.319,68.995,5.701,0.780
9600,5.023,12.900,69.416,5.774,0.872
9660,-9999.000,-9999.000,-9999.000,-9999.000,-9999.000
9720,-9999.000,-9999.000,-9999.000,-9999.000,-9999.000
9780,-9999.000,-9999.000,-9999.000,-9999.000,-9999.000
9840,-9999.000,-9999.000,-9999.000,-9999.000,-9999.000
9900,-9999.000,-9999.000,-9999.000,-9999.000,-9999.000
9960,-9999.000,-9999.000,-9999.000,-9999.000,-9999.000
10020,5.058,13.603,75.118,7.030,0.989
10080,5.096,13.417,75.353,7.223,1.034
10140,5.102,13.287,74.437,7.014,1.000
10200,5.125,13.731,76.631,7.029,0.840
10260,5.097,13.944,77.945,7.291,0.966
10320,5.071,14.041,78.483,7.303,1.004
10380,5.136,14.101,80.320,7.299,1.017
10440,5.080,14.559,80.279,7.675,1.037
10500,5.188,14.777,83.522,7.779,1.076
10560,5.219,14.254,84.377,7.746,1.000
10620,5.204,14.922,86.657,7.877,1.011
10680,5.204,14.990,84.430,7.909,1.020
10740,5.156,15.340,84.793,8.105,1.067
10800,5.191,14.893,85.164,7.828,1.052
10860,5.336,15.319,90.069,8.254,0.966
10920,5.386,15.652,89.543,7.966,0.967
10980,5.399,15.739,91.672,7.940,0.953
11040,5.496,16.301,92.637,8.194,0.980
11100,5.478,15.937,91.771,8.266,0.962
11160,5.372,16.645,92.511,8.287,0.973
11220,5.452,16.323,94.193,8.421,0.968
11280,5.536,18.161,94.434,8.349,0.935
11340,5.415,17.174,91.070,8.261,1.044
11400,5.610,16.754,96.303,8.529,0.894
11460,5.542,16.641,97.565,8.790,0.973
11520,5.588,16.558,96.689,8.952,1.104
11580,5.513,16.864,97.682,8.864,1.101
11640,5.015,15.033,81.869,7.434,0.637
11700,5.492,17.089,94.265,8.270,0.948
11760,5.409,16.546,94.896,8.177,0.930
11820,5.436,17.344,96.679,8.068,0.917
11880,5.448,16.445,96.420,7.886,0.813
11940,5.370,16.131,99.913,7.631,0.813
12000,5.462,16.627,100.683,7.502,0.913
12060,5.269,16.410,99.176,7.671,0.869
12120,5.310,16.301,101.201,7.395,0.933
12180,5.389,15.959,101.357,7.613,0.938
12240,5.444,16.772,101.267,7.777,0.900
12300,5.415,16.250,101.707,8.018,0.855
12360,5.280,16.127,101.370,7.930,0.933
12420,5.422,17.166,105.658,7.895,0.977
12480,5.411,16.602,103.560,7.936,0.943
12540,5.243,16.374,101.716,8.021,1.060
12600,5.333,16.868,104.284,8.156,1.037
12660,5.426,17.114,104.085,8.398,0.973
12720,5.490,17.433,105.453,8.471,1.049
12780,5.411,17.506,103.875,8.240,1.175
12840,5.297,16.866,103.784,8.202,1.074
12900,5.448,17.536,104.406,8.468,1.146
12960,5.512,17.551,106.640,8.774,1.240
13020,5.345,17.627,103.431,8.623,1.231
13080,5.202,16.734,93.913,8.634,1.169
13140,5.220,16.724,88.336,8.203,1.181
13200,5.245,16.125,85.520,8.518,1.198
13260,5.124,16.222,82.597,10.658,1.304
13320,5.007,13.305,71.165,10.944,1.185
13380,4.907,11.845,61.508,8.907,0.917
13440,4.976,9.606,50.320,6.862,0.498
13500,4.362,7.262,32.415,3.747,0.074
13560,4.849,7.731,36.842,4.676,0.115
13620,4.774,8.127,37.691,4.384,0.185
13680,4.794,7.679,39.043,4.343,0.177
13740,4.733,7.842,37.335,4.293,0.152
13800,4.547,7.813,37.194,4.248,0.234
13860,4.381,7.079,36.026,4.118,0.209
13920,4.138,6.601,29.577,3.613,0.111
13980,3.995,6.589,29.131,3.543,0.074
14040,4.114,6.709,30.902,3.940,0.155
14100,4.287,7.289,32.281,4.527,0.336
14160,4.357,7.654,32.480,4.567,0.333
14220,4.238,7.192,32.184,4.459,0.393
14280,4.173,6.831,31.604,4.624,0.394
14340,4.252,6.980,32.169,4.464,0.351
14400,4.140,6.933,31.123,4.275,0.395
14460,4.216,7.169,32.285,4.541,0.409
14520,4.174,7.191,32.196,4.881,0.446
14580,4.232,7.380,33.852,4.964,0.501
14640,4.318,7.346,34.196,5.100,0.526
14700,4.561,8.626,37.421,5.920,0.594
14760,4.565,7.980,37.792,6.115,0.578
14820,4.646,8.477,38.645,6.412,0.736
14880,4.710,8.585,39.866,6.835,0.764
14940,4.671,8.107,40.904,6.388,0.761
15000,4.831,8.363,41.631,6.513,0.866
15060,4.721,8.600,43.684,6.650,0.875
15120,4.767,8.438,42.916,6.287,0.824
15180,-9999.000,-9999.000,-9999.000,-9999.000,-9999.000
15240,-9999.000,-9999.000,-9999.000,-9999.000,-9999.000
15300,-9999.000,-9999.000,-9999.000,-9999.000,-9999.000
15360,-9999.000,-9999.000,-9999.000,-9999.000,-9999.000
15420,-9999.000,-9999.000,-9999.000,-9999.000,-9999.000
15480,-9999.000,-9999.000,-9999.000,-9999.000,-9999.000
15540,4.783,9.140,44.445,6.397,0.946
15600,4.748,9.136,43.819,6.178,0.960
15660,4.808,8.865,43.877,6.233,0.925
15720,4.839,9.250,45.278,6.078,1.019
15780,4.745,9.239,45.240,6.045,0.985
15840,4.813,8.923,44.997,5.919,0.992
15900,4.731,8.959,43.427,5.785,0.893
15960,4.739,8.769,43.661,5.933,1.010
16020,4.663,8.615,44.948,5.780,0.930
16080,4.660,8.807,43.994,5.804,0.988
16140,4.750,8.939,43.125,5.564,0.919
16200,4.686,8.844,44.502,5.687,1.051
16260,4.666,8.717,45.646,5.861,1.042
16320,4.645,8.923,45.093,5.674,0.958
16380,4.622,8.618,44.492,5.585,0.964
16440,4.550,8.665,43.635,5.595,0.988
16500,4.575,8.950,44.492,5.593,1.013
16560,4.558,8.503,43.814,5.609,1.068
16620,4.607,8.792,43.839,5.521,1.055
16680,4.548,8.227,44.193,5.685,1.251
16740,4.362,8.018,43.344,5.722,1.447
16800,4.284,7.847,41.423,5.424,1.235
16860,4.416,7.894,42.993,5.623,1.210
16920,4.532,8.014,43.927,5.714,1.252
16980,-9999.000,-9999.000,-9999.000,-9999.000,-9999.000
17040,-9999.000,-9999.000,-9999.000,-9999.000,-9999.000
17100,-9999.000,-9999.000,-9999.000,-9999.000,-9999.000
17160,-9999.000,-9999.000,-9999.000,-9999.000,-9999.000
17220,-9999.000,-9999.000,-9999.000,-9999.000,-9999.000
17280,-9999.000,-9999.000,-9999.000,-9999.000,-9999.000
17340,-9999.000,-9999.000,-9999.000,-9999.000,-9999.000
17400,-9999.000,-9999.000,-9999.000,-9999.000,-9999.000
17460,4.875,9.193,46.944,5.634,1.007
17520,4.677,9.031,44.713,5.775,1.298
17580,4.657,8.854,43.482,6.062,1.505
17640,4.679,8.918,44.183,6.514,1.515
17700,4.775,8.937,44.427,6.519,1.365
17760,5.192,10.576,51.372,6.028,1.074
17820,4.864,9.221,47.934,6.175,1.280
17880,5.358,10.557,55.583,6.257,0.969
17940,5.267,10.509,57.036,6.124,1.044
18000,4.989,9.742,52.169,6.007,1.284
18060,5.976,12.013,64.645,6.212,0.830
18120,6.185,12.475,74.649,6.243,0.689
18180,5.978,11.710,71.800,6.157,0.846
18240,5.918,11.540,70.512,5.895,0.784
18300,5.951,11.944,70.462,6.010,0.779
18360,5.912,11.467,70.699,5.832,0.766
18420,5.874,11.624,69.546,6.149,0.735
18480,6.038,11.978,71.686,6.091,0.751
18540,5.937,11.631,72.848,5.844,0.779
18600,5.997,12.022,72.693,5.850,0.700
18660,5.876,11.844,72.766,5.887,0.646
18720,5.917,11.671,72.155,6.027,0.683
18780,5.890,11.825,69.922,5.903,0.794
18840,5.800,11.629,72.061,6.089,0.724
18900,5.770,11.628,70.480,5.924,0.815
18960,-9999.000,-9999.000,-9999.000,-9999.000,-9999.000
19020,-9999.000,-9999.000,-9999.000,-9999.000,-9999.000
19080,-9999.000,-9999.000,-9999.000,-9999.000,-9999.000
19140,-9999.000,-9999.000,-9999.000,-9999.000,-9999.000
19200,-9999.000,-9999.000,-9999.000,-9999.000,-9999.000
19260,-9999.000,-9999.000,-9999.000,-9999.000,-9999.000
19320,-9999.000,-9999.000,-9999.000,-9999.000,-9999.000
19380,6.138,12.617,76.966,6.626,0.656
19440,6.134,12.323,75.810,6.407,0.693
19500,6.038,12.320,75.838,6.475,0.632
19560,6.184,12.761,79.160,6.743,0.764
19620,6.187,12.947,80.569,6.763,0.816
19680,6.012,12.286,77.522,6.664,0.784
19740,5.973,12.762,76.016,6.553,0.675
19800,6.120,12.955,80.208,6.803,0.694
19860,5.991,12.583,78.010,6.632,0.797
19920,5.815,11.987,76.967,6.768,0.818
19980,5.920,12.392,77.835,6.510,0.804
20040,6.098,12.927,79.274,6.540,0.776
20100,5.817,12.614,77.559,6.621,0.796
20160,6.100,13.399,82.165,6.938,0.734
20220,6.177,13.603,84.511,7.304,0.840
20280,6.206,14.064,88.205,7.395,0.845
20340,6.055,13.510,85.781,7.175,0.836
20400,6.049,14.044,86.382,7.198,0.946
20460,5.987,13.840,87.161,7.218,0.857
20520,5.994,13.733,85.152,6.964,0.929
20580,6.007,13.589,85.529,7.161,0.905
20640,5.887,13.179,84.936,7.025,0.864
20700,5.954,13.965,85.058,7.071,0.866
20760,-9999.000,-9999.000,-9999.000,-9999.000,-9999.000
20820,-9999.000,-9999.000,-9999.000,-9999.000,-9999.000
20880,-9999.000,-9999.000,-9999.000,-9999.000,-9999.000
20940,-9999.000,-9999.000,-9999.000,-9999.000,-9999.000
21000,-9999.000,-9999.000,-9999.000,-9999.000,-9999.000
21060,-9999.000,-9999.000,-9999.000,-9999.000,-9999.000
21120,6.285,15.614,104.339,7.614,0.685
21180,6.237,15.395,107.416,7.591,0.802
21240,6.216,15.778,106.974,7.447,0.644
21300,6.375,15.461,112.715,7.753,0.827
21360,6.416,15.762,116.712,7.534,0.766
21420,6.347,16.018,120.100,7.576,0.650
21480,6.424,15.681,123.520,7.743,0.719
21540,6.513,16.669,129.180,7.665,0.750
21600,6.571,16.468,131.032,7.706,0.665
21660,6.722,16.506,132.722,7.861,0.727
21720,6.758,16.904,138.333,7.989,0.694
21780,6.758,16.701,141.313,7.951,0.655
21840,6.913,16.796,144.243,8.010,0.727
21900,6.850,17.278,144.758,7.806,0.662
21960,6.812,17.093,149.626,8.113,0.674
22020,6.963,16.538,152.779,8.061,0.677
22080,7.118,17.587,160.382,8.273,0.782
22140,7.084,17.497,160.933,8.121,0.703
22200,6.979,17.231,158.767,8.115,0.678
22260,6.977,17.641,162.687,8.173,0.728
22320,7.150,18.543,168.016,8.426,0.723
22380,7.325,18.265,175.371,8.485,0.755
22440,7.278,18.855,175.646,8.319,0.625
22500,7.286,18.116,176.231,8.461,0.746
22560,6.808,16.402,164.643,8.602,0.775
22620,-9999.000,-9999.000,-9999.000,-9999.000,-9999.000
22680,-9999.000,-9999.000,-9999.000,-9999.000,-9999.000
22740,-9999.000,-9999.000,-9999.000,-9999.000,-9999.000
22800,-9999.000,-9999.000,-9999.000,-9999.000,-9999.000
22860,7.183,17.598,174.513,8.771,0.736
22920,7.281,18.801,178.563,9.065,0.792
22980,7.017,16.953,169.272,9.416,0.837
23040,6.777,16.536,157.390,9.876,0.900
23100,6.879,17.136,161.693,9.702,0.850
23160,7.668,19.982,191.368,9.757,0.882
23220,7.754,19.982,198.834,9.895,0.884
23280,7.670,19.599,200.226,9.550,0.886
23340,7.596,19.134,198.344,9.680,0.824
23400,7.621,19.934,204.840,9.763,0.896
23460,7.738,20.306,206.698,9.618,0.854
23520,7.701,20.466,209.233,9.809,0.858
23580,7.633,19.929,209.294,9.770,0.902
23640,7.489,19.405,205.437,9.898,0.829
23700,7.181,18.495,195.730,10.069,0.911
