CampaignData_and_Merges/R0/CSL_MobileLab_Parked/raw/20240718/USOS-NOAAIodideCIMS-Halogens_MobileLabGround_20240718_RA.ict
39, 1001
Michael A Robinson, Chris Jernigan, Subi Thakali
NOAA ESRL Chemical Sciences Laboratory and CIRES, U. of Colorado
NOAA Iodide CIMS Instrument
USOS
1, 1
2024, 07, 18, 2024, 07, 20
0
starttime_UTC, seconds_past_midnight, seconds_of_day_since_00:00:00_UTC
6
1, 1, 1, 1, 1, 1
-9999, -9999, -9999, -9999, -9999, -9999
Br2_NOAACIMS, pptv, Gas_Br2_InSitu_S_AVMR
BrO_NOAACIMS, pptv, Gas_BrO_InSitu_S_AVMR
Cl2_NOAACIMS, pptv, Gas_Cl2_InSitu_S_AVMR
ClNO2_NOAACIMS, pptv, Gas_ClNO2_InSitu_S_AVMR
BrCl_NOAACIMS, pptv, Gas_BrCl_InSitu_S_AVMR
NCl3_NOAACIMS, pptv, Gas_NCl3_InSitu_S_AVMR
1
N/A
18
PI_CONTACT_INFO: 325 Broadway, R/CSD 7, Boulder, Colorado 80305; michael.a.robinson@noaa.gov; chris.jernigan@noaa.gov;
PLATFORM: NOAA CSL Mobile Lab
LOCATION: SLC, Utah
ASSOCIATED_DATA: 1Hz data also available on request.
INSTRUMENT_INFO: NOAA I- ToF CIMS
DATA_INFO: Units: pptv
UNCERTAINTY: tbd
ULOD_FLAG: -7777
ULOD_VALUE: N/A
LLOD_FLAG: -8888
LLOD_VALUE: N/A
DM_CONTACT_INFO: Nathan Howard; nathan.h.howard@noaa.gov
PROJECT_INFO: USOS, summer 2024. https://csl.noaa.gov/groups/csl7/measurements/2024usos/
STIPULATIONS_ON_USE: only the USOS science team is allowed to use this data
OTHER_COMMENTS: Field data; Data are averaged to 1 minute intervals. Stationary data collected from a 10 ft tower on top of the mobile lab
REVISION: RA
RA: Preliminary Data; For in-field use only
starttime_UTC, Br2_NOAACIMS, BrO_NOAACIMS, Cl2_NOAACIMS, ClNO2_NOAACIMS, BrCl_NOAACIMS, NCl3_NOAACIMS
[from data line 384]
23040,1.198,0.055,2.379,0.206,0.182,1.061
23100,1.216,-0.052,2.472,0.188,0.173,0.877
23160,1.089,0.109,2.379,0.149,0.178,0.526
23220,1.191,-0.026,2.510,0.146,0.158,0.774
23280,1.318,-0.008,2.374,0.128,0.192,0.737
23340,1.239,-0.050,2.357,0.133,0.159,0.989
23400,1.188,-0.004,2.496,0.094,0.202,1.107
23460,1.023,0.003,2.399,0.105,0.176,1.233
23520,1.218,0.016,2.351,0.079,0.179,1.081
23580,1.186,0.088,2.393,0.105,0.225,1.102
23640,1.193,-0.001,2.626,0.119,0.239,1.001
23700,1.083,-0.019,2.491,0.127,0.236,1.067
23760,1.178,0.022,2.404,0.144,0.188,1.056
23820,1.161,0.024,2.415,0.134,0.168,1.021
23880,0.963,0.040,2.437,0.130,0.216,1.050
23940,1.158,0.039,2.480,0.131,0.159,1.178
24000,1.178,0.001,2.355,0.143,0.182,1.574
24060,1.138,0.022,2.349,0.113,0.177,1.532
24120,1.063,-0.002,2.625,0.115,0.210,1.569
24180,1.181,0.052,2.382,0.168,0.185,1.156
24240,1.023,0.087,2.706,0.177,0.137,2.856
24300,1.198,0.019,2.358,0.187,0.181,1.327
24360,1.223,0.055,2.524,0.129,0.163,0.987
24420,1.634,-0.046,2.687,0.174,0.311,0.920
24480,0.470,-0.057,2.497,0.203,0.124,1.351
24540,-9999.000,-9999.000,-9999.000,-9999.000,-9999.000,-9999.000
24600,0.432,0.032,1.987,0.132,0.054,1.287
24660,0.455,-0.045,2.091,0.157,0.066,1.347
24720,0.454,0.047,2.172,0.111,0.044,1.178
24780,0.466,-0.056,2.114,0.116,0.064,1.290
24840,0.475,0.098,2.274,0.123,0.025,1.287
24900,0.476,0.006,2.343,0.154,0.099,1.059
24960,0.567,0.055,2.412,0.170,0.076,1.057
25020,0.509,0.012,2.320,0.149,0.150,1.024
25080,0.515,-0.000,2.399,0.161,0.059,1.488
25140,0.547,0.068,2.320,0.147,0.061,1.423
25200,0.598,0.070,2.477,0.205,0.094,1.103
25260,0.641,0.041,2.461,0.214,0.080,1.242
25320,0.583,-0.028,2.433,0.255,0.072,2.673
25380,0.727,0.079,2.495,0.201,0.071,2.895
25440,0.485,0.044,2.356,0.132,0.088,1.669
25500,0.639,0.133,2.302,0.195,0.121,2.388
25560,0.633,0.128,2.373,0.168,0.162,1.600
25620,0.578,0.093,2.372,0.198,0.103,1.340
25680,0.734,0.189,2.503,0.106,0.149,2.256
25740,0.620,0.107,2.433,0.140,0.150,1.721
25800,0.629,0.085,2.370,0.143,0.141,1.579
25860,0.658,0.071,2.130,0.136,0.100,1.491
25920,0.703,0.093,2.368,0.125,0.122,1.598
25980,0.731,0.142,2.425,0.166,0.139,1.708
26040,0.599,0.232,2.517,0.203,0.181,1.612
26100,0.847,0.113,2.347,0.166,0.154,1.550
26160,0.806,0.067,2.359,0.191,0.136,1.600
26220,0.821,0.201,2.495,0.203,0.169,1.528
26280,0.770,0.103,2.430,0.180,0.209,1.375
26340,0.833,0.167,2.554,0.192,0.142,1.455
26400,0.656,0.287,2.429,0.194,0.218,2.426
26460,0.761,0.152,2.395,0.149,0.161,1.877
26520,0.813,0.151,2.421,0.158,0.197,1.543
26580,0.753,0.213,2.330,0.174,0.144,1.819
26640,0.709,0.134,2.531,0.227,0.189,2.419
26700,0.855,0.139,2.386,0.214,0.189,1.916
26760,0.793,0.184,2.499,0.192,0.163,2.294
26820,0.870,0.173,2.556,0.135,0.186,1.643
26880,0.759,0.131,2.538,0.148,0.182,1.508
26940,0.901,0.113,2.402,0.162,0.166,1.523
27000,0.799,0.097,2.452,0.164,0.130,1.632
27060,0.882,0.212,2.322,0.143,0.140,1.778
27120,0.747,0.224,2.366,0.146,0.127,1.818
27180,0.949,0.078,2.503,0.137,0.151,1.862
27240,0.824,0.113,2.283,0.107,0.165,1.814
27300,0.779,0.102,2.501,0.133,0.159,2.119
27360,0.912,0.223,2.498,0.167,0.154,2.052
27420,0.784,0.102,2.488,0.143,0.167,2.171
27480,0.845,0.096,2.347,0.170,0.181,2.268
27540,0.756,0.159,2.480,0.161,0.189,2.168
27600,0.955,0.137,2.364,0.127,0.155,1.908
27660,0.919,0.168,2.350,0.148,0.149,2.080
27720,0.847,0.101,2.404,0.134,0.188,1.952
27780,1.022,0.183,2.394,0.134,0.140,2.123
27840,1.009,0.151,2.371,0.135,0.163,1.753
27900,1.057,0.089,2.293,0.138,0.179,1.800
27960,1.039,0.025,2.290,0.120,0.133,1.911
28020,0.785,0.086,2.339,0.126,0.186,2.366
28080,1.037,0.152,2.430,0.120,0.147,2.340
28140,0.848,0.154,2.314,0.134,0.117,2.154
28200,0.920,0.096,2.290,0.161,0.177,2.305
28260,0.700,0.063,2.077,0.125,0.126,1.974
28320,0.907,0.078,2.184,0.132,0.109,2.415
28380,1.027,0.146,2.168,0.108,0.137,2.289
28440,0.653,0.088,2.226,0.109,0.196,2.188
28500,0.922,0.086,2.257,0.138,0.159,2.242
28560,0.795,0.124,2.167,0.149,0.140,1.874
28620,0.869,0.139,2.266,0.124,0.133,1.904
28680,0.804,0.033,2.363,0.153,0.141,2.150
28740,0.977,0.075,2.363,0.155,0.104,1.965
28800,0.807,0.101,2.191,0.154,0.120,2.128
28860,0.700,0.097,2.253,0.115,0.122,1.900
28920,0.716,0.105,2.323,0.171,0.130,1.813
28980,0.896,0.059,2.365,0.150,0.135,1.842
29040,0.974,0.185,2.234,0.137,0.132,2.080
29100,0.971,0.163,2.320,0.163,0.176,2.078
29160,0.915,0.049,2.337,0.151,0.129,1.901
29220,0.867,0.152,2.374,0.139,0.156,2.026
29280,0.920,0.232,2.333,0.217,0.171,1.869
29340,0.880,0.095,2.401,0.145,0.153,2.057
29400,0.768,0.078,2.375,0.148,0.200,2.141
29460,0.928,0.090,2.386,0.148,0.139,2.024
29520,0.998,0.118,2.321,0.152,0.131,1.937
29580,0.861,0.075,2.428,0.168,0.167,1.905
29640,0.954,0.105,2.328,0.155,0.143,2.078
29700,0.878,0.026,2.523,0.162,0.157,1.999
29760,0.737,0.122,2.425,0.144,0.184,1.832
29820,0.939,0.071,2.407,0.170,0.177,2.015
29880,0.963,0.063,2.589,0.149,0.182,2.081
29940,0.924,0.105,2.354,0.153,0.182,1.964
30000,0.846,0.050,2.561,0.170,0.168,2.267
30060,0.931,0.230,2.476,0.213,0.150,2.348
30120,0.934,0.082,2.285,0.159,0.124,2.247
30180,0.818,0.087,2.436,0.189,0.216,2.361
30240,0.735,0.138,2.455,0.152,0.120,2.255
30300,0.747,0.070,2.524,0.167,0.154,2.236
30360,0.902,0.089,2.510,0.151,0.117,1.900
30420,0.913,0.133,2.496,0.177,0.119,2.036
30480,0.947,0.181,2.588,0.128,0.112,2.069
30540,0.879,0.225,2.537,0.135,0.127,2.227
30600,1.004,0.090,2.538,0.161,0.117,2.268
30660,0.894,0.079,2.644,0.181,0.077,2.557
30720,0.929,0.134,2.617,0.171,0.116,2.534
30780,0.778,0.076,2.541,0.177,0.121,2.769
30840,1.027,0.141,2.905,0.230,0.148,3.838
30900,0.848,0.172,2.723,0.232,0.086,4.218
30960,0.987,0.108,2.794,0.192,0.116,2.982
31020,0.842,0.162,2.696,0.169,0.100,2.644
31080,0.847,0.105,2.531,0.140,0.115,2.421
31140,0.848,0.124,2.820,0.150,0.066,2.373
31200,0.720,0.173,2.745,0.149,0.102,2.302
31260,0.910,0.134,2.568,0.131,0.045,2.269
31320,0.891,0.218,2.701,0.107,0.058,2.290
31380,1.041,0.162,2.629,0.140,0.068,2.254
31440,0.886,0.088,2.648,0.143,0.047,1.919
31500,0.844,0.172,2.524,0.107,0.056,1.855
31560,0.918,0.199,2.602,0.111,0.082,1.869
31620,0.890,0.147,2.555,0.104,0.089,2.061
31680,0.899,0.124,2.639,0.130,0.031,2.202
31740,0.864,0.164,2.650,0.099,0.042,1.950
31800,0.965,0.155,2.609,0.105,0.060,1.709
31860,0.932,0.138,2.707,0.130,0.055,1.775
31920,0.879,0.159,2.383,0.164,-0.006,2.052
31980,0.802,0.142,2.565,0.113,0.006,1.819
32040,0.868,0.196,2.614,0.125,0.047,1.786
32100,0.699,0.157,2.636,0.136,0.019,1.697
32160,0.912,0.153,2.659,0.101,0.072,1.709
32220,0.922,0.169,2.601,0.146,0.039,2.000
32280,0.901,0.218,2.564,0.138,0.026,1.632
32340,1.051,0.190,2.769,0.112,0.061,1.942
32400,0.969,0.180,2.626,0.075,0.074,2.013
32460,1.044,0.110,2.684,0.114,0.060,1.963
32520,0.880,0.153,2.579,0.137,0.037,2.267
32580,0.839,0.168,2.661,0.148,0.059,2.155
32640,0.861,0.129,2.814,0.145,0.039,2.827
32700,0.717,0.256,2.898,0.242,0.070,3.385
32760,0.924,0.208,3.016,0.244,0.038,3.963
32820,0.828,0.237,2.839,0.230,0.067,4.245
32880,0.914,0.145,2.875,0.228,0.074,4.564
32940,0.806,0.237,2.933,0.224,0.084,5.088
33000,0.936,0.246,2.758,0.244,0.098,3.667
33060,0.701,0.180,2.609,0.169,0.086,4.042
33120,0.981,0.168,2.762,0.177,0.074,3.626
33180,0.842,0.152,2.744,0.169,0.051,2.961
33240,0.840,0.160,2.703,0.126,0.101,2.783
33300,0.894,0.103,2.631,0.103,0.076,3.065
33360,0.749,0.164,2.690,0.133,0.121,2.840
33420,0.996,0.133,2.644,0.154,0.069,2.831
33480,0.784,0.137,2.589,0.147,0.122,2.876
33540,0.807,0.226,2.770,0.179,0.100,2.924
33600,0.904,0.201,2.594,0.153,0.059,2.789
33660,0.862,0.159,2.574,0.174,0.075,2.495
33720,0.825,0.211,2.559,0.125,0.071,2.908
33780,0.907,0.100,2.642,0.225,0.055,2.976
33840,0.783,0.177,2.518,0.121,0.088,2.730
33900,0.849,0.133,2.606,0.146,0.094,2.863
33960,0.672,0.187,2.482,0.145,0.069,2.442
34020,0.794,0.140,2.523,0.159,0.090,2.803
34080,0.729,0.196,2.742,0.184,0.082,2.637
34140,0.817,0.149,2.620,0.158,0.110,2.482
34200,0.757,0.135,2.770,0.183,0.093,2.532
34260,0.806,0.128,2.534,0.129,0.111,2.749
34320,0.772,0.255,2.628,0.149,0.072,2.757
34380,0.779,0.205,2.541,0.126,0.101,2.364
34440,0.764,0.195,2.612,0.143,0.120,2.336
34500,0.796,0.077,2.617,0.144,0.066,2.090
34560,0.767,0.159,2.648,0.128,0.111,2.192
34620,0.816,0.107,2.480,0.100,0.147,2.244
34680,0.744,0.169,2.609,0.122,0.100,2.090
34740,0.824,0.158,2.574,0.172,0.111,2.120
34800,0.698,0.139,2.428,0.146,0.080,2.075
34860,0.612,0.161,2.511,0.160,0.068,2.292
34920,0.798,0.137,2.611,0.135,0.071,2.083
34980,0.843,0.183,2.740,0.181,0.054,2.185
35040,0.787,0.216,2.624,0.120,0.105,2.234
35100,0.872,0.092,2.555,0.135,0.121,2.184
35160,0.809,0.228,2.673,0.151,0.077,2.113
35220,0.689,0.231,2.816,0.120,0.114,2.049
35280,0.663,0.191,2.670,0.135,0.066,2.032
35340,0.894,0.139,2.649,0.135,0.053,1.972
35400,0.799,0.065,2.681,0.120,0.081,1.851
35460,0.667,0.117,2.758,0.130,0.056,1.994
35520,0.787,0.141,2.706,0.137,0.119,2.021
35580,0.772,0.145,2.653,0.156,0.050,2.082
35640,1.520,0.120,3.401,-0.034,0.092,1.630
35700,0.647,0.107,2.447,0.146,0.010,2.053
35760,0.413,0.057,2.539,0.145,0.046,2.053
35820,0.724,0.071,2.573,0.136,0.061,2.536
35880,0.702,0.127,2.571,0.165,0.089,2.450
35940,0.691,0.108,2.796,0.152,0.037,2.397
36000,0.808,0.097,2.502,0.136,0.022,2.244
36060,0.789,0.104,2.684,0.167,0.077,2.120
36120,0.760,0.120,2.694,0.127,0.030,2.013
36180,0.838,0.076,2.693,0.144,0.068,2.322
36240,0.653,0.163,2.569,0.144,0.032,2.058
36300,0.613,0.125,2.962,0.139,0.020,2.162
36360,0.704,0.146,2.836,0.133,0.072,2.396
36420,0.774,0.158,2.772,0.144,0.085,2.405
36480,0.857,0.122,2.806,0.130,0.055,2.299
36540,0.723,0.218,2.802,0.108,0.077,2.274
36600,0.829,0.110,2.854,0.120,0.060,2.112
36660,0.616,0.209,2.822,0.160,0.032,1.889
36720,0.740,0.108,2.832,0.126,0.036,2.144
36780,0.798,0.143,2.906,0.140,0.023,2.334
36840,0.695,0.249,2.958,0.143,0.016,2.304
36900,0.861,0.111,2.674,0.129,0.027,2.517
36960,0.941,0.091,2.784,0.135,0.038,2.129
37020,0.788,0.245,2.793,0.159,0.042,2.142
37080,0.730,0.191,2.945,0.132,-0.005,2.149
37140,0.814,0.247,2.752,0.135,0.054,2.444
37200,0.755,0.161,2.883,0.152,0.023,2.533
37260,0.837,0.174,2.968,0.119,0.023,2.480
37320,0.702,0.180,3.022,0.135,0.017,2.182
37380,0.864,0.203,2.847,0.071,0.039,2.353
37440,0.873,0.212,2.929,0.115,0.037,2.154
37500,0.748,0.117,2.872,0.122,0.025,2.583
37560,0.829,0.062,2.660,0.120,0.006,2.273
37620,0.760,0.226,2.870,0.111,0.005,2.152
37680,0.879,0.163,2.964,0.139,0.023,2.681
37740,0.817,0.119,2.948,0.141,0.032,2.513
37800,0.803,0.129,3.026,0.150,0.056,2.468
37860,0.899,0.113,2.973,0.163,0.008,2.653
37920,0.844,0.198,3.048,0.145,0.046,2.651
37980,0.737,0.156,3.008,0.157,-0.005,2.688
38040,0.766,0.120,2.985,0.141,-0.005,2.509
38100,0.832,0.205,3.239,0.141,0.012,2.726
38160,0.839,0.060,3.157,0.135,-0.008,2.462
38220,0.840,0.086,3.025,0.151,0.036,2.406
38280,0.816,0.093,3.199,0.155,0.019,2.357
38340,0.834,0.045,3.103,0.173,0.050,2.558
38400,0.774,0.052,2.861,0.210,0.078,3.204
38460,0.822,0.082,2.883,0.237,0.071,3.332
38520,0.629,0.101,2.999,0.230,0.065,3.097
38580,0.798,0.023,2.948,0.221,0.068,3.497
38640,0.813,0.092,2.985,0.247,0.048,5.363
38700,0.876,0.094,2.979,0.241,0.040,4.641
38760,0.868,0.035,3.066,0.236,0.045,3.805
38820,0.833,0.064,3.085,0.245,0.034,3.723
38880,0.896,0.144,3.106,0.233,0.083,4.055
38940,0.934,0.052,3.062,0.200,0.031,3.262
39000,0.729,0.061,3.117,0.203,0.004,2.852
39060,0.892,0.159,3.109,0.164,0.047,2.526
39120,0.856,0.023,3.125,0.179,0.040,2.343
39180,0.758,0.033,3.199,0.219,0.026,2.403
39240,0.824,0.013,3.076,0.188,0.049,2.555
39300,1.065,0.076,3.428,0.177,0.023,2.311
39360,0.877,0.085,3.035,0.187,0.090,2.462
39420,0.705,0.123,2.903,0.147,0.024,2.243
39480,0.795,-0.011,2.954,0.166,0.039,2.308
39540,0.770,-0.009,3.024,0.171,0.056,2.202
39600,0.893,0.048,2.777,0.166,0.049,1.834
39660,0.847,0.006,2.903,0.135,0.062,1.741
39720,0.881,0.041,3.052,0.160,0.006,1.653
39780,0.661,0.067,2.986,0.155,0.040,1.835
39840,0.733,-0.018,2.774,0.220,0.026,2.146
39900,0.831,0.048,2.988,0.168,0.017,1.967
39960,0.789,0.122,3.055,0.170,0.110,2.129
40020,0.621,0.087,2.894,0.162,0.085,1.994
40080,0.819,0.102,3.061,0.171,0.042,2.315
40140,0.795,0.086,3.038,0.149,0.067,2.090
40200,0.567,0.030,2.901,0.167,0.041,2.051
40260,0.700,0.007,3.019,0.129,0.059,2.301
40320,0.571,0.142,2.934,0.160,0.091,2.733
40380,0.715,0.090,2.950,0.169,0.084,2.267
40440,0.754,0.175,3.097,0.169,0.074,2.348
40500,0.678,0.202,2.930,0.120,0.066,2.326
40560,0.618,0.070,3.038,0.192,0.110,2.107
40620,0.764,0.094,2.951,0.148,0.075,3.845
40680,0.670,0.038,2.920,0.174,0.107,2.858
40740,0.682,0.084,3.141,0.144,0.082,2.918
40800,0.667,0.096,3.048,0.132,0.099,2.370
40860,0.634,0.092,2.958,0.179,0.100,2.611
40920,0.554,0.112,3.016,0.200,0.115,4.745
40980,0.604,0.060,2.932,0.199,0.130,5.051
41040,0.586,0.122,3.047,0.338,0.139,6.336
41100,0.741,0.143,3.060,0.410,0.112,7.922
41160,0.451,0.055,2.950,0.534,0.193,9.056
41220,0.669,0.177,2.846,0.541,0.182,8.779
41280,0.630,0.153,2.785,0.516,0.135,10.693
41340,0.873,0.064,2.976,0.569,0.176,11.328
41400,0.657,0.145,2.910,0.430,0.136,6.525
41460,0.749,0.109,2.924,0.448,0.172,8.028
41520,0.727,0.153,2.960,0.489,0.155,9.006
41580,0.733,0.121,3.033,0.579,0.217,8.892
41640,0.892,0.231,2.882,0.618,0.127,9.317
41700,0.626,0.150,2.831,0.689,0.234,13.517
41760,0.760,0.186,3.053,0.620,0.160,13.174
41820,0.843,0.197,2.854,0.665,0.171,10.658
41880,0.820,0.136,2.827,0.662,0.210,9.202
41940,0.730,0.299,2.823,0.669,0.199,10.519
42000,0.654,0.161,2.626,0.710,0.173,10.699
42060,0.736,0.116,2.778,0.823,0.200,13.220
42120,0.801,0.193,2.817,0.761,0.178,11.050
42180,0.729,0.112,3.077,0.851,0.167,14.848
42240,0.909,0.214,3.170,0.837,0.202,13.402
42300,0.852,0.124,3.159,0.797,0.155,15.163
42360,0.859,0.192,3.004,0.841,0.162,14.019
42420,0.954,0.198,3.088,0.874,0.155,17.473
42480,1.146,0.150,2.901,0.751,0.255,11.793
42540,1.010,0.145,3.166,0.756,0.215,11.768
42600,1.030,0.162,2.975,0.798,0.268,13.504
42660,1.086,0.128,2.949,0.820,0.216,14.581
42720,0.949,0.155,2.914,0.805,0.196,12.644
42780,1.034,0.227,3.097,0.811,0.223,14.740
42840,1.073,0.117,3.175,0.785,0.210,13.744
42900,1.047,0.171,3.007,0.760,0.216,12.563
42960,1.029,0.089,3.100,0.853,0.252,12.779
43020,-9999.000,-9999.000,-9999.000,-9999.000,-9999.000,-9999.000
43080,0.789,0.153,2.745,0.770,0.238,12.565
43140,1.068,0.107,2.978,0.864,0.184,15.650
43200,0.911,0.200,2.989,0.868,0.238,12.950
43260,0.955,0.101,2.919,0.912,0.246,12.735
43320,1.164,0.164,2.649,0.954,0.277,10.845
43380,0.853,0.083,2.650,0.839,0.222,11.693
43440,0.865,0.180,2.709,0.850,0.226,11.034
43500,0.891,0.091,2.786,0.778,0.285,10.710
43560,0.997,0.140,2.713,0.798,0.329,10.236
43620,0.950,0.094,2.811,0.811,0.233,9.764
43680,0.903,0.160,2.889,0.783,0.238,9.355
43740,0.975,0.201,2.612,0.741,0.228,8.765
43800,0.884,0.130,2.675,0.760,0.210,8.682
43860,1.003,0.189,2.617,0.529,0.193,7.518
43920,0.865,0.190,2.708,0.490,0.241,7.329
43980,0.711,0.082,2.927,0.530,0.196,7.261
44040,0.902,0.130,2.834,0.484,0.167,7.409
44100,0.923,0.111,2.872,0.345,0.192,6.204
44160,0.882,0.146,2.910,0.352,0.154,6.378
44220,0.869,0.072,3.063,0.294,0.205,5.407
44280,0.926,0.107,2.948,0.246,0.200,5.482
44340,0.829,0.180,2.852,0.238,0.167,5.411
44400,0.972,0.227,2.846,0.185,0.186,5.573
44460,0.898,0.098,2.972,0.251,0.162,5.362
44520,0.892,0.145,2.935,0.256,0.159,5.224
44580,0.757,0.098,2.900,0.260,0.179,5.496
44640,0.799,0.182,2.993,0.232,0.140,6.670
44700,0.865,0.158,3.050,0.447,0.198,15.623
44760,0.824,0.108,3.127,0.477,0.203,10.157
44820,0.599,0.159,2.878,0.675,0.227,9.495
44880,0.445,0.191,2.694,0.739,0.185,10.097
44940,0.601,0.201,3.089,0.890,0.215,11.259
45000,0.725,0.205,3.382,0.967,0.269,12.909
45060,0.812,0.126,3.132,0.957,0.209,13.595
45120,0.683,0.148,3.027,0.989,0.219,13.791
45180,0.604,0.112,2.892,1.013,0.175,14.752
45240,0.627,0.207,2.851,0.956,0.225,14.274
45300,0.726,0.138,3.042,1.069,0.199,17.764
45360,0.692,0.180,3.857,1.055,0.259,19.590
45420,0.766,0.127,3.432,0.854,0.172,13.817
45480,0.754,0.166,2.886,0.709,0.159,10.526
45540,0.642,0.169,3.037,0.984,0.220,13.485
45600,0.697,0.085,3.178,0.721,0.195,11.292
