CampaignData_and_Merges/R0/CSL_MobileLab_Parked/raw/20240718/USOS-MetNav_MobileLabGround_20240718_R0.ict
44, 1001
Carrie Womack, Nate Howard, Mike Zucker
NOAA Chemical Sciences Laboratory
Mobile Lab MetNav Station
USOS
1, 1
2024, 07, 18, 2024, 12, 21
60
Time_Start, seconds_past_midnight, Seconds from midnight UTC
11
1, 1, 1, 1, 1, 1, 1, 1, 1, 1, 1
-9999, -9999, -9999, -9999, -9999, -9999, -9999, -9999, -9999, -9999, -9999
GPS_Alt_m, meters, Altitude from Differential GPS
GPS_Course_deg, degrees, Course from Differential GPS
GPS_GndSpd_m_s, m/s, Ground Speed from Differential GPS
GPS_Heading_deg, degrees, Heading from Differential GPS
GPS_Lat_deg, degrees, Latitude from Differential GPS
GPS_Lon_deg, degrees, Longitude from Differential GPS
AirTemp_C, Celsius, Air Temperature from Airmar
RelHumidity_pct, percent, Relative Humidity from Airmar
Pressure_mb, millibars, Pressure from Honeywell
WindDir_calc_deg, degrees, Wind Direction from Airmar corrected for van movement
WindSpd_calc_m_s, m/s, Wind Speed from Airmar corrected for van movement
1
SPECIAL COMMENTS:
18
PI_CONTACT_INFO: Address: 325 Broadway R/CSL7, Boulder, CO, 80305
PLATFORM: CSL Mobile Lab
LOCATION: Salt Lake City, UT
ASSOCIATED_DATA: N/A
INSTRUMENT_INFO: N/A
DATA_INFO: Units:
UNCERTAINTY: N/A
ULOD_FLAG: -7777
ULOD_VALUE: N/A
LLOD_FLAG: -8888
LLOD_VALUE: N/A
DM_CONTACT_INFO: Data Manager: Nate Howard
PROJECT_INFO: 
STIPULATIONS_ON_USE: Use of these data require prior ok from PI.
OTHER_COMMENTS: 
REVISION: R0
R0: Final data. Fixed bug in wind averaging code. RA: Preliminary Data. For in-field use only. 
Time_Start, GPS_Alt_m, GPS_Course_deg, GPS_GndSpd_m_s, GPS_Heading_deg, GPS_Lat_deg, GPS_Lon_deg, AirTemp_C, RelHumidity_pct, Pressure_mb, WindDir_calc_deg, WindSpd_calc_m_s
[from data line 203]
12180.0,1309.6,359.21,0.06,359.21,40.73435,-111.87211,31.7,20.6,875.8,121.16,1.4
12240.0,1309.7,359.76,0.05,359.76,40.73435,-111.87211,31.7,20.8,875.8,123.90,1.6
12300.0,1309.7,0.35,0.05,0.35,40.73435,-111.87211,31.6,20.9,875.8,117.74,1.2
12360.0,1309.5,0.45,0.06,0.45,40.73435,-111.87210,31.6,20.9,875.8,120.01,1.2
12420.0,1309.4,0.61,0.05,0.61,40.73435,-111.87210,31.5,20.9,875.9,126.97,1.1
12480.0,1309.4,0.66,0.05,0.66,40.73435,-111.87210,31.4,21.0,875.9,82.45,0.4
12540.0,1309.3,359.96,0.06,359.96,40.73435,-111.87210,31.4,21.2,875.9,110.69,0.7
12600.0,1309.3,359.40,0.05,359.40,40.73435,-111.87211,31.4,21.4,875.9,118.65,0.9
12660.0,1309.2,359.48,0.05,359.48,40.73435,-111.87211,31.3,21.3,876.0,112.41,1.0
12720.0,1309.2,359.87,0.05,359.87,40.73435,-111.87211,31.2,21.0,876.0,123.58,2.0
12780.0,1309.2,0.39,0.05,0.39,40.73435,-111.87210,31.1,21.4,876.0,116.86,1.4
12840.0,1309.2,0.39,0.05,0.39,40.73435,-111.87210,31.0,22.0,876.0,112.10,1.0
12900.0,1309.3,0.55,0.06,0.55,40.73435,-111.87211,31.0,22.4,876.0,110.49,0.9
12960.0,1309.4,0.87,0.05,0.87,40.73435,-111.87211,30.9,21.5,876.1,107.14,0.7
13020.0,1309.1,0.96,0.05,0.96,40.73435,-111.87211,30.8,22.1,876.1,117.59,1.5
13080.0,1308.9,0.69,0.05,0.69,40.73435,-111.87211,30.7,22.3,876.1,117.27,1.8
13140.0,1308.9,359.80,0.05,359.80,40.73435,-111.87211,30.6,22.3,876.2,128.29,2.9
13200.0,1308.9,0.04,0.05,0.04,40.73435,-111.87211,30.6,21.3,876.2,150.70,3.1
13260.0,1309.0,359.60,0.05,359.60,40.73435,-111.87211,30.6,21.1,876.4,154.58,3.7
13320.0,1309.1,359.52,0.04,359.52,40.73435,-111.87211,30.8,20.3,876.4,169.62,1.5
13380.0,1309.1,359.62,0.04,359.62,40.73435,-111.87211,30.8,19.9,876.5,147.91,3.6
13440.0,1309.2,359.35,0.05,359.35,40.73435,-111.87211,30.9,18.6,876.6,152.76,4.3
13500.0,1309.0,359.60,0.05,359.60,40.73435,-111.87211,31.0,18.2,876.6,170.45,4.7
13560.0,1308.8,359.65,0.05,359.65,40.73435,-111.87211,31.0,18.4,876.6,142.08,4.9
13620.0,1308.7,359.75,0.04,359.75,40.73435,-111.87211,30.9,19.0,876.6,134.85,4.6
13680.0,1308.7,0.08,0.04,0.08,40.73435,-111.87211,30.8,19.9,876.7,131.62,4.9
13740.0,1308.7,0.07,0.06,0.07,40.73435,-111.87211,30.7,19.0,876.7,148.45,4.2
13800.0,1308.6,0.09,0.05,0.09,40.73435,-111.87211,30.7,19.3,876.7,137.05,4.4
13860.0,1308.5,359.60,0.06,359.60,40.73435,-111.87211,30.5,19.7,876.7,130.84,4.3
13920.0,1308.6,359.70,0.05,359.70,40.73435,-111.87211,30.4,19.1,876.7,144.44,4.9
13980.0,1308.6,0.40,0.05,0.40,40.73435,-111.87211,30.2,20.9,876.7,127.47,4.2
14040.0,1308.7,0.03,0.05,0.03,40.73435,-111.87211,30.1,20.2,876.7,132.02,5.4
14100.0,1308.6,359.40,0.05,359.40,40.73435,-111.87210,30.0,20.8,876.7,134.37,5.0
14160.0,1308.6,359.51,0.05,359.51,40.73435,-111.87210,30.0,19.9,876.6,128.17,4.5
14220.0,1308.4,359.23,0.05,359.23,40.73435,-111.87210,29.9,21.7,876.6,126.71,2.8
14280.0,1308.4,358.74,0.05,358.74,40.73435,-111.87210,29.7,21.4,876.6,121.07,3.9
14340.0,1308.5,358.72,0.05,358.72,40.73435,-111.87210,29.6,21.9,876.6,124.88,3.5
14400.0,1308.6,359.47,0.05,359.47,40.73435,-111.87210,29.4,22.3,876.6,127.89,3.9
14460.0,1308.5,359.35,0.05,359.35,40.73435,-111.87210,29.3,22.0,876.6,123.92,2.8
14520.0,1308.5,359.88,0.05,359.88,40.73435,-111.87210,29.2,22.2,876.6,123.84,2.9
14580.0,1308.5,359.35,0.05,359.35,40.73435,-111.87210,29.1,22.3,876.6,126.25,3.2
14640.0,1308.5,359.44,0.05,359.44,40.73435,-111.87210,29.1,22.3,876.6,133.49,2.9
14700.0,1308.6,359.31,0.05,359.31,40.73435,-111.87210,29.1,21.8,876.6,129.03,4.7
14760.0,1308.8,359.32,0.05,359.32,40.73434,-111.87210,29.1,22.1,876.6,131.55,3.5
14820.0,1308.8,359.03,0.05,359.03,40.73434,-111.87210,29.1,22.1,876.6,127.05,3.5
14880.0,1308.7,358.59,0.05,358.59,40.73434,-111.87210,29.1,22.0,876.6,128.63,2.3
14940.0,1308.7,358.33,0.05,358.33,40.73434,-111.87210,29.2,22.5,876.6,136.02,2.0
15000.0,1308.7,358.94,0.05,358.94,40.73434,-111.87210,29.1,22.0,876.6,141.68,2.2
15060.0,1308.7,359.34,0.05,359.34,40.73434,-111.87210,29.2,22.4,876.6,141.37,2.0
15120.0,1308.8,359.93,0.05,359.93,40.73434,-111.87210,29.2,22.6,876.6,135.69,1.3
15180.0,1308.9,359.94,0.05,359.94,40.73434,-111.87210,29.2,23.3,876.6,131.39,1.3
15240.0,1308.9,359.61,0.06,359.61,40.73434,-111.87210,29.2,22.3,876.6,126.84,1.2
15300.0,1308.9,359.16,0.06,359.16,40.73434,-111.87210,29.2,22.2,876.6,117.60,0.9
15360.0,1308.8,358.92,0.05,358.92,40.73434,-111.87210,29.2,22.2,876.6,119.81,1.1
15420.0,1308.7,359.25,0.05,359.25,40.73435,-111.87210,29.2,22.2,876.6,126.03,1.2
15480.0,1308.8,359.54,0.04,359.54,40.73435,-111.87210,29.2,22.5,876.6,117.54,1.0
15540.0,1308.8,359.77,0.05,359.77,40.73435,-111.87210,29.2,21.6,876.6,125.52,1.8
15600.0,1308.6,359.62,0.04,359.62,40.73435,-111.87210,29.2,21.9,876.6,125.14,1.2
15660.0,1308.5,359.83,0.05,359.83,40.73435,-111.87210,29.3,21.2,876.6,133.21,1.5
15720.0,1308.7,359.80,0.04,359.80,40.73435,-111.87210,29.3,21.5,876.6,136.66,1.4
15780.0,1308.5,359.37,0.05,359.37,40.73435,-111.87210,29.3,22.3,876.6,119.99,1.6
15840.0,1308.6,359.66,0.06,359.66,40.73435,-111.87210,29.3,21.2,876.6,138.61,3.2
15900.0,1309.0,359.88,0.05,359.88,40.73435,-111.87210,29.3,21.6,876.6,128.03,2.4
15960.0,1309.0,0.13,0.05,0.13,40.73435,-111.87210,29.3,21.9,876.6,127.72,1.2
16020.0,1308.6,0.30,0.05,0.30,40.73435,-111.87210,29.3,21.7,876.6,125.40,1.2
16080.0,1308.3,0.09,0.05,0.09,40.73435,-111.87211,29.3,21.6,876.6,135.79,1.5
16140.0,1308.4,0.05,0.05,0.05,40.73435,-111.87210,29.3,21.3,876.6,129.89,1.5
16200.0,1308.3,0.15,0.05,0.15,40.73435,-111.87210,29.3,21.0,876.6,128.97,1.3
16260.0,1308.2,359.81,0.05,359.81,40.73435,-111.87210,29.3,21.2,876.6,127.14,1.4
16320.0,1308.3,359.95,0.04,359.95,40.73435,-111.87211,29.2,21.8,876.6,123.24,1.5
16380.0,1308.5,359.12,0.05,359.12,40.73435,-111.87211,29.2,21.7,876.7,124.67,1.1
16440.0,1308.5,359.12,0.04,359.12,40.73435,-111.87211,29.2,22.7,876.7,120.28,0.9
16500.0,1308.7,358.74,0.05,358.74,40.73435,-111.87211,29.1,21.9,876.7,96.41,0.6
16560.0,1308.8,359.40,0.04,359.40,40.73435,-111.87210,29.1,22.3,876.7,111.87,0.7
16620.0,1308.5,358.97,0.04,358.97,40.73435,-111.87211,29.0,21.7,876.7,97.27,0.4
16680.0,1308.5,358.94,0.05,358.94,40.73435,-111.87211,28.9,21.6,876.7,122.31,0.6
16740.0,1308.5,359.12,0.05,359.12,40.73435,-111.87211,28.9,21.8,876.6,115.33,0.7
16800.0,1308.5,359.33,0.06,359.33,40.73435,-111.87211,28.9,22.1,876.6,114.40,0.5
16860.0,1308.3,359.28,0.05,359.28,40.73435,-111.87211,28.8,22.8,876.6,126.61,1.0
16920.0,1308.4,358.65,0.06,358.65,40.73435,-111.87211,28.8,22.4,876.6,126.19,1.1
16980.0,1308.6,358.35,0.05,358.35,40.73435,-111.87211,28.8,23.2,876.7,129.90,1.2
17040.0,1308.8,359.20,0.06,359.20,40.73435,-111.87211,28.7,24.0,876.7,128.54,1.1
17100.0,1309.0,359.54,0.05,359.54,40.73435,-111.87211,28.7,22.4,876.7,126.13,0.9
17160.0,1308.9,359.90,0.05,359.90,40.73435,-111.87211,28.7,22.4,876.7,112.47,0.5
17220.0,1308.8,0.07,0.06,0.07,40.73435,-111.87211,28.7,22.1,876.8,111.16,0.7
17280.0,1308.5,359.87,0.06,359.87,40.73435,-111.87211,28.7,22.8,876.8,131.36,1.1
17340.0,1308.5,359.80,0.05,359.80,40.73435,-111.87211,28.7,23.2,876.8,117.55,0.9
17400.0,1308.6,0.10,0.05,0.10,40.73435,-111.87211,28.7,22.2,876.8,154.71,0.6
17460.0,1308.8,359.69,0.05,359.69,40.73434,-111.87211,28.7,22.0,876.9,192.58,1.0
17520.0,1309.0,359.74,0.05,359.74,40.73434,-111.87211,28.8,22.4,876.9,174.58,1.0
17580.0,1308.9,359.65,0.05,359.65,40.73434,-111.87211,28.8,22.3,876.9,173.94,1.2
17640.0,1308.3,359.68,0.05,359.68,40.73435,-111.87211,29.0,22.1,876.9,154.77,0.8
17700.0,1308.0,359.54,0.05,359.54,40.73435,-111.87211,29.1,21.9,876.9,135.47,0.8
17760.0,1308.0,359.96,0.05,359.96,40.73435,-111.87211,29.1,21.4,876.9,160.33,0.9
17820.0,1307.9,359.82,0.06,359.82,40.73435,-111.87211,29.1,22.3,876.9,139.23,2.5
17880.0,1307.9,359.79,0.05,359.79,40.73435,-111.87211,29.0,22.3,876.9,131.99,2.9
17940.0,1307.8,359.84,0.05,359.84,40.73435,-111.87211,29.0,21.6,876.9,140.29,1.8
18000.0,1308.0,359.90,0.05,359.90,40.73434,-111.87211,28.8,23.3,876.9,130.09,2.9
18060.0,1308.0,359.67,0.05,359.67,40.73434,-111.87211,28.8,22.5,876.9,149.29,2.6
18120.0,1308.1,359.79,0.06,359.79,40.73435,-111.87210,28.6,22.7,876.9,133.29,2.1
18180.0,1307.9,359.64,0.06,359.64,40.73435,-111.87210,28.6,23.8,876.9,129.77,1.6
18240.0,1307.6,359.93,0.05,359.93,40.73435,-111.87211,28.5,23.9,876.9,118.26,0.8
18300.0,1307.8,0.08,0.05,0.08,40.73435,-111.87210,28.4,23.9,876.9,126.93,1.1
18360.0,1308.0,359.47,0.06,359.47,40.73435,-111.87210,28.4,23.6,876.9,122.02,0.8
18420.0,1307.7,358.94,0.06,358.94,40.73435,-111.87210,28.3,23.7,876.9,116.94,1.1
18480.0,1308.4,359.20,0.06,359.20,40.73435,-111.87210,28.2,23.4,876.9,129.76,0.6
18540.0,1308.6,359.12,0.05,359.12,40.73435,-111.87210,28.3,23.9,876.9,118.36,0.8
18600.0,1308.1,358.87,0.06,358.87,40.73435,-111.87210,28.2,23.8,876.9,127.19,1.2
18660.0,1308.2,358.74,0.05,358.74,40.73434,-111.87210,28.2,23.8,876.9,110.60,0.7
18720.0,1307.9,359.05,0.05,359.05,40.73434,-111.87210,28.2,23.5,876.9,119.04,0.8
18780.0,1307.7,359.08,0.05,359.08,40.73434,-111.87210,28.2,23.6,876.9,120.20,0.7
18840.0,1307.8,359.29,0.06,359.29,40.73434,-111.87210,28.1,23.8,876.9,120.18,0.8
18900.0,1308.2,359.20,0.05,359.20,40.73434,-111.87210,28.0,24.9,876.9,131.44,1.7
18960.0,1308.2,359.03,0.05,359.03,40.73434,-111.87210,27.9,25.2,877.0,126.29,1.6
19020.0,1308.3,358.91,0.06,358.91,40.73434,-111.87210,27.8,25.2,877.0,134.67,1.5
19080.0,1308.4,358.88,0.06,358.88,40.73434,-111.87210,27.8,23.9,876.9,139.16,1.0
19140.0,1308.9,358.69,0.06,358.69,40.73434,-111.87210,27.7,25.5,876.9,125.24,0.8
19200.0,1309.1,358.82,0.05,358.82,40.73434,-111.87210,27.8,25.1,876.9,143.02,0.8
19260.0,1308.8,358.98,0.05,358.98,40.73434,-111.87210,27.7,24.3,876.9,136.42,1.7
19320.0,1308.9,359.05,0.06,359.05,40.73434,-111.87210,27.6,23.9,876.9,113.79,1.9
19380.0,1308.9,359.52,0.06,359.52,40.73434,-111.87210,27.6,24.0,876.9,128.11,1.3
19440.0,1309.0,0.19,0.06,0.19,40.73434,-111.87210,27.6,24.7,877.0,131.29,1.8
19500.0,1308.9,359.46,0.06,359.46,40.73435,-111.87210,27.5,24.4,876.9,139.16,1.3
19560.0,1308.8,359.76,0.06,359.76,40.73435,-111.87210,27.6,23.7,877.0,143.32,1.4
19620.0,1308.8,359.60,0.05,359.60,40.73435,-111.87210,27.5,23.9,877.0,121.00,1.4
19680.0,1308.8,359.83,0.06,359.83,40.73435,-111.87210,27.5,25.0,876.9,122.43,0.9
19740.0,1308.8,359.54,0.05,359.54,40.73435,-111.87210,27.6,23.9,876.9,80.32,0.4
19800.0,1308.7,359.59,0.05,359.59,40.73435,-111.87210,27.6,23.5,876.9,134.97,0.3
19860.0,1308.6,359.44,0.05,359.44,40.73435,-111.87210,27.6,23.6,876.9,150.54,0.6
19920.0,1308.4,359.66,0.05,359.66,40.73435,-111.87210,27.6,23.7,876.9,105.37,0.6
19980.0,1308.4,359.31,0.05,359.31,40.73435,-111.87210,27.6,24.5,876.9,143.08,1.3
20040.0,1307.6,359.45,0.05,359.45,40.73435,-111.87211,27.6,23.7,876.9,162.64,1.1
20100.0,1307.5,359.03,0.05,359.03,40.73435,-111.87211,27.5,24.8,876.9,94.24,0.5
20160.0,1307.6,359.19,0.05,359.19,40.73435,-111.87211,27.4,24.4,876.9,102.28,0.6
20220.0,1307.6,359.25,0.05,359.25,40.73435,-111.87211,27.5,23.5,876.9,114.37,0.3
20280.0,1307.4,359.44,0.04,359.44,40.73435,-111.87211,27.5,23.3,876.9,147.55,0.4
20340.0,1307.4,359.46,0.04,359.46,40.73435,-111.87211,27.5,23.3,876.9,115.62,0.4
20400.0,1307.4,359.17,0.04,359.17,40.73435,-111.87211,27.5,23.8,876.9,121.59,1.1
20460.0,1307.4,358.60,0.04,358.60,40.73435,-111.87211,27.5,24.7,876.9,125.22,1.4
20520.0,1307.4,358.41,0.04,358.41,40.73435,-111.87211,27.5,24.8,876.9,129.42,1.0
20580.0,1307.4,358.64,0.04,358.64,40.73435,-111.87211,27.4,24.1,876.9,124.14,0.8
20640.0,1307.3,359.13,0.04,359.13,40.73435,-111.87211,27.4,24.1,876.9,104.96,0.5
20700.0,1307.2,359.01,0.04,359.01,40.73435,-111.87211,27.4,24.3,876.9,122.57,1.4
20760.0,1307.2,358.78,0.04,358.78,40.73435,-111.87211,27.4,24.2,876.9,120.34,0.8
20820.0,1307.1,358.67,0.04,358.67,40.73435,-111.87211,27.4,23.8,876.9,129.72,0.7
20880.0,1307.2,358.72,0.04,358.72,40.73435,-111.87211,27.4,24.1,876.9,130.39,1.1
20940.0,1307.1,358.79,0.05,358.79,40.73435,-111.87211,27.4,24.1,876.8,104.82,0.7
21000.0,1307.1,358.94,0.04,358.94,40.73435,-111.87211,27.4,23.7,876.9,115.60,1.0
21060.0,1307.0,359.08,0.05,359.08,40.73435,-111.87211,27.3,24.0,876.8,118.45,1.1
21120.0,1307.0,358.41,0.04,358.41,40.73435,-111.87211,27.3,23.5,876.8,116.78,1.6
21180.0,1307.1,358.00,0.05,358.00,40.73435,-111.87211,27.4,23.7,876.8,117.83,0.9
21240.0,1307.2,358.13,0.04,358.13,40.73435,-111.87211,27.4,24.0,876.8,112.95,1.8
21300.0,1307.2,357.38,0.04,357.38,40.73435,-111.87211,27.3,23.8,876.8,108.37,1.9
21360.0,1307.5,357.20,0.04,357.20,40.73435,-111.87211,27.3,23.7,876.8,112.38,1.9
21420.0,1307.7,357.31,0.04,357.31,40.73435,-111.87211,27.3,24.0,876.8,121.82,1.9
21480.0,1307.9,357.31,0.05,357.31,40.73435,-111.87211,27.3,24.3,876.8,121.91,2.3
21540.0,1308.0,358.04,0.05,358.04,40.73435,-111.87211,27.3,23.6,876.8,107.28,1.9
21600.0,1308.0,358.35,0.04,358.35,40.73435,-111.87211,27.4,23.8,876.8,121.43,1.6
21660.0,1308.0,358.48,0.03,358.48,40.73435,-111.87211,27.4,23.9,876.8,116.43,2.4
21720.0,1308.1,357.97,0.05,357.97,40.73435,-111.87211,27.4,23.7,876.8,113.16,2.5
21780.0,1308.1,357.81,0.04,357.81,40.73435,-111.87211,27.4,23.9,876.8,110.21,1.9
21840.0,1308.1,357.84,0.05,357.84,40.73435,-111.87211,27.3,23.6,876.8,102.49,2.2
21900.0,1308.2,358.28,0.05,358.28,40.73435,-111.87211,27.3,23.8,876.8,115.65,2.3
21960.0,1308.2,358.61,0.04,358.61,40.73435,-111.87211,27.4,23.7,876.8,129.38,1.9
22020.0,1308.3,358.43,0.04,358.43,40.73435,-111.87211,27.3,23.9,876.8,107.60,2.1
22080.0,1308.3,358.75,0.05,358.75,40.73435,-111.87211,27.3,23.8,876.8,125.25,5.0
22140.0,1308.5,358.38,0.04,358.38,40.73435,-111.87211,27.3,24.1,876.8,119.94,2.8
22200.0,1308.4,358.31,0.05,358.31,40.73435,-111.87211,27.3,24.1,876.8,119.52,2.1
22260.0,1308.5,358.50,0.04,358.50,40.73435,-111.87211,27.3,24.0,876.8,121.68,2.2
22320.0,1308.7,358.61,0.04,358.61,40.73435,-111.87211,27.3,23.8,876.9,120.64,3.5
22380.0,1308.9,358.51,0.05,358.51,40.73435,-111.87211,27.2,23.6,876.9,117.28,3.9
22440.0,1308.9,358.65,0.04,358.65,40.73435,-111.87211,27.3,23.8,876.9,118.19,4.1
22500.0,1309.0,358.74,0.04,358.74,40.73435,-111.87211,27.2,24.4,876.9,127.77,4.6
22560.0,1309.1,359.08,0.05,359.08,40.73435,-111.87211,27.2,24.1,877.0,118.40,3.2
22620.0,1309.1,359.00,0.04,359.00,40.73435,-111.87211,27.3,23.4,876.9,139.04,4.9
22680.0,1309.3,359.29,0.04,359.29,40.73435,-111.87211,27.4,23.8,876.9,134.52,4.6
22740.0,1309.3,359.89,0.04,359.89,40.73435,-111.87211,27.4,23.6,876.9,128.36,4.4
22800.0,1309.4,0.09,0.05,0.09,40.73435,-111.87211,27.3,24.1,876.9,131.84,5.3
22860.0,1309.4,359.81,0.04,359.81,40.73435,-111.87211,27.3,24.5,876.9,128.71,3.1
22920.0,1309.5,359.63,0.05,359.63,40.73435,-111.87211,27.3,24.1,876.9,106.50,2.5
22980.0,1309.7,359.53,0.04,359.53,40.73435,-111.87211,27.3,23.5,876.9,118.09,3.8
23040.0,1310.0,359.77,0.05,359.77,40.73435,-111.87211,27.4,23.4,877.0,125.18,3.9
23100.0,1309.7,359.49,0.04,359.49,40.73435,-111.87211,27.5,23.5,877.0,114.56,2.2
23160.0,1309.6,359.54,0.04,359.54,40.73435,-111.87211,27.5,23.0,876.9,124.16,1.5
23220.0,1309.6,359.53,0.05,359.53,40.73435,-111.87211,27.5,23.3,876.9,114.43,2.3
23280.0,1310.1,359.35,0.05,359.35,40.73435,-111.87210,27.6,23.3,877.0,109.27,2.7
23340.0,1310.1,359.13,0.05,359.13,40.73435,-111.87210,27.6,23.5,877.0,121.26,1.8
23400.0,1309.9,359.30,0.05,359.30,40.73435,-111.87210,27.5,23.5,877.0,114.12,3.4
23460.0,1309.6,358.91,0.04,358.91,40.73435,-111.87210,27.6,23.5,877.1,112.27,1.7
23520.0,1309.2,359.05,0.04,359.05,40.73435,-111.87210,27.5,23.7,877.0,111.64,2.9
23580.0,1309.1,359.48,0.04,359.48,40.73435,-111.87210,27.5,23.7,877.0,113.95,1.3
23640.0,1309.3,359.44,0.05,359.44,40.73435,-111.87210,27.5,23.7,877.0,113.70,2.5
23700.0,1309.1,359.16,0.05,359.16,40.73435,-111.87211,27.4,23.7,877.1,114.65,2.8
23760.0,1308.9,359.69,0.05,359.69,40.73435,-111.87211,27.5,23.5,877.0,97.27,1.3
23820.0,1309.0,359.97,0.04,359.97,40.73435,-111.87211,27.5,23.7,877.0,122.44,2.6
23880.0,1308.9,0.08,0.05,0.08,40.73435,-111.87211,27.5,23.7,877.0,128.69,2.1
23940.0,1309.0,0.45,0.04,0.45,40.73435,-111.87210,27.5,23.7,877.0,119.75,1.4
24000.0,1309.2,0.40,0.04,0.40,40.73435,-111.87210,27.5,24.1,877.0,120.52,2.6
