CampaignData_and_Merges/R0/CSL_MobileLab_Parked/raw/20240718/USOS-POPS_MobileLabGround_20240718_R0.ict
78, 1001
Thornberry, T. D.
NOAA Chemical Sciences Laboratory
Portable Optical Particle Spectrometer (POPS)
USOS
1, 1
2024, 07, 18, 2025, 05, 08
60
Time_Start, seconds_past_midnight, Start time of measurement
45
1, 1, 1, 1, 1, 1, 1, 1, 1, 1, 1, 1, 1, 1, 1, 1, 1, 1, 1, 1, 1, 1, 1, 1, 1, 1, 1, 1, 1, 1, 1, 1, 1, 1, 1, 1, 1, 1, 1, 1, 1, 1, 1, 1, 1
-9999, -9999, -9999, -9999, -9999, -9999, -9999, -9999, -9999, -9999, -9999, -9999, -9999, -9999, -9999, -9999, -9999, -9999, -9999, -9999, -9999, -9999, -9999, -9999, -9999, -9999, -9999, -9999, -9999, -9999, -9999, -9999, -9999, -9999, -9999, -9999, -9999, -9999, -9999, -9999, -9999, -9999, -9999, -9999, -9999
Time_Stop, seconds_past_midnight, Stop time of measurement
Time_Mid, seconds_past_midnight, Mid time of measurement
Press_mb, mb, Pressure reported (mb)
Temp_C, degrees C, POPS temperature measurement
Aerosol_concentration, cm^-3, Aerosol concentration
Surface_Area_Conc, um^2 cm^-3, Surface area concentration
Volume_density, um^3 cm^-3, Volume density
Effective_radius, um, Effective radius
Extinction, km^-1, Extinction
Bin01, cm^-3, particle concentration in size range [1401 - 146.3 nm]
Bin02, cm^-3, particle concentration in size range [146.3 - 152.8 nm]
Bin03, cm^-3, particle concentration in size range [152.8 - 159.6 nm]
Bin04, cm^-3, particle concentration in size range [159.6 - 166.8 nm]
Bin05, cm^-3, particle concentration in size range [166.8 - 174.2 nm]
Bin06, cm^-3, particle concentration in size range [174.2 - 181.9 nm]
Bin07, cm^-3, particle concentration in size range [181.9 - 190.0 nm]
Bin08, cm^-3, particle concentration in size range [190.0 - 198.5 nm]
Bin09, cm^-3, particle concentration in size range [198.5 - 207.4 nm]
Bin10, cm^-3, particle concentration in size range [207.4 - 216.6 nm]
Bin11, cm^-3, particle concentration in size range [216.6 - 226.2 nm]
Bin12, cm^-3, particle concentration in size range [226.2 - 236.3 nm]
Bin13, cm^-3, particle concentration in size range [236.3 - 246.8 nm]
Bin14, cm^-3, particle concentration in size range [246.8 - 257.8 nm]
Bin15, cm^-3, particle concentration in size range [257.8 - 269.3 nm]
Bin16, cm^-3, particle concentration in size range [269.3 - 343.4 nm]
Bin17, cm^-3, particle concentration in size range [343.4 - 450.7 nm]
Bin18, cm^-3, particle concentration in size range [450.7 - 525.9 nm]
Bin19, cm^-3, particle concentration in size range [525.9 - 618.5 nm]
Bin20, cm^-3, particle concentration in size range [618.5 - 710.0 nm]
Bin21, cm^-3, particle concentration in size range [710.0 - 822.7 nm]
Bin22, cm^-3, particle concentration in size range [822.7 - 885.9 nm]
Bin23, cm^-3, particle concentration in size range [885.9 - 953.9 nm]
Bin24, cm^-3, particle concentration in size range [953.9 - 1027.2 nm]
Bin25, cm^-3, particle concentration in size range [1027.2 - 1106.1 nm]
Bin26, cm^-3, particle concentration in size range [1106.1 - 1191.0 nm]
Bin27, cm^-3, particle concentration in size range [1191.0 - 1282.5 nm]
Bin28, cm^-3, particle concentration in size range [1282.5 - 1381.0 nm]
Bin29, cm^-3, particle concentration in size range [1381.0 - 1487.1 nm]
Bin30, cm^-3, particle concentration in size range [1487.1 - 1601.3 nm]
Bin31, cm^-3, particle concentration in size range [1601.3 - 1724.3 nm]
[...]
PLATFORM: NOAA CSL Mobile Lab
LOCATION: USOS
ASSOCIATED_DATA: N/A
INSTRUMENT_INFO: Printed Optical Particle Spectrometer counts particles from 140 - 2500 nm in diameter 
DATA_INFO: Particle concentrations reported in number per cubic centimeter,1 Hz data
UNCERTAINTY: Counting uncertainty dominated by air flow, less than 5 percent. Measurement range is ~0 - 3000 per cm3 (varies depending on flow rate- manufacturer quotes 1250 per cm3 at 1.667 cc/s)
ULOD_FLAG: -7777
ULOD_VALUE: N/A
LLOD_FLAG: -8888
LLOD_VALUE: N/A
DM_CONTACT_INFO: Troy Thornberry, 325 Broadway R/CSL6, Boulder, CO 80305; troy.thornberry@noaa.gov; 303-497-3373
PROJECT_INFO: USOS, Utah POPS data from NOAA CSL Mobile Lab
STIPULATIONS_ON_USE: Please contact the PIs for questions regarding applications and uncertainties
OTHER_COMMENTS: POPS bin Edges (nm):  140.1, 146.3, 152.8, 159.6, 166.8, 174.2, 181.9, 190.0, 198.5, 207.4, 216.6, 226.2, 236.3, 246.8, 257.8, 269.3, 343.4, 450.7, 525.9, 618.5, 710.0, 822.7, 885.9, 953.9, 1027.2, 1106.1, 1191.0, 1282.5, 1381.0, 1487.1, 1601.3, 1724.3, 1856.7, 1999.3, 2152.8, 2318.2, 2496.2
Calculations assume organic aerosol refractive index of 1.52+0.00j and extinction wavelength = 532 nm
REVISION: R0
R0: Final data
Time_Start, Time_Stop, Time_Mid, Press_mb, Temp_C, Aerosol_concentration, Surface_Area_Conc, Volume_density, Effective_radius, Extinction, Bin01, Bin02, Bin03, Bin04, Bin05, Bin06, Bin07, Bin08, Bin09, Bin10, Bin11, Bin12, Bin13, Bin14, Bin15, Bin16, Bin17, Bin18, Bin19, Bin20, Bin21, Bin22, Bin23, Bin24, Bin25, Bin26, Bin27, Bin28, Bin29, Bin30, Bin31, Bin32, Bin33, Bin34, Bin35, Bin36
[from data line 40]
2400,2459,2430,871.362,37.509,289.826,52.532,2.742,0.156,0.016,14.823463,15.427640,15.529611,15.325891,16.004045,16.237911,15.784871,15.557350,14.995777,14.673417,15.135121,15.644578,15.605964,15.836026,12.838741,43.972187,12.442166,2.667512,0.847105,0.149111,0.080659,0.052179,0.051608,0.039760,0.000000,0.000000,0.017488,0.011615,0.017176,0.017110,0.005616,0.023051,0.000000,0.005562,0.000000,0.005634
2460,2519,2490,871.367,37.493,284.781,51.438,2.552,0.148,0.016,14.463408,15.142870,15.043393,15.263659,15.472979,15.769053,14.890047,15.618355,14.756207,15.059675,14.780927,15.491128,15.952025,15.172143,13.122328,42.888805,11.807351,2.650009,0.919722,0.178731,0.121502,0.055454,0.033285,0.033578,0.005650,0.028167,0.011205,0.016468,0.010848,0.011535,0.000000,0.000000,0.005376,0.000000,0.000000,0.005574
2520,2579,2550,871.387,37.423,287.220,51.545,2.520,0.146,0.015,14.786855,14.372512,14.766069,15.637039,15.936422,16.116045,15.981314,15.632653,15.034080,14.766747,15.158683,15.265376,15.862755,15.047753,12.966441,44.256817,12.027779,2.385469,0.794020,0.107845,0.114947,0.080992,0.017441,0.011541,0.017519,0.017384,0.011573,0.017479,0.005747,0.000000,0.005634,0.000000,0.017165,0.000000,0.000000,0.000000
2580,2639,2610,871.378,37.334,285.112,51.315,2.554,0.149,0.016,14.983112,15.296365,14.714860,15.303769,15.820191,15.977129,15.558910,15.072429,14.441918,14.949208,15.118944,14.990229,15.310746,15.305116,12.912949,43.559082,12.097847,2.415240,0.794603,0.148676,0.096226,0.067830,0.046277,0.039726,0.017054,0.005669,0.017140,0.011226,0.011611,0.005575,0.011211,0.005885,0.000000,0.000000,0.005726,0.000000
2640,2699,2670,871.404,37.298,286.905,51.176,2.444,0.143,0.015,14.838893,15.163589,15.490110,15.576310,16.197208,15.935435,15.608085,15.529480,14.739383,15.151336,14.635314,15.731031,15.564635,15.088610,12.285313,43.395035,12.181289,2.509078,0.879748,0.142783,0.125972,0.016950,0.028583,0.016932,0.011243,0.011442,0.039549,0.000000,0.011671,0.000000,0.000000,0.000000,0.000000,0.000000,0.000000,0.000000
2700,2759,2730,871.403,37.196,285.548,51.590,2.656,0.153,0.016,15.397223,14.701428,14.712442,15.015982,16.019299,15.824358,15.763568,16.186005,14.580361,14.571071,14.324565,15.552711,15.416170,15.310252,12.625073,44.261307,11.448499,2.541948,0.757862,0.215642,0.101301,0.023101,0.039806,0.011322,0.028029,0.039908,0.011096,0.011176,0.005688,0.005539,0.011513,0.005805,0.011300,0.005539,0.005594,0.005785
2760,2819,2790,871.400,37.320,285.567,51.284,2.531,0.147,0.015,15.105227,15.097054,14.699453,15.368753,15.934895,15.845346,14.983804,15.633590,14.808641,14.700883,14.894816,15.508787,15.552131,15.079169,13.036076,43.697369,11.921271,2.452652,0.779329,0.196524,0.103745,0.022922,0.023783,0.028829,0.016997,0.011345,0.011402,0.011487,0.005987,0.017371,0.005864,0.000000,0.005945,0.000000,0.000000,0.005825
2820,2879,2850,871.391,37.383,282.167,50.511,2.443,0.145,0.015,15.090450,15.327514,15.061412,15.957783,15.391333,15.461953,15.083858,15.054085,14.683311,14.555413,14.453035,14.663226,15.422300,14.986659,11.912343,43.189297,12.201605,2.421336,0.822467,0.124926,0.114354,0.068578,0.010982,0.005925,0.040296,0.011690,0.022357,0.011381,0.000000,0.005616,0.011533,0.000000,0.000000,0.000000,0.000000,0.000000
2880,2939,2910,871.388,37.227,284.853,51.119,2.554,0.149,0.015,15.261920,15.440132,14.708629,15.513472,16.042871,15.650283,14.846609,15.049655,14.938398,14.698876,14.423825,15.335052,16.023367,15.286597,12.496963,43.982048,11.383469,2.475231,0.862628,0.110991,0.116328,0.033081,0.027557,0.055068,0.021806,0.000000,0.022430,0.000000,0.000000,0.016971,0.005669,0.005747,0.005669,0.011249,0.000000,0.000000
2940,2999,2970,871.378,37.252,284.270,51.002,2.505,0.147,0.015,14.678930,14.969981,15.409064,14.989477,15.738978,15.575895,15.701303,15.471875,14.654877,14.427501,14.661932,15.427317,15.153218,15.239819,13.049298,43.579239,11.775782,2.565394,0.816949,0.151654,0.068634,0.034036,0.010970,0.033256,0.005467,0.022809,0.000000,0.011211,0.011433,0.011225,0.005575,0.000000,0.011153,0.005726,0.000000,0.000000
3000,3059,3030,871.376,37.337,283.623,50.781,2.544,0.149,0.015,14.901222,15.015518,15.107032,15.378617,15.730485,15.767540,15.085156,14.930453,14.934167,14.844841,14.553669,15.503549,15.446183,15.296001,12.661790,43.246391,11.650808,2.444134,0.714537,0.121065,0.083633,0.033722,0.055621,0.022084,0.033357,0.016937,0.005593,0.000000,0.005308,0.005650,0.005291,0.005669,0.000000,0.005650,0.000000,0.010941
3060,3119,3090,871.399,37.305,282.646,50.825,2.543,0.149,0.015,14.563373,14.746174,15.087773,16.008711,16.011887,14.904835,15.233483,14.994727,14.615859,14.345984,14.383007,15.743509,15.998623,14.950497,12.914475,42.784782,11.671404,2.224231,0.939888,0.153840,0.138123,0.035406,0.058423,0.023371,0.029807,0.011812,0.012232,0.017860,0.017851,0.005952,0.006200,0.012127,0.000000,0.000000,0.000000,0.000000
3120,3179,3150,871.393,37.282,282.910,51.449,2.644,0.153,0.016,14.500752,15.092709,14.797297,15.284302,15.435839,15.512477,15.341977,15.585577,14.507748,14.278610,14.444936,15.250433,15.490928,15.082744,12.056027,44.409016,12.015183,2.500489,0.827927,0.147646,0.111134,0.041339,0.040691,0.005587,0.018008,0.023544,0.023834,0.018126,0.011450,0.011760,0.017685,0.005848,0.012296,0.000000,0.000000,0.005887
3180,3239,3210,871.381,37.244,286.504,51.144,2.511,0.147,0.015,14.672400,15.596369,15.250126,15.955264,15.932598,16.049370,15.191595,15.459987,14.764828,14.527379,15.363056,15.672265,15.408000,15.150016,12.464546,43.528358,11.738671,2.466714,0.846199,0.164104,0.121329,0.058228,0.017574,0.034583,0.006007,0.029460,0.005905,0.005728,0.000000,0.000000,0.011441,0.011533,0.000000,0.000000,0.000000,0.000000
3240,3299,3270,871.378,37.267,282.257,50.524,2.459,0.146,0.015,14.764874,14.765529,15.415285,15.639331,15.522190,15.497467,14.817411,14.997256,14.833982,14.599463,14.574838,15.062598,15.719499,14.771388,12.638949,43.238621,11.699501,2.421129,0.859655,0.114246,0.140830,0.056852,0.011007,0.022371,0.022813,0.005631,0.010955,0.005669,0.011414,0.005707,0.005364,0.000000,0.000000,0.000000,0.000000,0.005650
3300,3359,3330,871.375,37.278,281.248,50.506,2.524,0.149,0.015,14.765688,14.882925,14.374910,15.596390,15.565547,15.605344,15.347963,15.030637,14.777785,14.679204,14.715000,14.910570,15.602649,15.232791,12.412658,42.470818,11.554230,2.435730,0.845123,0.110441,0.116638,0.044003,0.038661,0.038652,0.011057,0.016863,0.011002,0.016080,0.000000,0.011114,0.016448,0.000000,0.000000,0.000000,0.000000,0.010720
3360,3419,3390,871.355,37.182,283.243,51.164,2.588,0.151,0.016,14.822298,14.937244,14.436399,15.411481,15.752797,15.140684,15.787645,14.744656,14.816995,14.370743,14.673288,15.214348,15.175216,15.125414,12.630319,44.401318,11.959219,2.585644,0.891246,0.106994,0.107246,0.016719,0.011321,0.022122,0.027549,0.011609,0.016680,0.000000,0.005575,0.011358,0.005707,0.016967,0.000000,0.000000,0.000000,0.005845
3420,3479,3450,871.346,37.129,284.161,50.950,2.526,0.148,0.015,14.769096,15.306750,15.236469,15.266464,16.176029,15.550391,15.260854,15.037663,14.822664,14.800106,14.392550,15.220019,15.611659,14.892917,12.666121,43.769798,11.675513,2.478542,0.783199,0.131946,0.106686,0.028329,0.040299,0.022870,0.034038,0.028465,0.017000,0.011434,0.005688,0.000000,0.000000,0.005765,0.005885,0.000000,0.000000,0.005539
3480,3539,3510,871.363,37.172,280.717,50.245,2.467,0.147,0.015,14.859455,14.887996,14.801970,15.280058,15.386595,15.177985,15.399714,15.073727,14.745697,14.340534,14.275600,15.123558,15.524809,14.595773,12.813104,43.111580,11.795910,2.302297,0.824481,0.154870,0.101460,0.033499,0.039220,0.011338,0.011493,0.005521,0.010901,0.000000,0.000000,0.011061,0.000000,0.000000,0.000000,0.005824,0.005707,0.005707
3540,3599,3570,871.352,37.205,280.341,50.529,2.562,0.151,0.015,14.839441,15.052075,15.042004,15.330779,15.219968,15.023240,14.861709,14.814564,14.575123,14.989800,14.480944,15.822658,15.406127,14.871159,12.391772,42.263752,11.755145,2.268073,0.875683,0.100221,0.100393,0.055693,0.044550,0.011042,0.038714,0.016748,0.016727,0.016706,0.011132,0.010688,0.016911,0.000000,0.000000,0.011418,0.000000,0.005727
3600,3659,3630,871.355,37.177,277.130,49.737,2.494,0.150,0.015,14.577804,14.749226,14.943743,15.279946,15.301434,15.169308,14.783720,15.165244,14.196595,14.325529,14.537609,14.985834,14.839632,14.319874,12.507071,42.380775,11.248453,2.518181,0.896355,0.128525,0.101539,0.049778,0.033888,0.028528,0.005631,0.000000,0.005521,0.005347,0.005669,0.011457,0.005364,0.005575,0.005575,0.000000,0.005575,0.005805
3660,3719,3690,871.363,37.165,276.621,50.353,2.645,0.157,0.015,14.700315,14.533787,14.961566,14.846108,15.435122,15.263393,14.833968,14.417613,14.281754,14.606751,13.885261,14.722229,15.298221,14.753360,12.070578,42.643612,11.453155,2.621411,0.777280,0.112319,0.133796,0.061407,0.033315,0.028319,0.011231,0.022758,0.033567,0.011477,0.000000,0.005557,0.033649,0.005557,0.000000,0.005688,0.011301,0.005398
3720,3779,3750,871.359,37.105,281.425,50.262,2.458,0.146,0.015,14.251453,14.922657,15.196917,15.807181,15.716672,15.580751,15.233189,15.320790,14.724623,14.674122,14.303717,15.071161,14.718361,14.840158,12.828380,43.002140,11.824696,2.280571,0.677525,0.176716,0.122539,0.022137,0.016837,0.011225,0.027822,0.005612,0.005650,0.022491,0.011112,0.005612,0.011060,0.000000,0.005708,0.005593,0.000000,0.000000
3780,3839,3810,871.375,37.041,279.459,50.558,2.543,0.150,0.015,14.666949,14.436744,14.758032,15.133952,15.504164,15.277015,15.572085,14.827130,14.543613,14.712774,14.150894,15.255981,15.296007,15.019327,12.080894,42.684021,11.590074,2.607032,0.784782,0.144799,0.143886,0.061860,0.054789,0.050192,0.017381,0.022571,0.011223,0.016805,0.005429,0.005411,0.011320,0.000000,0.000000,0.000000,0.005767,0.005727
3840,3899,3870,871.373,37.033,276.397,49.734,2.446,0.147,0.015,15.112483,14.819024,14.772639,14.958150,15.507233,14.775004,14.507413,14.478549,14.383080,14.420571,13.440405,15.247483,15.213480,14.857739,12.412118,42.272411,11.460123,2.397536,0.864685,0.178204,0.073618,0.038705,0.044846,0.056068,0.033883,0.016605,0.021893,0.011115,0.005631,0.000000,0.010990,0.000000,0.000000,0.005631,0.000000,0.000000
3900,3959,3930,871.392,37.017,277.155,49.412,2.393,0.145,0.015,14.666695,15.103573,14.368831,14.970869,15.579208,15.264964,14.355263,15.051008,14.266052,14.151942,14.156510,14.932369,15.087400,15.135229,12.499411,42.839367,11.417213,2.233907,0.701161,0.116459,0.084711,0.056151,0.022812,0.027445,0.005785,0.022218,0.005745,0.010954,0.005557,0.000000,0.010918,0.000000,0.000000,0.000000,0.000000,0.005707
3960,4019,3990,871.379,36.994,276.975,49.820,2.472,0.148,0.015,14.610277,14.664108,15.340645,15.017359,15.195545,15.269872,15.227349,14.455828,14.562483,14.574906,14.454173,14.525279,14.792905,14.669814,12.021179,42.311710,11.580428,2.296121,0.875961,0.172537,0.143439,0.063258,0.017660,0.022977,0.016932,0.022617,0.011312,0.028824,0.011711,0.000000,0.000000,0.000000,0.011797,0.005728,0.000000,0.000000
4020,4079,4050,871.379,37.000,278.180,49.700,2.477,0.149,0.015,15.479275,14.907619,14.773193,15.694912,14.828536,15.183105,15.033310,14.815317,14.350055,13.895853,14.654667,15.114404,15.605360,14.636381,12.364544,41.822002,11.458995,2.434947,0.729873,0.141024,0.074263,0.023294,0.028692,0.033625,0.017304,0.023097,0.005616,0.005491,0.011789,0.005634,0.005508,0.000000,0.011020,0.000000,0.005709,0.005653
4080,4139,4110,871.383,36.970,277.985,50.183,2.497,0.149,0.015,14.402737,14.152328,14.674831,15.247407,15.327669,14.969525,14.836849,15.061026,14.713594,14.266209,14.429776,14.946421,14.785779,15.029457,12.376441,43.140259,12.204798,2.142297,0.867762,0.119260,0.102874,0.056557,0.016771,0.017144,0.022957,0.028465,0.005672,0.000000,0.005690,0.011612,0.011494,0.000000,0.000000,0.000000,0.000000,0.011273
4140,4199,4170,871.393,36.963,277.329,50.048,2.586,0.154,0.015,14.431567,15.034958,14.654443,15.321259,15.977696,15.563155,14.467144,14.749500,14.232469,14.613922,14.619285,14.341912,15.229127,13.952824,12.628085,42.329124,11.671640,2.192801,0.852368,0.094856,0.104951,0.050104,0.044858,0.049845,0.016468,0.021788,0.011002,0.005325,0.011001,0.000000,0.027047,0.005688,0.000000,0.017183,0.000000,0.005447
4200,4259,4230,871.394,37.016,279.167,50.132,2.505,0.149,0.015,14.621807,14.874086,15.022473,15.593014,15.571437,15.753587,14.697376,14.939564,14.021053,14.150414,14.388313,15.149658,14.950406,14.482197,12.607221,43.211433,11.376960,2.484203,0.867031,0.116324,0.127750,0.021770,0.033236,0.011262,0.027936,0.022103,0.005708,0.010983,0.000000,0.005464,0.005482,0.000000,0.000000,0.000000,0.000000,0.016378
4260,4319,4290,871.388,37.020,275.763,49.309,2.407,0.146,0.015,14.795216,14.323385,14.557834,14.654421,16.181683,15.512154,14.960219,14.697803,14.693258,14.012067,14.026577,14.779011,15.034078,14.476365,12.166810,41.800850,11.582011,2.353306,0.717146,0.102934,0.101020,0.057506,0.045625,0.046067,0.017480,0.016686,0.011792,0.011851,0.000000,0.011478,0.010810,0.000000,0.005544,0.000000,0.000000,0.000000
4320,4379,4350,871.381,36.940,275.773,49.598,2.459,0.148,0.015,14.022847,14.900434,14.380832,15.257582,15.639977,15.263107,14.788333,15.079792,14.221081,14.202958,13.743806,14.895630,15.150614,14.381563,12.611843,42.166000,11.384682,2.253193,1.047282,0.127342,0.061133,0.022255,0.027199,0.032777,0.005688,0.016716,0.022227,0.027628,0.005464,0.010984,0.016621,0.000000,0.000000,0.000000,0.005787,0.000000
4380,4439,4410,871.394,36.900,277.341,49.912,2.483,0.149,0.015,14.840745,14.323349,14.899702,14.631853,15.199985,15.174100,15.103397,14.898467,14.843690,14.432895,14.589581,14.806842,15.252996,14.409858,12.099221,42.482586,11.646404,2.405792,0.845841,0.162438,0.087015,0.070571,0.034855,0.005678,0.017374,0.011599,0.029787,0.000000,0.005465,0.000000,0.017170,0.000000,0.000000,0.000000,0.005790,0.006050
4440,4499,4470,871.390,36.847,276.122,49.709,2.490,0.150,0.015,14.515998,14.920271,14.771996,14.961734,15.105873,15.427176,14.663707,14.529713,14.220566,14.164470,14.423185,14.955090,15.224061,14.525854,12.318088,42.086422,11.765093,2.310894,0.806180,0.102590,0.108023,0.073462,0.028673,0.011283,0.005824,0.016391,0.023162,0.011363,0.005669,0.005594,0.017026,0.000000,0.005669,0.005745,0.000000,0.005398
4500,4559,4530,871.397,36.829,277.276,49.895,2.510,0.150,0.015,14.465988,14.704186,14.614855,15.100363,15.629169,15.533645,14.514772,14.746670,14.673446,13.588149,13.989486,14.823880,14.968723,15.102556,12.342274,43.250000,11.801513,2.314740,0.687867,0.149647,0.078360,0.056327,0.022400,0.011302,0.011174,0.022361,0.010652,0.022460,0.005556,0.011300,0.000000,0.011358,0.000000,0.005631,0.005688,0.000000
4560,4619,4590,871.401,36.798,273.001,49.229,2.476,0.150,0.015,14.628756,14.892892,14.127200,15.005405,14.926310,15.059075,14.806475,14.593745,13.956161,14.103082,14.430946,14.435681,14.499607,14.508505,12.305105,41.131405,11.922566,2.552886,0.638413,0.165922,0.094534,0.033159,0.038738,0.033623,0.011231,0.021613,0.022458,0.000000,0.027274,0.000000,0.011020,0.005650,0.005650,0.000000,0.005519,0.000000
4620,4679,4650,871.416,36.791,276.043,49.638,2.480,0.149,0.015,14.471733,14.597085,14.289773,14.768085,15.113955,14.825338,15.418199,15.644595,14.183680,14.346760,14.276241,15.005138,15.495934,14.320703,12.003405,42.050571,11.544999,2.399895,0.812280,0.156365,0.111514,0.050054,0.028048,0.022320,0.033594,0.011060,0.016596,0.005574,0.005359,0.011301,0.005556,0.011323,0.005708,0.000000,0.000000,0.000000
4680,4739,4710,871.412,36.698,273.832,49.219,2.454,0.149,0.015,14.517333,14.773205,14.745320,14.557770,15.160254,15.614890,15.002237,14.515426,13.863829,14.745337,14.105403,14.584023,14.593905,13.944541,11.822698,41.665592,11.934716,2.431739,0.777932,0.159152,0.147291,0.062464,0.028547,0.010939,0.005575,0.016957,0.016838,0.011514,0.000000,0.000000,0.000000,0.005650,0.000000,0.000000,0.000000,0.011343
