CampaignData_and_Merges/R0/CSL_MobileLab_Parked/raw/20240718/USOS-PTR_MobileLabGround_20240718_R0.ict
58, 1001
Matthew Coggon, Kelvin Bates, Chelsea Stockwell, Carsten Warneke
NOAA ESRL Chemical Sciences Division
NOAA PTR-ToF-MS
USOS
1,1 
2024, 07, 18, 2025, 09, 19
0
Time_Start, seconds, number of seconds from 00:00 UTC 
22
1, 1, 1, 1, 1, 1, 1, 1, 1, 1, 1, 1, 1, 1, 1, 1, 1, 1, 1, 1, 1, 1
-9999, -9999, -9999, -9999, -9999, -9999, -9999, -9999, -9999, -9999, -9999, -9999, -9999, -9999, -9999, -9999, -9999, -9999, -9999, -9999, -9999, -9999
CH3OH_NOAAPTR_ppbv,  ppbv, Gas_CH3OH_InSitu_S_AVMR, (CH3OH) methanol
CH3CN_NOAAPTR_ppbv,  ppbv, Gas_CH3CN_InSitu_S_AVMR, (CH3CN) acetonitrile
CH3CHO_NOAAPTR_ppbv,  ppbv, Gas_CH3CHO_InSitu_S_AVMR, (CH3CHO) acetaldehyde plus contributions from ethylene glycol and ethylene oxide. Interference from ethanol has been subtracted out.
C2H5OH_NOAAPTR_ppbv,  ppbv, Gas_C2H5OH_InSitu_S_AVMR, (C2H5OH) ethanol
CH3SH_NOAAPTR_ppbv,  ppbv, Gas_CH3SH_InSitu_S_AVMR, (CH3SH) methanethiol, using calibration factor for DMS
Acrolein_NOAAPTR_ppbv,  ppbv, Gas_Acrolein_InSitu_S_AVMR, (C3H4O) acrolein
AcetonePropanal_NOAAPTR_ppbv,  ppbv, Gas_AcetoneAndPropanal_InSitu_S_AVMR, (C3H6O) sum of acetone (dominant isomer) and propanal, using calibration factor for acetone
DMS_NOAAPTR_ppbv,  ppbv, Gas_DMS_InSitu_S_AVMR, (C2H6S) dimethyl sulfide with possible small contributions from ethanethiol
C5H8_NOAAPTR_ppbv,  ppbv, Gas_Isoprene_InSitu_S_AVMR, (C5H8) isoprene and possible fragments from cycloalkanes and aldehydes. Interferences have been subtracted following methods described by Coggon et al (2023)
MVKMAC_NOAAPTR_ppbv,  ppbv, Gas_MVKAndMAC_InSitu_S_AVMR, (C4H6O) sum of methyl vinyl ketone, methacrolein, and small amounts of crotonaldehyde, using weighted calibration factor for MVK (0.637) and MACR (0.363)
Benzene_NOAAPTR_ppbv,  ppbv, Gas_Benzene_InSitu_S_AVMR, (C6H6) benzene
Toluene_NOAAPTR_ppbv,  ppbv, Gas_Toluene_InSitu_S_AVMR, (C7H8) toluene with possible small contributions of fragments from ethyltoluene
Styrene_NOAAPTR_ppbv,  ppbv, Gas_Styrene_InSitu_S_AVMR, (C8H8) styrene
Benzaldehyde_NOAAPTR_ppbv,  ppbv, Gas_Benzaldehyde_InSitu_S_AVMR, (C7H6O) benzaldehyde
C8Aromatics_NOAAPTR_ppbv,  ppbv, Gas_C8Aromatics_InSitu_M_AVMR, (C8H10) sum of m-xylene, p-xylene, o-xylene, and ethyl benzene
C9Aromatics_NOAAPTR_ppbv,  ppbv, Gas_C9Aromatics_InSitu_M_AVMR, (C9H12) sum of C9 aromatics
Naphthalene_NOAAPTR_ppbv,  ppbv, Gas_Naphthalene_InSitu_S_AVMR, (C10H8) naphthalene
Octanal_NOAAPTR_ppbv,  ppbv, Gas_Octanal_InSitu_S_AVMR, (C8H16O) octanal and small amounts of octanone
Monoterpenes_NOAAPTR_ppbv,  ppbv, Gas_Monoterpenes_InSitu_M_AVMR, (C10H16) sum of monoterpenes and possible contributions from fragments of oxygenated monoterpenoids such as eucalyptol.
Nonanal_NOAAPTR_ppbv,  ppbv, Gas_Nonanal_InSitu_M_AVMR, (C9H18O) nonanal and small amounts of nonanone
C7H4ClF3_NOAAPTR_ppbv,  ppbv, Gas_C7H4ClF3_InSitu_S_AVMR, (C7H4ClF3) parachlorobenzotrifluoride
C10H30O5Si5_NOAAPTR_ppbv,  ppbv, Gas_C10H30O5Si5_InSitu_S_AVMR, (C10H30O5Si5) decamethylcyclopentasiloxane
1
SPECIAL COMMENTS:N/A
21
PI_CONTACT_INFO: NOAA ESRL Chemical Sciences Division, Tropospheric Chemistry Group. 325 Broadway, R/CSD7, Boulder, CO 80305
PLATFORM: Mobile Laboratory.
LOCATION: Salt Lake City, UT
ASSOCIATED_DATA: N/A
INSTRUMENT_INFO: NOAA PTR-ToF-MS measurements on NOAA CSL Mobile Lab
DATA_INFO: Units: ppbv
UNCERTAINTY: See OTHER_COMMENTS
ULOD_FLAG: -7777
ULOD_VALUE: N/A
LLOD_FLAG: -8888
LLOD_VALUE: N/A.
DM_CONTACT_INFO: Data Managers: Matt Coggon, Kelvin Bates, Chelsea Stockwell; email: matthew.m.coggon@noaa.gov and kelvin.bates@colorado.edu
PROJECT_INFO: USOS Deployment July-August, 2024
STIPULATIONS_ON_USE: Use of these data require prior OK from PI.
OTHER_COMMENTS: Uncertainties:
CH3OH_NOAAPTR_ppbv:30%; CH3CN_NOAAPTR_ppbv:30%; CH3CHO_NOAAPTR_ppbv:30%; C2H5OH_NOAAPTR_ppbv:30%; CH3SH_NOAAPTR_ppbv:50%; Acrolein_NOAAPTR_ppbv:30%; AcetonePropanal_NOAAPTR_ppbv:30%; DMS_NOAAPTR_ppbv:30%; C5H8_NOAAPTR_ppbv:30%; MVKMAC_NOAAPTR_ppbv:30%; 
Benzene_NOAAPTR_ppbv:30%; Toluene_NOAAPTR_ppbv:30%; Styrene_NOAAPTR_ppbv:30%; Benzaldehyde_NOAAPTR_ppbv:30%; C8Aromatics_NOAAPTR_ppbv:30%; C9Aromatics_NOAAPTR_ppbv:30%; Naphthalene_NOAAPTR_ppbv:30%; Octanal_NOAAPTR_ppbv:30%; Monoterpenes_NOAAPTR_ppbv:30%; Nonanal_NOAAPTR_ppbv:30%; 
C7H4ClF3_NOAAPTR_ppbv:30%; C10H30O5Si5_NOAAPTR_ppbv:30%; 
REVISION: R0
R0: Calibrated PTR Data. See individual species comments for details about measurement uncertainties
Time_Start, CH3OH_NOAAPTR_ppbv, CH3CN_NOAAPTR_ppbv, CH3CHO_NOAAPTR_ppbv, C2H5OH_NOAAPTR_ppbv, CH3SH_NOAAPTR_ppbv, Acrolein_NOAAPTR_ppbv, AcetonePropanal_NOAAPTR_ppbv, DMS_NOAAPTR_ppbv, C5H8_NOAAPTR_ppbv, MVKMAC_NOAAPTR_ppbv, Benzene_NOAAPTR_ppbv, Toluene_NOAAPTR_ppbv, Styrene_NOAAPTR_ppbv, Benzaldehyde_NOAAPTR_ppbv, C8Aromatics_NOAAPTR_ppbv, C9Aromatics_NOAAPTR_ppbv, Naphthalene_NOAAPTR_ppbv, Octanal_NOAAPTR_ppbv, Monoterpenes_NOAAPTR_ppbv, Nonanal_NOAAPTR_ppbv, C7H4ClF3_NOAAPTR_ppbv, C10H30O5Si5_NOAAPTR_ppbv
[from data line 885]
53100.0, 28.87118, 0.30729, 3.79391, 6.20331, 0.01082, 0.79065, 5.97256, 0.01273, 1.62894, 0.84118, 0.61700, 0.64558, 0.05392, -0.01731, 0.45115, 0.19890, 0.00884, 0.69367, 0.19979, 0.11468, 0.01542, 0.01992 
53160.0, 19.23721, 0.30427, 2.83544, 6.37166, 0.00412, 0.36021, 5.65070, 0.01072, 0.70518, 0.82333, 0.12652, 0.50967, 0.03435, -0.04088, 0.37164, 0.15994, -0.01512, 0.06623, 0.20106, 0.04897, 0.01206, 0.01942 
53220.0, 21.40452, 0.29751, 2.85895, 6.67309, 0.00476, 0.37640, 5.70279, 0.01437, 0.90637, 0.83496, 0.23127, 0.57900, 0.05680, -0.04003, 0.35186, 0.15524, -0.01288, 0.07481, 0.19611, 0.07735, 0.01653, 0.01805 
53280.0, 19.44569, 0.28486, 2.74929, 6.82713, 0.00426, 0.40443, 5.75557, 0.02069, 0.70846, 0.80323, 0.15203, 0.51268, 0.03616, -0.03563, 0.35583, 0.16365, -0.01008, 0.06540, 0.19964, 0.06886, 0.02348, 0.02141 
53340.0, 19.05573, 0.30122, 2.89258, 7.03713, 0.00306, 0.36295, 5.68584, 0.01679, 0.78518, 0.85059, 0.23036, 0.56534, 0.05809, -0.01862, 0.38141, 0.14946, 0.00544, 0.03787, 0.22035, 0.09917, 0.02159, 0.01332 
53400.0, 20.62473, 0.29957, 3.12771, 7.13754, 0.00869, 0.43291, 5.91719, 0.01148, 0.87245, 0.86170, 0.22776, 0.59454, 0.05465, -0.03264, 0.41097, 0.15336, -0.00314, 0.12840, 0.19139, 0.08056, 0.02619, 0.01963 
53460.0, 17.13000, 0.29575, 2.77927, 6.88509, 0.00416, 0.38691, 5.73050, 0.02668, 0.72322, 0.85693, 0.21540, 0.53754, 0.02752, -0.02323, 0.38006, 0.13255, 0.00489, 0.08589, 0.17508, 0.05173, 0.02928, 0.01751 
53520.0, 17.38252, 0.31136, 2.81192, 7.17304, 0.00779, 0.39405, 5.80511, 0.01060, 0.76327, 0.87061, 0.21119, 0.56031, 0.01311, -0.05947, 0.37792, 0.14732, -0.00294, 0.09799, 0.19581, 0.08166, 0.02071, 0.01884 
53580.0, 18.50487, 0.30680, 2.82369, 6.85265, 0.00360, 0.39247, 5.73880, 0.00314, 0.72211, 0.86322, 0.20494, 0.53319, -0.00956, -0.03810, 0.35227, 0.13670, -0.01469, 0.07729, 0.21110, 0.07171, 0.01976, 0.01698 
53640.0, 18.39222, 0.28389, 3.03138, 7.21472, 0.00514, 0.38272, 5.86854, 0.02414, 0.59179, 0.81966, 0.15531, 0.54112, 0.02919, -0.03733, 0.35545, 0.14612, 0.00625, 0.17408, 0.18705, 0.07710, 0.01898, 0.01638 
53700.0, 19.69110, 0.27816, 3.05093, 6.45588, 0.00448, 0.38660, 5.97551, 0.01091, 0.65884, 0.84820, 0.28802, 0.62205, 0.02561, -0.06468, 0.41588, 0.15454, -0.00380, 0.08242, 0.20420, 0.07544, 0.01883, 0.01323 
53760.0, 18.91606, 0.30844, 3.08369, 6.30736, 0.00150, 0.38759, 5.94950, -0.00019, 0.80510, 0.81542, 0.28468, 0.65167, 0.04719, -0.04188, 0.42599, 0.16797, -0.00544, 0.10491, 0.17271, 0.05751, 0.02931, 0.01958 
53820.0, 19.27860, 0.31078, 3.54777, 7.06676, 0.00758, 0.46352, 5.95125, -0.00019, 0.86899, 0.84129, 0.27655, 0.63077, 0.04524, -0.01153, 0.40906, 0.17094, -0.00784, 0.45190, 0.18180, 0.09822, 0.02272, 0.01692 
53880.0, 21.30915, 0.28531, 3.94754, 6.86875, 0.00777, 0.50171, 6.24205, 0.02133, 0.97895, 0.84827, 0.25880, 0.66762, 0.03028, -0.04344, 0.43952, 0.21821, -0.01288, 0.58752, 0.17921, 0.06643, 0.02381, 0.01429 
53940.0, 17.60541, 0.29327, 3.03183, 6.90950, 0.00585, 0.38119, 6.04138, 0.01394, 0.65747, 0.80660, 0.22296, 0.55672, 0.03956, -0.02748, 0.38084, 0.15316, -0.00686, 0.10159, 0.19994, 0.07154, 0.02607, 0.02895 
54000.0, 18.29731, 0.27895, 3.08034, 8.01222, 0.00115, 0.39002, 6.14543, 0.02289, 0.75315, 0.84804, 0.20704, 0.59093, 0.05120, -0.05240, 0.38482, 0.12981, 0.00180, 0.08390, 0.18048, 0.06811, 0.03127, 0.02481 
54060.0, 18.10510, 0.28212, 3.22311, 6.84614, 0.00169, 0.41983, 6.47981, 0.00404, 0.55633, 0.79743, 0.24070, 0.63723, 0.04920, -0.04267, 0.42143, 0.14839, -0.00969, 0.10145, 0.15254, 0.08740, 0.02710, 0.01840 
54120.0, 23.01854, 0.29191, 3.31097, 7.71170, 0.00379, 0.42076, 6.35484, 0.01703, 0.54595, 0.82729, 0.23587, 0.78887, 0.04933, -0.05392, 0.50058, 0.17022, -0.00296, 0.07690, 0.19174, 0.08438, 0.02999, 0.01699 
54180.0, 25.20515, 0.27511, 3.26168, 7.79016, 0.00891, 0.38604, 6.41264, 0.02169, 0.54464, 0.82145, 0.22659, 0.70235, 0.02644, -0.04085, 0.41129, 0.16654, -0.00367, 0.05323, 0.18223, 0.06180, 0.02851, 0.02262 
54240.0, 20.80964, 0.30311, 3.34232, 7.31991, 0.00790, 0.41035, 6.43262, 0.00417, 0.46750, 0.81155, 0.31646, 0.68033, 0.05947, -0.02439, 0.44109, 0.15889, 0.00473, 0.08715, 0.17247, 0.09120, 0.03308, 0.01941 
54300.0, 20.31663, 0.25324, 3.72885, 11.99475, 0.00380, 0.49709, 6.77264, 0.01486, 0.43322, 0.87612, 0.49019, 1.29743, 0.10431, -0.01036, 0.86064, 0.34437, 0.00372, 0.09159, 0.19117, 0.11719, 0.02544, 0.03909 
54360.0, 19.93570, 0.29424, 3.46884, 10.34689, 0.00925, 0.47175, 6.64921, 0.01248, 0.36161, 0.87469, 0.20071, 0.70250, 0.07605, -0.02879, 0.44421, 0.17470, 0.00553, 0.09306, 0.17083, 0.09767, 0.03465, 0.02106 
54420.0, 21.32488, 0.30028, 3.63041, 9.48577, 0.00856, 0.44690, 6.75930, 0.00427, 0.34350, 0.87491, 0.32748, 0.78596, 0.07309, -0.00741, 0.52117, 0.19895, 0.00147, 0.08063, 0.18350, 0.11962, 0.02395, 0.02751 
54480.0, 19.13598, 0.28953, 3.52247, 12.30778, 0.00888, 0.43005, 6.63904, 0.00435, 0.46416, 0.84241, 0.29544, 0.77750, 0.05852, -0.00496, 0.51210, 0.16491, 0.00998, 0.10445, 0.16877, 0.09272, 0.02956, 0.02473 
54540.0, 19.07241, 0.29695, 3.49586, 8.72692, 0.00779, 0.39662, 6.79647, 0.01913, 0.43639, 0.76714, 0.28365, 0.68942, 0.07387, -0.03136, 0.43872, 0.15560, 0.01016, 0.11444, 0.17568, 0.11246, 0.02158, 0.04376 
54600.0, 18.47224, 0.26182, 3.51336, 7.68835, 0.00644, 0.43706, 6.76282, 0.01177, 0.39200, 0.71685, 0.25202, 0.68933, 0.04457, -0.05744, 0.42472, 0.13777, 0.00820, 0.05952, 0.15867, 0.09582, 0.03096, 0.02124 
54660.0, 19.79499, 0.28601, 3.51565, 7.76140, 0.00902, 0.42349, 6.68395, 0.01185, 0.41933, 0.75739, 1.41672, 0.67238, 0.06369, 0.50202, 0.44681, 0.14500, -0.00218, 0.06709, 0.18212, 0.08754, 0.03193, 0.01916 
54720.0, -9999.00000, -9999.00000, -9999.00000, -9999.00000, -9999.00000, -9999.00000, -9999.00000, -9999.00000, -9999.00000, -9999.00000, -9999.00000, -9999.00000, -9999.00000, -9999.00000, -9999.00000, -9999.00000, -9999.00000, -9999.00000, -9999.00000, -9999.00000, -9999.00000, -9999.00000 
54780.0, -9999.00000, -9999.00000, -9999.00000, -9999.00000, -9999.00000, -9999.00000, -9999.00000, -9999.00000, -9999.00000, -9999.00000, -9999.00000, -9999.00000, -9999.00000, -9999.00000, -9999.00000, -9999.00000, -9999.00000, -9999.00000, -9999.00000, -9999.00000, -9999.00000, -9999.00000 
54840.0, -9999.00000, -9999.00000, -9999.00000, -9999.00000, -9999.00000, -9999.00000, -9999.00000, -9999.00000, -9999.00000, -9999.00000, -9999.00000, -9999.00000, -9999.00000, -9999.00000, -9999.00000, -9999.00000, -9999.00000, -9999.00000, -9999.00000, -9999.00000, -9999.00000, -9999.00000 
54900.0, -9999.00000, -9999.00000, -9999.00000, -9999.00000, -9999.00000, -9999.00000, -9999.00000, -9999.00000, -9999.00000, -9999.00000, -9999.00000, -9999.00000, -9999.00000, -9999.00000, -9999.00000, -9999.00000, -9999.00000, -9999.00000, -9999.00000, -9999.00000, -9999.00000, -9999.00000 
54960.0, -9999.00000, -9999.00000, -9999.00000, -9999.00000, -9999.00000, -9999.00000, -9999.00000, -9999.00000, -9999.00000, -9999.00000, -9999.00000, -9999.00000, -9999.00000, -9999.00000, -9999.00000, -9999.00000, -9999.00000, -9999.00000, -9999.00000, -9999.00000, -9999.00000, -9999.00000 
55020.0, -9999.00000, -9999.00000, -9999.00000, -9999.00000, -9999.00000, -9999.00000, -9999.00000, -9999.00000, -9999.00000, -9999.00000, -9999.00000, -9999.00000, -9999.00000, -9999.00000, -9999.00000, -9999.00000, -9999.00000, -9999.00000, -9999.00000, -9999.00000, -9999.00000, -9999.00000 
55080.0, -9999.00000, -9999.00000, -9999.00000, -9999.00000, -9999.00000, -9999.00000, -9999.00000, -9999.00000, -9999.00000, -9999.00000, -9999.00000, -9999.00000, -9999.00000, -9999.00000, -9999.00000, -9999.00000, -9999.00000, -9999.00000, -9999.00000, -9999.00000, -9999.00000, -9999.00000 
55140.0, -9999.00000, -9999.00000, -9999.00000, -9999.00000, -9999.00000, -9999.00000, -9999.00000, -9999.00000, -9999.00000, -9999.00000, -9999.00000, -9999.00000, -9999.00000, -9999.00000, -9999.00000, -9999.00000, -9999.00000, -9999.00000, -9999.00000, -9999.00000, -9999.00000, -9999.00000 
55200.0, -9999.00000, -9999.00000, -9999.00000, -9999.00000, -9999.00000, -9999.00000, -9999.00000, -9999.00000, -9999.00000, -9999.00000, -9999.00000, -9999.00000, -9999.00000, -9999.00000, -9999.00000, -9999.00000, -9999.00000, -9999.00000, -9999.00000, -9999.00000, -9999.00000, -9999.00000 
55260.0, -9999.00000, -9999.00000, -9999.00000, -9999.00000, -9999.00000, -9999.00000, -9999.00000, -9999.00000, -9999.00000, -9999.00000, -9999.00000, -9999.00000, -9999.00000, -9999.00000, -9999.00000, -9999.00000, -9999.00000, -9999.00000, -9999.00000, -9999.00000, -9999.00000, -9999.00000 
55320.0, -9999.00000, -9999.00000, -9999.00000, -9999.00000, -9999.00000, -9999.00000, -9999.00000, -9999.00000, -9999.00000, -9999.00000, -9999.00000, -9999.00000, -9999.00000, -9999.00000, -9999.00000, -9999.00000, -9999.00000, -9999.00000, -9999.00000, -9999.00000, -9999.00000, -9999.00000 
55380.0, 17.75668, 0.31632, 3.15053, 6.78964, 0.00716, 0.41788, 6.21355, 0.01141, 0.72256, 0.97010, 0.33827, 0.56085, 0.04153, 0.03367, 0.39523, 0.13744, -0.00392, 0.06545, 0.21202, 0.07392, 0.03703, 0.01412 
55440.0, 19.38588, 0.28766, 3.33268, 6.98308, -0.00039, 0.40493, 6.23700, 0.02505, 0.66915, 1.03660, 0.35464, 0.66662, 0.04532, 0.04537, 0.36597, 0.11180, -0.01227, 0.05066, 0.17599, 0.06841, 0.03389, 0.01627 
55500.0, 20.68097, 0.27287, 3.42340, 7.09579, 0.00374, 0.41198, 6.45831, 0.00842, 0.68088, 0.96146, 1.61860, 0.63823, -0.00350, 0.63194, 0.39395, 0.14619, 0.01143, 0.09225, 0.23361, 0.10222, 0.02737, 0.01646 
55560.0, 20.10766, 0.29742, 3.48277, 8.41234, 0.00575, 0.45844, 6.67459, 0.02656, 0.86439, 1.04803, 0.26399, 0.58111, 0.04063, -0.00602, 0.38635, 0.14455, -0.00800, 0.07965, 0.23093, 0.06899, 0.03707, 0.01594 
55620.0, 18.42356, 0.28114, 3.49360, 7.80547, 0.00887, 0.44583, 6.89227, 0.01774, 0.78475, 1.12021, 0.28459, 0.56884, 0.04492, 0.01057, 0.38339, 0.12153, 0.00274, 0.07213, 0.24325, 0.07608, 0.03365, 0.01423 
55680.0, 19.46092, 0.29750, 3.66381, 8.71069, 0.00432, 0.53467, 7.08445, 0.02263, 0.83671, 1.19984, 0.33015, 0.87190, 0.05536, -0.01953, 0.58255, 0.21833, 0.01506, 0.11385, 0.25614, 0.09842, 0.03948, 0.02104 
55740.0, 19.54194, 0.27096, 3.48894, 7.01795, 0.00881, 0.43322, 6.98330, 0.02136, 0.86038, 1.17864, 0.26798, 0.58530, 0.04743, -0.01346, 0.35463, 0.12955, 0.00606, 0.04448, 0.29099, 0.09455, 0.03455, 0.01925 
55800.0, 19.10272, 0.28630, 3.37222, 7.18230, 0.00463, 0.43749, 6.70361, 0.02859, 0.86293, 1.17041, 0.22080, 0.61040, 0.01352, -0.03751, 0.32695, 0.13817, -0.01289, 0.06361, 0.21074, 0.07196, 0.03150, 0.01610 
55860.0, 19.08436, 0.28550, 3.45375, 7.08614, 0.00599, 0.42632, 6.88066, -0.00022, 0.80745, 1.17336, 0.27285, 0.59981, 0.01154, -0.00162, 0.35026, 0.12878, -0.00477, 0.07642, 0.21140, 0.07090, 0.05020, 0.01241 
55920.0, 19.70507, 0.28578, 3.60314, 6.88911, 0.00469, 0.45382, 6.92238, 0.01248, 0.81396, 1.17830, 0.22691, 0.62857, 0.06279, -0.02797, 0.41642, 0.14506, -0.00358, 0.09341, 0.23338, 0.14261, 0.04364, 0.01595 
55980.0, 19.66507, 0.29328, 3.76206, 7.62994, 0.00526, 0.49659, 7.06670, 0.00977, 0.78267, 1.25919, 0.30276, 0.73243, 0.05752, -0.00602, 0.43717, 0.17559, 0.01268, 0.10417, 0.26409, 0.12259, 0.04317, 0.01523 
56040.0, 20.75336, 0.28018, 4.00757, 11.02197, 0.00782, 0.55153, 7.18483, 0.01794, 0.93400, 1.26055, 0.43386, 1.13624, 0.07839, -0.03795, 0.71177, 0.24276, 0.00986, 0.08085, 0.23462, 0.12080, 0.03989, 0.01113 
56100.0, 19.75039, 0.26720, 3.72030, 7.28389, 0.00231, 0.46675, 6.97258, 0.00527, 0.83029, 1.24102, 0.27960, 0.60189, 0.04922, 0.00041, 0.38732, 0.13127, 0.01032, 0.06630, 0.25776, 0.09071, 0.04701, 0.01993 
56160.0, 19.84257, 0.30338, 3.58219, 7.30246, 0.00335, 0.53473, 6.72759, 0.01613, 0.84388, 1.33788, 0.25399, 0.62708, 0.01011, -0.00862, 0.35631, 0.14184, 0.00306, 0.07396, 0.23546, 0.07399, 0.04502, 0.02844 
56220.0, 18.21145, 0.30129, 3.41452, 6.79337, 0.00480, 0.46069, 6.95081, 0.02140, 0.81783, 1.25257, 0.21572, 0.68188, 0.05799, -0.00699, 0.34538, 0.13107, -0.00433, 0.05849, 0.21442, 0.08013, 0.02718, 0.01732 
56280.0, 17.28493, 0.29924, 3.31781, 6.77196, 0.00883, 0.45108, 6.76646, 0.01894, 0.76756, 1.24885, 0.17852, 0.74763, 0.03692, -0.02633, 0.29448, 0.11473, -0.00165, 0.05338, 0.22835, 0.04209, 0.03150, 0.01469 
56340.0, 18.85017, 0.28044, 3.51954, 6.79796, 0.00601, 0.47423, 7.07854, 0.01077, 0.78421, 1.24122, 0.21069, 0.68958, 0.04718, -0.00777, 0.35119, 0.13074, -0.00541, 0.07311, 0.24721, 0.06407, 0.03009, 0.01360 
56400.0, 18.05200, 0.29383, 3.50579, 6.51337, 0.00407, 0.46021, 6.87874, 0.02246, 0.75894, 1.30525, 0.21613, 0.63172, 0.04694, -0.02230, 0.34817, 0.11482, -0.00266, 0.07428, 0.19142, 0.07143, 0.03111, 0.02141 
56460.0, 17.59713, 0.25522, 3.56344, 6.62997, 0.00003, 0.44585, 6.76257, 0.00356, 0.84162, 1.25667, 0.28030, 0.64691, 0.05517, -0.01990, 0.32946, 0.10714, -0.00409, 0.06826, 0.22827, 0.07461, 0.02807, 0.01496 
56520.0, 16.98913, 0.28830, 3.44180, 6.29475, 0.00558, 0.45027, 6.64175, 0.01527, 0.63145, 1.29293, 0.16109, 0.60021, 0.04668, -0.00545, 0.32789, 0.12553, -0.00940, 0.07003, 0.18091, 0.03608, 0.03397, 0.01684 
56580.0, 17.11224, 0.26822, 3.32315, 6.03832, 0.00220, 0.42608, 6.65571, 0.01759, 0.82019, 1.28227, 0.23540, 0.54863, 0.04774, 0.00866, 0.33033, 0.10626, -0.00445, 0.07118, 0.20617, 0.07482, 0.04131, 0.01257 
56640.0, 17.55658, 0.25226, 3.64454, 6.91173, 0.00480, 0.43830, 6.72809, 0.01595, 0.78215, 1.30415, 0.24719, 0.58161, 0.04363, -0.03470, 0.32263, 0.10992, -0.01251, 0.08514, 0.17418, 0.06966, 0.03293, 0.01801 
56700.0, 16.82966, 0.29097, 3.65361, 6.26565, 0.00564, 0.42180, 6.68005, 0.01474, 0.73783, 1.23878, 0.17929, 0.52217, 0.04321, 0.00667, 0.30322, 0.12966, 0.01052, 0.08022, 0.19917, 0.06429, 0.03424, 0.00945 
56760.0, 18.01627, 0.28142, 3.69097, 7.73991, 0.00478, 0.42474, 6.74139, 0.00365, 0.63508, 1.26721, 0.28218, 0.71122, 0.04584, -0.02224, 0.46291, 0.17353, -0.01206, 0.06169, 0.19539, 0.08689, 0.02101, 0.01785 
56820.0, 18.73769, 0.29500, 3.87303, 6.88955, 0.00832, 0.43302, 6.98114, 0.00618, 0.74393, 1.31224, 0.30382, 0.71352, 0.01246, 0.00189, 0.43674, 0.18007, 0.00905, 0.07836, 0.22545, 0.13875, 0.02400, 0.02559 
56880.0, 16.90828, 0.28139, 3.28343, 5.60590, 0.00187, 0.42194, 6.46380, 0.01578, 0.63645, 1.28613, 0.20917, 0.48414, 0.05603, -0.02390, 0.29307, 0.09309, -0.01229, 0.06829, 0.19022, 0.05930, 0.03244, 0.01179 
56940.0, 16.34944, 0.28774, 3.54106, 5.59430, 0.00034, 0.38430, 6.29058, 0.01424, 0.52347, 1.19988, 0.15436, 0.46159, -0.00684, -0.02094, 0.27465, 0.11574, -0.00600, 0.04312, 0.14373, 0.05095, 0.03172, 0.01131 
57000.0, 17.64895, 0.25463, 3.40494, 5.71591, 0.01161, 0.43092, 6.48530, 0.04432, 0.70421, 1.22340, 0.17981, 0.44126, 0.03797, -0.03988, 0.25280, 0.12904, -0.00911, 0.08302, 0.17088, 0.07749, 0.03593, 0.01469 
57060.0, 16.44402, 0.26920, 3.44777, 5.21641, 0.00346, 0.39892, 6.31671, 0.02464, 0.68320, 1.20148, 0.17822, 0.46532, 0.03277, -0.01571, 0.29645, 0.12085, 0.00707, 0.06415, 0.19198, 0.06052, 0.03628, 0.01286 
57120.0, 16.46386, 0.28206, 2.91518, 4.75134, 0.00355, 0.35048, 6.49504, 0.00841, 1.03906, 1.08218, 0.14480, 0.42534, 0.02769, -0.01741, 0.24660, 0.09225, -0.01229, 0.05071, 0.17212, 0.03023, 0.02405, 0.01448 
57180.0, 15.62493, 0.28165, 2.93436, 4.50828, 0.00404, 0.37583, 6.61706, 0.02086, 0.57586, 1.06513, 0.11302, 0.46070, 0.02826, -0.02312, 0.26109, 0.09468, -0.00711, 0.05983, 0.14426, 0.05746, 0.03252, 0.01648 
57240.0, 14.60438, 0.26760, 2.80564, 3.73163, 0.00191, 0.36310, 6.47352, 0.01668, 0.45476, 1.02440, 0.11878, 0.39222, 0.03635, -0.04237, 0.23156, 0.06272, -0.00013, 0.01495, 0.12547, 0.04290, 0.02229, 0.01325 
57300.0, 14.61035, 0.26320, 2.61417, 4.44039, 0.00244, 0.35012, 6.35041, -0.00025, 0.42223, 1.01874, 0.10851, 0.37648, -0.00880, -0.04034, 0.23745, 0.07780, 0.01136, 0.03698, 0.15792, 0.04787, 0.03167, 0.00962 
