CampaignData_and_Merges/R0/CSL_MobileLab_Parked/raw/20240718/USOS-NOAAIodideCIMS-Halogens_MobileLabGround_20240718_RA.ict
39, 1001
Michael A Robinson, Chris Jernigan, Subi Thakali
NOAA ESRL Chemical Sciences Laboratory and CIRES, U. of Colorado
NOAA Iodide CIMS Instrument
USOS
1, 1
2024, 07, 18, 2024, 07, 20
0
starttime_UTC, seconds_past_midnight, seconds_of_day_since_00:00:00_UTC
6
1, 1, 1, 1, 1, 1
-9999, -9999, -9999, -9999, -9999, -9999
Br2_NOAACIMS, pptv, Gas_Br2_InSitu_S_AVMR
BrO_NOAACIMS, pptv, Gas_BrO_InSitu_S_AVMR
Cl2_NOAACIMS, pptv, Gas_Cl2_InSitu_S_AVMR
ClNO2_NOAACIMS, pptv, Gas_ClNO2_InSitu_S_AVMR
BrCl_NOAACIMS, pptv, Gas_BrCl_InSitu_S_AVMR
NCl3_NOAACIMS, pptv, Gas_NCl3_InSitu_S_AVMR
1
N/A
18
PI_CONTACT_INFO: 325 Broadway, R/CSD 7, Boulder, Colorado 80305; michael.a.robinson@noaa.gov; chris.jernigan@noaa.gov;
PLATFORM: NOAA CSL Mobile Lab
LOCATION: SLC, Utah
ASSOCIATED_DATA: 1Hz data also available on request.
INSTRUMENT_INFO: NOAA I- ToF CIMS
DATA_INFO: Units: pptv
UNCERTAINTY: tbd
ULOD_FLAG: -7777
ULOD_VALUE: N/A
LLOD_FLAG: -8888
LLOD_VALUE: N/A
DM_CONTACT_INFO: Nathan Howard; nathan.h.howard@noaa.gov
PROJECT_INFO: USOS, summer 2024. https://csl.noaa.gov/groups/csl7/measurements/2024usos/
STIPULATIONS_ON_USE: only the USOS science team is allowed to use this data
OTHER_COMMENTS: Field data; Data are averaged to 1 minute intervals. Stationary data collected from a 10 ft tower on top of the mobile lab
REVISION: RA
RA: Preliminary Data; For in-field use only
starttime_UTC, Br2_NOAACIMS, BrO_NOAACIMS, Cl2_NOAACIMS, ClNO2_NOAACIMS, BrCl_NOAACIMS, NCl3_NOAACIMS
0,1.258,0.329,4.390,0.060,0.111,0.089
60,1.278,0.169,4.486,0.049,0.152,-0.005
120,1.249,0.244,4.265,0.064,0.090,-0.024
180,1.246,0.303,4.354,0.054,0.126,0.050
240,1.280,0.029,4.314,0.058,0.116,0.304
300,1.199,0.079,4.197,0.090,0.082,0.215
360,1.414,0.253,4.576,0.062,0.144,0.635
420,1.383,0.101,4.123,0.083,0.163,0.191
480,1.404,0.044,4.106,0.075,0.143,0.124
540,1.020,-0.186,4.037,0.091,0.076,0.057
600,1.283,0.068,3.634,0.104,0.129,0.079
660,1.316,0.002,3.450,0.093,0.180,0.245
720,1.226,0.025,4.061,0.190,0.139,0.476
780,1.135,0.129,3.808,0.117,0.120,0.159
840,1.482,0.082,3.801,0.178,0.143,0.063
900,1.199,0.075,3.589,0.128,0.158,0.000
960,1.280,0.179,3.709,0.067,0.140,0.136
1020,1.365,0.197,3.697,0.161,0.197,0.170
1080,1.073,0.000,3.752,0.136,0.146,0.191
1140,1.242,0.122,3.675,0.146,0.179,0.296
1200,1.046,-0.022,3.628,0.106,0.129,0.314
1260,0.965,0.051,3.764,0.174,0.165,0.353
1320,1.323,-0.053,3.504,0.103,0.182,0.421
1380,1.256,-0.006,3.835,0.130,0.196,0.291
1440,0.957,0.166,3.641,0.142,0.178,0.303
1500,1.186,0.110,3.613,0.126,0.171,0.164
1560,1.125,0.103,3.599,0.147,0.174,0.009
1620,1.101,0.144,3.722,0.117,0.195,0.176
1680,1.262,0.053,3.777,0.111,0.182,0.284
1740,1.133,0.112,3.537,0.143,0.137,0.156
1800,1.279,-0.024,3.536,0.091,0.202,0.130
1860,1.175,-0.005,3.784,0.101,0.157,0.181
1920,1.196,0.230,3.721,0.086,0.169,0.356
1980,1.157,0.102,3.841,0.133,0.194,0.224
2040,1.353,0.158,3.667,0.170,0.181,0.157
2100,1.155,0.105,3.780,0.109,0.179,0.155
2160,1.025,0.143,3.833,0.114,0.255,0.228
2220,1.124,0.132,3.745,0.129,0.219,0.197
2280,1.269,0.106,3.733,0.175,0.199,0.172
2340,0.863,0.297,3.799,0.184,0.234,0.107
2400,0.700,0.231,3.532,0.146,0.173,0.030
2460,1.149,0.110,3.522,0.124,0.195,0.036
2520,0.959,0.167,3.553,0.137,0.167,0.487
2580,0.918,0.096,3.503,0.127,0.157,0.303
2640,0.988,0.100,3.791,0.144,0.213,0.305
2700,0.988,0.029,3.797,0.136,0.160,0.918
2760,0.951,0.191,3.706,0.142,0.209,0.707
2820,0.977,0.275,3.693,0.156,0.183,0.770
2880,0.889,0.105,3.563,0.074,0.143,0.452
2940,1.027,0.110,3.607,0.134,0.198,0.541
3000,0.979,0.148,3.697,0.151,0.213,0.624
3060,1.119,0.235,3.576,0.086,0.211,0.985
3120,0.979,0.184,3.708,0.129,0.156,0.283
3180,1.052,0.191,3.344,0.098,0.169,0.131
3240,1.115,0.221,3.500,0.148,0.214,0.266
3300,0.985,0.110,3.566,0.139,0.187,0.515
3360,1.166,0.187,3.662,0.103,0.142,0.508
3420,1.027,0.160,3.517,0.110,0.196,0.511
3480,1.155,0.286,3.337,0.140,0.108,0.311
3540,1.084,0.209,3.457,0.100,0.163,0.322
3600,0.924,0.225,3.672,0.137,0.192,0.212
3660,0.909,0.181,3.235,0.076,0.174,0.270
3720,0.741,0.155,3.064,0.128,0.218,0.339
3780,0.735,0.119,3.035,0.147,0.162,0.064
3840,0.669,0.191,2.942,0.104,0.140,0.044
3900,0.818,0.227,2.838,0.097,0.135,0.110
3960,0.829,0.230,2.969,0.084,0.173,0.275
4020,0.786,0.190,2.998,0.050,0.126,0.236
4080,0.825,0.187,3.009,0.076,0.157,0.195
4140,0.825,0.210,2.780,0.106,0.071,0.082
4200,0.732,0.243,2.996,0.087,0.125,0.339
4260,0.675,0.206,2.811,0.084,0.148,0.132
4320,0.877,0.215,2.734,0.147,0.183,0.256
4380,0.760,0.253,2.929,0.150,0.102,0.296
4440,0.786,0.226,3.060,0.171,0.134,0.244
4500,0.719,0.221,2.958,0.161,0.127,0.177
4560,0.870,0.199,3.203,0.249,0.183,0.187
4620,0.757,0.164,2.956,0.248,0.101,0.161
4680,0.761,0.249,2.961,0.241,0.195,0.079
4740,0.802,0.208,3.093,0.222,0.229,0.218
4800,0.716,0.167,3.153,0.281,0.131,0.172
4860,1.008,0.238,2.993,0.213,0.210,0.213
4920,0.867,0.221,3.064,0.170,0.173,0.119
4980,0.950,0.226,3.144,0.282,0.168,0.107
5040,0.930,0.143,3.058,0.222,0.183,0.017
5100,0.871,0.321,2.908,0.204,0.195,0.082
5160,0.894,0.218,2.956,0.261,0.186,0.108
5220,0.891,0.208,3.086,0.210,0.223,0.141
5280,0.889,0.162,2.872,0.285,0.217,0.197
5340,0.671,0.174,2.808,0.269,0.191,0.282
5400,0.890,0.126,3.065,0.312,0.246,0.285
5460,0.723,0.268,2.890,0.255,0.226,0.304
5520,0.833,0.120,3.076,0.234,0.202,0.195
5580,0.844,0.225,3.113,0.217,0.186,0.340
5640,0.745,0.109,3.203,0.229,0.228,0.384
5700,0.831,0.108,2.854,0.223,0.253,0.282
5760,0.957,0.197,3.182,0.231,0.221,0.407
5820,0.877,0.174,2.972,0.158,0.240,0.329
5880,0.730,0.182,3.013,0.197,0.191,0.220
5940,0.683,0.209,3.048,0.147,0.283,0.226
6000,0.891,0.013,2.987,0.193,0.261,0.112
6060,1.472,-0.043,3.091,0.262,0.356,0.020
6120,0.684,0.116,2.955,0.200,0.257,0.211
6180,0.540,0.212,2.552,0.218,0.249,0.364
6240,0.599,0.143,2.809,0.144,0.258,0.131
6300,0.827,0.216,2.863,0.143,0.294,0.170
6360,0.861,0.240,2.933,0.179,0.271,0.251
6420,0.838,0.267,2.963,0.158,0.175,0.263
6480,0.964,0.213,2.946,0.106,0.174,0.269
6540,0.986,0.102,2.999,0.146,0.225,0.399
6600,0.964,0.229,3.195,0.145,0.212,0.522
6660,1.035,0.256,3.110,0.124,0.217,0.410
6720,1.013,0.243,3.124,0.123,0.239,0.389
6780,1.132,0.242,3.171,0.163,0.247,0.764
6840,1.177,0.283,3.043,0.168,0.227,0.565
6900,1.065,0.209,3.146,0.134,0.224,0.576
6960,1.213,0.299,3.073,0.143,0.213,0.588
7020,1.018,0.282,3.128,0.147,0.232,0.595
7080,0.944,0.241,3.119,0.160,0.275,0.507
7140,1.123,0.241,2.939,0.120,0.196,0.423
7200,1.086,0.295,3.156,0.084,0.245,0.444
7260,1.264,0.275,2.997,0.156,0.243,0.482
7320,1.075,0.300,3.115,0.107,0.216,0.496
7380,1.258,0.256,3.050,0.133,0.228,0.511
7440,1.234,0.257,3.154,0.101,0.209,0.600
7500,1.296,0.205,3.094,0.130,0.216,0.513
7560,1.321,0.236,3.042,0.144,0.211,0.775
7620,1.223,0.358,3.027,0.164,0.198,0.579
7680,1.206,0.250,3.018,0.126,0.232,0.721
7740,1.236,0.191,2.904,0.105,0.149,0.733
7800,1.285,0.222,2.859,0.133,0.184,0.803
7860,1.442,0.274,2.749,0.149,0.223,0.774
7920,1.597,0.288,2.911,0.076,0.225,1.043
7980,1.332,0.366,2.904,0.129,0.165,0.942
8040,1.304,0.266,3.041,0.126,0.203,0.852
8100,1.297,0.341,2.996,0.121,0.223,0.993
8160,1.307,0.284,2.695,0.104,0.197,0.757
8220,1.209,0.269,2.883,0.133,0.202,0.773
8280,1.291,0.225,3.060,0.158,0.225,0.786
8340,0.949,0.230,2.854,0.136,0.201,1.145
8400,1.152,0.312,2.809,0.103,0.197,1.027
8460,1.227,0.231,2.751,0.111,0.229,1.098
8520,1.182,0.242,2.996,0.109,0.222,1.132
8580,1.174,0.304,2.832,0.117,0.152,0.991
8640,1.073,0.196,2.678,0.125,0.184,1.084
8700,1.146,0.153,2.834,0.110,0.200,1.038
8760,1.119,0.144,2.696,0.162,0.194,0.898
8820,1.130,0.243,2.725,0.168,0.229,1.054
8880,1.201,0.218,2.651,0.152,0.205,1.283
8940,0.984,0.219,2.570,0.132,0.182,1.477
9000,1.146,0.221,2.767,0.139,0.217,1.542
9060,1.095,0.226,2.814,0.135,0.210,1.663
9120,0.953,0.055,2.687,0.159,0.175,1.652
9180,1.059,0.160,2.618,0.127,0.236,1.763
9240,0.977,0.226,2.597,0.119,0.197,1.493
9300,0.821,0.223,2.778,0.117,0.181,2.168
9360,0.825,0.127,2.814,0.145,0.234,2.451
9420,0.820,0.300,2.730,0.143,0.190,3.690
9480,0.904,0.242,2.684,0.151,0.207,4.803
9540,0.878,0.151,2.721,0.154,0.144,4.638
9600,0.827,0.241,2.759,0.109,0.173,4.038
9660,0.814,0.231,2.588,0.155,0.254,3.895
9720,0.932,0.185,2.675,0.142,0.254,3.905
9780,0.595,0.203,2.551,0.096,0.183,3.903
9840,0.846,0.203,2.400,0.132,0.213,3.789
9900,0.851,0.121,2.596,0.154,0.237,4.037
9960,0.877,0.182,2.533,0.147,0.210,3.507
10020,0.860,0.127,2.560,0.154,0.248,3.124
10080,0.804,0.142,2.810,0.178,0.171,3.530
10140,0.941,0.163,2.659,0.158,0.255,3.464
10200,0.779,0.179,2.698,0.150,0.223,3.246
10260,0.909,0.220,2.743,0.179,0.323,3.302
10320,1.026,0.233,2.839,0.157,0.226,3.226
10380,0.907,0.198,2.713,0.137,0.211,3.345
10440,1.153,0.144,2.870,0.222,0.249,3.427
10500,0.930,0.202,2.739,0.182,0.279,3.278
10560,0.927,0.273,2.599,0.159,0.230,3.125
10620,0.938,0.240,2.658,0.150,0.250,3.278
10680,0.948,0.157,2.754,0.180,0.228,3.200
10740,1.150,0.207,2.509,0.152,0.244,3.246
10800,1.077,0.169,2.552,0.129,0.236,3.195
10860,1.009,0.273,2.503,0.145,0.270,3.428
10920,1.065,0.318,2.613,0.179,0.237,3.314
10980,1.132,0.154,2.466,0.175,0.229,3.138
11040,1.058,0.160,2.555,0.193,0.245,3.589
11100,0.950,0.091,2.515,0.178,0.264,3.361
11160,1.068,0.161,2.553,0.163,0.314,3.493
11220,1.168,0.221,2.676,0.190,0.206,3.438
11280,1.185,0.346,2.547,0.186,0.323,3.526
11340,1.054,0.278,2.623,0.173,0.245,3.696
11400,1.040,0.291,2.736,0.187,0.288,3.805
11460,1.180,0.193,2.698,0.163,0.234,3.748
11520,1.187,0.249,2.689,0.132,0.320,3.892
11580,1.074,0.143,2.708,0.154,0.283,3.969
11640,1.129,0.127,2.846,0.208,0.224,4.693
11700,1.120,0.270,2.644,0.161,0.258,4.466
11760,1.181,0.236,2.608,0.192,0.219,4.421
11820,1.151,0.221,2.634,0.149,0.242,4.514
11880,1.225,0.252,2.688,0.185,0.252,4.220
11940,1.230,0.219,2.593,0.120,0.253,4.344
12000,0.936,0.218,2.533,0.167,0.204,4.440
12060,1.061,0.151,2.776,0.135,0.258,4.538
12120,1.054,0.082,2.593,0.129,0.298,4.654
12180,1.130,0.190,2.652,0.122,0.267,4.545
12240,1.066,0.151,2.634,0.152,0.219,5.121
12300,1.076,0.219,2.664,0.146,0.261,5.224
12360,1.114,0.238,2.541,0.155,0.299,6.508
12420,1.107,0.323,2.691,0.143,0.236,7.006
12480,1.130,0.279,2.612,0.143,0.318,6.748
12540,1.012,0.229,2.582,0.197,0.304,6.473
12600,0.864,0.273,2.567,0.119,0.271,7.863
12660,0.914,0.204,2.511,0.152,0.287,8.148
12720,1.057,0.187,2.872,0.122,0.275,8.088
12780,0.943,0.202,2.534,0.162,0.319,7.985
12840,0.946,0.256,2.779,0.163,0.299,8.756
12900,0.860,0.205,2.613,0.090,0.259,9.198
12960,0.848,0.210,2.558,0.087,0.346,8.627
13020,0.993,0.244,2.681,0.089,0.241,9.272
13080,1.053,0.196,2.893,0.167,0.293,8.891
13140,1.141,0.273,2.793,0.212,0.297,12.797
13200,0.851,0.238,2.777,0.145,0.276,6.665
13260,1.032,0.302,2.933,0.158,0.264,5.257
13320,1.020,0.213,2.806,0.198,0.282,3.906
13380,0.893,0.180,2.658,0.295,0.224,2.703
13440,0.905,0.365,2.343,0.207,0.201,1.210
13500,0.808,0.426,2.389,0.217,0.086,1.239
13560,0.869,0.186,2.245,0.216,0.079,1.446
13620,0.870,0.226,2.336,0.265,0.134,7.104
13680,0.921,0.173,2.516,0.211,0.057,5.956
13740,0.834,0.174,2.309,0.162,0.094,2.080
13800,0.816,0.229,2.522,0.183,0.115,7.086
13860,0.769,0.219,2.351,0.143,0.134,3.223
13920,0.916,0.108,2.470,0.178,0.103,7.089
13980,0.843,0.152,2.497,0.199,0.079,12.018
14040,0.770,0.151,2.682,0.217,0.150,8.222
14100,0.909,0.156,2.723,0.282,0.079,8.012
14160,1.000,0.217,2.604,0.168,0.106,8.261
14220,0.791,0.304,2.873,0.297,0.096,23.200
14280,0.853,0.153,2.906,0.291,0.082,16.542
14340,0.797,0.205,2.709,0.217,0.097,13.564
14400,0.915,0.275,3.098,0.309,0.066,25.815
14460,0.888,0.122,2.913,0.285,0.130,19.452
14520,0.782,0.136,2.876,0.265,0.104,14.465
14580,0.829,0.116,2.894,0.210,0.151,14.225
14640,0.847,0.092,2.965,0.297,0.145,15.778
14700,1.053,0.140,2.670,0.229,0.087,7.961
14760,0.936,0.153,2.962,0.289,0.136,13.332
14820,0.952,0.067,3.028,0.254,0.158,14.628
14880,0.946,0.024,2.805,0.243,0.168,7.373
14940,0.988,0.190,3.094,0.363,0.167,18.872
15000,0.944,0.010,2.766,0.294,0.155,9.015
15060,0.816,0.132,2.935,0.241,0.092,5.586
15120,0.959,0.030,3.183,0.411,0.190,30.694
15180,1.003,0.121,3.086,0.342,0.170,18.565
15240,1.067,0.081,2.877,0.383,0.159,20.701
15300,0.920,0.133,3.177,0.429,0.229,39.666
15360,0.932,0.043,2.911,0.298,0.197,16.240
15420,0.916,0.125,2.771,0.329,0.172,13.574
15480,0.908,0.111,3.180,0.491,0.201,35.034
15540,1.009,0.035,2.687,0.292,0.178,6.607
15600,1.012,0.103,3.079,0.314,0.122,22.421
15660,0.793,0.064,2.846,0.330,0.143,14.609
15720,0.904,0.014,2.792,0.339,0.176,7.916
15780,0.820,0.103,2.728,0.336,0.153,7.747
15840,0.974,0.083,2.939,0.246,0.162,6.944
15900,0.948,0.078,2.722,0.337,0.157,9.168
15960,0.971,0.108,2.775,0.299,0.162,9.916
16020,0.791,0.087,2.931,0.315,0.172,11.594
16080,0.949,0.077,2.625,0.271,0.149,7.408
16140,0.962,0.127,2.889,0.325,0.172,6.668
16200,0.875,0.022,2.613,0.289,0.132,6.629
16260,0.829,0.046,2.608,0.271,0.124,8.093
16320,0.891,0.050,2.896,0.279,0.128,12.525
16380,0.905,0.121,2.612,0.319,0.168,9.657
16440,0.825,0.098,2.874,0.356,0.199,9.223
16500,0.969,0.048,2.725,0.299,0.133,6.168
16560,0.779,0.047,2.300,0.334,0.237,5.193
16620,0.751,0.054,2.320,0.230,0.162,3.540
16680,0.761,0.004,2.604,0.318,0.219,4.113
16740,0.959,0.067,2.522,0.340,0.176,3.830
16800,0.790,0.014,2.468,0.311,0.209,4.065
16860,1.014,0.106,2.560,0.298,0.236,4.679
16920,0.931,0.091,2.669,0.334,0.215,6.057
16980,0.990,0.096,2.640,0.306,0.204,5.997
17040,0.791,0.001,2.727,0.286,0.172,9.131
17100,0.785,0.084,2.601,0.332,0.196,5.350
17160,0.483,0.014,3.495,0.233,0.045,8.472
17220,0.793,0.046,2.454,0.414,0.188,8.491
17280,0.915,0.064,2.883,0.451,0.285,14.705
17340,0.696,0.105,2.902,0.523,0.198,17.657
17400,0.759,0.058,2.589,0.371,0.185,11.221
17460,0.895,0.046,2.627,0.587,0.207,14.476
17520,0.683,0.144,2.737,0.595,0.207,16.744
17580,0.718,-0.021,2.801,0.516,0.172,11.324
17640,0.894,0.153,3.131,0.416,0.238,8.557
17700,0.908,0.047,2.916,0.474,0.206,8.645
17760,0.817,0.103,2.553,0.414,0.163,4.921
17820,0.831,0.113,2.915,0.484,0.207,15.346
17880,0.921,0.150,2.636,0.329,0.162,12.270
17940,0.733,0.086,2.819,0.325,0.174,7.808
18000,0.918,0.107,2.954,0.383,0.240,26.760
18060,0.845,0.061,2.283,0.261,0.191,5.784
18120,0.862,0.012,2.386,0.183,0.196,3.568
18180,0.895,0.115,2.632,0.352,0.147,11.393
18240,0.918,0.167,2.553,0.262,0.125,7.541
18300,0.912,0.151,2.606,0.248,0.176,6.694
18360,0.976,0.040,2.603,0.256,0.179,5.409
18420,0.661,0.118,2.395,0.298,0.212,4.994
18480,0.979,0.081,2.481,0.186,0.198,4.770
18540,0.880,0.152,2.683,0.233,0.174,10.678
18600,0.901,0.120,2.585,0.268,0.182,7.797
18660,0.949,0.177,2.339,0.251,0.199,5.648
18720,0.898,0.175,2.451,0.262,0.197,6.087
18780,0.925,0.185,2.474,0.221,0.214,4.639
18840,0.762,0.106,2.467,0.223,0.226,7.656
18900,0.800,0.139,2.824,0.291,0.231,18.974
18960,0.893,0.114,2.674,0.293,0.232,12.743
19020,0.822,0.208,2.870,0.425,0.197,21.175
19080,0.939,0.292,2.533,0.297,0.190,13.442
19140,1.022,0.142,2.790,0.346,0.254,16.113
19200,1.003,0.152,2.712,0.381,0.241,14.866
19260,0.928,0.103,2.508,0.260,0.209,7.310
19320,0.833,0.089,2.434,0.192,0.212,5.181
19380,0.864,0.134,2.496,0.209,0.158,4.910
19440,1.142,0.101,2.632,0.274,0.243,21.419
19500,0.918,0.108,2.638,0.290,0.219,13.921
19560,1.027,0.228,2.446,0.226,0.191,5.239
19620,1.103,0.047,2.493,0.229,0.179,6.562
19680,1.027,0.106,2.482,0.282,0.220,8.571
19740,1.113,0.048,2.688,0.246,0.236,6.059
19800,1.082,0.138,2.301,0.205,0.230,4.377
19860,1.117,0.101,2.477,0.151,0.207,3.347
19920,1.119,0.085,2.433,0.226,0.256,2.650
19980,1.002,0.052,2.256,0.213,0.191,4.666
20040,0.992,0.115,2.317,0.283,0.245,7.104
20100,0.904,0.097,2.295,0.276,0.225,6.466
20160,0.986,0.091,2.200,0.224,0.251,2.997
20220,1.129,0.029,2.396,0.161,0.233,2.113
20280,1.134,0.036,2.402,0.160,0.224,2.024
20340,1.249,0.115,2.656,0.210,0.226,2.219
20400,1.173,0.033,2.422,0.181,0.245,7.450
20460,1.098,-0.028,2.361,0.175,0.209,6.201
20520,1.180,0.052,2.522,0.181,0.227,10.767
20580,1.233,0.013,2.272,0.178,0.205,6.749
20640,1.170,0.117,2.409,0.239,0.241,8.048
20700,1.128,0.092,2.306,0.224,0.201,6.541
20760,1.244,0.109,2.519,0.257,0.239,8.077
20820,1.156,0.142,2.521,0.274,0.168,6.892
20880,0.859,0.149,2.518,0.236,0.236,16.047
20940,1.079,0.015,2.193,0.171,0.199,4.109
21000,1.161,-0.003,2.345,0.150,0.208,3.149
21060,1.325,0.000,2.185,0.136,0.241,2.430
21120,1.194,0.076,2.182,0.131,0.147,1.161
21180,1.083,0.044,2.241,0.101,0.187,4.583
21240,1.252,0.006,2.157,0.119,0.188,1.697
21300,1.138,0.026,2.210,0.138,0.214,3.041
21360,1.234,0.078,2.168,0.144,0.191,1.353
21420,1.209,0.003,2.379,0.128,0.219,1.223
21480,1.157,0.003,2.192,0.172,0.220,2.240
21540,1.057,0.053,2.180,0.101,0.210,0.761
21600,1.092,0.023,2.343,0.131,0.172,2.173
21660,1.157,-0.030,2.119,0.141,0.167,0.855
21720,1.013,-0.018,2.340,0.115,0.170,0.975
21780,1.055,0.010,2.265,0.151,0.173,1.182
21840,1.121,0.054,2.175,0.139,0.152,0.978
21900,1.169,0.026,2.372,0.094,0.155,0.976
21960,1.065,-0.017,2.323,0.147,0.198,0.944
22020,1.283,-0.027,2.175,0.107,0.163,0.757
22080,1.064,0.029,2.238,0.111,0.168,0.928
22140,1.014,0.004,2.249,0.098,0.182,1.525
22200,1.148,0.050,2.331,0.183,0.158,0.970
22260,1.088,0.029,2.279,0.128,0.171,0.861
22320,1.255,0.051,2.360,0.083,0.154,1.095
22380,1.213,-0.059,2.139,0.134,0.199,1.165
22440,1.087,0.042,2.101,0.121,0.162,1.116
22500,1.181,-0.018,2.233,0.111,0.173,2.169
22560,1.149,0.035,2.469,0.131,0.160,1.259
22620,1.263,-0.035,2.375,0.163,0.153,1.338
22680,0.677,-0.023,1.244,0.058,0.128,1.181
22740,1.228,0.026,2.506,0.129,0.159,2.629
22800,1.160,0.086,2.331,0.142,0.183,3.177
22860,1.084,0.007,2.389,0.163,0.186,2.849
22920,1.173,0.013,2.297,0.153,0.188,1.113
