CampaignData_and_Merges/R0/CSL_MobileLab_Parked/raw/20240718/USOS-MetNav_MobileLabGround_20240718_R0.ict
44, 1001
Carrie Womack, Nate Howard, Mike Zucker
NOAA Chemical Sciences Laboratory
Mobile Lab MetNav Station
USOS
1, 1
2024, 07, 18, 2024, 12, 21
60
Time_Start, seconds_past_midnight, Seconds from midnight UTC
11
1, 1, 1, 1, 1, 1, 1, 1, 1, 1, 1
-9999, -9999, -9999, -9999, -9999, -9999, -9999, -9999, -9999, -9999, -9999
GPS_Alt_m, meters, Altitude from Differential GPS
GPS_Course_deg, degrees, Course from Differential GPS
GPS_GndSpd_m_s, m/s, Ground Speed from Differential GPS
GPS_Heading_deg, degrees, Heading from Differential GPS
GPS_Lat_deg, degrees, Latitude from Differential GPS
GPS_Lon_deg, degrees, Longitude from Differential GPS
AirTemp_C, Celsius, Air Temperature from Airmar
RelHumidity_pct, percent, Relative Humidity from Airmar
Pressure_mb, millibars, Pressure from Honeywell
WindDir_calc_deg, degrees, Wind Direction from Airmar corrected for van movement
WindSpd_calc_m_s, m/s, Wind Speed from Airmar corrected for van movement
1
SPECIAL COMMENTS:
18
PI_CONTACT_INFO: Address: 325 Broadway R/CSL7, Boulder, CO, 80305
PLATFORM: CSL Mobile Lab
LOCATION: Salt Lake City, UT
ASSOCIATED_DATA: N/A
INSTRUMENT_INFO: N/A
DATA_INFO: Units:
UNCERTAINTY: N/A
ULOD_FLAG: -7777
ULOD_VALUE: N/A
LLOD_FLAG: -8888
LLOD_VALUE: N/A
DM_CONTACT_INFO: Data Manager: Nate Howard
PROJECT_INFO: 
STIPULATIONS_ON_USE: Use of these data require prior ok from PI.
OTHER_COMMENTS: 
REVISION: R0
R0: Final data. Fixed bug in wind averaging code. RA: Preliminary Data. For in-field use only. 
Time_Start, GPS_Alt_m, GPS_Course_deg, GPS_GndSpd_m_s, GPS_Heading_deg, GPS_Lat_deg, GPS_Lon_deg, AirTemp_C, RelHumidity_pct, Pressure_mb, WindDir_calc_deg, WindSpd_calc_m_s
[from data line 402]
24120.0,1309.2,0.81,0.04,0.81,40.73435,-111.87210,27.4,24.1,877.1,112.39,1.7
24180.0,1309.1,0.54,0.04,0.54,40.73435,-111.87210,27.4,23.9,877.0,132.52,2.3
24240.0,1309.0,359.81,0.04,359.81,40.73435,-111.87210,27.3,24.4,877.0,121.25,3.2
24300.0,1308.9,359.28,0.04,359.28,40.73435,-111.87210,27.3,24.2,877.0,115.47,2.2
24360.0,1308.8,359.22,0.04,359.22,40.73435,-111.87210,27.3,23.9,877.0,106.19,1.1
24420.0,1308.7,359.08,0.04,359.08,40.73435,-111.87210,27.3,23.9,877.0,118.67,1.9
24480.0,1308.7,359.09,0.04,359.09,40.73435,-111.87210,27.3,24.1,877.1,123.01,3.0
24540.0,1308.6,358.86,0.05,358.86,40.73435,-111.87210,27.3,23.9,877.1,122.68,3.0
24600.0,1308.6,359.13,0.05,359.13,40.73435,-111.87210,27.4,24.0,877.0,120.80,1.5
24660.0,1308.5,359.17,0.04,359.17,40.73435,-111.87210,27.4,24.4,877.0,122.38,2.5
24720.0,1308.4,358.89,0.05,358.89,40.73435,-111.87210,27.3,24.4,877.0,120.70,3.6
24780.0,1308.4,359.44,0.05,359.44,40.73435,-111.87210,27.2,24.5,877.1,101.37,2.3
24840.0,1308.3,359.70,0.05,359.70,40.73435,-111.87210,27.2,24.4,877.0,116.94,3.4
24900.0,1308.3,359.47,0.04,359.47,40.73435,-111.87210,27.3,24.4,877.1,104.44,1.5
24960.0,1308.4,359.56,0.04,359.56,40.73435,-111.87210,27.4,24.4,877.0,125.60,0.3
25020.0,1308.5,359.10,0.04,359.10,40.73435,-111.87210,27.3,24.1,877.1,117.77,1.4
25080.0,1308.6,359.44,0.04,359.44,40.73435,-111.87211,27.3,24.4,877.0,60.35,0.4
25140.0,1308.6,359.55,0.04,359.55,40.73435,-111.87211,27.3,24.6,877.1,116.31,2.9
25200.0,1308.6,359.70,0.05,359.70,40.73435,-111.87211,27.2,24.7,877.1,117.92,2.7
25260.0,1308.6,359.78,0.05,359.78,40.73435,-111.87211,27.2,24.1,877.1,121.44,3.5
25320.0,1308.7,0.68,0.05,0.68,40.73435,-111.87211,27.3,24.2,877.1,134.22,2.9
25380.0,1308.8,0.36,0.04,0.36,40.73435,-111.87211,27.3,24.9,877.1,129.39,2.6
25440.0,1308.9,359.70,0.05,359.70,40.73435,-111.87211,27.2,24.9,877.2,119.84,1.6
25500.0,1308.8,359.28,0.05,359.28,40.73435,-111.87211,27.2,25.1,877.1,130.36,2.3
25560.0,1308.7,359.24,0.06,359.24,40.73435,-111.87211,27.1,25.3,877.1,127.50,2.8
25620.0,1308.6,359.66,0.05,359.66,40.73435,-111.87211,27.0,25.0,877.1,124.66,4.4
25680.0,1308.0,359.70,0.06,359.70,40.73435,-111.87210,27.0,25.3,877.1,129.64,2.8
25740.0,1307.8,0.09,0.05,0.09,40.73435,-111.87210,26.9,25.6,877.1,114.23,2.6
25800.0,1307.9,359.99,0.05,359.99,40.73435,-111.87210,26.8,25.3,877.2,108.52,3.0
25860.0,1307.9,359.62,0.05,359.62,40.73435,-111.87210,26.8,25.3,877.2,123.73,4.6
25920.0,1307.9,0.21,0.05,0.21,40.73435,-111.87210,26.8,25.6,877.1,125.70,3.4
25980.0,1308.4,0.21,0.05,0.21,40.73435,-111.87211,26.8,25.4,877.1,125.44,3.0
26040.0,1308.1,359.73,0.05,359.73,40.73435,-111.87210,26.8,25.8,877.1,127.86,1.4
26100.0,1308.5,359.75,0.04,359.75,40.73435,-111.87211,26.8,25.4,877.1,126.37,4.3
26160.0,1308.5,359.12,0.04,359.12,40.73435,-111.87211,26.8,25.5,877.1,121.41,1.7
26220.0,1308.1,358.40,0.05,358.40,40.73435,-111.87211,26.8,25.5,877.1,111.48,2.3
26280.0,1308.0,358.70,0.04,358.70,40.73435,-111.87211,26.8,25.2,877.1,109.72,0.5
26340.0,1307.9,359.39,0.04,359.39,40.73435,-111.87211,26.8,25.3,877.1,114.82,1.8
26400.0,1308.0,359.54,0.05,359.54,40.73435,-111.87211,26.8,25.3,877.1,122.80,1.7
26460.0,1308.3,359.77,0.04,359.77,40.73435,-111.87210,26.8,25.4,877.1,135.86,3.6
26520.0,1308.4,359.49,0.05,359.49,40.73435,-111.87210,26.8,25.5,877.1,123.03,2.7
26580.0,1308.7,359.95,0.04,359.95,40.73435,-111.87210,26.8,25.4,877.1,125.14,3.9
26640.0,1308.4,359.51,0.04,359.51,40.73435,-111.87211,26.8,25.7,877.1,127.59,2.6
26700.0,1308.4,358.68,0.04,358.68,40.73435,-111.87211,26.8,25.7,877.2,124.17,2.3
26760.0,1308.6,358.37,0.04,358.37,40.73435,-111.87211,26.8,25.8,877.2,124.56,1.8
26820.0,1308.6,358.06,0.06,358.06,40.73435,-111.87211,26.8,25.8,877.2,111.07,1.7
26880.0,1308.6,358.17,0.05,358.17,40.73435,-111.87211,26.7,25.5,877.2,117.78,1.5
26940.0,1308.5,358.92,0.04,358.92,40.73435,-111.87211,26.8,25.2,877.2,122.02,2.0
27000.0,1308.3,358.45,0.04,358.45,40.73435,-111.87211,26.8,25.2,877.2,122.11,2.0
27060.0,1307.9,359.01,0.05,359.01,40.73435,-111.87211,26.8,25.5,877.1,113.29,1.0
27120.0,1307.9,358.84,0.05,358.84,40.73435,-111.87211,26.8,25.5,877.1,116.25,1.8
27180.0,1308.3,359.12,0.05,359.12,40.73435,-111.87211,26.7,25.6,877.1,120.14,4.0
27240.0,1308.6,359.41,0.04,359.41,40.73435,-111.87211,26.6,25.8,877.1,123.30,2.7
27300.0,1309.0,359.77,0.04,359.77,40.73435,-111.87211,26.6,25.8,877.1,118.58,2.0
27360.0,1309.0,359.87,0.04,359.87,40.73435,-111.87211,26.6,25.6,877.1,106.93,1.4
27420.0,1309.1,359.55,0.04,359.55,40.73435,-111.87211,26.6,25.7,877.1,122.46,2.2
27480.0,1309.1,358.91,0.04,358.91,40.73435,-111.87211,26.6,25.8,877.0,124.60,1.6
27540.0,1309.1,358.60,0.04,358.60,40.73435,-111.87211,26.5,25.9,877.0,127.08,2.1
27600.0,1309.1,358.41,0.04,358.41,40.73435,-111.87211,26.5,25.7,877.0,112.39,2.8
27660.0,1309.1,358.64,0.04,358.64,40.73435,-111.87211,26.5,25.9,877.0,118.91,3.0
27720.0,1309.2,358.17,0.04,358.17,40.73435,-111.87211,26.5,25.7,877.0,114.39,2.2
27780.0,1309.3,358.89,0.04,358.89,40.73435,-111.87211,26.5,25.6,877.0,117.35,2.8
27840.0,1309.3,358.49,0.04,358.49,40.73435,-111.87211,26.5,25.8,876.9,118.14,1.5
27900.0,1309.5,358.82,0.04,358.82,40.73435,-111.87211,26.6,25.7,876.9,111.18,1.7
27960.0,1309.7,358.84,0.04,358.84,40.73435,-111.87211,26.5,25.7,876.9,105.85,1.8
28020.0,1309.9,358.81,0.04,358.81,40.73435,-111.87211,26.4,25.7,876.9,125.50,2.8
28080.0,1310.2,358.56,0.04,358.56,40.73435,-111.87211,26.5,25.9,876.9,114.16,1.5
28140.0,1310.4,358.59,0.04,358.59,40.73434,-111.87211,26.4,25.9,876.9,118.30,2.4
28200.0,1310.2,358.93,0.05,358.93,40.73435,-111.87211,26.5,25.9,876.9,123.15,1.8
28260.0,1310.3,358.98,0.04,358.98,40.73435,-111.87211,26.4,25.5,876.9,112.87,2.7
28320.0,1310.4,359.34,0.05,359.34,40.73434,-111.87211,26.4,25.6,876.9,124.76,3.8
28380.0,1310.5,358.96,0.04,358.96,40.73434,-111.87211,26.4,25.8,876.9,122.80,3.0
28440.0,1310.6,359.26,0.05,359.26,40.73434,-111.87211,26.4,25.5,876.9,120.71,4.0
28500.0,1310.6,359.05,0.05,359.05,40.73434,-111.87211,26.5,25.6,876.9,123.32,2.4
28560.0,1310.6,359.34,0.05,359.34,40.73434,-111.87211,26.5,25.7,876.9,126.05,2.9
28620.0,1310.5,358.87,0.04,358.87,40.73435,-111.87211,26.5,25.7,876.9,121.27,3.1
28680.0,1310.5,358.35,0.05,358.35,40.73435,-111.87211,26.4,25.8,876.9,124.19,4.0
28740.0,1310.3,358.57,0.05,358.57,40.73435,-111.87211,26.4,25.7,876.9,124.85,2.9
28800.0,1309.9,359.26,0.05,359.26,40.73434,-111.87211,26.4,25.9,876.9,125.55,2.2
28860.0,1310.0,359.36,0.05,359.36,40.73435,-111.87211,26.4,25.9,876.9,130.55,1.9
28920.0,1309.9,359.15,0.05,359.15,40.73435,-111.87211,26.3,26.0,876.9,124.45,2.4
28980.0,1309.9,359.36,0.05,359.36,40.73435,-111.87211,26.3,25.7,876.9,126.06,3.6
29040.0,1309.7,359.37,0.06,359.37,40.73435,-111.87211,26.3,25.9,876.9,121.90,2.8
29100.0,1309.4,359.59,0.06,359.59,40.73435,-111.87211,26.3,25.9,876.9,118.59,1.5
29160.0,1309.4,359.64,0.05,359.64,40.73435,-111.87211,26.2,26.0,876.9,123.93,2.5
29220.0,1309.2,359.85,0.05,359.85,40.73435,-111.87211,26.3,26.0,876.9,121.46,2.7
29280.0,1308.9,359.81,0.05,359.81,40.73435,-111.87211,26.3,25.9,876.9,134.56,2.1
29340.0,1308.7,359.36,0.06,359.36,40.73435,-111.87211,26.2,25.8,876.9,119.02,3.4
29400.0,1308.6,358.73,0.05,358.73,40.73435,-111.87211,26.2,26.0,876.9,117.97,2.5
29460.0,1308.6,358.74,0.05,358.74,40.73435,-111.87211,26.2,25.9,876.9,127.73,3.1
29520.0,1308.7,358.84,0.06,358.84,40.73435,-111.87211,26.2,26.0,876.9,122.93,2.1
29580.0,1308.5,359.02,0.05,359.02,40.73435,-111.87211,26.2,25.8,876.8,121.31,2.5
29640.0,1308.5,359.51,0.04,359.51,40.73435,-111.87211,26.2,25.9,876.9,120.34,1.6
29700.0,1308.4,359.65,0.05,359.65,40.73435,-111.87211,26.2,25.9,876.9,129.51,2.2
29760.0,1308.5,0.20,0.04,0.20,40.73435,-111.87211,26.1,25.9,876.9,115.10,3.2
29820.0,1308.5,0.05,0.05,0.05,40.73435,-111.87211,26.1,25.8,876.9,123.22,4.6
29880.0,1308.4,359.53,0.05,359.53,40.73435,-111.87211,26.1,26.0,876.9,126.79,5.0
29940.0,1308.4,359.30,0.04,359.30,40.73435,-111.87211,26.1,25.8,876.8,123.13,3.3
30000.0,1308.4,359.63,0.05,359.63,40.73435,-111.87211,26.1,25.9,876.8,110.03,2.2
30060.0,1308.4,0.13,0.05,0.13,40.73435,-111.87211,26.2,25.8,876.8,122.93,3.3
30120.0,1308.3,0.67,0.05,0.67,40.73435,-111.87211,26.2,25.8,876.8,120.82,3.1
30180.0,1308.4,0.44,0.04,0.44,40.73435,-111.87210,26.1,25.9,876.8,114.55,2.0
30240.0,1308.5,0.10,0.05,0.10,40.73435,-111.87210,26.1,25.9,876.8,129.73,2.9
30300.0,1308.5,359.88,0.05,359.88,40.73435,-111.87210,26.1,26.3,876.8,128.08,3.3
30360.0,1308.6,359.90,0.06,359.90,40.73435,-111.87211,26.1,26.0,876.8,119.44,2.4
30420.0,1308.6,359.39,0.05,359.39,40.73435,-111.87210,26.1,26.0,876.8,126.72,2.1
30480.0,1308.5,359.01,0.05,359.01,40.73435,-111.87210,26.1,25.9,876.8,102.05,1.5
30540.0,1308.3,358.81,0.05,358.81,40.73435,-111.87210,26.1,26.0,876.8,125.10,2.3
30600.0,1308.4,358.90,0.05,358.90,40.73434,-111.87211,26.1,25.8,876.8,124.60,2.2
30660.0,1308.5,359.08,0.05,359.08,40.73434,-111.87211,26.0,25.9,876.8,137.32,3.9
30720.0,1308.4,359.20,0.05,359.20,40.73434,-111.87211,26.1,25.8,876.8,156.58,3.0
30780.0,1308.4,358.92,0.05,358.92,40.73434,-111.87211,26.1,26.6,876.8,141.30,2.3
30840.0,1308.4,359.02,0.04,359.02,40.73434,-111.87211,26.1,26.1,876.8,139.93,1.7
30900.0,1308.4,359.26,0.04,359.26,40.73434,-111.87211,26.1,25.8,876.8,135.79,1.7
30960.0,1308.3,358.97,0.05,358.97,40.73434,-111.87211,26.1,26.1,876.8,125.97,2.5
31020.0,1308.2,359.04,0.05,359.04,40.73434,-111.87211,26.0,26.0,876.8,125.19,2.9
31080.0,1307.9,359.19,0.05,359.19,40.73434,-111.87211,26.0,26.3,876.8,132.77,3.4
31140.0,1308.0,359.08,0.04,359.08,40.73434,-111.87211,25.9,26.3,876.8,125.64,3.3
31200.0,1307.8,358.74,0.05,358.74,40.73434,-111.87211,25.9,26.1,876.8,122.37,2.8
31260.0,1307.8,359.39,0.05,359.39,40.73434,-111.87211,25.9,26.1,876.7,115.23,1.4
31320.0,1307.4,359.52,0.05,359.52,40.73435,-111.87211,25.9,26.0,876.7,114.93,1.5
31380.0,1307.5,359.47,0.05,359.47,40.73435,-111.87211,25.9,26.4,876.7,126.67,2.5
31440.0,1307.3,359.93,0.05,359.93,40.73435,-111.87211,25.8,26.1,876.7,120.76,2.5
31500.0,1307.5,359.64,0.05,359.64,40.73435,-111.87211,25.9,26.1,876.7,121.60,2.7
31560.0,1307.2,359.85,0.05,359.85,40.73435,-111.87211,25.9,26.1,876.7,120.05,2.1
31620.0,1307.1,0.05,0.05,0.05,40.73435,-111.87211,25.8,26.2,876.7,117.86,2.7
31680.0,1307.4,359.55,0.05,359.55,40.73435,-111.87211,25.8,26.2,876.7,125.06,2.8
31740.0,1307.4,359.84,0.05,359.84,40.73435,-111.87210,25.9,26.1,876.7,130.39,2.3
31800.0,1307.3,359.63,0.05,359.63,40.73435,-111.87210,25.8,26.2,876.8,115.47,2.6
31860.0,1307.4,359.30,0.04,359.30,40.73435,-111.87211,25.8,26.2,876.8,121.45,2.8
31920.0,1307.3,359.36,0.04,359.36,40.73435,-111.87211,25.8,26.1,876.8,123.63,3.4
31980.0,1307.3,359.15,0.05,359.15,40.73435,-111.87211,25.8,26.0,876.8,120.78,2.9
32040.0,1306.8,359.16,0.05,359.16,40.73435,-111.87210,25.8,26.1,876.8,132.70,4.0
32100.0,1306.9,359.59,0.05,359.59,40.73435,-111.87210,25.8,26.3,876.8,123.85,2.0
32160.0,1307.3,359.56,0.06,359.56,40.73435,-111.87211,25.8,26.3,876.8,124.85,2.3
32220.0,1307.5,0.02,0.05,0.02,40.73435,-111.87211,25.8,26.5,876.9,128.18,1.6
32280.0,1307.5,358.60,0.05,358.60,40.73435,-111.87211,25.8,26.0,876.8,123.88,2.2
32340.0,1307.7,358.27,0.05,358.27,40.73435,-111.87211,25.8,26.1,876.9,123.91,3.2
32400.0,1307.8,358.61,0.05,358.61,40.73435,-111.87211,25.8,26.0,876.8,134.08,3.6
32460.0,1307.8,358.51,0.04,358.51,40.73435,-111.87211,25.8,26.0,876.8,128.22,2.1
32520.0,1307.8,358.45,0.05,358.45,40.73435,-111.87211,25.8,26.1,876.9,118.36,2.5
32580.0,1307.8,358.29,0.05,358.29,40.73435,-111.87211,25.9,25.9,876.8,130.28,2.9
32640.0,1307.9,358.72,0.05,358.72,40.73435,-111.87211,25.9,25.9,876.9,133.74,3.4
32700.0,1307.9,359.03,0.05,359.03,40.73435,-111.87211,25.9,26.4,876.8,133.54,2.8
32760.0,1307.9,359.00,0.04,359.00,40.73435,-111.87211,25.9,26.2,876.9,126.21,2.5
32820.0,1307.8,359.22,0.05,359.22,40.73435,-111.87211,25.8,26.1,876.9,130.14,2.4
32880.0,1307.8,359.02,0.04,359.02,40.73435,-111.87211,25.8,26.4,876.9,131.27,2.6
32940.0,1307.8,358.93,0.05,358.93,40.73435,-111.87211,25.8,26.2,876.8,139.55,2.3
33000.0,1307.8,358.82,0.04,358.82,40.73435,-111.87211,25.8,26.2,876.8,124.72,2.3
33060.0,1307.9,358.48,0.05,358.48,40.73435,-111.87211,25.8,26.6,876.8,140.56,2.8
33120.0,1308.0,358.18,0.04,358.18,40.73435,-111.87211,25.7,26.4,876.8,125.13,3.2
33180.0,1308.0,358.60,0.04,358.60,40.73435,-111.87211,25.7,26.4,876.8,147.51,2.5
33240.0,1308.2,358.80,0.05,358.80,40.73435,-111.87211,25.7,26.5,876.8,123.07,2.7
33300.0,1308.3,358.79,0.05,358.79,40.73435,-111.87211,25.7,26.4,876.8,123.99,2.4
33360.0,1308.4,358.71,0.05,358.71,40.73435,-111.87211,25.6,26.6,876.8,116.01,2.5
33420.0,1308.4,359.22,0.05,359.22,40.73435,-111.87211,25.6,26.5,876.8,123.36,3.3
33480.0,1308.4,359.29,0.06,359.29,40.73435,-111.87211,25.6,26.5,876.8,118.43,2.2
33540.0,1308.5,359.10,0.05,359.10,40.73435,-111.87211,25.6,26.4,876.8,125.63,1.3
33600.0,1308.4,359.17,0.04,359.17,40.73435,-111.87211,25.6,26.5,876.8,123.66,2.0
33660.0,1308.4,359.50,0.05,359.50,40.73435,-111.87211,25.5,26.4,876.8,126.85,4.1
33720.0,1308.3,359.54,0.05,359.54,40.73435,-111.87211,25.6,26.6,876.8,111.98,1.6
33780.0,1308.1,359.60,0.06,359.60,40.73435,-111.87211,25.6,26.4,876.8,120.82,1.9
33840.0,1308.2,0.02,0.05,0.02,40.73435,-111.87211,25.6,26.7,876.8,125.16,2.6
33900.0,1308.2,359.56,0.05,359.56,40.73435,-111.87210,25.5,26.8,876.8,128.52,2.5
33960.0,1308.2,359.27,0.05,359.27,40.73435,-111.87210,25.5,26.6,876.8,122.43,3.4
34020.0,1308.2,359.74,0.05,359.74,40.73435,-111.87210,25.5,26.7,876.8,120.90,1.8
34080.0,1308.1,359.38,0.05,359.38,40.73435,-111.87210,25.5,26.7,876.8,122.00,1.9
34140.0,1308.0,359.09,0.04,359.09,40.73435,-111.87211,25.5,26.5,876.8,121.87,3.0
34200.0,1307.9,358.51,0.06,358.51,40.73435,-111.87211,25.4,26.9,876.8,123.97,2.7
34260.0,1307.9,357.84,0.05,357.84,40.73435,-111.87211,25.5,26.6,876.8,114.48,2.4
34320.0,1307.8,357.96,0.05,357.96,40.73435,-111.87211,25.5,26.6,876.7,124.14,2.1
34380.0,1307.8,358.01,0.04,358.01,40.73435,-111.87211,25.5,26.5,876.8,116.88,2.8
34440.0,1307.6,359.34,0.05,359.34,40.73435,-111.87211,25.4,26.6,876.7,118.20,2.5
34500.0,1307.7,359.44,0.05,359.44,40.73435,-111.87211,25.4,26.5,876.7,121.26,2.4
34560.0,1307.7,359.26,0.05,359.26,40.73435,-111.87211,25.5,26.4,876.7,123.95,2.0
34620.0,1307.7,359.16,0.05,359.16,40.73435,-111.87211,25.5,26.6,876.7,127.97,3.0
34680.0,1307.8,359.06,0.04,359.06,40.73435,-111.87211,25.4,26.6,876.7,118.24,2.6
34740.0,1307.9,359.00,0.05,359.00,40.73435,-111.87211,25.5,26.4,876.7,115.81,1.5
34800.0,1307.9,358.87,0.04,358.87,40.73435,-111.87211,25.5,26.5,876.7,124.91,2.4
34860.0,1308.0,358.66,0.04,358.66,40.73435,-111.87211,25.5,26.5,876.7,125.28,2.6
34920.0,1308.0,358.93,0.04,358.93,40.73435,-111.87211,25.4,26.6,876.7,121.07,3.3
34980.0,1308.0,359.03,0.05,359.03,40.73435,-111.87211,25.4,26.6,876.7,122.61,3.0
35040.0,1308.1,358.52,0.04,358.52,40.73435,-111.87211,25.4,26.6,876.7,122.86,2.7
35100.0,1308.3,358.26,0.04,358.26,40.73435,-111.87211,25.5,26.5,876.7,121.42,2.3
35160.0,1308.4,358.71,0.04,358.71,40.73435,-111.87211,25.4,26.6,876.6,114.91,1.4
35220.0,1308.6,359.24,0.04,359.24,40.73435,-111.87211,25.4,26.4,876.6,109.68,2.2
35280.0,1308.4,359.28,0.05,359.28,40.73435,-111.87211,25.5,26.5,876.6,115.72,1.6
35340.0,1308.4,359.13,0.05,359.13,40.73435,-111.87211,25.4,26.3,876.6,118.95,2.4
35400.0,1308.4,359.06,0.05,359.06,40.73435,-111.87211,25.4,26.4,876.6,114.93,2.0
35460.0,1308.4,359.36,0.05,359.36,40.73436,-111.87211,25.4,26.4,876.6,113.10,2.2
35520.0,1308.5,359.35,0.05,359.35,40.73436,-111.87211,25.4,26.3,876.6,116.54,1.7
35580.0,1308.5,359.20,0.05,359.20,40.73436,-111.87211,25.5,26.5,876.6,118.01,1.3
35640.0,1308.6,359.18,0.05,359.18,40.73435,-111.87211,25.4,26.4,876.6,122.56,2.8
35700.0,1309.0,359.12,0.04,359.12,40.73435,-111.87211,25.4,26.4,876.6,114.84,1.9
35760.0,1308.8,358.87,0.05,358.87,40.73435,-111.87211,25.5,26.5,876.6,120.36,1.8
35820.0,1308.7,358.79,0.04,358.79,40.73435,-111.87211,25.5,26.6,876.6,117.00,1.3
35880.0,1308.8,358.57,0.05,358.57,40.73435,-111.87211,25.5,26.6,876.6,121.05,1.7
