CampaignData_and_Merges/R0/CSL_MobileLab_Parked/raw/20240718/USOS-NOAAIodideCIMS-HCOOH_MobileLabGround_20240718_RA.ict
34, 1001
Michael A Robinson, Chris Jernigan, Subi Thakali
NOAA ESRL Chemical Sciences Laboratory and CIRES, U. of Colorado
NOAA Iodide CIMS Instrument
USOS
1, 1
2024, 07, 18, 2024, 07, 20
0
starttime_UTC, seconds_past_midnight, seconds_of_day_since_00:00:00_UTC
1
1
-9999
HCOOH_NOAACIMS, pptv, Gas_HCOOH_InSitu_S_AVMR
1
N/A
18
PI_CONTACT_INFO: 325 Broadway, R/CSD 7, Boulder, Colorado 80305; michael.a.robinson@noaa.gov; chris.jernigan@noaa.gov;
PLATFORM: NOAA CSL Mobile Lab
LOCATION: SLC, Utah
ASSOCIATED_DATA: 1Hz data also available on request.
INSTRUMENT_INFO: NOAA I- ToF CIMS
DATA_INFO: Units: pptv
UNCERTAINTY: tbd
ULOD_FLAG: -7777
ULOD_VALUE: N/A
LLOD_FLAG: -8888
LLOD_VALUE: N/A
DM_CONTACT_INFO: Nathan Howard; nathan.h.howard@noaa.gov
PROJECT_INFO: USOS, summer 2024. https://csl.noaa.gov/groups/csl7/measurements/2024usos/
STIPULATIONS_ON_USE: only the USOS science team is allowed to use this data
OTHER_COMMENTS: Field data; Data are averaged to 1 minute intervals. Stationary data collected from a 10 ft tower on top of the mobile lab
REVISION: RA
RA: Preliminary Data; For in-field use only
starttime_UTC, HCOOH_NOAACIMS
0,1054.710
60,1118.995
120,1101.073
180,1024.842
240,1041.563
300,1059.660
360,-9999.000
420,-9999.000
480,-9999.000
540,-9999.000
600,-9999.000
660,-9999.000
720,-9999.000
780,1089.633
840,1096.707
900,1099.426
960,1082.455
1020,1223.070
1080,1224.438
1140,1323.151
1200,1243.456
1260,1263.605
1320,1218.016
1380,1249.745
1440,1303.591
1500,1314.821
1560,1176.031
1620,1153.819
1680,1125.702
1740,1108.719
1800,1180.757
1860,1146.411
1920,1176.117
1980,1197.607
2040,1170.002
2100,-9999.000
2160,-9999.000
2220,-9999.000
2280,-9999.000
2340,-9999.000
2400,-9999.000
2460,-9999.000
2520,-9999.000
2580,1128.435
2640,1138.481
2700,1140.772
2760,1220.088
2820,1300.354
2880,1114.654
2940,1123.127
3000,1190.052
3060,1258.733
3120,1171.690
3180,1205.379
3240,1245.748
3300,1280.042
3360,1202.379
3420,-9999.000
3480,-9999.000
3540,-9999.000
3600,-9999.000
3660,-9999.000
3720,-9999.000
3780,-9999.000
3840,-9999.000
3900,-9999.000
3960,-9999.000
4020,-9999.000
4080,-9999.000
4140,-9999.000
4200,-9999.000
4260,-9999.000
4320,-9999.000
4380,-9999.000
4440,-9999.000
4500,-9999.000
4560,-9999.000
4620,-9999.000
4680,-9999.000
4740,-9999.000
4800,-9999.000
4860,1185.723
4920,1130.259
4980,1115.844
5040,1193.167
5100,1209.938
5160,1175.181
5220,1269.452
5280,1282.367
5340,1241.284
5400,1324.770
5460,1381.879
5520,1356.218
5580,1391.568
5640,1483.306
5700,1472.003
5760,1399.303
5820,1381.064
5880,1394.299
5940,1453.842
6000,1551.278
6060,1648.479
6120,1329.945
6180,1498.674
6240,1452.989
6300,1541.994
6360,1464.134
6420,1458.788
6480,1476.682
6540,1486.233
6600,1446.850
6660,1498.819
6720,1543.715
6780,1632.275
6840,1613.401
6900,1697.205
6960,1628.788
7020,1638.626
7080,1640.708
7140,1546.161
7200,1523.067
7260,1644.126
7320,1709.454
7380,1667.005
7440,1713.856
7500,1693.830
7560,1730.321
7620,1650.136
7680,1759.418
7740,1782.336
7800,-9999.000
7860,-9999.000
7920,-9999.000
7980,-9999.000
8040,-9999.000
8100,1787.015
8160,1703.663
8220,1691.377
8280,1724.669
8340,1671.285
8400,1650.244
8460,1648.604
8520,1724.192
8580,1659.405
8640,1737.084
8700,1791.903
8760,1790.727
8820,1798.848
8880,1732.046
8940,1743.481
9000,1785.287
9060,1839.148
9120,1830.946
9180,1779.865
9240,1804.701
9300,1799.684
9360,1821.196
9420,1840.074
9480,1847.367
9540,-9999.000
9600,-9999.000
9660,-9999.000
9720,-9999.000
9780,-9999.000
9840,-9999.000
9900,-9999.000
9960,2066.111
10020,2051.101
10080,2112.298
10140,2208.663
10200,2202.834
10260,2240.367
10320,2273.955
10380,2305.750
10440,2367.294
10500,2319.737
10560,2342.586
10620,2284.270
10680,2425.868
10740,2519.033
10800,2477.406
10860,2270.105
10920,2251.557
10980,2329.509
11040,2335.833
11100,2332.490
11160,2404.521
11220,2366.072
11280,2391.043
11340,2479.128
11400,2465.508
11460,2496.071
11520,2598.031
11580,-9999.000
11640,-9999.000
11700,-9999.000
11760,-9999.000
11820,2673.816
11880,2670.251
11940,2596.406
12000,2614.574
12060,2633.124
12120,2706.605
12180,2664.343
12240,2606.787
12300,2673.033
12360,2696.477
12420,2724.854
12480,2814.384
12540,2960.206
12600,2922.616
12660,2851.403
12720,2796.201
12780,2823.214
12840,2872.042
12900,3015.058
12960,2980.110
13020,2907.889
13080,2833.733
13140,2730.017
13200,2765.415
13260,2583.258
13320,2312.964
13380,2147.517
13440,1828.597
13500,1457.189
13560,1576.355
13620,1667.247
13680,1703.036
13740,1733.448
13800,1717.338
13860,1739.724
13920,1670.214
13980,1721.323
14040,1752.780
14100,1768.973
14160,1794.789
14220,1773.825
14280,1792.747
14340,1829.167
14400,1853.723
14460,1924.861
14520,1924.020
14580,1927.549
14640,1917.412
14700,1920.139
14760,1883.956
14820,1959.405
14880,2032.358
14940,1973.224
15000,2029.987
15060,2050.747
15120,1986.983
15180,2063.253
15240,2106.271
15300,1989.757
15360,2040.443
15420,2135.294
15480,2134.299
15540,2104.001
15600,2085.451
15660,2097.132
15720,2159.008
15780,2154.317
15840,2156.521
15900,2106.066
15960,2188.431
16020,2227.997
16080,2191.889
16140,2195.775
16200,2241.774
16260,2248.186
16320,2181.803
16380,2302.304
16440,2480.217
16500,2414.014
16560,2969.567
16620,2666.236
16680,2820.088
16740,2974.554
16800,3101.823
16860,2930.450
16920,2917.982
16980,-9999.000
17040,-9999.000
17100,-9999.000
17160,-9999.000
17220,-9999.000
17280,3018.927
17340,3210.737
17400,2899.208
17460,2916.217
17520,3217.968
17580,2988.367
17640,2870.979
17700,2965.774
17760,2647.948
17820,2832.183
17880,2537.488
17940,2618.801
18000,2739.977
18060,2774.857
18120,2827.241
18180,2885.375
18240,2932.578
18300,2985.570
18360,3191.896
18420,3213.378
18480,3067.119
18540,3016.313
18600,3047.020
18660,3155.606
18720,3215.353
18780,3216.009
18840,3222.784
18900,-9999.000
18960,-9999.000
19020,-9999.000
19080,-9999.000
19140,3416.410
19200,3427.981
19260,3171.573
19320,2888.630
19380,2915.443
19440,2849.930
19500,2924.066
19560,2929.848
19620,2885.934
19680,2944.339
19740,3140.802
19800,3066.201
19860,3191.763
19920,3230.879
19980,3129.499
20040,3065.423
20100,3272.155
20160,3006.540
20220,2887.545
20280,2912.703
20340,2994.371
20400,2855.420
20460,2836.542
20520,2830.086
20580,2799.767
20640,2958.708
20700,2887.828
20760,2953.718
20820,-9999.000
20880,-9999.000
20940,-9999.000
21000,2726.958
21060,2635.064
21120,2604.770
21180,2611.852
21240,2529.624
21300,2558.298
21360,2532.391
21420,2494.201
21480,2483.205
21540,2466.731
21600,2442.647
21660,2417.621
21720,2428.577
21780,2449.564
21840,2431.279
21900,2381.025
21960,2408.221
22020,2419.436
22080,2350.679
22140,2386.454
22200,2449.776
22260,2411.628
22320,2403.908
22380,2376.812
22440,2435.168
22500,2388.965
22560,2356.035
22620,-9999.000
22680,-9999.000
22740,-9999.000
22800,-9999.000
22860,2295.826
22920,2386.917
22980,2299.197
23040,2247.125
23100,2288.757
23160,2274.487
23220,2329.150
23280,2329.434
23340,2392.541
23400,2353.945
23460,2413.195
23520,2415.841
23580,2473.601
23640,2429.013
23700,2371.220
23760,2431.229
23820,2392.233
23880,2391.171
23940,2415.835
24000,2430.359
24060,2442.015
24120,2507.630
24180,2517.567
24240,2476.053
24300,2483.682
24360,2468.283
24420,2471.890
24480,2449.347
24540,-9999.000
24600,2346.960
24660,2534.286
24720,2486.081
24780,2600.213
24840,2542.598
24900,2562.048
24960,2594.088
25020,2450.166
25080,2649.142
25140,2592.720
25200,2514.612
25260,2431.721
25320,2384.172
25380,2578.906
25440,2610.827
25500,2588.822
25560,2613.904
25620,2686.092
25680,2669.377
25740,2670.067
25800,2621.715
25860,2644.451
25920,2648.369
25980,2653.606
26040,2683.221
26100,2597.369
26160,2642.644
26220,2598.242
26280,2639.928
26340,-9999.000
26400,-9999.000
26460,-9999.000
26520,2526.344
26580,2461.918
26640,2521.977
26700,2553.703
26760,2547.097
26820,2488.322
26880,2454.852
26940,2460.537
27000,2476.688
27060,2470.933
27120,2533.558
27180,2459.079
27240,2431.208
27300,2504.580
27360,2549.147
27420,2504.597
27480,2474.734
27540,2468.921
27600,2431.878
27660,2429.327
27720,2433.056
27780,2441.672
27840,2470.336
27900,2441.825
27960,2413.717
28020,2337.169
28080,2336.957
28140,2385.032
28200,-9999.000
28260,-9999.000
28320,-9999.000
28380,2299.933
28440,2252.698
28500,2278.798
28560,2221.041
28620,2208.153
28680,2234.851
28740,2243.573
28800,2222.094
28860,2193.947
28920,2206.854
28980,2192.028
29040,2190.171
29100,2213.068
29160,2205.804
29220,2185.557
29280,2186.454
29340,2181.196
29400,2192.406
29460,2157.206
29520,2163.922
29580,2182.132
29640,2185.324
29700,2114.282
29760,2073.834
29820,2067.788
29880,2028.231
29940,2088.787
30000,2068.337
30060,-9999.000
30120,-9999.000
30180,-9999.000
30240,2091.991
30300,2045.896
30360,2054.086
30420,2030.305
30480,2005.759
30540,2018.881
30600,1985.577
30660,1994.902
30720,1990.576
30780,1974.954
30840,2100.847
30900,2133.846
30960,2032.842
31020,2004.552
31080,1917.222
31140,1945.842
31200,1997.352
31260,1965.768
31320,1944.564
31380,1954.496
31440,1921.569
31500,1875.867
31560,1901.929
31620,1883.664
31680,1847.897
31740,1847.116
31800,1853.122
31860,1832.027
31920,-9999.000
31980,-9999.000
32040,-9999.000
32100,1792.488
32160,1841.030
32220,1862.319
32280,1805.175
32340,1826.796
32400,1780.362
32460,1792.572
32520,1781.553
32580,1843.139
32640,1964.260
32700,1997.585
32760,2087.817
32820,2118.141
32880,2132.530
32940,2106.508
33000,1915.353
33060,2041.071
33120,2091.392
33180,1901.056
33240,1817.466
33300,1833.655
33360,1827.803
33420,1803.115
33480,1780.465
33540,1800.253
33600,1777.518
33660,1751.447
33720,1765.096
33780,1698.780
33840,1711.259
33900,1787.900
33960,1783.604
34020,1798.180
34080,1813.738
34140,1788.632
34200,1785.033
34260,1787.147
34320,1777.187
34380,1725.146
34440,1741.605
34500,1720.642
34560,1738.703
34620,1722.007
34680,1781.094
34740,1776.781
34800,1788.654
34860,1738.787
34920,1715.840
34980,1721.162
35040,1762.899
35100,1767.318
35160,1808.584
35220,1718.811
35280,1752.684
35340,1759.019
35400,1737.124
35460,1771.890
35520,1822.063
35580,-9999.000
35640,-9999.000
35700,-9999.000
35760,-9999.000
35820,-9999.000
35880,1796.834
35940,1773.950
36000,1753.225
36060,1746.494
36120,1803.078
36180,1762.040
36240,1734.012
36300,1720.996
36360,1733.011
36420,1749.665
36480,1752.578
36540,1769.937
36600,1733.011
36660,1804.354
36720,1774.063
36780,1729.029
36840,1745.096
36900,1738.288
36960,1695.849
37020,1702.215
37080,1720.181
37140,1699.795
37200,1710.243
37260,1715.309
37320,1685.189
37380,-9999.000
37440,-9999.000
37500,-9999.000
37560,-9999.000
37620,1670.883
37680,1782.084
37740,1721.675
37800,1762.154
37860,1783.654
37920,1696.553
37980,1717.226
38040,1695.768
38100,1710.627
38160,1712.213
38220,1659.339
38280,1652.459
38340,1741.629
38400,1883.697
38460,1849.993
38520,1847.511
38580,1894.806
38640,2068.433
38700,2068.986
38760,2020.379
38820,1978.316
38880,1955.366
38940,1788.179
39000,1758.551
39060,1691.394
39120,1714.784
39180,1696.162
39240,1711.102
39300,-9999.000
39360,-9999.000
39420,-9999.000
39480,-9999.000
39540,1649.922
39600,1641.655
39660,1622.384
39720,1622.507
39780,1640.144
39840,1686.712
39900,1665.802
39960,1686.619
40020,1633.859
40080,1669.942
40140,1690.015
40200,1712.634
40260,1717.692
40320,1720.430
40380,1707.175
40440,1709.740
40500,1730.683
40560,1699.768
40620,1717.487
40680,1710.098
40740,1724.886
40800,1714.960
40860,1732.316
40920,1784.083
40980,1855.293
41040,2188.692
41100,2436.463
41160,-9999.000
41220,-9999.000
41280,-9999.000
41340,2708.313
41400,2314.315
41460,2419.611
41520,2530.990
41580,2653.160
41640,2659.930
41700,2691.766
41760,2792.421
41820,2752.622
41880,2789.242
41940,2773.698
42000,2763.106
42060,2747.185
42120,2691.798
42180,2743.937
42240,2835.287
42300,2787.086
42360,2813.144
42420,2920.637
42480,2819.508
42540,2813.816
42600,2910.305
42660,2951.223
42720,2864.235
42780,2912.465
42840,2881.108
42900,2888.586
42960,2966.454
43020,-9999.000
43080,-9999.000
43140,-9999.000
43200,-9999.000
43260,3049.986
43320,3290.907
43380,3107.712
43440,3033.616
43500,3144.012
43560,3024.905
43620,2946.118
43680,2907.706
43740,2915.133
43800,2776.457
43860,2451.224
43920,2333.776
43980,2295.000
44040,2273.102
44100,2059.719
44160,2074.748
44220,2056.993
44280,2073.672
44340,2051.674
44400,2005.304
44460,1977.777
44520,1988.460
44580,1989.581
44640,2004.373
44700,2199.881
44760,2488.394
44820,-9999.000
44880,-9999.000
44940,-9999.000
45000,3034.860
45060,3091.901
45120,3128.066
45180,3172.702
45240,3232.532
45300,3061.309
45360,3008.907
45420,2946.946
45480,2658.351
45540,3093.052
45600,2700.292
45660,2623.115
45720,2567.653
45780,2413.126
45840,2249.450
45900,2093.125
45960,1960.649
46020,2021.880
46080,2101.603
46140,1982.729
46200,2005.567
46260,2045.284
46320,2007.531
46380,2004.164
46440,1955.306
46500,2555.703
46560,2825.150
46620,2568.927
46680,2490.974
46740,2260.246
46800,-9999.000
46860,-9999.000
46920,3506.752
46980,3462.930
47040,3226.432
47100,3334.593
47160,3062.143
47220,2922.785
47280,2853.966
47340,2801.576
47400,2773.856
47460,2718.455
47520,2485.853
47580,2353.608
47640,2161.363
47700,2163.602
47760,2187.057
47820,2175.226
47880,2214.331
47940,2157.535
48000,2073.943
48060,2148.440
48120,2186.906
48180,2070.895
48240,2157.374
48300,2225.813
48360,2104.550
48420,2112.672
48480,2063.021
48540,-9999.000
48600,-9999.000
48660,-9999.000
48720,1949.958
48780,2058.296
48840,2169.943
48900,2205.282
48960,2181.735
49020,2188.978
49080,1968.403
49140,1835.108
49200,1861.589
49260,1825.966
49320,1700.684
49380,1959.020
49440,1884.224
49500,1909.062
49560,1880.991
49620,1844.725
49680,1819.351
49740,1807.872
49800,1844.481
49860,1883.405
49920,1928.143
49980,1945.987
50040,1952.227
50100,2024.250
50160,2013.989
50220,2025.960
50280,2043.397
50340,2032.606
50400,2075.579
50460,2108.235
50520,2319.048
50580,2442.152
50640,2423.605
50700,2406.901
50760,2456.764
50820,2395.785
50880,2446.221
50940,2373.358
51000,2280.433
51060,2348.992
51120,2385.185
51180,2387.346
51240,2567.461
51300,2499.189
51360,2467.220
51420,2415.535
51480,2465.614
51540,2513.282
51600,2421.169
51660,2390.983
51720,2468.321
51780,2423.946
51840,2478.424
51900,2497.275
51960,2525.493
52020,2500.219
52080,2557.812
52140,2517.822
52200,-9999.000
52260,-9999.000
52320,-9999.000
52380,-9999.000
52440,2618.645
52500,2577.182
52560,2681.592
52620,2735.276
52680,2772.878
52740,2724.440
52800,2757.807
52860,2802.038
52920,2722.279
52980,2679.505
53040,2717.332
53100,2727.100
53160,2603.760
53220,2628.064
53280,2677.644
53340,2722.047
53400,2689.700
53460,2675.534
53520,2705.001
53580,2675.327
53640,2635.898
53700,2674.117
53760,2658.113
53820,2681.629
53880,2688.321
53940,2689.853
54000,2731.196
54060,-9999.000
54120,-9999.000
54180,-9999.000
54240,3173.463
54300,3173.532
54360,3116.345
54420,3293.817
54480,2991.691
54540,2892.800
54600,2945.961
54660,2995.041
54720,3038.743
54780,3185.261
54840,3041.719
54900,3019.750
54960,2740.640
55020,2779.185
55080,2645.011
55140,2702.082
55200,2718.649
55260,2747.873
55320,2742.925
55380,2906.361
55440,2864.739
55500,2851.318
55560,3261.493
55620,3389.358
55680,3557.648
55740,3224.378
55800,3252.700
55860,-9999.000
55920,-9999.000
55980,-9999.000
56040,-9999.000
56100,-9999.000
56160,-9999.000
56220,-9999.000
56280,-9999.000
56340,-9999.000
56400,3171.654
56460,3207.136
56520,3106.968
56580,3141.729
56640,3228.941
56700,3323.307
56760,2922.456
56820,2820.390
56880,2424.336
56940,2392.693
57000,2445.951
57060,2423.686
57120,2499.358
57180,2423.152
57240,2398.219
57300,2351.349
57360,2305.426
57420,2475.599
57480,2459.270
57540,2443.253
57600,2440.948
57660,2509.040
57720,2387.708
57780,2355.421
57840,2385.346
57900,2392.367
57960,2373.856
58020,2310.279
58080,2439.677
58140,2535.917
58200,2637.690
58260,2534.734
58320,2415.121
58380,2463.924
58440,2461.657
58500,2275.000
58560,2567.385
58620,2428.034
58680,2354.164
58740,2273.938
58800,2295.946
58860,2358.973
58920,2356.247
58980,2293.909
59040,2287.695
59100,2377.442
59160,2410.546
59220,2302.128
59280,2336.413
59340,2354.943
59400,2367.910
59460,2338.726
59520,2277.319
59580,2265.815
59640,2350.790
59700,2479.241
59760,2514.704
59820,2428.990
59880,2161.886
59940,2212.780
60000,2214.511
60060,2255.304
60120,-9999.000
60180,-9999.000
60240,-9999.000
60300,-9999.000
60360,-9999.000
60420,-9999.000
60480,-9999.000
60540,2217.248
60600,2426.282
60660,2313.488
60720,2305.274
60780,2135.029
60840,2158.197
60900,2045.991
60960,2094.768
61020,2067.504
61080,1963.933
61140,2011.511
61200,1728.835
61260,1814.443
61320,1856.106
61380,1827.631
61440,1970.844
61500,2051.983
61560,2250.667
61620,1926.927
61680,1927.146
61740,2034.095
61800,2071.412
61860,1895.216
61920,2019.843
61980,1829.413
62040,1668.409
62100,1713.994
62160,1777.274
62220,-9999.000
62280,-9999.000
62340,-9999.000
62400,-9999.000
62460,-9999.000
62520,1635.823
62580,1526.301
62640,1795.805
62700,1684.004
62760,1639.654
62820,1668.047
62880,1543.918
62940,1583.752
63000,1495.430
63060,1471.826
63120,1526.816
63180,1494.490
63240,1676.552
63300,1752.697
63360,1730.341
63420,1663.391
63480,1736.682
63540,1668.675
63600,1601.091
63660,1805.909
63720,1626.357
63780,1563.612
63840,1640.734
63900,1736.235
63960,1690.939
64020,-9999.000
64080,-9999.000
