CampaignData_and_Merges/R0/CSL_MobileLab_Parked/raw/20240718/USOS-jNO2_MobileLabGround_20240718_R0.ict
52,1001
Waxman, E.; Rollins, A.; Zuraski, K.; Chace, W.
NOAA Chemical Sciences Laboratory
jNO2 filter radiometer on CSL Mobile Lab
AMMBEC / USOS
1, 1
2024,07,18, 2025,04,01
60
Time_Start, seconds, number_of_seconds_since_0000_UTC
20
1, 1, 1, 1, 1, 1, 1, 1, 1, 1, 1, 1, 1, 1, 1, 1, 1, 1, 1, 1
-9999, -9999, -9999, -9999, -9999, -9999, -9999, -9999, -9999, -9999, -9999, -9999, -9999, -9999, -9999, -9999, -9999, -9999, -9999, -9999
Time_Stop, seconds, number_of_seconds_since_0000_UTC
jNO2_meas, per second, photolysis rate of NO2 measured using a filter radiometer.
jBrCl, per second, photolysis rate of BrCl -> Br + Cl calculated in TUV for cloud-free sky with local AOD
jBr2, per second, photolysis rate of Br2 -> Br + Br calculated in TUV for cloud-free sky with local AOD
jCCl4, per second, photolysis rate of CCl4 -> Products calcualted in TUV for cloud-free sky with local AOD
jCH2Oa, per second, photolysis rate of CH2O -> H + HCO calculated in TUV for cloud-free sky with local AOD
jCH2Ob, per second, photolysis rate of CH2O -> H2 + CO calculated in TUV for cloud-free sky with local AOD
jClNO2, per second, photolysis rate of ClNO2 -> Cl + NO2 calculated in TUV for cloud-free sky with local AOD
jClOa, per second, photolysis rate of ClO -> Cl + O(1D) calculated in TUV for cloud-free sky with local AOD
jClOb, per second, photolysis rate of ClO -> Cl + O(3P) calculated in TUV for cloud-free sky with local AOD
jCl2, per second, photolysis rate of Cl2 -> Cl + Cl calculated in TUV for cloud-free sky with local AOD
jHNO2, per second, photolysis rate of HNO2 -> OH + NO calculated in TUV for cloud-free sky with local AOD
jHNO3, per second, photolysis rate of HNO3 -> OH + NO2 calculated in TUV for cloud-free sky with local AOD
jI2, per second, photolysis rate of I2 -> I + I calculated in TUV for cloud-free sky with local AOD
jNO2, per second, photolysis rate of NO2 -> NO + O(3P) calculated in TUV for cloud-free sky with local AOD
jNO3a, per second, photolysis rate of NO3 -> NO + O2 calculated in TUV for cloud-free sky with local AOD
jNO3b, per second, photolysis rate of NO3 -> NO2 + O(3P) calculated in TUV for cloud-free sky with local AOD
jN2O5, per second, photolysis rate of N2O5 -> NO3 + NO + O(3P) calculated in TUV for cloud-free sky with local AOD
jO3, per second, photolysis rate of O3 -> O2 + O(1D) calculated in TUV for cloud-free sky with local AOD
AOD_500nm, unitless, UTC daily mean AOD at 500 nm from an AERONET station located at 40.178 N, -112.452 E
0
18
PI_CONTACT_INFO: eleanor.waxman@noaa.gov
PLATFORM: CSL Mobile Lab, at ground site
LOCATION: Salt Lake City, UT
ASSOCIATED_DATA:
INSTRUMENT_INFO: jNO2 filter radiometer.  TUV calculations are for mobile van lat/lon/altitude assuming clear sky (cloud AOD = 0) and daily mean AOD.
DATA_INFO:
UNCERTAINTY: Data uncertainties are +/- 20%.  These come from uncertainties in radiometer angular response, radiometer thermal response, local interferences from clouds/aerosols/shadows etc.
ULOD_FLAG: -7777
ULOD_VALUE: N/A
LLOD_FLAG: -8888
LLOD_VALUE: N/A
DM_CONTACT_INFO: eleanor.waxman@noaa.gov
PROJECT_INFO: USOS Project, July - August 2024
STIPULATIONS_ON_USE: Users are strongly encouraged to contact the PI for proper data usage.
OTHER_COMMENTS: 
REVISION: R0
R0: final data
Time_Start, Time_Stop, jNO2_meas, jBrCl, jBr2, jCCl4, jCH2Oa, jCH2Ob, jClNO2, jClOa, jClOb, jCl2, jHNO2, jHNO3, jI2, jNO2, jNO3a, jNO3b, jN2O5, jO3, AOD_500nm
[from data line 772]
   46320,   46380,0.0007036,0.00154,0.005894,2.628e-26,1.14e-06,2.998e-06,3.194e-05,9.937e-27,3.637e-07,0.0002023,0.0001429,1.247e-08,0.02684,0.0009722,0.006299,0.04438,2.476e-06,2.514e-07,0.135
   46380,   46440,0.00072551,0.001593,0.006094,2.68e-26,1.184e-06,3.099e-06,3.303e-05,1.013e-26,3.799e-07,0.0002091,0.0001476,1.296e-08,0.02771,0.001005,0.006481,0.04577,2.562e-06,2.617e-07,0.135
   46440,   46500,0.00075072,0.00165,0.006308,2.736e-26,1.232e-06,3.209e-06,3.421e-05,1.033e-26,3.977e-07,0.0002165,0.0001528,1.35e-08,0.02862,0.001041,0.006673,0.04724,2.654e-06,2.73e-07,0.135
   46500,   46560,0.00077302,0.001707,0.006523,2.792e-26,1.281e-06,3.322e-06,3.541e-05,1.054e-26,4.162e-07,0.0002241,0.000158,1.405e-08,0.02954,0.001078,0.006864,0.0487,2.749e-06,2.847e-07,0.135
   46560,   46620,0.00079649,0.001762,0.006727,2.845e-26,1.328e-06,3.43e-06,3.657e-05,1.073e-26,4.343e-07,0.0002313,0.0001631,1.459e-08,0.03039,0.001113,0.007042,0.05007,2.841e-06,2.961e-07,0.135
   46620,   46680,0.00082069,0.001821,0.006944,2.902e-26,1.379e-06,3.547e-06,3.782e-05,1.094e-26,4.542e-07,0.0002391,0.0001685,1.517e-08,0.0313,0.001151,0.007229,0.05151,2.939e-06,3.086e-07,0.135
   46680,   46740,0.00084389,0.00188,0.007161,2.959e-26,1.432e-06,3.667e-06,3.91e-05,1.115e-26,4.748e-07,0.000247,0.0001741,1.578e-08,0.0322,0.00119,0.007414,0.05295,3.04e-06,3.216e-07,0.135
   46740,   46800,0.00087241,0.001936,0.007366,3.014e-26,1.483e-06,3.782e-06,4.033e-05,1.135e-26,4.95e-07,0.0002546,0.0001794,1.636e-08,0.03305,0.001226,0.007586,0.05429,3.137e-06,3.341e-07,0.135
   46800,   46860,0.00089512,0.001995,0.007583,3.072e-26,1.538e-06,3.906e-06,4.165e-05,1.156e-26,5.17e-07,0.0002627,0.0001851,1.699e-08,0.03394,0.001266,0.007766,0.0557,3.241e-06,3.479e-07,0.135
   46860,   46920,0.00093342,0.002055,0.007801,3.13e-26,1.594e-06,4.033e-06,4.3e-05,1.177e-26,5.4e-07,0.000271,0.000191,1.764e-08,0.03482,0.001306,0.007945,0.0571,3.348e-06,3.621e-07,0.135
   46920,   46980,0.0010005,0.002112,0.008006,3.186e-26,1.648e-06,4.154e-06,4.429e-05,1.198e-26,5.623e-07,0.0002789,0.0001965,1.827e-08,0.03565,0.001344,0.008111,0.0584,3.45e-06,3.76e-07,0.135
   46980,   47040,0.0010552,0.002173,0.008223,3.245e-26,1.707e-06,4.286e-06,4.569e-05,1.219e-26,5.869e-07,0.0002874,0.0002025,1.895e-08,0.03653,0.001386,0.008286,0.05978,3.561e-06,3.912e-07,0.135
   47040,   47100,0.0010456,0.002234,0.00844,3.305e-26,1.768e-06,4.42e-06,4.711e-05,1.241e-26,6.123e-07,0.0002961,0.0002086,1.966e-08,0.03739,0.001427,0.008458,0.06114,3.673e-06,4.068e-07,0.135
   47100,   47160,0.0010827,0.002292,0.008644,3.363e-26,1.826e-06,4.547e-06,4.846e-05,1.262e-26,6.37e-07,0.0003043,0.0002144,2.033e-08,0.0382,0.001467,0.008618,0.06241,3.78e-06,4.22e-07,0.135
   47160,   47220,0.0011688,0.002353,0.00886,3.424e-26,1.889e-06,4.686e-06,4.993e-05,1.284e-26,6.641e-07,0.0003131,0.0002207,2.107e-08,0.03905,0.001509,0.008786,0.06374,3.897e-06,4.387e-07,0.135
   47220,   47280,0.0012551,0.002415,0.009075,3.486e-26,1.953e-06,4.827e-06,5.142e-05,1.306e-26,6.922e-07,0.0003221,0.000227,2.183e-08,0.03989,0.001552,0.008951,0.06507,4.015e-06,4.559e-07,0.135
   47280,   47340,0.0013391,0.002473,0.009278,3.544e-26,2.015e-06,4.961e-06,5.284e-05,1.328e-26,7.195e-07,0.0003306,0.000233,2.256e-08,0.04068,0.001593,0.009105,0.0663,4.128e-06,4.726e-07,0.135
   47340,   47400,0.0013992,0.002535,0.009492,3.607e-26,2.082e-06,5.107e-06,5.437e-05,1.35e-26,7.495e-07,0.0003398,0.0002395,2.336e-08,0.04151,0.001637,0.009267,0.06759,4.25e-06,4.909e-07,0.135
   47400,   47460,0.0014358,0.002596,0.009705,3.671e-26,2.151e-06,5.255e-06,5.592e-05,1.373e-26,7.804e-07,0.000349,0.000246,2.417e-08,0.04233,0.001681,0.009426,0.06887,4.373e-06,5.097e-07,0.135
   47460,   47520,0.0014785,0.002655,0.009904,3.731e-26,2.217e-06,5.395e-06,5.74e-05,1.395e-26,8.104e-07,0.0003578,0.0002522,2.495e-08,0.04309,0.001722,0.009573,0.07006,4.491e-06,5.28e-07,0.135
   47520,   47580,0.0015217,0.002717,0.01012,3.795e-26,2.288e-06,5.547e-06,5.899e-05,1.418e-26,8.433e-07,0.0003672,0.0002589,2.58e-08,0.0439,0.001767,0.009728,0.07131,4.618e-06,5.48e-07,0.135
   47580,   47640,0.0015706,0.002778,0.01033,3.86e-26,2.361e-06,5.702e-06,6.06e-05,1.442e-26,8.773e-07,0.0003767,0.0002656,2.667e-08,0.04469,0.001812,0.009881,0.07254,4.747e-06,5.686e-07,0.135
   47640,   47700,0.0016152,0.002837,0.01052,3.923e-26,2.43e-06,5.849e-06,6.214e-05,1.464e-26,9.103e-07,0.0003858,0.000272,2.751e-08,0.04544,0.001855,0.01002,0.07369,4.87e-06,5.885e-07,0.135
   47700,   47760,0.0016587,0.002899,0.01073,3.99e-26,2.506e-06,6.008e-06,6.379e-05,1.488e-26,9.464e-07,0.0003954,0.0002788,2.842e-08,0.04622,0.0019,0.01017,0.0749,5.002e-06,6.104e-07,0.135
   47760,   47820,0.0017016,0.00296,0.01094,4.057e-26,2.582e-06,6.168e-06,6.546e-05,1.513e-26,9.835e-07,0.0004052,0.0002857,2.935e-08,0.04698,0.001946,0.01032,0.07609,5.136e-06,6.327e-07,0.135
   47820,   47880,0.0017423,0.003018,0.01113,4.121e-26,2.656e-06,6.321e-06,6.705e-05,1.536e-26,1.019e-06,0.0004144,0.0002922,3.024e-08,0.0477,0.001989,0.01045,0.0772,5.263e-06,6.544e-07,0.135
   47880,   47940,0.001744,0.00308,0.01133,4.19e-26,2.733e-06,6.485e-06,6.875e-05,1.56e-26,1.058e-06,0.0004243,0.0002991,3.118e-08,0.04844,0.002035,0.01059,0.07834,5.399e-06,6.777e-07,0.135
   47940,   48000,0.0017684,0.003138,0.01153,4.254e-26,2.811e-06,6.643e-06,7.037e-05,1.583e-26,1.098e-06,0.0004337,0.0003057,3.214e-08,0.04917,0.002079,0.01073,0.07946,5.531e-06,7.015e-07,0.135
   48000,   48060,0.0018753,0.003195,0.01171,4.32e-26,2.888e-06,6.801e-06,7.201e-05,1.607e-26,1.137e-06,0.0004431,0.0003124,3.309e-08,0.04985,0.002122,0.01086,0.08052,5.662e-06,7.25e-07,0.135
   48060,   48120,0.0019305,0.003256,0.01191,4.391e-26,2.971e-06,6.971e-06,7.376e-05,1.632e-26,1.179e-06,0.0004531,0.0003195,3.411e-08,0.05058,0.002169,0.01099,0.08164,5.804e-06,7.507e-07,0.135
   48120,   48180,0.001961,0.003317,0.01211,4.463e-26,3.056e-06,7.143e-06,7.553e-05,1.659e-26,1.223e-06,0.0004632,0.0003266,3.515e-08,0.0513,0.002215,0.01113,0.08274,5.946e-06,7.77e-07,0.135
   48180,   48240,0.0020143,0.003374,0.0123,4.576e-26,3.136e-06,7.307e-06,7.721e-05,1.69e-26,1.265e-06,0.0004728,0.0003333,3.615e-08,0.05196,0.002259,0.01125,0.08377,6.082e-06,8.023e-07,0.135
   48240,   48300,0.0020407,0.003435,0.01249,4.592e-26,3.223e-06,7.482e-06,7.9e-05,1.703e-26,1.312e-06,0.000483,0.0003405,3.723e-08,0.05267,0.002306,0.01138,0.08484,6.227e-06,8.305e-07,0.135
   48300,   48360,0.0020961,0.003495,0.01269,4.657e-26,3.314e-06,7.661e-06,8.083e-05,1.723e-26,1.363e-06,0.0004933,0.0003477,3.838e-08,0.05338,0.002353,0.01152,0.08593,6.376e-06,8.607e-07,0.135
   48360,   48420,0.0021311,0.003556,0.01288,4.754e-26,3.404e-06,7.842e-06,8.268e-05,1.762e-26,1.41e-06,0.0005038,0.0003551,3.95e-08,0.05405,0.002401,0.01164,0.08697,6.525e-06,8.892e-07,0.135
   48420,   48480,0.002176,0.003616,0.01307,4.831e-26,3.495e-06,8.023e-06,8.453e-05,1.79e-26,1.461e-06,0.0005142,0.0003623,4.064e-08,0.05474,0.002448,0.01177,0.08803,6.675e-06,9.194e-07,0.135
   48480,   48540,0.002222,0.003676,0.01326,4.908e-26,3.588e-06,8.206e-06,8.638e-05,1.817e-26,1.513e-06,0.0005246,0.0003696,4.181e-08,0.05541,0.002495,0.01189,0.08905,6.826e-06,9.504e-07,0.135
   48540,   48600,0.0022661,0.003732,0.01344,4.981e-26,3.676e-06,8.379e-06,8.815e-05,1.843e-26,1.563e-06,0.0005344,0.0003765,4.293e-08,0.05604,0.00254,0.01201,0.09,6.97e-06,9.803e-07,0.135
   48600,   48660,0.0023118,0.003791,0.01363,5.06e-26,3.771e-06,8.565e-06,9.003e-05,1.871e-26,1.617e-06,0.0005449,0.0003839,4.414e-08,0.05669,0.002587,0.01213,0.09101,7.123e-06,1.013e-06,0.135
   48660,   48720,0.0023552,0.00385,0.01381,5.139e-26,3.868e-06,8.753e-06,9.193e-05,1.9e-26,1.673e-06,0.0005555,0.0003912,4.537e-08,0.05734,0.002634,0.01224,0.09199,7.278e-06,1.047e-06,0.135
   48720,   48780,0.0024,0.003906,0.01399,5.215e-26,3.96e-06,8.93e-06,9.373e-05,1.927e-26,1.727e-06,0.0005654,0.0003982,4.656e-08,0.05794,0.002679,0.01235,0.09291,7.425e-06,1.079e-06,0.135
   48780,   48840,0.002437,0.003964,0.01417,5.297e-26,4.058e-06,9.12e-06,9.564e-05,1.956e-26,1.786e-06,0.000576,0.0004055,4.782e-08,0.05858,0.002726,0.01247,0.09387,7.582e-06,1.114e-06,0.135
   48840,   48900,0.0024793,0.004022,0.01435,5.379e-26,4.158e-06,9.312e-06,9.757e-05,1.985e-26,1.846e-06,0.0005866,0.0004129,4.912e-08,0.0592,0.002773,0.01258,0.09483,7.74e-06,1.15e-06,0.135
   48900,   48960,0.0025224,0.004077,0.01452,5.458e-26,4.253e-06,9.493e-06,9.94e-05,2.013e-26,1.904e-06,0.0005966,0.0004199,5.035e-08,0.05978,0.002818,0.01269,0.09571,7.89e-06,1.185e-06,0.135
   48960,   49020,0.0025647,0.004134,0.01469,5.543e-26,4.355e-06,9.687e-06,0.0001013,2.043e-26,1.966e-06,0.0006073,0.0004273,5.168e-08,0.06039,0.002865,0.0128,0.09664,8.05e-06,1.222e-06,0.135
   49020,   49080,0.0026064,0.004191,0.01487,5.629e-26,4.459e-06,9.882e-06,0.0001033,2.073e-26,2.031e-06,0.000618,0.0004347,5.303e-08,0.06099,0.002912,0.01291,0.09755,8.211e-06,1.261e-06,0.135
   49080,   49140,0.0026429,0.004245,0.01503,5.711e-26,4.557e-06,1.007e-05,0.0001052,2.103e-26,2.093e-06,0.000628,0.0004417,5.432e-08,0.06156,0.002956,0.01301,0.0984,8.364e-06,1.298e-06,0.135
   49140,   49200,0.0026975,0.004301,0.01521,5.799e-26,4.662e-06,1.026e-05,0.0001071,2.134e-26,2.16e-06,0.0006387,0.0004491,5.571e-08,0.06214,0.003003,0.01311,0.09929,8.526e-06,1.338e-06,0.135
   49200,   49260,0.0027293,0.004358,0.01538,5.889e-26,4.769e-06,1.046e-05,0.0001091,2.165e-26,2.229e-06,0.0006494,0.0004565,5.712e-08,0.06272,0.00305,0.01322,0.1002,8.69e-06,1.379e-06,0.135
   49260,   49320,0.0027747,0.00441,0.01554,5.974e-26,4.87e-06,1.065e-05,0.000111,2.195e-26,2.295e-06,0.0006596,0.0004635,5.847e-08,0.06326,0.003094,0.01331,0.101,8.846e-06,1.419e-06,0.135
   49320,   49380,0.002837,0.004466,0.0157,6.066e-26,4.979e-06,1.085e-05,0.000113,2.228e-26,2.367e-06,0.0006703,0.0004709,5.992e-08,0.06383,0.003141,0.01342,0.1019,9.011e-06,1.462e-06,0.135
   49380,   49440,0.0028821,0.004521,0.01587,6.159e-26,5.089e-06,1.105e-05,0.000115,2.261e-26,2.441e-06,0.000681,0.0004784,6.138e-08,0.06439,0.003187,0.01352,0.1027,9.177e-06,1.506e-06,0.135
   49440,   49500,0.0029287,0.004573,0.01603,6.247e-26,5.193e-06,1.124e-05,0.0001169,2.292e-26,2.511e-06,0.0006912,0.0004853,6.279e-08,0.06491,0.003231,0.01361,0.1035,9.335e-06,1.549e-06,0.135
   49500,   49560,0.0029694,0.004627,0.01619,6.343e-26,5.304e-06,1.145e-05,0.0001189,2.326e-26,2.587e-06,0.0007019,0.0004927,6.429e-08,0.06546,0.003277,0.01371,0.1043,9.502e-06,1.594e-06,0.135
   49560,   49620,0.003001,0.004682,0.01635,6.439e-26,5.418e-06,1.165e-05,0.0001209,2.36e-26,2.665e-06,0.0007127,0.0005001,6.582e-08,0.066,0.003323,0.0138,0.1051,9.671e-06,1.641e-06,0.135
   49620,   49680,0.0030385,0.004732,0.0165,6.532e-26,5.524e-06,1.184e-05,0.0001228,2.393e-26,2.74e-06,0.0007228,0.000507,6.726e-08,0.0665,0.003367,0.01389,0.1059,9.83e-06,1.686e-06,0.135
   49680,   49740,0.0030967,0.004786,0.01666,6.631e-26,5.638e-06,1.205e-05,0.0001248,2.428e-26,2.82e-06,0.0007335,0.0005144,6.881e-08,0.06703,0.003412,0.01398,0.1067,9.999e-06,1.734e-06,0.135
   49740,   49800,0.0031344,0.004839,0.01682,6.732e-26,5.754e-06,1.225e-05,0.0001269,2.463e-26,2.903e-06,0.0007442,0.0005218,7.041e-08,0.06755,0.003458,0.01408,0.1075,1.017e-05,1.784e-06,0.135
   49800,   49860,0.0031722,0.004889,0.01696,6.829e-26,5.863e-06,1.245e-05,0.0001288,2.497e-26,2.981e-06,0.0007543,0.0005287,7.19e-08,0.06804,0.003501,0.01416,0.1082,1.033e-05,1.832e-06,0.135
   49860,   49920,0.0031962,0.004942,0.01712,6.933e-26,5.981e-06,1.266e-05,0.0001309,2.534e-26,3.068e-06,0.0007651,0.000536,7.353e-08,0.06855,0.003547,0.01425,0.109,1.05e-05,1.884e-06,0.135
   49920,   49980,0.0032498,0.004994,0.01727,7.039e-26,6.102e-06,1.287e-05,0.0001329,2.571e-26,3.156e-06,0.0007759,0.0005433,7.519e-08,0.06905,0.003592,0.01434,0.1097,1.068e-05,1.937e-06,0.135
   49980,   50040,0.0033025,0.005042,0.01742,7.14e-26,6.204e-06,1.304e-05,0.0001347,2.606e-26,3.238e-06,0.0007853,0.00055,7.666e-08,0.06952,0.003634,0.01442,0.1104,1.083e-05,1.986e-06,0.135
   50040,   50100,0.0033377,0.005089,0.01756,7.248e-26,6.331e-06,1.326e-05,0.0001368,2.645e-26,3.331e-06,0.0007957,0.0005567,7.842e-08,0.07001,0.003674,0.01451,0.1112,1.1e-05,2.043e-06,0.135
   50100,   50160,0.0033835,0.005143,0.01771,7.359e-26,6.449e-06,1.348e-05,0.0001389,2.683e-26,3.421e-06,0.0008069,0.0005645,8.006e-08,0.07049,0.003722,0.01459,0.1119,1.118e-05,2.097e-06,0.135
   50160,   50220,0.0034233,0.005192,0.01785,7.464e-26,6.565e-06,1.368e-05,0.0001409,2.72e-26,3.51e-06,0.0008171,0.0005713,8.171e-08,0.07094,0.003765,0.01467,0.1126,1.135e-05,2.151e-06,0.135
   50220,   50280,0.0034702,0.005243,0.018,7.577e-26,6.682e-06,1.388e-05,0.0001429,2.76e-26,3.604e-06,0.0008279,0.0005787,8.339e-08,0.07142,0.00381,0.01476,0.1133,1.152e-05,2.208e-06,0.135
   50280,   50340,0.0035093,0.005293,0.01814,7.693e-26,6.808e-06,1.41e-05,0.000145,2.801e-26,3.701e-06,0.0008386,0.000586,8.514e-08,0.07188,0.003855,0.01484,0.114,1.17e-05,2.267e-06,0.135
   50340,   50400,0.0035475,0.00534,0.01828,7.803e-26,6.924e-06,1.43e-05,0.0001469,2.839e-26,3.794e-06,0.0008486,0.0005927,8.68e-08,0.07231,0.003896,0.01491,0.1146,1.186e-05,2.323e-06,0.135
   50400,   50460,0.0035941,0.005389,0.01842,7.922e-26,7.048e-06,1.451e-05,0.000149,2.881e-26,3.894e-06,0.0008592,0.0005999,8.857e-08,0.07278,0.00394,0.01499,0.1153,1.204e-05,2.384e-06,0.135
   50460,   50520,0.0036348,0.005438,0.01856,8.042e-26,7.172e-06,1.472e-05,0.0001511,2.923e-26,3.995e-06,0.0008697,0.000607,9.035e-08,0.07322,0.003984,0.01507,0.116,1.221e-05,2.446e-06,0.135
   50520,   50580,0.0036716,0.005484,0.01869,8.157e-26,7.29e-06,1.492e-05,0.000153,2.964e-26,4.092e-06,0.0008797,0.0006137,9.205e-08,0.07365,0.004025,0.01514,0.1166,1.238e-05,2.505e-06,0.135
   50580,   50640,0.0037258,0.005532,0.01883,8.282e-26,7.416e-06,1.513e-05,0.0001551,3.007e-26,4.197e-06,0.0008902,0.0006208,9.387e-08,0.07409,0.004068,0.01522,0.1173,1.255e-05,2.569e-06,0.135
   50640,   50700,0.0037743,0.00558,0.01896,8.408e-26,7.542e-06,1.534e-05,0.0001572,3.052e-26,4.303e-06,0.0009007,0.0006278,9.571e-08,0.07452,0.004111,0.0153,0.1179,1.273e-05,2.633e-06,0.135
   50700,   50760,0.0038411,0.005625,0.01909,8.529e-26,7.662e-06,1.554e-05,0.0001591,3.094e-26,4.405e-06,0.0009106,0.0006345,9.745e-08,0.07493,0.004151,0.01537,0.1185,1.29e-05,2.695e-06,0.135
   50760,   50820,0.0038873,0.005672,0.01922,8.661e-26,7.789e-06,1.575e-05,0.0001612,3.14e-26,4.514e-06,0.000921,0.0006415,9.932e-08,0.07535,0.004194,0.01544,0.1192,1.307e-05,2.762e-06,0.135
   50820,   50880,0.0039493,0.005719,0.01935,8.793e-26,7.917e-06,1.596e-05,0.0001632,3.186e-26,4.625e-06,0.0009314,0.0006484,1.012e-07,0.07577,0.004236,0.01551,0.1198,1.325e-05,2.83e-06,0.135
   50880,   50940,0.0040067,0.005763,0.01948,8.921e-26,8.038e-06,1.616e-05,0.0001652,3.23e-26,4.731e-06,0.0009412,0.000655,1.03e-07,0.07617,0.004276,0.01558,0.1204,1.342e-05,2.895e-06,0.135
   50940,   51000,0.0040583,0.005809,0.01961,9.058e-26,8.167e-06,1.638e-05,0.0001672,3.278e-26,4.846e-06,0.0009516,0.0006619,1.049e-07,0.07658,0.004318,0.01565,0.121,1.359e-05,2.965e-06,0.135
   51000,   51060,0.0040919,0.005854,0.01974,9.198e-26,8.297e-06,1.659e-05,0.0001693,3.327e-26,4.962e-06,0.0009619,0.0006688,1.068e-07,0.07698,0.00436,0.01572,0.1216,1.377e-05,3.036e-06,0.135
   51060,   51120,0.0041325,0.005897,0.01986,9.331e-26,8.419e-06,1.679e-05,0.0001712,3.374e-26,5.072e-06,0.0009716,0.0006753,1.087e-07,0.07736,0.004399,0.01579,0.1222,1.394e-05,3.104e-06,0.135
   51120,   51180,0.0041741,0.005942,0.01998,9.476e-26,8.549e-06,1.7e-05,0.0001733,3.424e-26,5.191e-06,0.0009819,0.0006821,1.106e-07,0.07776,0.00444,0.01585,0.1228,1.412e-05,3.178e-06,0.135
   51180,   51240,0.0042189,0.005987,0.02011,9.622e-26,8.68e-06,1.721e-05,0.0001754,3.475e-26,5.312e-06,0.0009921,0.0006889,1.126e-07,0.07815,0.004481,0.01592,0.1233,1.429e-05,3.252e-06,0.135
