CampaignData_and_Merges/R0/CSL_MobileLab_Parked/raw/20240718/USOS-NOy-LIF_MobileLabGround_20240718_R0.ict
39,1001
Rollins, A.; Waxman, E.; Zuraski, K.; Chace, W.
NOAA Chemical Sciences Laboratory
LIF NO/NOx/NOy on CSL Mobile Lab
AMMBEC / USOS
1, 1
2024,07,18, 2025,01,03
1
Time_Start, seconds, number_of_seconds_since_0000_UTC
7
1, 1, 1, 1, 1, 1, 1
-9999, -9999, -9999, -9999, -9999, -9999, -9999
Time_Stop, seconds, number_of_seconds_since_0000_UTC
NO_LIF, pptv, Gas_NO_InSitu_S_AVMR, volume mixing ratio of nitric oxide in air
NO2_LIF, pptv, Gas_NO2_InSitu_S_AVMR, volume mixing ratio of nitrogen dioxide in air
NOy_LIF, pptv, Gas_NOy_InSitu_S_AVMR, volume mixing ratio of total oxidized nitrogen in air
NO_LIF_1SigmaAccuracy, pptv, Gas_NO_InSitu_S_AVMR, volume mixing ratio of nitric oxide in air
NO2_LIF_1SigmaAccuracy, pptv, Gas_NO2_InSitu_S_AVMR, volume mixing ratio of nitrogen dioxide in air
NOy_LIF_1SigmaAccuracy, pptv, Gas_NOy_InSitu_S_AVMR, volume mixing ratio of total oxidized nitrogen in air
0
18
PI_CONTACT_INFO: andrew.rollins@noaa.gov
PLATFORM: CSL Mobile Lab
LOCATION: Salt Lake City, UT
ASSOCIATED_DATA:
INSTRUMENT_INFO: NO detection by laser induced fluorescence. NO2 detection by photolytic conversion to NO. NOy detection by catalytic conversion to NO on gold surface
DATA_INFO:
UNCERTAINTY: Included 1 Sigma Accuracy waves represent the combined calibration uncertainties (±6%, ±9%, ±10%) and zero uncertainties (3 ppt, 20 ppt, 100 ppt) for NO, NO2, and NOy, respectively.
ULOD_FLAG: -7777
ULOD_VALUE: N/A
LLOD_FLAG: -8888
LLOD_VALUE: N/A
DM_CONTACT_INFO: andrew.rollins@noaa.gov
PROJECT_INFO: USOS Project, July - August 2024
STIPULATIONS_ON_USE: Users are strongly encouraged to contact the PI for proper data usage.
OTHER_COMMENTS:
REVISION: R0
R0: final data
Time_Start, Time_Stop, NO_LIF, NO2_LIF, NOy_LIF, NO_LIF_1SigmaAccuracy, NO2_LIF_1SigmaAccuracy, NOy_LIF_1SigmaAccuracy
[from data line 264]
   15840,   15900,42.245,4072.2,5571,5.5347, 386.5, 657.1
   15900,   15960,119.89,3910.8,4913.8,10.194, 371.97, 591.38
   15960,   16020,9.8848,3022.1,4585.7,3.5931, 291.99, 558.57
   16020,   16080,20.574,3258.3,4354.2,4.2344, 313.24, 535.42
   16080,   16140,14.562,3409.3,4675.3,3.8737, 326.84, 567.53
   16140,   16200,19.495,3243.3,4539.9,4.1697, 311.9, 553.99
   16200,   16260,17.608,4386.2,5721.5,4.0565, 414.76, 672.15
   16260,   16320,10.993,4418.4,6026.9,3.6596, 417.66, 702.69
   16320,   16380,15.064,4601.2,6387.5,3.9039, 434.11, 738.75
   16380,   16440,8.8459,4389.1,6104.4,3.5308, 415.02, 710.44
   16440,   16500,100.34,7268.6,6367,9.0204, 674.17, 736.7
   16500,   16560,153.01,7606.4,8101.1,12.181, 704.58, 910.11
   16560,   16620,23.395,5134.7,6964.1,4.4037, 482.12, 796.41
   16620,   16680,15.525,5390.4,6883.6,3.9315, 505.14, 788.36
   16680,   16740,9.9642,4487.9,6887.7,3.5979, 423.91, 788.77
   16740,   16800,10.469,4183.9,6304,3.6282, 396.55, 730.4
   16800,   16860,9.419,4994.4,6645.4,3.5651, 469.5, 764.54
   16860,   16920,9.6996,4315,6411.1,3.582, 408.35, 741.11
   16920,   16980,8.223,4282.6,5589.8,3.4934, 405.44, 658.98
   16980,   17040,9.471,4856.9,5785.9,3.5683, 457.12, 678.59
   17040,   17100,9.3267,5060.9,6243.8,3.5596, 475.48, 724.38
   17100,   17160,14.949,5761.2,6752.6,3.8969, 538.51, 775.26
   17160,   17220,15.327,7246.9,6817,3.9196, 672.22, 781.7
   17220,   17280,7.9907,6451.7,8143.2,3.4794, 600.65, 914.32
   17280,   17340,-9999,-9999,-9999,-9999, -9999, -9999
   17340,   17400,-9999,-9999,-9999,-9999, -9999, -9999
   17400,   17460,-9999,-9999,-9999,-9999, -9999, -9999
   17460,   17520,-9999,-9999,-9999,-9999, -9999, -9999
   17520,   17580,-9999,-9999,-9999,-9999, -9999, -9999
   17580,   17640,-9999,-9999,-9999,-9999, -9999, -9999
   17640,   17700,-9999,-9999,-9999,-9999, -9999, -9999
   17700,   17760,1228.4,11571,10937,76.702, 1061.4, 1193.7
   17760,   17820,1681.8,11869,16442,103.91, 1088.2, 1744.2
   17820,   17880,1715.3,11471,19712,105.92, 1052.4, 2071.2
   17880,   17940,59.22,4091,6695.4,6.5532, 388.19, 769.54
   17940,   18000,13.28,3011.7,3784.6,3.7968, 291.06, 478.46
   18000,   18060,11.789,4331.5,5813.3,3.7074, 409.84, 681.33
   18060,   18120,16.76,2309.9,4180.6,4.0056, 227.89, 518.06
   18120,   18180,14.914,1387.4,2825.4,3.8948, 144.86, 382.54
   18180,   18240,18.292,1449.8,2549.4,4.0975, 150.48, 354.94
   18240,   18300,118.55,1938.8,3370.5,10.113, 194.49, 437.05
   18300,   18360,18.643,1776,3328.2,4.1186, 179.84, 432.82
   18360,   18420,44.188,2101.1,3234.5,5.6513, 209.1, 423.45
   18420,   18480,22.761,2295,3566.9,4.3657, 226.55, 456.69
   18480,   18540,17.668,1791.9,3060.6,4.0601, 181.28, 406.06
   18540,   18600,11.786,1422,2424.4,3.7072, 147.98, 342.44
   18600,   18660,22.699,1688.8,2837.7,4.3619, 171.99, 383.77
   18660,   18720,42.216,2268.5,3117.2,5.533, 224.17, 411.72
   18720,   18780,50.573,2769.3,4655.4,6.0344, 269.23, 565.54
   18780,   18840,64.615,3170.2,5648.9,6.8769, 305.32, 664.89
   18840,   18900,11.57,1903.2,4123,3.6942, 191.28, 512.3
   18900,   18960,13.616,2189.5,3634.7,3.817, 217.05, 463.47
   18960,   19020,36.501,2777.4,3602.3,5.1901, 269.97, 460.23
   19020,   19080,22.417,2321.9,3961.6,4.345, 228.97, 496.16
   19080,   19140,15.597,2170.6,3428,3.9358, 215.36, 442.8
   19140,   19200,45.885,2580.7,3980.8,5.7531, 252.26, 498.08
   19200,   19260,29.073,2649.6,3924.7,4.7444, 258.46, 492.47
   19260,   19320,11.22,2228.1,3610.9,3.6732, 220.53, 461.09
   19320,   19380,23.409,1231.3,2502.1,4.4045, 130.82, 350.21
   19380,   19440,15.823,1115.4,2262.8,3.9494, 120.39, 326.28
   19440,   19500,42.994,1841.4,3128.1,5.5796, 185.72, 412.81
   19500,   19560,18.784,1782.5,3074.8,4.127, 180.42, 407.48
   19560,   19620,9.7577,1453.6,2722.1,3.5855, 150.82, 372.21
   19620,   19680,7.8186,1183.8,2288.3,3.4691, 126.54, 328.83
   19680,   19740,8.9924,1257.9,2368.3,3.5395, 133.21, 336.83
   19740,   19800,9.8779,1370.1,2480.4,3.5927, 143.31, 348.04
   19800,   19860,138.39,4729.3,4190.1,11.303, 445.64, 519.01
   19860,   19920,16.842,1867.5,3088.1,4.0105, 188.07, 408.81
   19920,   19980,9.5136,1518.1,2944.6,3.5708, 156.63, 394.46
   19980,   20040,545.3,4832.7,4493.1,35.718, 454.95, 549.31
   20040,   20100,739.57,7467.1,7353.2,47.374, 692.03, 835.32
   20100,   20160,69.801,3806.2,5444.2,7.1881, 362.56, 644.42
   20160,   20220,14.265,1989.5,4026.1,3.8559, 199.05, 502.61
   20220,   20280,11.943,1314.9,2755,3.7166, 138.34, 375.5
   20280,   20340,13.068,1204.1,2376.8,3.7841, 128.37, 337.68
   20340,   20400,17.569,1295.8,2448.8,4.0542, 136.62, 344.88
   20400,   20460,9.6996,1346.7,2606.8,3.582, 141.21, 360.68
   20460,   20520,8.0387,1334.7,2510.7,3.4823, 140.12, 351.07
   20520,   20580,25.806,1575.6,2617.8,4.5484, 161.8, 361.78
   20580,   20640,62.379,2726.8,3266,6.7427, 265.41, 426.6
   20640,   20700,15.355,2063.4,3410.9,3.9213, 205.71, 441.09
   20700,   20760,48.953,2613.6,3842.1,5.9372, 255.22, 484.21
   20760,   20820,20.527,2644.1,4249.7,4.2316, 257.97, 524.97
   20820,   20880,16.009,2223.9,3934.5,3.9605, 220.15, 493.45
   20880,   20940,9.7001,1325.2,3163.3,3.582, 139.27, 416.33
   20940,   21000,14.405,1389.2,2624.5,3.8643, 145.03, 362.45
   21000,   21060,29.187,1743.2,2901.2,4.7512, 176.89, 390.12
   21060,   21120,20.448,1156.2,2669.3,4.2269, 124.06, 366.93
   21120,   21180,7.8921,767.67,1974.6,3.4735, 89.091, 297.46
   21180,   21240,82.417,1095.1,2065.9,7.945, 118.56, 306.59
   21240,   21300,54.891,1229,2433.4,6.2934, 130.61, 343.34
   21300,   21360,23.578,803.62,1866.5,4.4147, 92.326, 286.65
   21360,   21420,39.701,873.15,2009,5.382, 98.584, 300.9
   21420,   21480,24.384,698.08,1750.2,4.463, 82.827, 275.02
   21480,   21540,17.802,688,1750.5,4.0681, 81.92, 275.05
   21540,   21600,12.225,632.22,1637.3,3.7335, 76.9, 263.73
   21600,   21660,15.987,595.79,1545,3.9592, 73.621, 254.5
   21660,   21720,-9999,-9999,-9999,-9999, -9999, -9999
   21720,   21780,-9999,-9999,-9999,-9999, -9999, -9999
   21780,   21840,-9999,-9999,-9999,-9999, -9999, -9999
   21840,   21900,-9999,-9999,-9999,-9999, -9999, -9999
   21900,   21960,-9999,-9999,-9999,-9999, -9999, -9999
   21960,   22020,-9999,-9999,-9999,-9999, -9999, -9999
   22020,   22080,-9999,-9999,-9999,-9999, -9999, -9999
   22080,   22140,34.577,627.73,1593.7,5.0746, 76.496, 259.37
   22140,   22200,262.21,1401.5,2776,18.733, 146.14, 377.6
   22200,   22260,17.576,859.13,1829.6,4.0546, 97.322, 282.96
   22260,   22320,20.161,792.39,1849.8,4.2097, 91.315, 284.98
   22320,   22380,24.702,686.82,1721,4.4821, 81.814, 272.1
   22380,   22440,14.806,629.73,1670.7,3.8884, 76.676, 267.07
   22440,   22500,514.9,1603.6,2784.4,33.894, 164.33, 378.44
   22500,   22560,117.07,983.82,2357.6,10.024, 108.54, 335.76
   22560,   22620,49.504,840.99,1738.1,5.9703, 95.689, 273.81
   22620,   22680,16.035,811.71,1935.2,3.9621, 93.054, 293.52
   22680,   22740,15.404,733.16,1799.1,3.9243, 85.984, 279.91
   22740,   22800,21.223,842.14,1914.6,4.2734, 95.793, 291.46
   22800,   22860,44.613,728.6,1956,5.6768, 85.574, 295.6
   22860,   22920,836.3,2289.6,4887.4,53.178, 226.06, 588.74
   22920,   22980,126.41,2217.2,3625.7,10.585, 219.55, 462.57
   22980,   23040,11.172,778.82,1887.7,3.6703, 90.094, 288.77
   23040,   23100,42.11,954.7,2114.3,5.5266, 105.92, 311.43
   23100,   23160,20.538,858.25,1987,4.2323, 97.243, 298.7
   23160,   23220,6.0379,654.39,1697.4,3.3623, 78.896, 269.74
   23220,   23280,11.178,638.83,1634.6,3.6707, 77.495, 263.46
   23280,   23340,10.163,720.69,1756.3,3.6098, 84.862, 275.63
   23340,   23400,41.938,707.36,1774.3,5.5163, 83.663, 277.43
   23400,   23460,10.84,654.79,1713.8,3.6504, 78.932, 271.38
   23460,   23520,15.148,651.99,1745.7,3.9089, 78.679, 274.57
   23520,   23580,9.1581,602.61,1692.3,3.5495, 74.235, 269.23
   23580,   23640,21.141,648.59,1770.5,4.2684, 78.373, 277.05
   23640,   23700,20.508,713.82,1849.2,4.2305, 84.244, 284.92
   23700,   23760,18.267,770.04,1926.9,4.096, 89.304, 292.69
   23760,   23820,32.745,739.81,2108.4,4.9647, 86.583, 310.84
   23820,   23880,16.983,707.45,1889.8,4.019, 83.671, 288.98
   23880,   23940,9.9299,791.79,1856.9,3.5958, 91.261, 285.69
   23940,   24000,12.899,785.37,1965.3,3.774, 90.683, 296.53
   24000,   24060,11.699,737.33,2012.5,3.702, 86.36, 301.25
   24060,   24120,12.546,706.21,1920.6,3.7528, 83.559, 292.06
   24120,   24180,8.8785,718.56,2083.7,3.5327, 84.671, 308.37
   24180,   24240,8.3905,705.59,1869.5,3.5034, 83.503, 286.95
   24240,   24300,11.77,702.74,1810.1,3.7062, 83.246, 281.01
   24300,   24360,31.473,781.31,1862.5,4.8884, 90.317, 286.25
   24360,   24420,37.277,981.42,2143.3,5.2366, 108.33, 314.33
   24420,   24480,22.47,851.56,2209.1,4.3482, 96.64, 320.91
   24480,   24540,13.882,916.29,1983.2,3.8329, 102.47, 298.32
   24540,   24600,10.896,873.95,1972.6,3.6538, 98.655, 297.26
   24600,   24660,22.087,810.84,2000.5,4.3252, 92.976, 300.05
   24660,   24720,20.429,844.39,1962.3,4.2257, 95.995, 296.23
   24720,   24780,13.739,725.85,1890.2,3.8243, 85.327, 289.02
   24780,   24840,36.679,747.99,1871.3,5.2007, 87.319, 287.13
   24840,   24900,31.435,717.07,1724.2,4.8861, 84.536, 272.42
   24900,   24960,52.289,936.92,2033.5,6.1374, 104.32, 303.35
   24960,   25020,28.408,1040.9,2349.6,4.7045, 113.68, 334.96
   25020,   25080,10.932,754.59,1853.9,3.6559, 87.913, 285.39
   25080,   25140,15.92,755.99,1946.9,3.9552, 88.039, 294.69
   25140,   25200,24.237,739.28,1877.2,4.4542, 86.536, 287.72
   25200,   25260,22.745,783.54,1867.9,4.3647, 90.519, 286.79
   25260,   25320,9.6377,843.48,1901.5,3.5783, 95.913, 290.15
   25320,   25380,9.6228,885.15,1942.9,3.5774, 99.663, 294.29
   25380,   25440,14.861,777.14,1852.6,3.8916, 89.942, 285.26
   25440,   25500,12.491,756.24,1841.9,3.7495, 88.061, 284.19
   25500,   25560,11.475,713.16,1743,3.6885, 84.184, 274.3
   25560,   25620,25.048,723.06,1746.2,4.5029, 85.075, 274.62
   25620,   25680,17.005,715.33,1729.6,4.0203, 84.38, 272.96
   25680,   25740,36.236,770.68,1733,5.1741, 89.361, 273.3
   25740,   25800,26.148,775.45,1821.7,4.5689, 89.79, 282.17
   25800,   25860,10.008,698.4,1697.5,3.6005, 82.856, 269.75
   25860,   25920,10.582,656.97,1730.5,3.6349, 79.127, 273.05
   25920,   25980,14.444,691.57,1695.6,3.8666, 82.242, 269.56
   25980,   26040,8.7917,721.39,1777.2,3.5275, 84.925, 277.72
   26040,   26100,-9999,-9999,-9999,-9999, -9999, -9999
   26100,   26160,-9999,-9999,-9999,-9999, -9999, -9999
   26160,   26220,-9999,-9999,-9999,-9999, -9999, -9999
   26220,   26280,-9999,-9999,-9999,-9999, -9999, -9999
   26280,   26340,-9999,-9999,-9999,-9999, -9999, -9999
   26340,   26400,-9999,-9999,-9999,-9999, -9999, -9999
   26400,   26460,-9999,-9999,-9999,-9999, -9999, -9999
   26460,   26520,105.89,1070.4,2015.3,9.3534, 116.33, 301.53
   26520,   26580,179.85,2059.3,3643.4,13.791, 205.34, 464.34
   26580,   26640,18.611,996.58,2299,4.1167, 109.69, 329.9
   26640,   26700,17.708,887.54,1823,4.0625, 99.878, 282.3
   26700,   26760,19.983,858.09,1826.1,4.199, 97.228, 282.61
   26760,   26820,23.7,933.33,1967,4.422, 104, 296.7
   26820,   26880,17.739,839.89,1984,4.0643, 95.59, 298.4
   26880,   26940,17.111,753.56,1750.5,4.0267, 87.82, 275.05
   26940,   27000,8.3519,689.71,1662,3.5011, 82.074, 266.2
   27000,   27060,11.664,680.2,1652.4,3.6998, 81.218, 265.24
   27060,   27120,14.434,726.21,1720.8,3.866, 85.359, 272.08
   27120,   27180,12.75,766.15,1735.8,3.765, 88.954, 273.58
   27180,   27240,17.546,713.72,1700.9,4.0528, 84.235, 270.09
   27240,   27300,14.218,620.29,1578.9,3.8531, 75.826, 257.89
   27300,   27360,15.094,670.02,1552.6,3.9056, 80.301, 255.26
   27360,   27420,8.475,612.38,1558.8,3.5085, 75.114, 255.88
   27420,   27480,15.771,675.88,1640.7,3.9463, 80.829, 264.07
   27480,   27540,10.717,654.75,1645,3.643, 78.928, 264.5
   27540,   27600,9.2222,669.26,1636.1,3.5533, 80.233, 263.61
   27600,   27660,9.631,653.76,1622.2,3.5779, 78.839, 262.22
   27660,   27720,25.511,637.25,1593.4,4.5306, 77.352, 259.34
   27720,   27780,12.069,642.97,1600.5,3.7242, 77.867, 260.05
   27780,   27840,8.8067,714.66,1657.9,3.5284, 84.32, 265.79
   27840,   27900,11.477,743.06,1747.3,3.6886, 86.875, 274.73
   27900,   27960,23.594,731.61,1706.2,4.4157, 85.845, 270.62
   27960,   28020,14.908,608.5,1559.8,3.8945, 74.765, 255.98
   28020,   28080,12.408,602.2,1487.9,3.7445, 74.198, 248.79
   28080,   28140,9.6532,611.9,1529,3.5792, 75.071, 252.9
   28140,   28200,10.413,626.11,1585.7,3.6248, 76.35, 258.57
   28200,   28260,10.483,624.71,1805.7,3.629, 76.224, 280.57
   28260,   28320,52.506,883.67,1955.7,6.1504, 99.53, 295.57
   28320,   28380,11.322,791.41,1847.3,3.6793, 91.227, 284.73
   28380,   28440,11.365,737.95,1843.8,3.6819, 86.415, 284.38
   28440,   28500,7.0256,584.04,1519.1,3.4215, 72.564, 251.91
   28500,   28560,11.015,593.64,1468.5,3.6609, 73.428, 246.85
   28560,   28620,401.91,1091.3,1541.1,27.115, 118.22, 254.11
   28620,   28680,491.81,1528.3,2325.6,32.509, 157.55, 332.56
   28680,   28740,56.647,800.92,1812.9,6.3988, 92.082, 281.29
   28740,   28800,18.194,751.85,1626.3,4.0917, 87.666, 262.63
   28800,   28860,16.874,761.71,1722.1,4.0124, 88.554, 272.21
   28860,   28920,239.83,991.27,2119.4,17.39, 109.21, 311.94
   28920,   28980,1748,5282.9,7439.6,107.88, 495.46, 843.96
   28980,   29040,45.378,897.29,2815.7,5.7227, 100.76, 381.57
   29040,   29100,58.831,687.08,1608.4,6.5298, 81.837, 260.84
   29100,   29160,9.4977,581.59,1490.8,3.5699, 72.343, 249.08
   29160,   29220,11.444,593.05,1484.8,3.6867, 73.375, 248.48
   29220,   29280,8.5504,563.59,1455.9,3.513, 70.723, 245.59
   29280,   29340,16.425,615.4,1472.1,3.9855, 75.386, 247.21
   29340,   29400,7.4278,581.48,1427.6,3.4457, 72.333, 242.76
   29400,   29460,13.059,599.21,1454.1,3.7836, 73.929, 245.41
   29460,   29520,15.199,690.81,1538.6,3.9119, 82.173, 253.86
   29520,   29580,21.177,648.63,1628,4.2706, 78.377, 262.8
   29580,   29640,15.622,684.49,1500,3.9373, 81.604, 250
   29640,   29700,8.3783,642.62,1487.6,3.5027, 77.836, 248.76
   29700,   29760,6.9866,665.14,1515.4,3.4192, 79.863, 251.54
   29760,   29820,13.624,639.97,1500.8,3.8174, 77.597, 250.08
   29820,   29880,10.069,571.25,1535.5,3.6042, 71.413, 253.55
   29880,   29940,11.903,536.57,1405.1,3.7142, 68.291, 240.51
   29940,   30000,11.951,549.93,1412.8,3.7171, 69.493, 241.28
   30000,   30060,8.6836,612.64,1379.8,3.521, 75.138, 237.98
   30060,   30120,32.023,643.18,1579.8,4.9214, 77.886, 257.98
   30120,   30180,12.447,608.83,1504,3.7468, 74.795, 250.4
   30180,   30240,8.9623,580.55,1414.2,3.5377, 72.249, 241.42
   30240,   30300,108.42,1016.6,1760.5,9.5053, 111.49, 276.05
   30300,   30360,35.889,774.52,1814.1,5.1534, 89.707, 281.41
   30360,   30420,-9999,-9999,-9999,-9999, -9999, -9999
   30420,   30480,-9999,-9999,-9999,-9999, -9999, -9999
   30480,   30540,-9999,-9999,-9999,-9999, -9999, -9999
   30540,   30600,-9999,-9999,-9999,-9999, -9999, -9999
   30600,   30660,-9999,-9999,-9999,-9999, -9999, -9999
   30660,   30720,-9999,-9999,-9999,-9999, -9999, -9999
   30720,   30780,-9999,-9999,-9999,-9999, -9999, -9999
   30780,   30840,-9999,-9999,-9999,-9999, -9999, -9999
   30840,   30900,14.768,952.1,1877.5,3.8861, 105.69, 287.75
   30900,   30960,6.1272,1191.2,2258.1,3.3676, 127.21, 325.81
   30960,   31020,20.67,1284.9,2384.8,4.2402, 135.64, 338.48
   31020,   31080,42.855,1398.9,2370.1,5.5713, 145.9, 337.01
   31080,   31140,35.243,1271,2365.2,5.1146, 134.39, 336.52
   31140,   31200,21.492,766.94,1694.1,4.2895, 89.024, 269.41
   31200,   31260,8.3985,727.2,1637,3.5039, 85.448, 263.7
   31260,   31320,7.4056,694.19,1687.7,3.4443, 82.477, 268.77
   31320,   31380,5.2399,599.12,1433.2,3.3144, 73.921, 243.32
   31380,   31440,12.475,573.97,1399,3.7485, 71.657, 239.9
   31440,   31500,8.6236,553.16,1427.8,3.5174, 69.785, 242.78
   31500,   31560,7.9288,498.46,1357.4,3.4757, 64.862, 235.74
   31560,   31620,7.1529,522.05,1368.4,3.4292, 66.985, 236.84
