CampaignData_and_Merges/R0/CSL_MobileLab_Parked/raw/20240718/USOS-POPS_MobileLabGround_20240718_R0.ict
78, 1001
Thornberry, T. D.
NOAA Chemical Sciences Laboratory
Portable Optical Particle Spectrometer (POPS)
USOS
1, 1
2024, 07, 18, 2025, 05, 08
60
Time_Start, seconds_past_midnight, Start time of measurement
45
1, 1, 1, 1, 1, 1, 1, 1, 1, 1, 1, 1, 1, 1, 1, 1, 1, 1, 1, 1, 1, 1, 1, 1, 1, 1, 1, 1, 1, 1, 1, 1, 1, 1, 1, 1, 1, 1, 1, 1, 1, 1, 1, 1, 1
-9999, -9999, -9999, -9999, -9999, -9999, -9999, -9999, -9999, -9999, -9999, -9999, -9999, -9999, -9999, -9999, -9999, -9999, -9999, -9999, -9999, -9999, -9999, -9999, -9999, -9999, -9999, -9999, -9999, -9999, -9999, -9999, -9999, -9999, -9999, -9999, -9999, -9999, -9999, -9999, -9999, -9999, -9999, -9999, -9999
Time_Stop, seconds_past_midnight, Stop time of measurement
Time_Mid, seconds_past_midnight, Mid time of measurement
Press_mb, mb, Pressure reported (mb)
Temp_C, degrees C, POPS temperature measurement
Aerosol_concentration, cm^-3, Aerosol concentration
Surface_Area_Conc, um^2 cm^-3, Surface area concentration
Volume_density, um^3 cm^-3, Volume density
Effective_radius, um, Effective radius
Extinction, km^-1, Extinction
Bin01, cm^-3, particle concentration in size range [1401 - 146.3 nm]
Bin02, cm^-3, particle concentration in size range [146.3 - 152.8 nm]
Bin03, cm^-3, particle concentration in size range [152.8 - 159.6 nm]
Bin04, cm^-3, particle concentration in size range [159.6 - 166.8 nm]
Bin05, cm^-3, particle concentration in size range [166.8 - 174.2 nm]
Bin06, cm^-3, particle concentration in size range [174.2 - 181.9 nm]
Bin07, cm^-3, particle concentration in size range [181.9 - 190.0 nm]
Bin08, cm^-3, particle concentration in size range [190.0 - 198.5 nm]
Bin09, cm^-3, particle concentration in size range [198.5 - 207.4 nm]
Bin10, cm^-3, particle concentration in size range [207.4 - 216.6 nm]
Bin11, cm^-3, particle concentration in size range [216.6 - 226.2 nm]
Bin12, cm^-3, particle concentration in size range [226.2 - 236.3 nm]
Bin13, cm^-3, particle concentration in size range [236.3 - 246.8 nm]
Bin14, cm^-3, particle concentration in size range [246.8 - 257.8 nm]
Bin15, cm^-3, particle concentration in size range [257.8 - 269.3 nm]
Bin16, cm^-3, particle concentration in size range [269.3 - 343.4 nm]
Bin17, cm^-3, particle concentration in size range [343.4 - 450.7 nm]
Bin18, cm^-3, particle concentration in size range [450.7 - 525.9 nm]
Bin19, cm^-3, particle concentration in size range [525.9 - 618.5 nm]
Bin20, cm^-3, particle concentration in size range [618.5 - 710.0 nm]
Bin21, cm^-3, particle concentration in size range [710.0 - 822.7 nm]
Bin22, cm^-3, particle concentration in size range [822.7 - 885.9 nm]
Bin23, cm^-3, particle concentration in size range [885.9 - 953.9 nm]
Bin24, cm^-3, particle concentration in size range [953.9 - 1027.2 nm]
Bin25, cm^-3, particle concentration in size range [1027.2 - 1106.1 nm]
Bin26, cm^-3, particle concentration in size range [1106.1 - 1191.0 nm]
Bin27, cm^-3, particle concentration in size range [1191.0 - 1282.5 nm]
Bin28, cm^-3, particle concentration in size range [1282.5 - 1381.0 nm]
Bin29, cm^-3, particle concentration in size range [1381.0 - 1487.1 nm]
Bin30, cm^-3, particle concentration in size range [1487.1 - 1601.3 nm]
Bin31, cm^-3, particle concentration in size range [1601.3 - 1724.3 nm]
[...]
PLATFORM: NOAA CSL Mobile Lab
LOCATION: USOS
ASSOCIATED_DATA: N/A
INSTRUMENT_INFO: Printed Optical Particle Spectrometer counts particles from 140 - 2500 nm in diameter 
DATA_INFO: Particle concentrations reported in number per cubic centimeter,1 Hz data
UNCERTAINTY: Counting uncertainty dominated by air flow, less than 5 percent. Measurement range is ~0 - 3000 per cm3 (varies depending on flow rate- manufacturer quotes 1250 per cm3 at 1.667 cc/s)
ULOD_FLAG: -7777
ULOD_VALUE: N/A
LLOD_FLAG: -8888
LLOD_VALUE: N/A
DM_CONTACT_INFO: Troy Thornberry, 325 Broadway R/CSL6, Boulder, CO 80305; troy.thornberry@noaa.gov; 303-497-3373
PROJECT_INFO: USOS, Utah POPS data from NOAA CSL Mobile Lab
STIPULATIONS_ON_USE: Please contact the PIs for questions regarding applications and uncertainties
OTHER_COMMENTS: POPS bin Edges (nm):  140.1, 146.3, 152.8, 159.6, 166.8, 174.2, 181.9, 190.0, 198.5, 207.4, 216.6, 226.2, 236.3, 246.8, 257.8, 269.3, 343.4, 450.7, 525.9, 618.5, 710.0, 822.7, 885.9, 953.9, 1027.2, 1106.1, 1191.0, 1282.5, 1381.0, 1487.1, 1601.3, 1724.3, 1856.7, 1999.3, 2152.8, 2318.2, 2496.2
Calculations assume organic aerosol refractive index of 1.52+0.00j and extinction wavelength = 532 nm
REVISION: R0
R0: Final data
Time_Start, Time_Stop, Time_Mid, Press_mb, Temp_C, Aerosol_concentration, Surface_Area_Conc, Volume_density, Effective_radius, Extinction, Bin01, Bin02, Bin03, Bin04, Bin05, Bin06, Bin07, Bin08, Bin09, Bin10, Bin11, Bin12, Bin13, Bin14, Bin15, Bin16, Bin17, Bin18, Bin19, Bin20, Bin21, Bin22, Bin23, Bin24, Bin25, Bin26, Bin27, Bin28, Bin29, Bin30, Bin31, Bin32, Bin33, Bin34, Bin35, Bin36
[from data line 688]
41280,41339,41310,874.033,33.162,118.422,21.741,1.124,0.154,0.007,6.821209,6.371974,6.423512,6.424728,6.618039,6.532838,6.402515,6.056382,6.093660,6.022983,5.766514,6.157355,5.992772,5.559820,5.291243,18.678038,5.429652,1.171941,0.344291,0.070141,0.080869,0.017295,0.023726,0.005868,0.000000,0.011661,0.005927,0.017260,0.011959,0.006050,0.000000,0.000000,0.011638,0.000000,0.000000,0.000000
41340,41399,41370,874.033,33.326,122.274,22.788,1.319,0.169,0.007,7.181750,6.395745,6.789536,6.678483,6.528183,6.676384,6.310305,6.639580,5.990605,6.156199,6.300366,6.096483,6.118489,5.766522,5.261913,20.010008,5.621815,1.090447,0.361734,0.063196,0.057601,0.069074,0.023310,0.005672,0.017863,0.005580,0.005653,0.005580,0.000000,0.005653,0.000000,0.017090,0.011774,0.000000,0.006007,0.005653
41400,41459,41430,874.047,33.222,127.689,23.120,1.158,0.149,0.007,7.220503,7.202425,6.694917,7.437079,7.047843,7.144294,6.451928,6.727617,6.578701,6.921474,6.579788,6.641788,6.348330,5.952258,5.310856,19.922501,5.663751,1.237587,0.368350,0.040013,0.040603,0.034346,0.029227,0.041195,0.023118,0.000000,0.005616,0.005845,0.005690,0.005905,0.000000,0.000000,0.005616,0.000000,0.000000,0.000000
41460,41519,41490,874.043,33.137,128.396,23.304,1.165,0.149,0.007,7.382645,7.404709,7.052837,7.197473,7.196076,7.080853,6.643209,6.590755,6.392354,6.550953,6.436354,6.401707,6.634469,5.965030,5.282860,20.366346,5.893116,1.359805,0.374689,0.034674,0.057127,0.023192,0.012036,0.005747,0.005338,0.016654,0.017322,0.000000,0.000000,0.005338,0.005966,0.000000,0.006050,0.000000,0.000000,0.000000
41520,41579,41550,874.053,32.961,130.640,24.045,1.336,0.164,0.008,7.645905,7.409400,6.922867,7.103100,7.118544,7.007324,6.983409,6.845933,6.774421,6.809460,6.492026,6.627211,6.928615,6.257912,5.409502,20.455027,5.930547,1.223436,0.376128,0.073421,0.091009,0.040612,0.011225,0.028382,0.005690,0.017545,0.000000,0.000000,0.011536,0.000000,0.011088,0.017187,0.005634,0.005864,0.000000,0.000000
41580,41639,41610,874.071,32.875,133.154,24.190,1.303,0.159,0.008,8.049249,7.209060,7.432108,7.479772,7.599519,7.600412,7.268356,7.036193,6.795510,6.798440,6.149323,6.603046,6.683318,6.395520,5.354052,20.896570,6.001409,1.167454,0.359587,0.088414,0.047145,0.034959,0.017696,0.028935,0.005987,0.000000,0.017015,0.000000,0.000000,0.011251,0.000000,0.005925,0.000000,0.005786,0.005766,0.005786
41640,41699,41670,874.078,33.003,128.050,23.493,1.279,0.161,0.007,7.533242,7.143031,7.042244,7.086894,7.290697,7.082561,6.344644,6.899953,6.604340,6.175029,6.217048,6.593364,6.479930,6.216083,5.513741,20.195036,5.841449,1.080825,0.380922,0.092406,0.104568,0.022992,0.017000,0.017073,0.011621,0.011578,0.011715,0.000000,0.005598,0.005634,0.005925,0.011553,0.005845,0.000000,0.005491,0.000000
41700,41759,41730,874.086,33.251,124.393,22.875,1.233,0.159,0.007,6.944316,6.955369,6.719611,7.008551,6.790116,6.888753,7.122569,6.549034,6.188190,6.155714,6.029337,6.387769,6.277726,5.916836,4.788402,20.044468,5.905670,1.139079,0.293575,0.086236,0.057361,0.035254,0.028547,0.017507,0.000000,0.005580,0.016909,0.017239,0.000000,0.000000,0.005728,0.005580,0.000000,0.000000,0.005805,0.005805
41760,41819,41790,874.138,33.306,126.786,23.329,1.255,0.159,0.007,7.397145,7.178911,7.238917,7.072410,6.832678,7.182992,6.670704,6.699215,6.526784,6.278565,6.438277,6.092375,6.022098,5.709290,5.176691,20.661486,5.709225,1.213050,0.386893,0.067091,0.071565,0.016872,0.032644,0.027191,0.011308,0.027595,0.005225,0.005429,0.000000,0.005556,0.005708,0.005669,0.011038,0.005308,0.000000,0.000000
41820,41879,41850,874.161,33.180,132.437,24.328,1.347,0.162,0.008,7.552859,7.595108,7.385310,7.550958,7.492316,7.339839,7.232690,7.163400,6.736816,6.440161,6.833349,6.611980,6.557143,6.119119,5.319207,20.498695,5.938444,1.257735,0.462276,0.094434,0.093821,0.028070,0.050170,0.011380,0.005787,0.011252,0.010931,0.005464,0.005631,0.000000,0.005519,0.010863,0.005394,0.005688,0.000000,0.005688
41880,41939,41910,874.181,33.081,135.358,24.631,1.267,0.153,0.008,7.930061,7.755847,7.611656,7.436908,7.812614,7.798419,6.922714,6.886098,7.024468,6.693985,6.578241,7.019876,6.721494,6.396792,5.495867,21.107468,6.120258,1.383023,0.399179,0.074069,0.039890,0.029133,0.022748,0.023042,0.000000,0.027982,0.000000,0.011614,0.005765,0.017386,0.005398,0.000000,0.000000,0.006010,0.000000,0.000000
41940,41999,41970,874.201,32.922,138.521,25.656,1.461,0.167,0.008,8.260063,7.465027,7.660221,7.789868,7.892237,8.162241,7.241245,7.266365,7.227110,7.029244,6.367426,7.004135,6.906213,6.225679,5.648384,22.048891,6.319099,1.268999,0.420085,0.059815,0.073063,0.023752,0.024154,0.017832,0.017486,0.005952,0.018197,0.000000,0.029827,0.006115,0.000000,0.005972,0.023937,0.000000,0.012176,0.000000
42000,42059,42030,874.206,32.834,141.044,25.934,1.432,0.163,0.008,8.400661,7.964190,7.960376,8.195662,8.025288,7.849046,7.431894,7.513086,6.853420,7.126904,6.707444,6.639888,7.265093,7.015646,5.555784,22.119558,6.231241,1.426977,0.402638,0.108333,0.051996,0.061466,0.040073,0.005707,0.000000,0.028709,0.005575,0.000000,0.005575,0.005906,0.022839,0.005688,0.005805,0.005669,0.000000,0.005824
42060,42119,42090,874.230,32.949,133.868,24.175,1.255,0.154,0.008,8.211321,7.671656,7.681005,7.440361,7.859423,7.279233,7.023219,7.384987,6.971643,6.940674,6.233271,6.669717,6.382274,5.894109,5.383842,21.188002,5.830304,1.076280,0.438012,0.077327,0.059372,0.056302,0.028192,0.033254,0.005308,0.010702,0.011171,0.000000,0.000000,0.016612,0.000000,0.000000,0.000000,0.005325,0.000000,0.005376
42120,42179,42150,874.252,33.188,129.610,23.499,1.206,0.152,0.007,7.568838,7.087978,7.377681,7.444248,7.310974,7.492840,7.058419,6.634311,6.395932,6.471707,6.113019,6.732147,6.356865,6.196365,5.535306,20.117754,5.907379,1.114847,0.400205,0.084072,0.084154,0.028143,0.022923,0.017356,0.017188,0.011435,0.005631,0.005539,0.000000,0.005539,0.000000,0.000000,0.005521,0.000000,0.000000,0.005650
42180,42239,42210,874.263,33.267,131.721,24.308,1.356,0.164,0.008,8.329300,7.586840,7.229120,7.462427,7.120940,7.206430,6.882026,6.939896,6.753434,6.629775,6.480052,6.660139,6.357440,6.167668,5.061754,21.001383,5.897034,1.142096,0.438838,0.110633,0.064039,0.040919,0.035231,0.035330,0.005659,0.017479,0.005947,0.005790,0.011979,0.005868,0.000000,0.006050,0.023710,0.000000,0.005659,0.000000
42240,42299,42270,874.274,33.209,134.539,24.513,1.308,0.158,0.008,8.567701,7.962073,7.404859,7.585991,7.580236,7.386602,7.271205,7.136985,6.589644,6.668536,6.631922,6.714143,6.433837,6.142651,5.409041,21.215107,5.823686,1.287946,0.412197,0.087069,0.040622,0.040889,0.023710,0.034618,0.023387,0.005771,0.006029,0.017652,0.000000,0.011777,0.006071,0.000000,0.006029,0.005678,0.005848,0.000000
42300,42359,42330,874.289,33.049,137.490,25.259,1.367,0.160,0.008,8.270603,8.025408,7.704808,7.823652,7.817567,7.588983,7.289908,7.341473,6.726449,6.756995,6.830267,6.899374,6.736921,6.319414,5.428550,21.437405,6.488918,1.366486,0.312048,0.060479,0.089822,0.024022,0.024538,0.024244,0.018155,0.011885,0.000000,0.017720,0.000000,0.006266,0.029671,0.000000,0.012129,0.006053,0.000000,0.000000
42360,42419,42390,874.307,32.896,132.898,24.903,1.488,0.175,0.008,8.557764,7.812522,7.608656,7.238797,6.879014,7.135643,6.887098,6.986468,6.875118,6.405167,6.244691,6.683207,6.412964,6.288673,5.511459,21.373192,5.872128,1.297377,0.455327,0.067775,0.101531,0.056401,0.022768,0.011112,0.022977,0.005634,0.005864,0.011125,0.005634,0.000000,0.022264,0.005747,0.000000,0.017097,0.000000,0.017112
42420,42479,42450,874.326,33.142,129.242,23.954,1.313,0.161,0.008,7.633996,7.496274,7.191442,7.071897,6.974411,7.208198,6.813397,6.456395,6.406956,6.393378,6.647723,6.403276,6.325380,6.121072,5.254617,20.639086,6.217021,1.249386,0.438620,0.064441,0.070402,0.017884,0.035660,0.023594,0.005790,0.022899,0.017731,0.006156,0.000000,0.005868,0.011667,0.011437,0.000000,0.000000,0.006008,0.000000
42480,42539,42510,874.338,33.334,130.649,24.173,1.362,0.165,0.008,7.926838,6.950608,7.644682,7.064338,7.390524,7.102011,6.739226,6.745533,6.631975,6.374876,6.401814,6.680452,6.656797,6.456184,5.470874,20.633028,5.889357,1.180806,0.378197,0.095300,0.044919,0.028681,0.034087,0.016374,0.011301,0.005313,0.022335,0.011520,0.005364,0.005726,0.027324,0.010796,0.000000,0.011533,0.000000,0.000000
42540,42599,42570,874.338,33.281,132.903,24.642,1.392,0.166,0.008,7.947581,7.540721,7.884856,7.598433,7.454482,7.184953,7.090371,6.919121,6.698392,6.372268,6.152190,6.574596,6.369837,6.228547,5.215712,21.527363,6.074314,1.351078,0.368630,0.062914,0.104702,0.011878,0.029049,0.034653,0.023233,0.011769,0.012039,0.000000,0.006092,0.011877,0.017798,0.011769,0.005623,0.000000,0.000000,0.005809
42600,42659,42630,874.331,33.036,138.333,25.174,1.294,0.153,0.008,8.203566,7.957256,7.941710,7.548768,7.769955,7.762687,7.382782,7.233385,6.927106,6.757761,6.892214,6.640664,6.899923,6.456706,5.524318,22.104134,6.295764,1.322497,0.444876,0.063583,0.064051,0.040925,0.017720,0.017331,0.000000,0.017460,0.017287,0.011556,0.000000,0.005786,0.000000,0.000000,0.000000,0.005371,0.005925,0.000000
42660,42719,42690,874.351,32.911,139.111,25.384,1.407,0.163,0.008,8.562964,8.158214,8.070480,7.797379,7.817772,7.801012,7.520749,7.435840,6.526093,7.061618,6.890139,6.707446,6.982595,6.515172,5.604142,21.330935,6.207117,1.400605,0.429449,0.051949,0.057013,0.045911,0.016899,0.022651,0.034520,0.000000,0.011521,0.005747,0.000000,0.011214,0.005709,0.011442,0.005456,0.005747,0.000000,0.005966
42720,42779,42750,874.362,32.875,138.531,25.245,1.336,0.157,0.008,8.229568,8.166813,7.921725,8.100434,7.476824,7.547881,7.503158,7.297468,6.712285,6.908178,6.911525,6.939548,6.731355,6.385881,5.599802,21.843060,6.224727,1.230996,0.479026,0.075727,0.070624,0.051818,0.017428,0.018109,0.023422,0.011150,0.011898,0.011468,0.005790,0.011469,0.000000,0.006113,0.000000,0.000000,0.000000,0.005587
42780,42839,42810,874.337,33.064,135.152,24.573,1.319,0.159,0.008,8.643262,7.658257,7.886982,7.470414,7.364202,7.305785,7.351951,7.108804,6.749463,6.742255,6.416070,7.207399,6.250226,6.388631,5.421947,21.346777,5.937467,1.167178,0.406702,0.098251,0.074614,0.040278,0.022992,0.023385,0.000000,0.005598,0.011634,0.011475,0.000000,0.005544,0.022772,0.006158,0.000000,0.000000,0.000000,0.005672
42840,42899,42870,874.345,33.265,132.507,24.381,1.327,0.160,0.008,7.858960,7.242541,7.499651,7.766825,7.379039,7.619621,7.059741,6.949833,6.625461,6.621836,6.138729,6.604248,6.507243,6.237589,5.495944,21.029270,5.760673,1.378645,0.394739,0.082335,0.064798,0.035930,0.029875,0.011702,0.023518,0.022701,0.011548,0.006053,0.012011,0.018320,0.000000,0.005952,0.005798,0.000000,0.006053,0.000000
42900,42959,42930,874.356,33.289,137.495,25.222,1.355,0.159,0.008,7.893805,7.793691,7.703694,7.977110,7.929209,7.577127,7.305697,7.115232,7.034323,6.651914,6.699559,6.733782,6.874647,6.713538,5.638306,21.378801,6.448108,1.310405,0.406812,0.071716,0.100449,0.017612,0.017530,0.011993,0.005992,0.017980,0.005817,0.006012,0.005893,0.024241,0.006115,0.005992,0.005742,0.005992,0.000000,0.000000
42960,43019,42990,874.343,33.098,141.114,25.758,1.425,0.164,0.008,9.096506,8.183614,8.443126,8.034590,7.670871,7.652895,7.730899,7.326567,7.013543,7.172379,6.571207,6.572967,6.894844,6.912991,5.539783,22.028908,6.104950,1.369021,0.468353,0.094276,0.071814,0.021981,0.022039,0.010931,0.000000,0.005342,0.011112,0.028027,0.005274,0.021502,0.011264,0.011338,0.005612,0.005669,0.000000,0.000000
43020,43079,43050,874.355,33.036,142.073,25.734,1.284,0.149,0.008,8.827070,8.148780,7.798945,7.963768,7.904355,7.821199,7.881032,7.380154,7.548993,6.882389,6.502346,7.151978,6.950508,6.518009,5.781015,22.576450,6.357987,1.274547,0.458058,0.068563,0.101481,0.056498,0.027817,0.011169,0.034443,0.005503,0.016842,0.022666,0.000000,0.000000,0.000000,0.000000,0.000000,0.000000,0.000000,0.000000
43080,43139,43110,874.356,33.190,135.691,24.660,1.318,0.158,0.008,8.069450,8.080114,7.466917,7.578046,7.823473,7.624041,7.343209,7.184515,6.849463,6.637829,6.724521,6.544063,6.669568,6.204083,5.821094,21.310061,5.775653,1.240493,0.473820,0.077792,0.049217,0.022381,0.010994,0.016840,0.021796,0.005708,0.016554,0.010844,0.011084,0.011007,0.000000,0.000000,0.005376,0.000000,0.000000,0.010947
43140,43199,43170,874.356,33.454,134.665,24.624,1.319,0.159,0.008,8.477526,7.916986,6.945292,7.494778,8.299376,6.886449,7.101915,7.195457,7.006773,6.496913,6.750340,6.762549,6.469457,6.329852,5.507631,20.955667,6.055068,1.258828,0.382762,0.077808,0.116780,0.044254,0.016506,0.033179,0.021879,0.016406,0.000000,0.005429,0.005574,0.005308,0.005574,0.005688,0.016741,0.000000,0.000000,0.000000
43200,43259,43230,874.358,33.406,138.010,25.609,1.466,0.169,0.008,8.981985,8.137637,7.548501,7.599591,7.810965,7.677110,7.620863,7.256503,6.580610,7.024452,6.626012,6.722213,6.811468,6.207544,5.407966,21.463161,6.298606,1.338318,0.471438,0.074477,0.092052,0.056605,0.028899,0.029148,0.034416,0.034696,0.017252,0.011116,0.011533,0.000000,0.000000,0.011314,0.017207,0.000000,0.000000,0.005884
43260,43319,43290,874.348,33.277,141.857,26.285,1.504,0.168,0.008,8.672164,8.083476,8.454126,8.188331,7.514989,7.945691,7.721601,7.449797,7.287559,7.222854,6.369487,7.140275,6.626763,6.286171,5.807547,22.588779,6.418612,1.280538,0.380815,0.102977,0.060478,0.054374,0.041634,0.053865,0.018644,0.012041,0.006020,0.006101,0.012294,0.006040,0.012021,0.000000,0.000000,0.012478,0.006143,0.012167
43320,43379,43350,874.356,33.153,143.065,25.824,1.316,0.152,0.008,9.042156,8.450207,7.917142,8.113203,8.021074,7.606074,7.682942,7.664376,7.559907,7.210108,6.716230,7.198609,6.816292,6.698132,5.859848,21.955843,6.288607,1.541126,0.478543,0.052144,0.046165,0.046790,0.017156,0.017586,0.011469,0.005848,0.017571,0.006092,0.000000,0.006029,0.011524,0.000000,0.000000,0.000000,0.005771,0.000000
43380,43439,43410,874.340,33.238,138.501,25.159,1.310,0.155,0.008,8.523177,8.139780,8.009119,7.655107,7.766794,7.496052,7.456187,7.478922,7.373651,6.905273,6.471784,6.907879,6.790116,6.267385,5.446101,21.403975,6.226414,1.343464,0.533779,0.098935,0.064690,0.030122,0.017586,0.012408,0.005752,0.018368,0.011676,0.011679,0.005790,0.018086,0.005500,0.005696,0.000000,0.000000,0.000000,0.000000
43440,43499,43470,874.346,33.496,136.948,25.259,1.402,0.164,0.008,8.520283,7.576485,7.909363,7.470243,7.896578,7.678174,7.165383,7.098546,7.067410,6.786077,6.789164,6.482849,6.639365,6.298333,5.406579,22.030005,6.069423,1.278826,0.355000,0.120516,0.080257,0.064163,0.063423,0.011703,0.005690,0.011399,0.017041,0.022748,0.005864,0.000000,0.005405,0.005544,0.005405,0.000000,0.000000,0.011196
43500,43559,43530,874.349,33.426,139.712,25.409,1.382,0.160,0.008,8.811373,8.089560,8.209788,7.828082,7.602181,7.779288,7.229684,7.605731,7.017359,7.169379,6.864421,6.898283,7.122367,6.161944,5.724886,21.492428,6.100884,1.233819,0.458890,0.084960,0.056824,0.022789,0.033983,0.005688,0.005539,0.016720,0.000000,0.022739,0.005885,0.022439,0.017180,0.005594,0.005557,0.005707,0.000000,0.000000
43560,43619,43590,874.346,33.313,141.625,25.463,1.392,0.162,0.008,9.354470,8.170396,8.466933,7.732718,8.007689,8.014854,7.209721,7.764427,7.070686,7.197734,7.045708,6.608422,6.913211,6.889971,5.463149,21.393606,6.541406,1.098271,0.393027,0.059659,0.059062,0.040765,0.023855,0.017254,0.017745,0.005893,0.017869,0.011441,0.000000,0.005855,0.005893,0.017712,0.000000,0.000000,0.000000,0.005760
43620,43679,43650,874.351,33.105,145.894,26.801,1.588,0.173,0.008,9.045683,8.215287,8.457460,8.366969,8.680407,8.378061,7.666464,7.824651,7.304946,7.232923,7.321060,7.096374,7.042410,6.595633,5.794125,22.320063,6.455498,1.366257,0.395265,0.091505,0.084783,0.042387,0.018106,0.006184,0.000000,0.000000,0.000000,0.011962,0.012211,0.006357,0.005790,0.000000,0.005790,0.018008,0.012309,0.018599
