CampaignData_and_Merges/R0/CSL_MobileLab_Parked/raw/20240718/USOS-MetNav_MobileLabGround_20240718_R0.ict
44, 1001
Carrie Womack, Nate Howard, Mike Zucker
NOAA Chemical Sciences Laboratory
Mobile Lab MetNav Station
USOS
1, 1
2024, 07, 18, 2024, 12, 21
60
Time_Start, seconds_past_midnight, Seconds from midnight UTC
11
1, 1, 1, 1, 1, 1, 1, 1, 1, 1, 1
-9999, -9999, -9999, -9999, -9999, -9999, -9999, -9999, -9999, -9999, -9999
GPS_Alt_m, meters, Altitude from Differential GPS
GPS_Course_deg, degrees, Course from Differential GPS
GPS_GndSpd_m_s, m/s, Ground Speed from Differential GPS
GPS_Heading_deg, degrees, Heading from Differential GPS
GPS_Lat_deg, degrees, Latitude from Differential GPS
GPS_Lon_deg, degrees, Longitude from Differential GPS
AirTemp_C, Celsius, Air Temperature from Airmar
RelHumidity_pct, percent, Relative Humidity from Airmar
Pressure_mb, millibars, Pressure from Honeywell
WindDir_calc_deg, degrees, Wind Direction from Airmar corrected for van movement
WindSpd_calc_m_s, m/s, Wind Speed from Airmar corrected for van movement
1
SPECIAL COMMENTS:
18
PI_CONTACT_INFO: Address: 325 Broadway R/CSL7, Boulder, CO, 80305
PLATFORM: CSL Mobile Lab
LOCATION: Salt Lake City, UT
ASSOCIATED_DATA: N/A
INSTRUMENT_INFO: N/A
DATA_INFO: Units:
UNCERTAINTY: N/A
ULOD_FLAG: -7777
ULOD_VALUE: N/A
LLOD_FLAG: -8888
LLOD_VALUE: N/A
DM_CONTACT_INFO: Data Manager: Nate Howard
PROJECT_INFO: 
STIPULATIONS_ON_USE: Use of these data require prior ok from PI.
OTHER_COMMENTS: 
REVISION: R0
R0: Final data. Fixed bug in wind averaging code. RA: Preliminary Data. For in-field use only. 
Time_Start, GPS_Alt_m, GPS_Course_deg, GPS_GndSpd_m_s, GPS_Heading_deg, GPS_Lat_deg, GPS_Lon_deg, AirTemp_C, RelHumidity_pct, Pressure_mb, WindDir_calc_deg, WindSpd_calc_m_s
[from data line 995]
59700.0,1309.3,358.82,0.05,358.82,40.73435,-111.87211,35.8,21.2,879.0,99.85,0.7
59760.0,1309.1,358.77,0.04,358.77,40.73435,-111.87211,35.9,21.0,879.1,106.91,0.9
59820.0,1309.1,358.44,0.05,358.44,40.73435,-111.87211,35.9,21.0,879.1,89.45,0.7
59880.0,1309.2,358.41,0.04,358.41,40.73435,-111.87211,36.0,20.2,879.1,61.79,0.2
59940.0,1309.0,358.71,0.05,358.71,40.73435,-111.87211,35.8,20.4,879.1,79.25,0.6
60000.0,1309.1,358.72,0.04,358.72,40.73435,-111.87211,36.1,20.0,879.1,110.09,0.7
60060.0,1309.0,359.04,0.04,359.04,40.73435,-111.87211,36.1,19.8,879.0,97.63,0.9
60120.0,1309.0,359.09,0.05,359.09,40.73435,-111.87211,36.2,19.9,879.0,89.58,0.5
60180.0,1308.9,359.01,0.04,359.01,40.73435,-111.87211,36.0,19.6,879.0,72.61,0.5
60240.0,1308.8,359.08,0.04,359.08,40.73435,-111.87211,36.0,19.5,878.9,79.66,0.6
60300.0,1308.8,358.82,0.05,358.82,40.73435,-111.87211,35.9,19.7,878.9,76.32,0.6
60360.0,1308.8,358.88,0.04,358.88,40.73435,-111.87211,35.7,19.5,878.9,71.07,0.7
60420.0,1308.8,358.75,0.05,358.75,40.73435,-111.87211,35.5,19.8,878.9,65.90,0.7
60480.0,1309.0,359.56,0.05,359.56,40.73435,-111.87211,35.7,19.7,878.9,107.15,0.9
60540.0,1309.1,359.68,0.05,359.68,40.73435,-111.87211,35.7,19.2,878.9,103.51,1.5
60600.0,1309.1,359.47,0.05,359.47,40.73435,-111.87211,35.5,19.8,878.8,89.48,0.8
60660.0,1309.1,359.58,0.04,359.58,40.73435,-111.87211,35.8,20.4,878.8,95.80,1.1
60720.0,1309.2,359.91,0.04,359.91,40.73435,-111.87211,35.8,20.2,878.8,85.43,0.8
60780.0,1309.2,0.69,0.05,0.69,40.73435,-111.87211,35.9,19.4,878.8,84.28,0.5
60840.0,1309.2,1.10,0.05,1.10,40.73435,-111.87211,36.0,19.7,878.8,104.71,1.0
60900.0,1309.3,0.82,0.05,0.82,40.73435,-111.87211,36.0,20.2,878.8,112.50,1.4
60960.0,1309.3,0.39,0.05,0.39,40.73435,-111.87211,36.1,19.6,878.8,115.99,1.4
61020.0,1309.4,359.70,0.04,359.70,40.73435,-111.87211,36.2,20.3,878.8,93.86,1.0
61080.0,1309.4,359.67,0.05,359.67,40.73435,-111.87211,36.2,19.4,878.8,82.18,0.6
61140.0,1309.6,359.59,0.06,359.59,40.73435,-111.87211,36.2,18.7,878.8,82.85,0.6
61200.0,1309.7,359.16,0.04,359.16,40.73435,-111.87211,36.3,18.0,878.8,92.65,0.6
61260.0,1309.7,359.42,0.04,359.42,40.73435,-111.87210,36.5,17.4,878.7,106.59,0.9
61320.0,1309.7,358.85,0.04,358.85,40.73435,-111.87210,36.5,18.5,878.7,108.92,1.3
61380.0,1309.9,359.16,0.04,359.16,40.73435,-111.87210,36.4,18.8,878.7,69.41,0.7
61440.0,1309.7,359.20,0.04,359.20,40.73435,-111.87210,36.5,19.3,878.7,95.85,0.9
61500.0,1309.7,358.96,0.05,358.96,40.73435,-111.87210,36.6,19.6,878.7,100.95,1.1
61560.0,1309.6,359.06,0.04,359.06,40.73435,-111.87210,36.7,20.0,878.7,102.33,1.1
61620.0,1309.6,359.08,0.04,359.08,40.73435,-111.87210,36.7,19.9,878.7,82.08,0.9
61680.0,1309.5,359.33,0.04,359.33,40.73435,-111.87210,36.5,18.9,878.7,77.83,0.8
61740.0,1309.4,359.45,0.05,359.45,40.73435,-111.87210,36.6,18.8,878.7,77.09,0.5
61800.0,1309.4,359.55,0.05,359.55,40.73435,-111.87210,36.8,18.2,878.7,108.31,1.1
61860.0,1309.2,359.77,0.04,359.77,40.73435,-111.87210,37.1,17.5,878.7,129.37,1.0
61920.0,1309.0,359.98,0.05,359.98,40.73435,-111.87210,37.3,17.9,878.7,81.57,0.5
61980.0,1308.8,0.14,0.04,0.14,40.73435,-111.87210,37.3,17.9,878.7,88.62,0.5
62040.0,1308.6,0.38,0.04,0.38,40.73435,-111.87210,37.5,17.7,878.7,133.27,1.8
62100.0,1308.5,0.58,0.04,0.58,40.73435,-111.87210,37.6,16.7,878.7,160.44,1.1
62160.0,1308.5,0.53,0.04,0.53,40.73435,-111.87210,37.8,17.1,878.7,172.18,0.9
62220.0,1308.3,0.06,0.04,0.06,40.73435,-111.87210,37.9,17.3,878.8,138.82,1.9
62280.0,1308.3,359.73,0.04,359.73,40.73435,-111.87210,37.7,18.0,878.8,133.30,2.8
62340.0,1308.2,359.71,0.04,359.71,40.73435,-111.87210,37.7,17.8,878.8,131.89,1.9
62400.0,1308.3,0.09,0.04,0.09,40.73435,-111.87210,37.9,16.6,878.8,148.40,1.4
62460.0,1308.4,0.39,0.04,0.39,40.73435,-111.87210,37.9,17.4,878.8,142.20,1.6
62520.0,1308.7,0.35,0.04,0.35,40.73435,-111.87210,37.8,18.5,878.8,143.20,2.7
62580.0,1308.7,0.22,0.04,0.22,40.73435,-111.87210,37.9,18.0,878.8,179.32,1.2
62640.0,1308.7,0.28,0.04,0.28,40.73435,-111.87210,38.0,18.0,878.8,146.06,1.0
62700.0,1308.6,0.15,0.05,0.15,40.73435,-111.87210,38.1,17.9,878.9,148.09,1.4
62760.0,1308.3,0.03,0.04,0.03,40.73435,-111.87210,38.1,17.9,878.9,127.98,0.7
62820.0,1308.2,359.89,0.04,359.89,40.73435,-111.87210,38.1,17.2,878.9,160.35,0.2
62880.0,1308.3,359.84,0.05,359.84,40.73435,-111.87210,38.1,17.2,878.8,276.49,0.1
62940.0,1308.1,0.30,0.05,0.30,40.73435,-111.87210,38.1,17.3,878.8,105.73,0.5
63000.0,1307.9,0.34,0.04,0.34,40.73435,-111.87210,38.1,17.0,878.9,163.38,1.2
63060.0,1307.9,359.99,0.05,359.99,40.73435,-111.87210,38.2,16.9,878.9,167.37,1.0
63120.0,1307.7,359.78,0.04,359.78,40.73435,-111.87210,38.1,17.0,878.9,175.23,2.0
63180.0,1307.9,359.48,0.04,359.48,40.73435,-111.87210,38.0,17.3,878.9,165.77,2.1
63240.0,1308.1,359.32,0.04,359.32,40.73435,-111.87210,38.0,17.5,878.9,136.23,0.7
63300.0,1308.1,359.52,0.05,359.52,40.73435,-111.87210,38.1,17.8,878.9,127.06,0.9
63360.0,1307.9,359.97,0.05,359.97,40.73435,-111.87210,38.0,17.8,878.9,104.80,0.9
63420.0,1307.8,0.07,0.05,0.07,40.73435,-111.87210,38.0,17.3,878.9,147.28,2.2
63480.0,1307.7,359.86,0.05,359.86,40.73435,-111.87210,38.0,18.1,878.9,143.23,1.9
63540.0,1307.7,359.75,0.05,359.75,40.73435,-111.87210,38.1,17.6,878.9,160.23,1.6
63600.0,1307.8,359.48,0.04,359.48,40.73435,-111.87210,38.2,17.4,878.9,129.65,1.0
63660.0,1307.7,359.47,0.05,359.47,40.73435,-111.87210,38.2,18.2,878.9,102.36,1.1
63720.0,1307.9,0.10,0.05,0.10,40.73435,-111.87210,38.3,17.8,878.9,90.84,0.7
63780.0,1308.3,359.82,0.05,359.82,40.73435,-111.87210,38.2,17.5,878.9,64.00,0.3
63840.0,1308.4,359.51,0.05,359.51,40.73435,-111.87210,38.3,17.2,878.8,105.91,1.1
63900.0,1308.1,359.38,0.04,359.38,40.73435,-111.87210,38.3,18.0,878.8,106.67,1.1
63960.0,1307.8,359.50,0.04,359.50,40.73434,-111.87210,38.4,17.3,878.8,137.18,1.5
64020.0,1307.7,359.62,0.05,359.62,40.73434,-111.87210,38.3,16.6,878.8,157.16,2.5
64080.0,1308.3,359.40,0.05,359.40,40.73435,-111.87210,38.2,18.0,878.8,135.92,2.7
64140.0,1308.0,359.04,0.04,359.04,40.73434,-111.87210,37.8,17.1,878.8,138.33,3.3
64200.0,1308.6,358.86,0.05,358.86,40.73434,-111.87210,37.7,17.6,878.8,136.58,2.6
64260.0,1308.6,358.51,0.05,358.51,40.73434,-111.87210,37.6,17.7,878.8,121.74,1.3
64320.0,1308.5,358.41,0.05,358.41,40.73434,-111.87210,37.7,17.5,878.8,143.49,1.1
64380.0,1308.4,358.42,0.05,358.42,40.73434,-111.87210,37.9,17.1,878.8,168.17,1.2
64440.0,1308.6,358.61,0.05,358.61,40.73434,-111.87210,38.0,17.1,878.8,137.21,1.0
64500.0,1308.7,358.44,0.05,358.44,40.73434,-111.87210,38.1,17.8,878.8,133.55,2.1
64560.0,1308.7,358.70,0.04,358.70,40.73434,-111.87210,38.1,17.4,878.8,154.33,1.9
64620.0,1308.7,358.49,0.04,358.49,40.73434,-111.87210,38.2,17.6,878.8,139.78,1.5
64680.0,1308.6,358.79,0.05,358.79,40.73434,-111.87210,38.2,17.8,878.8,180.38,1.3
64740.0,1308.5,358.44,0.05,358.44,40.73434,-111.87210,38.3,17.8,878.8,167.43,1.5
64800.0,1308.5,358.37,0.05,358.37,40.73434,-111.87210,38.2,17.8,878.8,180.13,1.8
64860.0,1308.5,358.54,0.05,358.54,40.73434,-111.87210,38.3,17.9,878.7,163.18,1.1
64920.0,1308.4,358.81,0.05,358.81,40.73434,-111.87210,38.3,18.3,878.7,117.81,1.2
64980.0,1308.4,358.73,0.05,358.73,40.73434,-111.87210,38.2,19.4,878.7,112.42,1.9
65040.0,1308.4,359.23,0.05,359.23,40.73434,-111.87210,38.0,19.1,878.7,146.41,3.0
65100.0,1308.2,359.02,0.05,359.02,40.73434,-111.87210,38.1,18.2,878.7,139.35,1.0
65160.0,1308.0,359.11,0.06,359.11,40.73434,-111.87210,38.2,18.1,878.7,111.26,0.4
65220.0,1308.0,358.89,0.05,358.89,40.73434,-111.87210,38.4,18.0,878.7,119.15,1.1
65280.0,1307.9,359.49,0.05,359.49,40.73434,-111.87210,38.5,18.2,878.7,108.72,0.9
65340.0,1307.8,359.02,0.05,359.02,40.73434,-111.87210,38.6,17.8,878.7,125.66,1.0
65400.0,1307.8,358.52,0.04,358.52,40.73434,-111.87210,38.7,18.0,878.7,118.51,1.1
65460.0,1307.7,358.46,0.04,358.46,40.73435,-111.87210,38.8,17.7,878.6,124.71,1.3
65520.0,1307.8,358.26,0.05,358.26,40.73435,-111.87210,38.9,17.4,878.7,168.96,1.0
65580.0,1307.8,358.26,0.05,358.26,40.73435,-111.87210,39.0,17.3,878.7,171.78,1.2
65640.0,1307.7,358.28,0.05,358.28,40.73435,-111.87210,39.0,17.3,878.6,161.95,1.8
65700.0,1307.7,358.73,0.06,358.73,40.73435,-111.87210,39.1,17.2,878.6,147.96,0.9
65760.0,1307.7,359.34,0.05,359.34,40.73435,-111.87210,39.3,17.1,878.6,166.33,1.1
65820.0,1307.7,359.41,0.05,359.41,40.73435,-111.87210,39.3,17.1,878.6,132.00,0.9
65880.0,1307.7,359.24,0.05,359.24,40.73435,-111.87210,39.1,17.3,878.6,131.24,2.9
65940.0,1307.8,359.58,0.05,359.58,40.73435,-111.87210,38.8,18.2,878.5,120.73,2.3
66000.0,1307.9,359.88,0.05,359.88,40.73435,-111.87210,38.9,17.8,878.6,140.95,1.8
66060.0,1307.9,0.05,0.05,0.05,40.73435,-111.87210,38.9,17.4,878.6,136.66,1.5
66120.0,1308.0,359.47,0.04,359.47,40.73435,-111.87210,38.8,18.6,878.6,131.37,2.2
66180.0,1307.9,359.39,0.05,359.39,40.73435,-111.87210,38.7,19.2,878.6,114.62,1.4
66240.0,1307.8,359.42,0.05,359.42,40.73435,-111.87210,38.8,17.9,878.5,125.20,0.5
66300.0,1307.9,359.33,0.05,359.33,40.73435,-111.87211,38.9,18.2,878.5,103.33,1.0
66360.0,1307.8,359.19,0.05,359.19,40.73435,-111.87211,38.9,17.8,878.5,96.77,0.7
66420.0,1307.8,359.40,0.05,359.40,40.73435,-111.87211,38.9,17.8,878.5,112.53,1.1
66480.0,1307.9,359.40,0.05,359.40,40.73435,-111.87210,38.8,18.4,878.5,119.58,2.0
66540.0,1308.0,359.29,0.05,359.29,40.73435,-111.87210,38.7,19.2,878.5,119.46,2.1
66600.0,1308.0,359.30,0.05,359.30,40.73435,-111.87210,38.6,17.8,878.6,127.50,2.0
66660.0,1308.1,359.00,0.05,359.00,40.73435,-111.87210,38.7,17.6,878.6,131.11,1.9
66720.0,1308.1,358.96,0.05,358.96,40.73435,-111.87210,38.4,18.8,878.5,128.67,3.0
66780.0,1307.7,359.13,0.05,359.13,40.73435,-111.87211,38.2,18.9,878.6,129.64,2.8
66840.0,1307.7,359.12,0.06,359.12,40.73435,-111.87211,38.2,18.2,878.5,139.78,2.7
66900.0,1308.0,359.08,0.05,359.08,40.73435,-111.87211,38.0,18.5,878.5,133.12,2.9
66960.0,1308.2,359.14,0.05,359.14,40.73435,-111.87211,37.7,18.9,878.5,119.35,3.4
67020.0,1308.3,359.09,0.05,359.09,40.73435,-111.87210,37.5,18.7,878.5,122.49,2.9
67080.0,1308.4,358.43,0.06,358.43,40.73435,-111.87210,37.5,19.5,878.5,127.07,2.5
67140.0,1308.3,358.21,0.05,358.21,40.73435,-111.87211,37.4,18.2,878.5,125.80,2.6
67200.0,1308.4,358.11,0.04,358.11,40.73435,-111.87210,37.6,17.9,878.5,145.62,1.4
67260.0,1308.1,358.28,0.05,358.28,40.73435,-111.87211,37.9,17.4,878.5,163.04,1.1
67320.0,1308.3,358.37,0.05,358.37,40.73435,-111.87211,38.1,17.3,878.5,141.98,1.1
67380.0,1308.3,357.83,0.04,357.83,40.73435,-111.87211,38.2,17.6,878.5,126.58,0.3
67440.0,1308.3,358.28,0.05,358.28,40.73435,-111.87211,38.3,17.6,878.5,87.47,0.3
67500.0,1308.3,358.51,0.05,358.51,40.73435,-111.87211,38.4,17.9,878.5,107.52,0.4
67560.0,1308.2,358.04,0.05,358.04,40.73435,-111.87211,38.5,17.4,878.5,148.71,0.8
67620.0,1308.2,358.61,0.05,358.61,40.73435,-111.87211,38.7,16.8,878.5,157.53,1.2
67680.0,-9999.0,-9999.00,-9999.00,-9999.00,-9999.00000,-9999.00000,-9999.0,-9999.0,-9999.0,-9999.00,-9999.0
67740.0,-9999.0,-9999.00,-9999.00,-9999.00,-9999.00000,-9999.00000,-9999.0,-9999.0,-9999.0,-9999.00,-9999.0
67800.0,-9999.0,-9999.00,-9999.00,-9999.00,-9999.00000,-9999.00000,-9999.0,-9999.0,-9999.0,-9999.00,-9999.0
67860.0,-9999.0,-9999.00,-9999.00,-9999.00,-9999.00000,-9999.00000,-9999.0,-9999.0,-9999.0,-9999.00,-9999.0
67920.0,-9999.0,-9999.00,-9999.00,-9999.00,-9999.00000,-9999.00000,-9999.0,-9999.0,-9999.0,-9999.00,-9999.0
67980.0,-9999.0,-9999.00,-9999.00,-9999.00,-9999.00000,-9999.00000,-9999.0,-9999.0,-9999.0,-9999.00,-9999.0
68040.0,-9999.0,-9999.00,-9999.00,-9999.00,-9999.00000,-9999.00000,-9999.0,-9999.0,-9999.0,-9999.00,-9999.0
68100.0,-9999.0,-9999.00,-9999.00,-9999.00,-9999.00000,-9999.00000,-9999.0,-9999.0,-9999.0,-9999.00,-9999.0
68160.0,-9999.0,-9999.00,-9999.00,-9999.00,-9999.00000,-9999.00000,-9999.0,-9999.0,-9999.0,-9999.00,-9999.0
68220.0,-9999.0,-9999.00,-9999.00,-9999.00,-9999.00000,-9999.00000,-9999.0,-9999.0,-9999.0,-9999.00,-9999.0
68280.0,-9999.0,-9999.00,-9999.00,-9999.00,-9999.00000,-9999.00000,-9999.0,-9999.0,-9999.0,-9999.00,-9999.0
68340.0,-9999.0,-9999.00,-9999.00,-9999.00,-9999.00000,-9999.00000,-9999.0,-9999.0,-9999.0,-9999.00,-9999.0
68400.0,-9999.0,-9999.00,-9999.00,-9999.00,-9999.00000,-9999.00000,-9999.0,-9999.0,-9999.0,-9999.00,-9999.0
68460.0,-9999.0,-9999.00,-9999.00,-9999.00,-9999.00000,-9999.00000,-9999.0,-9999.0,-9999.0,-9999.00,-9999.0
68520.0,-9999.0,-9999.00,-9999.00,-9999.00,-9999.00000,-9999.00000,-9999.0,-9999.0,-9999.0,-9999.00,-9999.0
68580.0,-9999.0,-9999.00,-9999.00,-9999.00,-9999.00000,-9999.00000,-9999.0,-9999.0,-9999.0,-9999.00,-9999.0
68640.0,-9999.0,-9999.00,-9999.00,-9999.00,-9999.00000,-9999.00000,-9999.0,-9999.0,-9999.0,-9999.00,-9999.0
68700.0,-9999.0,-9999.00,-9999.00,-9999.00,-9999.00000,-9999.00000,-9999.0,-9999.0,-9999.0,-9999.00,-9999.0
68760.0,-9999.0,-9999.00,-9999.00,-9999.00,-9999.00000,-9999.00000,-9999.0,-9999.0,-9999.0,-9999.00,-9999.0
68820.0,-9999.0,-9999.00,-9999.00,-9999.00,-9999.00000,-9999.00000,-9999.0,-9999.0,-9999.0,-9999.00,-9999.0
68880.0,-9999.0,-9999.00,-9999.00,-9999.00,-9999.00000,-9999.00000,-9999.0,-9999.0,-9999.0,-9999.00,-9999.0
68940.0,-9999.0,-9999.00,-9999.00,-9999.00,-9999.00000,-9999.00000,-9999.0,-9999.0,-9999.0,-9999.00,-9999.0
69000.0,-9999.0,-9999.00,-9999.00,-9999.00,-9999.00000,-9999.00000,-9999.0,-9999.0,-9999.0,-9999.00,-9999.0
69060.0,-9999.0,-9999.00,-9999.00,-9999.00,-9999.00000,-9999.00000,-9999.0,-9999.0,-9999.0,-9999.00,-9999.0
69120.0,-9999.0,-9999.00,-9999.00,-9999.00,-9999.00000,-9999.00000,-9999.0,-9999.0,-9999.0,-9999.00,-9999.0
69180.0,-9999.0,-9999.00,-9999.00,-9999.00,-9999.00000,-9999.00000,-9999.0,-9999.0,-9999.0,-9999.00,-9999.0
69240.0,-9999.0,-9999.00,-9999.00,-9999.00,-9999.00000,-9999.00000,-9999.0,-9999.0,-9999.0,-9999.00,-9999.0
69300.0,-9999.0,-9999.00,-9999.00,-9999.00,-9999.00000,-9999.00000,-9999.0,-9999.0,-9999.0,-9999.00,-9999.0
69360.0,-9999.0,-9999.00,-9999.00,-9999.00,-9999.00000,-9999.00000,-9999.0,-9999.0,-9999.0,-9999.00,-9999.0
69420.0,-9999.0,-9999.00,-9999.00,-9999.00,-9999.00000,-9999.00000,-9999.0,-9999.0,-9999.0,-9999.00,-9999.0
69480.0,-9999.0,-9999.00,-9999.00,-9999.00,-9999.00000,-9999.00000,-9999.0,-9999.0,-9999.0,-9999.00,-9999.0
69540.0,-9999.0,-9999.00,-9999.00,-9999.00,-9999.00000,-9999.00000,-9999.0,-9999.0,-9999.0,-9999.00,-9999.0
69600.0,-9999.0,-9999.00,-9999.00,-9999.00,-9999.00000,-9999.00000,-9999.0,-9999.0,-9999.0,-9999.00,-9999.0
69660.0,-9999.0,-9999.00,-9999.00,-9999.00,-9999.00000,-9999.00000,-9999.0,-9999.0,-9999.0,-9999.00,-9999.0
69720.0,-9999.0,-9999.00,-9999.00,-9999.00,-9999.00000,-9999.00000,-9999.0,-9999.0,-9999.0,-9999.00,-9999.0
69780.0,-9999.0,-9999.00,-9999.00,-9999.00,-9999.00000,-9999.00000,-9999.0,-9999.0,-9999.0,-9999.00,-9999.0
69840.0,-9999.0,-9999.00,-9999.00,-9999.00,-9999.00000,-9999.00000,-9999.0,-9999.0,-9999.0,-9999.00,-9999.0
69900.0,-9999.0,-9999.00,-9999.00,-9999.00,-9999.00000,-9999.00000,-9999.0,-9999.0,-9999.0,-9999.00,-9999.0
69960.0,-9999.0,-9999.00,-9999.00,-9999.00,-9999.00000,-9999.00000,-9999.0,-9999.0,-9999.0,-9999.00,-9999.0
70020.0,-9999.0,-9999.00,-9999.00,-9999.00,-9999.00000,-9999.00000,-9999.0,-9999.0,-9999.0,-9999.00,-9999.0
70080.0,-9999.0,-9999.00,-9999.00,-9999.00,-9999.00000,-9999.00000,-9999.0,-9999.0,-9999.0,-9999.00,-9999.0
70140.0,-9999.0,-9999.00,-9999.00,-9999.00,-9999.00000,-9999.00000,-9999.0,-9999.0,-9999.0,-9999.00,-9999.0
70200.0,-9999.0,-9999.00,-9999.00,-9999.00,-9999.00000,-9999.00000,-9999.0,-9999.0,-9999.0,-9999.00,-9999.0
70260.0,-9999.0,-9999.00,-9999.00,-9999.00,-9999.00000,-9999.00000,-9999.0,-9999.0,-9999.0,-9999.00,-9999.0
70320.0,-9999.0,-9999.00,-9999.00,-9999.00,-9999.00000,-9999.00000,-9999.0,-9999.0,-9999.0,-9999.00,-9999.0
70380.0,-9999.0,-9999.00,-9999.00,-9999.00,-9999.00000,-9999.00000,-9999.0,-9999.0,-9999.0,-9999.00,-9999.0
70440.0,-9999.0,-9999.00,-9999.00,-9999.00,-9999.00000,-9999.00000,-9999.0,-9999.0,-9999.0,-9999.00,-9999.0
70500.0,-9999.0,-9999.00,-9999.00,-9999.00,-9999.00000,-9999.00000,-9999.0,-9999.0,-9999.0,-9999.00,-9999.0
70560.0,-9999.0,-9999.00,-9999.00,-9999.00,-9999.00000,-9999.00000,-9999.0,-9999.0,-9999.0,-9999.00,-9999.0
