CampaignData_and_Merges/R0/CSL_MobileLab_Parked/raw/20240718/USOS-NOy-LIF_MobileLabGround_20240718_R0.ict
39,1001
Rollins, A.; Waxman, E.; Zuraski, K.; Chace, W.
NOAA Chemical Sciences Laboratory
LIF NO/NOx/NOy on CSL Mobile Lab
AMMBEC / USOS
1, 1
2024,07,18, 2025,01,03
1
Time_Start, seconds, number_of_seconds_since_0000_UTC
7
1, 1, 1, 1, 1, 1, 1
-9999, -9999, -9999, -9999, -9999, -9999, -9999
Time_Stop, seconds, number_of_seconds_since_0000_UTC
NO_LIF, pptv, Gas_NO_InSitu_S_AVMR, volume mixing ratio of nitric oxide in air
NO2_LIF, pptv, Gas_NO2_InSitu_S_AVMR, volume mixing ratio of nitrogen dioxide in air
NOy_LIF, pptv, Gas_NOy_InSitu_S_AVMR, volume mixing ratio of total oxidized nitrogen in air
NO_LIF_1SigmaAccuracy, pptv, Gas_NO_InSitu_S_AVMR, volume mixing ratio of nitric oxide in air
NO2_LIF_1SigmaAccuracy, pptv, Gas_NO2_InSitu_S_AVMR, volume mixing ratio of nitrogen dioxide in air
NOy_LIF_1SigmaAccuracy, pptv, Gas_NOy_InSitu_S_AVMR, volume mixing ratio of total oxidized nitrogen in air
0
18
PI_CONTACT_INFO: andrew.rollins@noaa.gov
PLATFORM: CSL Mobile Lab
LOCATION: Salt Lake City, UT
ASSOCIATED_DATA:
INSTRUMENT_INFO: NO detection by laser induced fluorescence. NO2 detection by photolytic conversion to NO. NOy detection by catalytic conversion to NO on gold surface
DATA_INFO:
UNCERTAINTY: Included 1 Sigma Accuracy waves represent the combined calibration uncertainties (±6%, ±9%, ±10%) and zero uncertainties (3 ppt, 20 ppt, 100 ppt) for NO, NO2, and NOy, respectively.
ULOD_FLAG: -7777
ULOD_VALUE: N/A
LLOD_FLAG: -8888
LLOD_VALUE: N/A
DM_CONTACT_INFO: andrew.rollins@noaa.gov
PROJECT_INFO: USOS Project, July - August 2024
STIPULATIONS_ON_USE: Users are strongly encouraged to contact the PI for proper data usage.
OTHER_COMMENTS:
REVISION: R0
R0: final data
Time_Start, Time_Stop, NO_LIF, NO2_LIF, NOy_LIF, NO_LIF_1SigmaAccuracy, NO2_LIF_1SigmaAccuracy, NOy_LIF_1SigmaAccuracy
[from data line 528]
   31680,   31740,16.004,610.2,1444.6,3.9602, 74.918, 244.46
   31740,   31800,7.7904,654.59,1434.7,3.4674, 78.913, 243.47
   31800,   31860,18.022,627.68,1434.7,4.0813, 76.491, 243.47
   31860,   31920,14.3,518.48,1278.1,3.858, 66.663, 227.81
   31920,   31980,13.54,493.57,1257.9,3.8124, 64.421, 225.79
   31980,   32040,11.99,471.7,1225.2,3.7194, 62.453, 222.52
   32040,   32100,18.197,531.71,1290.6,4.0918, 67.854, 229.06
   32100,   32160,16.073,502.78,1271.8,3.9644, 65.25, 227.18
   32160,   32220,24.538,531.43,1308.5,4.4723, 67.829, 230.85
   32220,   32280,12.22,548.85,1308.3,3.7332, 69.396, 230.83
   32280,   32340,7.3854,494.14,1297.6,3.4431, 64.472, 229.76
   32340,   32400,11.211,495.43,1260.5,3.6727, 64.589, 226.05
   32400,   32460,9.6363,494.5,1280.6,3.5782, 64.505, 228.06
   32460,   32520,15.543,543.27,1358.9,3.9326, 68.894, 235.89
   32520,   32580,11.848,544.76,1300.6,3.7109, 69.028, 230.06
   32580,   32640,133.61,973.35,1831.7,11.017, 107.6, 283.17
   32640,   32700,152.38,1232,2697.1,12.143, 130.88, 369.71
   32700,   32760,23.053,1137.1,2112,4.3832, 122.34, 311.2
   32760,   32820,18.305,1242.1,2292.4,4.0983, 131.78, 329.24
   32820,   32880,9.6884,1268.3,2237.4,3.5813, 134.14, 323.74
   32880,   32940,12.928,1488.7,2484.8,3.7757, 153.98, 348.48
   32940,   33000,21.319,1509.6,2671.4,4.2791, 155.87, 367.14
   33000,   33060,21.156,1364.5,2641.9,4.2694, 142.81, 364.19
   33060,   33120,25.661,1552,2589.8,4.5397, 159.68, 358.98
   33120,   33180,12.734,1074,2127.1,3.764, 116.66, 312.71
   33180,   33240,10.398,941.11,1946.3,3.6239, 104.7, 294.63
   33240,   33300,22.788,675.3,1464.5,4.3673, 80.777, 246.45
   33300,   33360,12.325,607.97,1420.2,3.7395, 74.717, 242.02
   33360,   33420,12.161,600.16,1426.3,3.7297, 74.015, 242.63
   33420,   33480,17.769,601.66,1367.7,4.0661, 74.149, 236.77
   33480,   33540,11.864,549.77,1324.5,3.7118, 69.48, 232.45
   33540,   33600,6.1356,514.8,1250,3.3681, 66.332, 225
   33600,   33660,7.5435,515.13,1258.6,3.4526, 66.362, 225.86
   33660,   33720,11.759,466.65,1234.8,3.7056, 61.999, 223.48
   33720,   33780,14.092,491.94,1235.1,3.8455, 64.274, 223.51
   33780,   33840,9.0587,493.6,1222.7,3.5435, 64.424, 222.27
   33840,   33900,15.236,519.35,1317.8,3.9142, 66.741, 231.78
   33900,   33960,18.814,532.02,1318.4,4.1288, 67.882, 231.84
   33960,   34020,11.229,499.55,1332.9,3.6738, 64.96, 233.29
   34020,   34080,11.976,509.79,1202.6,3.7185, 65.881, 220.26
   34080,   34140,7.8327,508.6,1253.6,3.47, 65.774, 225.36
   34140,   34200,11.005,492.83,1263.5,3.6603, 64.355, 226.35
   34200,   34260,35.078,555.66,1317,5.1047, 70.01, 231.7
   34260,   34320,12.203,518.58,1306.3,3.7322, 66.672, 230.63
   34320,   34380,8.0343,494.11,1212.1,3.4821, 64.47, 221.21
   34380,   34440,8.6576,476.68,1179.3,3.5195, 62.901, 217.93
   34440,   34500,7.5903,458.65,1155.9,3.4554, 61.278, 215.59
   34500,   34560,10.443,487.89,1190.3,3.6266, 63.91, 219.03
   34560,   34620,6.6565,485.57,1210.1,3.3994, 63.702, 221.01
   34620,   34680,19.448,622.53,1366.5,4.1669, 76.028, 236.65
   34680,   34740,22.392,664.8,1438.6,4.3435, 79.832, 243.86
   34740,   34800,-9999,-9999,-9999,-9999, -9999, -9999
   34800,   34860,-9999,-9999,-9999,-9999, -9999, -9999
   34860,   34920,-9999,-9999,-9999,-9999, -9999, -9999
   34920,   34980,-9999,-9999,-9999,-9999, -9999, -9999
   34980,   35040,-9999,-9999,-9999,-9999, -9999, -9999
   35040,   35100,-9999,-9999,-9999,-9999, -9999, -9999
   35100,   35160,-9999,-9999,-9999,-9999, -9999, -9999
   35160,   35220,26.374,491.27,1095,4.5824, 64.214, 209.5
   35220,   35280,9.9314,445.01,1130.7,3.5959, 60.051, 213.07
   35280,   35340,13.184,446.59,1131.6,3.791, 60.193, 213.16
   35340,   35400,9.3174,435.19,1126.4,3.559, 59.167, 212.64
   35400,   35460,8.4507,440.93,1102.3,3.507, 59.683, 210.23
   35460,   35520,12.569,452.61,1165.5,3.7541, 60.735, 216.55
   35520,   35580,8.4362,443.71,1128.1,3.5062, 59.934, 212.81
   35580,   35640,12.55,478.6,1209.7,3.753, 63.074, 220.97
   35640,   35700,12.838,482.04,1183.5,3.7703, 63.383, 218.35
   35700,   35760,10.15,439.67,1103.8,3.609, 59.57, 210.38
   35760,   35820,14.451,472.95,1224,3.8671, 62.565, 222.4
   35820,   35880,12.152,478.53,1199.8,3.7291, 63.068, 219.98
   35880,   35940,13.525,488.34,1222.3,3.8115, 63.95, 222.23
   35940,   36000,11.863,496.44,1251.8,3.7118, 64.68, 225.18
   36000,   36060,10.431,490.11,1317.5,3.6259, 64.11, 231.75
   36060,   36120,24.302,504.84,1251.1,4.4581, 65.435, 225.11
   36120,   36180,14.992,503.56,1262.4,3.8995, 65.32, 226.24
   36180,   36240,18.494,547.47,1261.7,4.1097, 69.272, 226.17
   36240,   36300,6.1779,481.42,1241.8,3.3707, 63.328, 224.18
   36300,   36360,12.181,452.89,1173.6,3.7309, 60.76, 217.36
   36360,   36420,16.804,478.67,1211.5,4.0083, 63.081, 221.15
   36420,   36480,55.609,837.49,1581.6,6.3365, 95.374, 258.16
   36480,   36540,18.331,601.3,1429.3,4.0999, 74.117, 242.93
   36540,   36600,13.772,581.66,1342.7,3.8263, 72.349, 234.27
   36600,   36660,14.572,514.8,1328.3,3.8743, 66.332, 232.83
   36660,   36720,16.702,512.8,1352.1,4.0021, 66.152, 235.21
   36720,   36780,20.728,513.76,1301.4,4.2437, 66.239, 230.14
   36780,   36840,10.627,461.8,1286,3.6376, 61.562, 228.6
   36840,   36900,11.689,493.42,1273.2,3.7013, 64.408, 227.32
   36900,   36960,20.187,530.22,1361.2,4.2112, 67.72, 236.12
   36960,   37020,35.315,532.46,1286.7,5.1189, 67.921, 228.67
   37020,   37080,41.331,648.18,1430,5.4798, 78.337, 243
   37080,   37140,16.355,517.21,1224.7,3.9813, 66.549, 222.47
   37140,   37200,11.554,469.04,1194.2,3.6932, 62.214, 219.42
   37200,   37260,16.573,453.82,1137.9,3.9944, 60.844, 213.79
   37260,   37320,16.216,462.86,1188.3,3.9729, 61.657, 218.83
   37320,   37380,12.142,441.74,1170.5,3.7285, 59.756, 217.05
   37380,   37440,16.515,580.89,1370.8,3.9909, 72.28, 237.08
   37440,   37500,14.671,520.69,1233.8,3.8803, 66.862, 223.38
   37500,   37560,23.029,621.21,1407.7,4.3817, 75.909, 240.77
   37560,   37620,13.533,550.56,1302.3,3.812, 69.551, 230.23
   37620,   37680,17.994,454.06,1269.6,4.0796, 60.865, 226.96
   37680,   37740,7.8384,533.86,1288.6,3.4703, 68.047, 228.86
   37740,   37800,91.992,765.74,1375.3,8.5195, 88.917, 237.53
   37800,   37860,68.475,1032.7,2411.9,7.1085, 112.94, 341.19
   37860,   37920,11.839,712.39,1474.4,3.7103, 84.115, 247.44
   37920,   37980,9.5788,687.36,1494.9,3.5747, 81.863, 249.49
   37980,   38040,15.276,621.38,1318.5,3.9165, 75.924, 231.85
   38040,   38100,22.873,730.99,1536.1,4.3724, 85.789, 253.61
   38100,   38160,9.7329,596.74,1357.7,3.584, 73.707, 235.77
   38160,   38220,9.6296,607.28,1365.1,3.5778, 74.655, 236.51
   38220,   38280,14.655,605.14,1380,3.8793, 74.463, 238
   38280,   38340,12.615,607.52,1342.5,3.7569, 74.677, 234.25
   38340,   38400,16.182,656.33,1366.4,3.9709, 79.07, 236.64
   38400,   38460,23.11,1086.7,1763.3,4.3866, 117.81, 276.33
   38460,   38520,1127,3113.3,2896.4,70.62, 300.2, 389.64
   38520,   38580,1090,4232.8,11114,68.398, 400.95, 1211.4
   38580,   38640,26.893,1346.9,2179.7,4.6136, 141.22, 317.97
   38640,   38700,169.68,5881.9,6425.5,13.181, 549.37, 742.55
   38700,   38760,46.575,2795.8,3854.3,5.7945, 271.62, 485.43
   38760,   38820,50.761,2241.4,4440.2,6.0457, 221.72, 544.02
   38820,   38880,29.072,1509.3,3058.2,4.7443, 155.84, 405.82
   38880,   38940,8.3139,1420.8,2693.7,3.4988, 147.87, 369.37
   38940,   39000,73.71,1417.3,2484.5,7.4226, 147.55, 348.45
   39000,   39060,36.594,1044.2,2144.8,5.1957, 113.97, 314.48
   39060,   39120,17.441,837.38,1862,4.0465, 95.364, 286.2
   39120,   39180,-9999,-9999,-9999,-9999, -9999, -9999
   39180,   39240,-9999,-9999,-9999,-9999, -9999, -9999
   39240,   39300,-9999,-9999,-9999,-9999, -9999, -9999
   39300,   39360,-9999,-9999,-9999,-9999, -9999, -9999
   39360,   39420,-9999,-9999,-9999,-9999, -9999, -9999
   39420,   39480,-9999,-9999,-9999,-9999, -9999, -9999
   39480,   39540,-9999,-9999,-9999,-9999, -9999, -9999
   39540,   39600,32.607,559.61,1288.3,4.9564, 70.365, 228.83
   39600,   39660,241.89,932.79,1603.2,17.514, 103.95, 260.32
   39660,   39720,39.586,588.44,1577.4,5.3752, 72.959, 257.74
   39720,   39780,148.39,720.92,2391.9,11.903, 84.883, 339.19
   39780,   39840,13.586,466.98,1283.8,3.8152, 62.028, 228.38
   39840,   39900,339.47,1262.1,1795.7,23.368, 133.59, 279.57
   39900,   39960,533.01,2157.9,4393.2,34.981, 214.21, 539.32
   39960,   40020,27.172,606.7,1564.8,4.6303, 74.603, 256.48
   40020,   40080,11.539,497.34,1292.2,3.6923, 64.761, 229.22
   40080,   40140,14.631,469.77,1163.2,3.8779, 62.28, 216.32
   40140,   40200,88.989,910.65,1575.2,8.3393, 101.96, 257.52
   40200,   40260,42.024,900.38,1825.1,5.5215, 101.03, 282.51
   40260,   40320,26.228,660.22,1473,4.5737, 79.42, 247.3
   40320,   40380,26.785,716.48,1539.1,4.6071, 84.483, 253.91
   40380,   40440,28.221,629.79,1454.2,4.6933, 76.681, 245.42
   40440,   40500,18.666,566.13,1518,4.12, 70.952, 251.8
   40500,   40560,7.6496,530.16,1318,3.459, 67.714, 231.8
   40560,   40620,6.5578,532.63,1304.3,3.3935, 67.936, 230.43
   40620,   40680,11.263,553.28,1452.3,3.6758, 69.795, 245.23
   40680,   40740,24.434,614.68,1411,4.4661, 75.322, 241.1
   40740,   40800,159.82,1119.8,1662.3,12.589, 120.78, 266.23
   40800,   40860,28.205,697.17,1827,4.6923, 82.745, 282.7
   40860,   40920,79.433,945.71,1770.8,7.766, 105.11, 277.08
   40920,   40980,710.89,4164.4,4143.8,45.653, 394.8, 514.38
   40980,   41040,115.39,2786,4294.3,9.9236, 270.74, 529.43
   41040,   41100,16.341,2165.1,3319,3.9805, 214.86, 431.9
   41100,   41160,12.591,3245.2,4632.5,3.7555, 312.07, 563.25
   41160,   41220,6.5453,3714.4,5056,3.3927, 354.3, 605.6
   41220,   41280,7.8328,3669.3,5016.5,3.47, 350.24, 601.65
   41280,   41340,28.333,3879.9,5433.1,4.7, 369.19, 643.31
   41340,   41400,37.67,4424.3,5928,5.2602, 418.19, 692.8
   41400,   41460,9.0663,3302.9,4614.6,3.544, 317.26, 561.46
   41460,   41520,5.7685,3006.7,4535.1,3.3461, 290.6, 553.51
   41520,   41580,24.083,3951.7,4974.1,4.445, 375.66, 597.41
   41580,   41640,15.954,5181.1,6282,3.9572, 486.3, 728.2
   41640,   41700,35.854,6054.6,7326.7,5.1513, 564.91, 832.67
   41700,   41760,11.899,6224.8,7980.7,3.7139, 580.23, 898.07
   41760,   41820,13.823,5758.7,7718.7,3.8294, 538.28, 871.87
   41820,   41880,88.993,6533.2,7872.3,8.3396, 607.99, 887.23
   41880,   41940,209.36,8644.3,10568,15.562, 797.99, 1156.8
   41940,   42000,33.927,6891.8,10206,5.0356, 640.26, 1120.6
   42000,   42060,30.216,7446.5,9282.6,4.813, 690.18, 1028.3
   42060,   42120,10.613,6336,8611.4,3.6368, 590.24, 961.14
   42120,   42180,13.582,6060.6,7852.5,3.8149, 565.45, 885.25
   42180,   42240,11.018,5925.5,7663.6,3.6611, 553.3, 866.36
   42240,   42300,10.945,6024,7620.8,3.6567, 562.16, 862.08
   42300,   42360,8.9686,5753.4,7359.2,3.5381, 537.81, 835.92
   42360,   42420,10.545,6069.4,7887.8,3.6327, 566.24, 888.78
   42420,   42480,10.761,6297.7,8337,3.6457, 586.79, 933.7
   42480,   42540,19.611,5965.3,7905.6,4.1767, 556.88, 890.56
   42540,   42600,7.7086,5501.3,7292.4,3.4625, 515.12, 829.24
   42600,   42660,9.3938,5690.9,7358.8,3.5636, 532.18, 835.88
   42660,   42720,18.125,5851.5,7439.9,4.0875, 546.64, 843.99
   42720,   42780,8.9731,5945.1,7803.6,3.5384, 555.06, 880.36
   42780,   42840,8.4722,6147,7902.5,3.5083, 573.23, 890.25
   42840,   42900,9.8548,6299.4,8046.2,3.5913, 586.95, 904.62
   42900,   42960,13.482,6679.9,8304,3.8089, 621.19, 930.4
   42960,   43020,39.514,8220.7,9038.3,5.3708, 759.87, 1003.8
   43020,   43080,26.265,9005.5,10193,4.5759, 830.5, 1119.3
   43080,   43140,21.603,8388.8,11009,4.2962, 774.99, 1200.9
   43140,   43200,22.227,8026,10509,4.3336, 742.34, 1150.9
   43200,   43260,41.756,8633.5,10342,5.5054, 797.02, 1134.2
   43260,   43320,33.142,8639.8,10727,4.9885, 797.58, 1172.7
   43320,   43380,46.251,8288.2,10457,5.7751, 765.94, 1145.7
   43380,   43440,219.17,9792.4,10435,16.15, 901.32, 1143.5
   43440,   43500,352.97,9428.6,11191,24.178, 868.58, 1219.1
   43500,   43560,-9999,-9999,-9999,-9999, -9999, -9999
   43560,   43620,-9999,-9999,-9999,-9999, -9999, -9999
   43620,   43680,-9999,-9999,-9999,-9999, -9999, -9999
   43680,   43740,-9999,-9999,-9999,-9999, -9999, -9999
   43740,   43800,-9999,-9999,-9999,-9999, -9999, -9999
   43800,   43860,-9999,-9999,-9999,-9999, -9999, -9999
   43860,   43920,-9999,-9999,-9999,-9999, -9999, -9999
   43920,   43980,183.23,3938.1,8814.4,13.994, 374.42, 981.44
   43980,   44040,222.15,5222.1,7537.2,16.329, 489.99, 853.72
   44040,   44100,147.1,5324.4,8208,11.826, 499.19, 920.8
   44100,   44160,153.21,3490.1,7227.9,12.193, 334.11, 822.79
   44160,   44220,67.322,3016,5008.7,7.0393, 291.44, 600.87
   44220,   44280,54.427,2761.9,4437.8,6.2656, 268.57, 543.78
   44280,   44340,65.344,2299.8,3441,6.9206, 226.98, 444.1
   44340,   44400,136.36,3564.2,4502.5,11.182, 340.78, 550.25
   44400,   44460,77.881,2623.3,4175.2,7.6729, 256.1, 517.52
   44460,   44520,79.637,3156.9,5123,7.7782, 304.12, 612.3
   44520,   44580,58.085,3317.5,4630,6.4851, 318.58, 563
   44580,   44640,56.661,2922.1,4245.8,6.3996, 282.99, 524.58
   44640,   44700,118.98,4127.5,5058.3,10.139, 391.48, 605.83
   44700,   44760,645.87,7286.5,8680,41.752, 675.78, 968
   44760,   44820,1616.8,10206,11537,100.01, 938.56, 1253.7
   44820,   44880,10328,20839,41438,622.66, 1895.5, 4243.8
   44880,   44940,12446,28515,44318,749.76, 2586.4, 4531.8
   44940,   45000,10626,27936,40730,640.53, 2534.2, 4173
   45000,   45060,8640.3,22782,30111,521.42, 2070.4, 3111.1
   45060,   45120,8956,22425,35283,540.36, 2038.2, 3628.3
   45120,   45180,11491,23684,41368,692.48, 2151.6, 4236.8
   45180,   45240,13007,25155,40265,783.42, 2284, 4126.5
   45240,   45300,14333,29761,45195,863, 2698.5, 4619.5
   45300,   45360,3738.9,19105,30347,227.33, 1739.5, 3134.7
   45360,   45420,300.35,10229,13921,21.021, 940.62, 1492.1
   45420,   45480,327.34,10681,12884,22.64, 981.27, 1388.4
   45480,   45540,623.91,8483.9,10555,40.435, 783.55, 1155.5
   45540,   45600,1121,13281,15819,70.26, 1215.3, 1681.9
   45600,   45660,398.2,9846.2,14888,26.892, 906.16, 1588.8
   45660,   45720,749.83,8248.4,11265,47.99, 762.35, 1226.5
   45720,   45780,351.54,7921,10544,24.092, 732.89, 1154.4
   45780,   45840,393.99,7146,9478.9,26.639, 663.14, 1047.9
   45840,   45900,241.61,5800.5,8120.7,17.497, 542.05, 912.07
   45900,   45960,312.94,5042.5,7480.7,21.776, 473.82, 848.07
   45960,   46020,156.07,3356.9,5443.4,12.364, 322.12, 644.34
   46020,   46080,234.28,3549.1,4756.9,17.057, 339.42, 575.69
   46080,   46140,317.29,4517.8,5316.6,22.037, 426.6, 631.66
   46140,   46200,162.97,3542.8,5233,12.778, 338.85, 623.3
   46200,   46260,232.91,4161.5,5272.9,16.975, 394.53, 627.29
   46260,   46320,387.91,5064.4,6404.8,26.275, 475.8, 740.48
   46320,   46380,261.79,4842,7338,18.707, 455.78, 833.8
   46380,   46440,280.37,5142,8004.1,19.822, 482.78, 900.41
   46440,   46500,1714,7117.2,13341,105.84, 660.54, 1434.1
   46500,   46560,922.19,7979,10799,58.331, 738.11, 1179.9
   46560,   46620,488.68,8268.7,10761,32.321, 764.18, 1176.1
   46620,   46680,546.74,8629.5,10999,35.804, 796.65, 1199.9
   46680,   46740,437.91,6473.6,8352.3,29.274, 602.62, 935.23
   46740,   46800,666.48,9696.8,12176,42.989, 892.71, 1317.6
   46800,   46860,558.41,9112,11458,36.505, 840.08, 1245.8
   46860,   46920,333.03,5913.8,8016.3,22.982, 552.24, 901.63
   46920,   46980,2755.9,11692,18270,168.36, 1072.2, 1927
   46980,   47040,12532,25618,47484,754.92, 2325.6, 4848.4
   47040,   47100,7170,18827,33497,433.2, 1714.4, 3449.7
   47100,   47160,4282.9,17089,25441,259.98, 1558, 2644.1
   47160,   47220,3058.7,16423,21087,186.52, 1498.1, 2208.7
   47220,   47280,1859.5,14684,20061,114.57, 1341.6, 2106.1
   47280,   47340,1251.3,13918,17924,78.079, 1272.6, 1892.4
   47340,   47400,1353.8,14233,17985,84.23, 1301, 1898.5
   47400,   47460,1256.5,13180,17117,78.389, 1206.2, 1811.7
   47460,   47520,1572.1,13989,17157,97.329, 1279.1, 1815.7
