CampaignData_and_Merges/R0/CSL_MobileLab_Parked/raw/20240718/USOS-POPS_MobileLabGround_20240718_R0.ict
78, 1001
Thornberry, T. D.
NOAA Chemical Sciences Laboratory
Portable Optical Particle Spectrometer (POPS)
USOS
1, 1
2024, 07, 18, 2025, 05, 08
60
Time_Start, seconds_past_midnight, Start time of measurement
45
1, 1, 1, 1, 1, 1, 1, 1, 1, 1, 1, 1, 1, 1, 1, 1, 1, 1, 1, 1, 1, 1, 1, 1, 1, 1, 1, 1, 1, 1, 1, 1, 1, 1, 1, 1, 1, 1, 1, 1, 1, 1, 1, 1, 1
-9999, -9999, -9999, -9999, -9999, -9999, -9999, -9999, -9999, -9999, -9999, -9999, -9999, -9999, -9999, -9999, -9999, -9999, -9999, -9999, -9999, -9999, -9999, -9999, -9999, -9999, -9999, -9999, -9999, -9999, -9999, -9999, -9999, -9999, -9999, -9999, -9999, -9999, -9999, -9999, -9999, -9999, -9999, -9999, -9999
Time_Stop, seconds_past_midnight, Stop time of measurement
Time_Mid, seconds_past_midnight, Mid time of measurement
Press_mb, mb, Pressure reported (mb)
Temp_C, degrees C, POPS temperature measurement
Aerosol_concentration, cm^-3, Aerosol concentration
Surface_Area_Conc, um^2 cm^-3, Surface area concentration
Volume_density, um^3 cm^-3, Volume density
Effective_radius, um, Effective radius
Extinction, km^-1, Extinction
Bin01, cm^-3, particle concentration in size range [1401 - 146.3 nm]
Bin02, cm^-3, particle concentration in size range [146.3 - 152.8 nm]
Bin03, cm^-3, particle concentration in size range [152.8 - 159.6 nm]
Bin04, cm^-3, particle concentration in size range [159.6 - 166.8 nm]
Bin05, cm^-3, particle concentration in size range [166.8 - 174.2 nm]
Bin06, cm^-3, particle concentration in size range [174.2 - 181.9 nm]
Bin07, cm^-3, particle concentration in size range [181.9 - 190.0 nm]
Bin08, cm^-3, particle concentration in size range [190.0 - 198.5 nm]
Bin09, cm^-3, particle concentration in size range [198.5 - 207.4 nm]
Bin10, cm^-3, particle concentration in size range [207.4 - 216.6 nm]
Bin11, cm^-3, particle concentration in size range [216.6 - 226.2 nm]
Bin12, cm^-3, particle concentration in size range [226.2 - 236.3 nm]
Bin13, cm^-3, particle concentration in size range [236.3 - 246.8 nm]
Bin14, cm^-3, particle concentration in size range [246.8 - 257.8 nm]
Bin15, cm^-3, particle concentration in size range [257.8 - 269.3 nm]
Bin16, cm^-3, particle concentration in size range [269.3 - 343.4 nm]
Bin17, cm^-3, particle concentration in size range [343.4 - 450.7 nm]
Bin18, cm^-3, particle concentration in size range [450.7 - 525.9 nm]
Bin19, cm^-3, particle concentration in size range [525.9 - 618.5 nm]
Bin20, cm^-3, particle concentration in size range [618.5 - 710.0 nm]
Bin21, cm^-3, particle concentration in size range [710.0 - 822.7 nm]
Bin22, cm^-3, particle concentration in size range [822.7 - 885.9 nm]
Bin23, cm^-3, particle concentration in size range [885.9 - 953.9 nm]
Bin24, cm^-3, particle concentration in size range [953.9 - 1027.2 nm]
Bin25, cm^-3, particle concentration in size range [1027.2 - 1106.1 nm]
Bin26, cm^-3, particle concentration in size range [1106.1 - 1191.0 nm]
Bin27, cm^-3, particle concentration in size range [1191.0 - 1282.5 nm]
Bin28, cm^-3, particle concentration in size range [1282.5 - 1381.0 nm]
Bin29, cm^-3, particle concentration in size range [1381.0 - 1487.1 nm]
Bin30, cm^-3, particle concentration in size range [1487.1 - 1601.3 nm]
Bin31, cm^-3, particle concentration in size range [1601.3 - 1724.3 nm]
[...]
PLATFORM: NOAA CSL Mobile Lab
LOCATION: USOS
ASSOCIATED_DATA: N/A
INSTRUMENT_INFO: Printed Optical Particle Spectrometer counts particles from 140 - 2500 nm in diameter 
DATA_INFO: Particle concentrations reported in number per cubic centimeter,1 Hz data
UNCERTAINTY: Counting uncertainty dominated by air flow, less than 5 percent. Measurement range is ~0 - 3000 per cm3 (varies depending on flow rate- manufacturer quotes 1250 per cm3 at 1.667 cc/s)
ULOD_FLAG: -7777
ULOD_VALUE: N/A
LLOD_FLAG: -8888
LLOD_VALUE: N/A
DM_CONTACT_INFO: Troy Thornberry, 325 Broadway R/CSL6, Boulder, CO 80305; troy.thornberry@noaa.gov; 303-497-3373
PROJECT_INFO: USOS, Utah POPS data from NOAA CSL Mobile Lab
STIPULATIONS_ON_USE: Please contact the PIs for questions regarding applications and uncertainties
OTHER_COMMENTS: POPS bin Edges (nm):  140.1, 146.3, 152.8, 159.6, 166.8, 174.2, 181.9, 190.0, 198.5, 207.4, 216.6, 226.2, 236.3, 246.8, 257.8, 269.3, 343.4, 450.7, 525.9, 618.5, 710.0, 822.7, 885.9, 953.9, 1027.2, 1106.1, 1191.0, 1282.5, 1381.0, 1487.1, 1601.3, 1724.3, 1856.7, 1999.3, 2152.8, 2318.2, 2496.2
Calculations assume organic aerosol refractive index of 1.52+0.00j and extinction wavelength = 532 nm
REVISION: R0
R0: Final data
Time_Start, Time_Stop, Time_Mid, Press_mb, Temp_C, Aerosol_concentration, Surface_Area_Conc, Volume_density, Effective_radius, Extinction, Bin01, Bin02, Bin03, Bin04, Bin05, Bin06, Bin07, Bin08, Bin09, Bin10, Bin11, Bin12, Bin13, Bin14, Bin15, Bin16, Bin17, Bin18, Bin19, Bin20, Bin21, Bin22, Bin23, Bin24, Bin25, Bin26, Bin27, Bin28, Bin29, Bin30, Bin31, Bin32, Bin33, Bin34, Bin35, Bin36
[from data line 729]
43740,43799,43770,874.347,33.429,136.658,24.628,1.232,0.150,0.008,8.458734,8.323425,7.566851,8.067737,7.467542,7.561716,6.889768,7.116937,7.064174,6.395772,6.528968,6.309251,7.004007,6.602473,5.846840,21.449923,5.986559,1.296118,0.479069,0.079445,0.050429,0.016915,0.016730,0.017307,0.005432,0.011188,0.005313,0.011406,0.010935,0.011300,0.005575,0.000000,0.000000,0.000000,0.000000,0.000000
43800,43859,43830,874.345,33.466,138.972,25.010,1.293,0.153,0.008,8.920708,8.457536,7.935045,7.734979,8.156749,7.328404,7.566707,7.398446,7.170564,6.632768,6.507444,6.356346,6.842687,6.489084,5.753125,21.391209,6.397810,1.274291,0.425099,0.054447,0.067630,0.016975,0.005501,0.016275,0.011358,0.016472,0.016398,0.005394,0.000000,0.011234,0.000000,0.000000,0.000000,0.000000,0.005787,0.005708
43860,43919,43890,874.328,33.305,138.843,25.367,1.354,0.158,0.008,8.540772,8.126884,7.643446,7.709114,8.035750,7.549948,7.344852,7.036418,6.902755,6.736439,6.516376,7.031442,6.773665,6.792822,5.676373,21.979433,6.361690,1.327513,0.454686,0.077950,0.061784,0.033703,0.027568,0.033677,0.017316,0.011188,0.011205,0.000000,0.011422,0.000000,0.000000,0.011356,0.000000,0.000000,0.000000,0.005906
43920,43979,43950,874.334,33.288,142.242,25.609,1.418,0.163,0.008,9.172680,8.611030,7.582870,8.346297,7.831457,8.097173,7.484538,7.356935,7.246329,7.081831,6.870564,6.986148,7.139170,6.605622,5.694873,22.186056,6.159547,1.191833,0.333130,0.053151,0.053223,0.034739,0.011797,0.023608,0.011778,0.011629,0.000000,0.005733,0.000000,0.017394,0.011638,0.017219,0.005887,0.000000,0.000000,0.005715
43980,44039,44010,874.326,33.253,139.186,25.335,1.308,0.154,0.008,8.909194,8.356565,8.140100,7.993432,7.521690,7.369904,7.152179,7.266204,6.964822,6.781377,6.619520,6.549405,6.892334,6.348012,5.920445,21.740177,6.709688,1.272939,0.356525,0.088172,0.069696,0.052813,0.017924,0.017515,0.011122,0.000000,0.017756,0.005696,0.017248,0.012038,0.006199,0.000000,0.000000,0.005715,0.000000,0.000000
44040,44099,44070,874.318,33.423,132.990,24.197,1.319,0.161,0.008,8.313560,7.987109,7.894479,7.404478,7.396191,7.404792,6.825857,7.085685,6.749709,6.699040,6.459864,6.353751,6.586554,6.395821,5.113545,20.842609,5.468911,1.319497,0.398472,0.051258,0.068673,0.028579,0.017122,0.005726,0.016988,0.028175,0.011300,0.005669,0.016933,0.000000,0.016748,0.000000,0.011375,0.005669,0.005669,0.000000
44100,44159,44130,874.316,33.648,128.047,23.342,1.244,0.158,0.007,8.201184,7.590384,7.462475,6.816286,7.272669,7.014703,6.443771,7.003111,6.376291,6.107003,6.346106,6.138717,6.515916,5.888059,5.265178,19.762430,5.738149,1.349467,0.478146,0.093565,0.060734,0.033534,0.022451,0.022223,0.000000,0.005574,0.005688,0.005537,0.000000,0.000000,0.011042,0.005519,0.000000,0.000000,0.011168,0.000000
44160,44219,44190,874.322,33.611,127.910,23.391,1.203,0.154,0.007,7.819804,7.279263,7.292237,7.261270,6.805233,6.889401,6.657239,6.394348,6.580445,6.421073,6.428339,6.139035,6.286443,6.111276,5.283091,20.163025,6.301895,1.165054,0.348130,0.083147,0.072230,0.022240,0.028059,0.022403,0.005631,0.016921,0.000000,0.005612,0.005176,0.016484,0.000000,0.000000,0.000000,0.000000,0.000000,0.005128
44220,44279,44250,874.318,33.394,130.118,23.542,1.187,0.150,0.007,7.839704,7.200551,7.411295,7.409319,7.394600,7.354603,6.472248,6.787329,7.013079,6.495203,6.422121,6.277880,6.524018,6.037632,5.240720,20.244431,6.171676,1.184784,0.406800,0.072113,0.034214,0.027756,0.028030,0.022546,0.011719,0.005501,0.000000,0.000000,0.005501,0.010894,0.005593,0.000000,0.000000,0.005767,0.000000,0.000000
44280,44339,44310,874.316,33.315,129.670,23.620,1.203,0.152,0.007,7.672000,7.416125,7.242457,7.092310,7.383074,6.933959,6.908507,6.712061,6.734177,6.549033,6.353031,6.256051,6.105870,6.339333,5.551719,20.741266,5.736029,1.227729,0.440576,0.081233,0.046317,0.041201,0.034832,0.011778,0.012141,0.011938,0.005605,0.000000,0.012016,0.005534,0.005927,0.000000,0.000000,0.005809,0.000000,0.000000
44340,44399,44370,874.317,33.273,128.739,23.477,1.224,0.154,0.007,7.456289,7.305134,7.167001,7.271101,7.111663,7.248142,6.778232,6.711582,6.464837,6.322127,5.928195,6.535779,6.673139,6.134557,5.245505,20.790174,5.767580,1.203068,0.368872,0.056460,0.063220,0.022829,0.017130,0.016768,0.022508,0.022843,0.000000,0.005669,0.005575,0.005865,0.000000,0.005726,0.011078,0.000000,0.000000,0.000000
44400,44459,44430,874.313,33.379,123.377,22.583,1.171,0.154,0.007,7.183856,7.230198,6.959568,6.688165,6.872733,6.867106,6.610087,6.207134,6.291955,5.838552,5.580418,6.039613,6.082724,6.356136,4.965037,20.181961,5.540631,1.259776,0.356646,0.040385,0.057206,0.040806,0.063519,0.028653,0.011591,0.005562,0.000000,0.000000,0.005747,0.000000,0.000000,0.005690,0.000000,0.000000,0.005945,0.000000
44460,44519,44490,874.329,33.588,119.799,21.690,1.060,0.146,0.007,6.925142,6.564257,6.405623,6.476690,6.685642,6.635907,6.194917,6.273606,6.208586,5.935287,5.686941,6.027851,6.440384,6.048010,5.165730,18.991051,5.460411,1.114239,0.344652,0.068898,0.057511,0.017583,0.017379,0.023333,0.005728,0.000000,0.011612,0.005864,0.000000,0.000000,0.005825,0.000000,0.000000,0.000000,0.000000,0.000000
44520,44579,44550,874.338,33.599,122.333,22.545,1.196,0.156,0.007,7.074005,6.911770,6.815285,6.675762,6.646252,6.582723,6.614852,6.512982,6.198655,6.129489,6.296179,5.948918,6.103017,5.959092,5.273248,18.886803,5.691651,1.345395,0.403507,0.068323,0.068895,0.022693,0.028625,0.005415,0.005726,0.028702,0.005926,0.005926,0.000000,0.000000,0.011382,0.000000,0.000000,0.000000,0.005805,0.005594
44580,44639,44610,874.359,33.380,119.925,21.745,1.132,0.155,0.007,6.968868,6.852445,6.804423,6.486152,7.117423,6.537603,6.282815,6.404382,6.154460,5.990173,6.062374,5.889426,5.649407,5.669066,4.873178,19.189623,5.453847,0.953095,0.308533,0.092023,0.052238,0.029169,0.023579,0.017396,0.017225,0.005605,0.000000,0.011285,0.005678,0.000000,0.011716,0.005569,0.005809,0.000000,0.000000,0.000000
44640,44699,44670,874.384,33.229,121.684,22.146,1.143,0.153,0.007,7.091259,6.805963,6.537882,6.733423,7.025437,6.669878,6.732977,6.474084,6.091814,5.949350,5.759670,6.341918,5.994567,5.873004,4.885047,19.416258,5.506872,1.206826,0.352042,0.067093,0.039162,0.044999,0.011183,0.033930,0.000000,0.005785,0.000000,0.016535,0.000000,0.000000,0.005785,0.005612,0.000000,0.005594,0.000000,0.000000
44700,44759,44730,874.425,33.313,119.975,21.877,1.167,0.157,0.007,6.988698,6.641522,6.366125,6.547332,6.948197,6.653866,6.557571,6.636513,6.237478,5.901766,5.996998,6.214824,5.920565,5.498035,5.122796,18.994331,4.949077,1.209327,0.329820,0.038676,0.078259,0.005464,0.027656,0.038725,0.011056,0.022079,0.011171,0.000000,0.005537,0.000000,0.011131,0.000000,0.000000,0.000000,0.000000,0.010875
44760,44819,44790,874.446,33.598,116.391,21.287,1.108,0.155,0.007,6.851535,6.438514,6.602068,6.321983,6.661614,6.355869,6.170048,6.090017,5.913464,5.855962,5.428023,6.035588,5.670657,5.605858,4.744102,18.726763,5.129611,1.203126,0.366580,0.050285,0.050703,0.022776,0.017503,0.016973,0.005787,0.010983,0.005787,0.011060,0.000000,0.016313,0.000000,0.000000,0.005574,0.000000,0.005556,0.000000
44820,44879,44850,874.486,33.678,131.868,23.003,1.146,0.149,0.007,9.538267,9.024232,8.451653,8.165422,7.662361,7.384211,6.879759,6.816319,6.448198,6.394453,5.920855,5.991781,6.006622,5.837734,4.803225,19.113079,5.600869,1.186364,0.365485,0.062669,0.056344,0.033294,0.022660,0.028408,0.022641,0.005785,0.022926,0.011533,0.000000,0.005521,0.005650,0.000000,0.000000,0.000000,0.000000,0.000000
44880,44939,44910,874.505,33.519,159.672,25.516,1.303,0.151,0.007,15.614978,13.787324,12.616182,11.349297,10.657932,9.667475,8.186996,7.704822,7.221199,6.506210,6.295823,5.896493,6.156932,6.011729,5.496934,19.705898,4.950197,1.160763,0.360993,0.072512,0.091733,0.030387,0.030749,0.024623,0.012460,0.006248,0.012327,0.006540,0.011867,0.006061,0.000000,0.006163,0.000000,0.000000,0.012122,0.000000
44940,44999,44970,874.532,33.320,174.737,27.120,1.356,0.148,0.008,19.305365,16.750626,14.020929,13.067393,11.487328,10.240895,9.274113,8.189516,7.531847,7.171899,6.768474,6.415844,6.015224,6.099253,4.950960,19.701752,5.831067,1.201077,0.371314,0.069823,0.127458,0.034359,0.023004,0.017705,0.006029,0.005927,0.029049,0.005587,0.000000,0.000000,0.006029,0.011679,0.000000,0.005887,0.000000,0.000000
45000,45059,45030,874.546,33.260,177.698,27.175,1.344,0.147,0.007,20.224712,17.432367,15.317070,13.342737,12.084546,10.430438,9.276163,8.630806,7.440626,6.693529,6.390207,6.528933,6.192614,6.046127,4.830916,19.540396,5.373092,1.237516,0.383041,0.051517,0.062608,0.056754,0.022544,0.028533,0.005672,0.005845,0.011578,0.000000,0.023130,0.011385,0.017093,0.000000,0.000000,0.000000,0.000000,0.005598
45060,45119,45090,874.565,33.470,172.265,26.568,1.291,0.145,0.007,19.569593,16.824751,14.350879,12.921126,11.046083,9.850314,8.948060,8.049681,7.123315,6.911689,6.781246,6.386615,6.016500,5.928026,4.931117,19.040325,5.656864,1.192263,0.387756,0.066324,0.126419,0.047650,0.029750,0.006074,0.018101,0.024055,0.000000,0.000000,0.005913,0.012045,0.006012,0.006095,0.000000,0.000000,0.000000,0.000000
45120,45179,45150,874.583,33.593,183.838,28.453,1.514,0.157,0.008,21.033274,18.187565,15.507052,13.989353,12.186013,10.742814,9.559245,8.946424,8.113610,7.309230,6.422913,6.729566,6.267586,6.178691,4.968923,19.928577,5.741067,1.262276,0.453881,0.039393,0.101373,0.017007,0.022702,0.011207,0.011206,0.005450,0.005669,0.016970,0.022777,0.011416,0.016814,0.000000,0.005631,0.005650,0.005688,0.011250
45180,45239,45210,874.583,33.409,199.552,30.055,1.488,0.147,0.008,23.330572,20.852478,18.204693,15.734830,13.920329,11.482773,9.815575,9.371898,8.528214,7.475017,7.318682,6.440591,6.720474,6.169866,5.612057,20.362463,6.024536,1.332036,0.464069,0.094684,0.083864,0.028216,0.044719,0.039301,0.022095,0.016828,0.005467,0.011197,0.000000,0.022404,0.011146,0.000000,0.005450,0.000000,0.000000,0.005631
45240,45299,45270,874.598,33.328,213.201,31.190,1.496,0.143,0.008,26.425276,23.194838,19.632460,17.115353,14.809598,12.603928,11.086904,10.155134,8.713713,7.921368,6.956246,6.993145,7.104369,6.140582,5.503537,20.239838,6.568530,1.228158,0.448938,0.082182,0.124109,0.023458,0.018038,0.005705,0.029830,0.023251,0.011710,0.000000,0.005817,0.011525,0.011949,0.005855,0.005855,0.000000,0.000000,0.000000
45300,45359,45330,874.610,33.221,220.619,32.236,1.623,0.149,0.008,27.938641,23.529894,19.870413,17.341743,15.663447,13.196088,11.629789,10.453277,9.006514,8.218483,7.813469,7.307385,7.275510,6.697723,5.439672,21.184431,5.884868,1.323579,0.478338,0.104487,0.104261,0.034200,0.017478,0.000000,0.023121,0.017424,0.011215,0.000000,0.011578,0.000000,0.005966,0.005966,0.005786,0.000000,0.023761,0.000000
45360,45419,45390,874.609,33.286,206.625,30.211,1.445,0.143,0.008,25.502457,21.299961,18.663637,16.365868,14.868809,12.498058,10.642024,9.710068,8.423823,7.686090,7.311887,7.097328,6.683667,6.417103,5.268144,20.530367,5.532810,1.414507,0.417246,0.079305,0.072136,0.024474,0.031372,0.012229,0.012107,0.005865,0.006227,0.018172,0.000000,0.011655,0.000000,0.006040,0.000000,0.011731,0.000000,0.000000
45420,45479,45450,874.600,33.533,193.582,28.788,1.421,0.146,0.008,22.878138,20.275955,17.050026,15.135347,13.113094,11.833715,10.255320,9.128447,8.241358,7.417861,6.697948,6.158378,6.397060,5.839777,5.325357,20.294424,5.728510,1.113924,0.419104,0.062042,0.073953,0.051248,0.000000,0.005587,0.005465,0.005771,0.022783,0.000000,0.005623,0.005809,0.023270,0.011175,0.005848,0.000000,0.000000,0.000000
45480,45539,45510,874.607,33.575,190.897,29.304,1.459,0.148,0.008,21.714344,19.039845,16.572531,13.860193,12.851202,11.497545,9.878511,8.928222,8.360014,6.981175,7.004000,6.488215,6.446698,6.482037,5.491856,21.104689,5.967433,1.492706,0.364486,0.100106,0.082838,0.047035,0.023699,0.017190,0.029448,0.011867,0.006071,0.011474,0.017477,0.000000,0.012028,0.011936,0.000000,0.000000,0.000000,0.000000
45540,45599,45570,874.593,33.395,187.464,29.424,1.494,0.150,0.008,20.041374,17.630281,15.115250,13.665262,12.421678,10.972207,9.639319,9.187034,7.918667,7.501884,6.993094,7.419083,6.990875,6.742464,5.591616,21.286201,6.164245,1.356262,0.467947,0.128329,0.051287,0.039409,0.016805,0.028121,0.005726,0.033769,0.022326,0.005247,0.000000,0.005785,0.005467,0.005865,0.000000,0.000000,0.000000,0.011115
45600,45659,45630,874.599,33.251,182.919,29.627,1.563,0.156,0.009,18.025139,17.016485,14.719770,12.991915,11.332987,10.740302,9.355438,8.707616,8.413350,7.415651,7.241737,6.864064,6.926815,6.611986,5.650604,22.313259,6.356977,1.427415,0.368956,0.106309,0.104616,0.006029,0.052798,0.040799,0.017496,0.017616,0.017296,0.011498,0.017481,0.011856,0.011622,0.005715,0.011659,0.000000,0.006029,0.000000
45660,45719,45690,874.579,33.201,174.969,28.443,1.452,0.151,0.008,17.459457,15.158387,13.644460,12.060673,10.938393,9.633842,9.146392,8.382800,7.860898,7.343122,6.950301,7.192537,6.616587,6.484563,5.611551,22.101822,6.178853,1.456735,0.460325,0.053149,0.081496,0.041885,0.017133,0.011621,0.006012,0.017444,0.006288,0.005461,0.012190,0.011866,0.005893,0.000000,0.000000,0.000000,0.017023,0.000000
45720,45779,45750,874.581,33.402,167.220,27.004,1.363,0.150,0.008,16.212183,14.502500,12.691154,11.588743,10.589588,9.481398,8.856595,8.320548,7.308103,7.679988,7.025144,6.665234,6.484071,6.417885,5.277458,20.225395,5.896505,1.329387,0.328746,0.097528,0.062907,0.057840,0.005825,0.017617,0.005845,0.017113,0.028586,0.005945,0.005966,0.011471,0.011346,0.005491,0.005864,0.000000,0.000000,0.000000
45780,45839,45810,874.565,33.422,163.538,26.989,1.391,0.152,0.008,14.813862,14.095069,11.977496,11.074069,10.327200,9.095171,8.658405,8.219116,7.848457,7.303064,6.482556,6.684115,6.641471,6.423166,5.526484,20.149073,5.999436,1.358759,0.509938,0.099642,0.072127,0.044570,0.022532,0.028493,0.016735,0.010968,0.000000,0.005745,0.011611,0.005631,0.016356,0.005503,0.011153,0.000000,0.000000,0.000000
45840,45899,45870,874.563,33.274,161.166,26.964,1.398,0.154,0.008,14.277651,12.622572,11.211498,10.503348,9.887201,9.307236,8.431881,8.094917,7.974284,7.113291,6.573551,6.791678,7.010992,6.514098,5.473109,21.174593,6.155289,1.255341,0.477489,0.074594,0.091725,0.058318,0.011362,0.017021,0.005805,0.011201,0.005825,0.011571,0.000000,0.000000,0.000000,0.005845,0.005864,0.011367,0.005508,0.000000
45900,45959,45930,874.558,33.201,160.697,27.252,1.407,0.153,0.008,13.180282,12.381816,10.953114,10.216684,9.652403,8.967358,8.350915,8.033617,7.565424,7.350436,7.202959,7.418484,6.981608,6.708189,5.620904,21.587749,6.543717,1.235245,0.521571,0.040323,0.045608,0.023347,0.022734,0.017689,0.023266,0.000000,0.000000,0.005653,0.005884,0.005653,0.017187,0.000000,0.005884,0.000000,0.005905,0.005491
45960,46019,45990,874.563,33.269,152.516,25.929,1.337,0.153,0.008,12.476440,11.192193,10.664787,9.516373,9.237727,8.943014,7.905638,7.601000,7.423526,7.217531,6.810878,6.785191,6.652173,6.341947,4.935504,20.927225,5.943849,1.171146,0.394802,0.078298,0.106560,0.050361,0.027578,0.033888,0.016403,0.005631,0.022610,0.011024,0.000000,0.000000,0.005828,0.005688,0.005359,0.005727,0.000000,0.000000
46020,46079,46050,874.580,33.534,147.678,25.288,1.267,0.149,0.008,11.699365,10.951344,9.845848,9.414851,8.619928,8.198158,7.792962,7.655056,6.975567,6.567194,6.560511,7.138180,6.392085,6.139739,5.278616,20.130856,6.335197,1.200847,0.457407,0.080006,0.098671,0.064295,0.017417,0.017137,0.005945,0.011355,0.005884,0.000000,0.005845,0.005864,0.005884,0.005945,0.000000,0.000000,0.000000,0.000000
