CampaignData_and_Merges/R0/CSL_MobileLab_Parked/raw/20240718/USOS-Picarro-CO2-CH4-CO-H2O_MobileLabGround_20240718_R0.ict
38, 1001
Ilana Pollack, Nell Schafer, and Jeff Peischl
NOAA Chemical Sciences Laboratory
Picarro 2401-m CO2/CH4/CO/H2O Analyzer
USOS
1, 1
2024, 07, 18, 2024, 11, 20
0
StartTime_UTC, seconds_past_midnight, seconds past midnight
5
1, 1, 1, 1, 1
-9999, -9999, -9999, -9999, -9999
StopTime_UTC, seconds_past_midnight, seconds past midnight
CO2_ppm_1min, ppm, Gas_CO2_InSitu_S_DMF, carbon dioxide mixing ratio
CH4_ppb_1min, ppb, Gas_CH4_InSitu_S_DMF, methane mixing ratio
CO_ppb_1min, ppb, Gas_CO_InSitu_S_DMF, carbon monoxide mixing ratio
H2O_ppmv_1min, ppmv, Met_H2OMRV_InSitu_S_AVMR, water vapor mixing ratio
1
SPECIAL COMMENTS: N/A
18
PI_CONTACT_INFO: Address: NOAA Chemical Sciences Laboratory, Mail Stop CSL7, 325 Broadway, Boulder, CO 80305; Email: Ilana.Pollack@noaa.gov
PLATFORM: NOAA CSL Mobile Laboratory
LOCATION: The mobile lab was stationed in Salt Lake City, Utah.
ASSOCIATED_DATA: N/A
INSTRUMENT_INFO: CO2, CH4, and CO are reported as dry air mole fractions using a commercial wavelength-scanned cavity ring-down analyzer (Picarro 2401-m). An in-field calibration gas standard of 432±0.07 ppm CO2, 2095±1 ppb CH4, and 183±1 ppb CO, calibrated in the Boulder laboratories before and after the field project using primary CO2, CH4, and CO standard tanks tied to the WMO standard (X2019, X2004A, and X2014A, respectively) from the Global Monitoring Laboratory (GML), was delivered to the inlet every 2-3 days to evaluate instrument sensitivity. A H2O measurement was calibrated before the project with a Dew Point Mirror 373 hygrometer. The water correction calculated from these calibrations was applied to the H2O measurement for the entire campaign. Species are measured at 0.5 Hz and reported as 1-minute averages for stationary measurements.
DATA_INFO: Units: CO2, ppm, dry air mole fraction; CH4, ppb, dry air mole fraction; CO, ppb, dry air mole fraction; H2O, ppmv
UNCERTAINTY: Total uncertainties are estimated as ±0.1 ppm for CO2, ±1 ppb for CH4, ±5 ppb for CO, and ±(50 ppm + 4%) for H2O.
ULOD_FLAG: -7777
ULOD_VALUE: N/A
LLOD_FLAG: -8888
LLOD_VALUE: N/A
DM_CONTACT_INFO: Data Manager: Nathan Howard; nathan.h.howard@noaa.gov
PROJECT_INFO: USOS Dates of Study: July – August 2024
STIPULATIONS_ON_USE: Use of these data require prior ok from PI.
OTHER_COMMENTS: Data are averaged to 1 minute intervals. Stationary data collected from a 10 ft tower on top of the mobile van.
REVISION: R0
R0: Final Data
StartTime_UTC, StopTime_UTC, CO2_ppm_1min, CH4_ppb_1min, CO_ppb_1min, H2O_ppmv_1min
[from data line 381]
22860,22920,433.15,1953.5,146.9,11845.9365
22920,22980,431.55,1953.9,144.2,11428.0957
22980,23040,431.43,1954.0,141.7,11198.0752
23040,23100,431.70,1953.8,141.3,11347.2227
23100,23160,431.10,1953.5,140.6,11327.1875
23160,23220,429.61,1952.0,139.8,11214.7832
23220,23280,430.71,1953.0,140.8,11399.5254
23280,23340,430.90,1953.1,142.3,11435.2959
23340,23400,431.23,1953.8,141.6,11492.7021
23400,23460,430.98,1953.8,150.2,11518.1982
23460,23520,431.31,1954.0,153.0,11587.6650
23520,23580,431.23,1954.0,141.6,11613.0078
23580,23640,431.74,1954.3,141.7,11640.5361
23640,23700,432.04,1955.1,147.5,11607.4102
23700,23760,431.85,1955.3,143.1,11601.9531
23760,23820,431.21,1954.4,140.0,11546.0498
23820,23880,431.96,1955.2,142.4,11649.6494
23880,23940,431.84,1955.4,142.5,11611.2051
23940,24000,431.29,1954.3,142.5,11627.7441
24000,24060,432.15,1955.1,142.6,11787.7842
24060,24120,432.10,1955.7,141.8,11845.8770
24120,24180,432.29,1956.2,142.5,11814.9141
24180,24240,432.14,1956.1,142.7,11815.0313
24240,24300,432.47,1956.4,142.4,11854.0234
24300,24360,432.52,1958.2,147.7,11786.3506
24360,24420,431.61,1956.7,143.1,11576.8154
24420,24480,433.23,1957.8,152.9,11753.8477
24480,24540,432.66,1957.1,143.1,11620.0781
24540,24600,432.03,1956.5,163.8,11664.7480
24600,24660,432.68,1956.6,165.5,11896.9961
24660,24720,433.56,1957.4,154.6,11981.7588
24720,24780,432.67,1956.2,139.8,11965.3125
24780,24840,432.18,1956.6,141.0,12017.0898
24840,24900,431.82,1955.7,142.1,11894.9355
24900,24960,432.62,1956.1,142.6,11926.9551
24960,25020,431.45,1955.5,140.2,11724.2715
25020,25080,432.73,1956.2,139.8,11877.7041
25080,25140,432.43,1956.8,140.1,12026.0039
25140,25200,432.81,1957.0,141.5,12042.8037
25200,25260,432.49,1956.7,141.3,11935.0313
25260,25320,431.91,1956.3,139.7,11615.2891
25320,25380,432.36,1956.5,139.1,11883.9375
25380,25440,433.56,1957.2,140.1,12235.3867
25440,25500,432.41,1956.7,139.0,12075.7178
25500,25560,433.33,1956.5,140.0,12326.6191
25560,25620,434.56,1957.2,144.4,12305.5918
25620,25680,432.39,1956.6,138.6,12171.5635
25680,25740,434.18,1957.0,139.6,12463.3877
25740,25800,433.09,1956.9,137.1,12292.7334
25800,25860,432.66,1957.0,138.0,12270.8828
25860,25920,432.62,1957.1,137.6,12254.8027
25920,25980,432.80,1957.2,136.3,12278.2529
25980,26040,432.91,1957.1,137.7,12316.6836
26040,26100,433.89,1957.9,139.4,12349.3623
26100,26160,432.71,1957.7,139.2,12217.1533
26160,26220,433.88,1958.1,138.5,12366.0430
26220,26280,432.73,1956.9,137.6,12166.3477
26280,26340,432.99,1957.4,138.3,12167.3750
26340,26400,432.64,1956.9,139.2,12120.5205
26400,26460,432.24,1956.7,139.5,12159.2295
26460,26520,432.88,1956.9,150.5,12197.9395
26520,26580,432.81,1956.8,147.3,12201.8242
26580,26640,432.19,1956.8,139.8,12123.2285
26640,26700,433.54,1957.6,139.7,12372.7197
26700,26760,433.42,1957.9,138.4,12255.1143
26760,26820,433.39,1958.2,138.4,12224.7627
26820,26880,433.65,1957.2,139.0,12139.8438
26880,26940,432.69,1956.7,137.8,12085.2100
26940,27000,431.73,1956.2,136.7,12025.0625
27000,27060,432.02,1956.5,136.1,12126.1982
27060,27120,432.71,1957.1,136.3,12186.8838
27120,27180,433.29,1957.7,137.0,12251.0557
27180,27240,432.72,1956.6,136.0,12192.9668
27240,27300,433.37,1957.0,136.3,12366.4629
27300,27360,433.17,1957.2,135.2,12331.8301
27360,27420,433.04,1957.3,136.7,12284.6182
27420,27480,433.57,1957.7,137.3,12362.3984
27480,27540,433.32,1957.5,135.9,12362.4854
27540,27600,433.89,1957.8,134.7,12455.1699
27600,27660,432.68,1956.8,135.9,12216.8848
27660,27720,433.08,1957.0,134.9,12220.2393
27720,27780,432.60,1957.3,136.9,12156.6992
27780,27840,432.62,1957.3,136.1,12141.1357
27840,27900,433.63,1957.8,136.4,12278.9473
27900,27960,433.74,1957.8,135.4,12282.9668
27960,28020,432.79,1957.1,136.2,12204.5059
28020,28080,432.52,1956.6,136.8,12213.0713
28080,28140,433.02,1956.9,136.4,12233.6650
28140,28200,432.90,1957.0,136.8,12170.4209
28200,28260,432.19,1956.2,136.2,12099.6377
28260,28320,432.30,1956.7,138.0,12046.2510
28320,28380,432.61,1957.6,138.1,12087.4717
28380,28440,431.75,1957.0,134.8,11999.5146
28440,28500,431.87,1956.7,136.1,12028.9355
28500,28560,432.52,1957.4,135.7,12167.1533
28560,28620,432.28,1956.9,142.5,12097.3848
28620,28680,432.70,1956.8,135.0,12135.4014
28680,28740,432.13,1957.9,136.6,12107.4131
28740,28800,432.34,1956.9,139.0,12109.0459
28800,28860,432.93,1957.2,140.2,12133.4336
28860,28920,435.05,1957.9,194.3,12284.7695
28920,28980,433.85,1957.3,156.6,12105.2920
28980,29040,432.56,1956.7,134.5,12068.2920
29040,29100,432.20,1956.7,135.2,12080.8711
29100,29160,432.29,1957.0,134.9,12109.7178
29160,29220,432.67,1956.7,135.4,12162.4492
29220,29280,433.27,1957.8,135.5,12227.8086
29280,29340,433.07,1957.5,135.5,12172.8457
29340,29400,432.08,1957.6,135.9,12055.4336
29400,29460,432.61,1958.3,135.4,12096.6270
29460,29520,433.83,1958.3,136.2,12169.5820
29520,29580,432.29,1957.3,134.6,12057.4258
29580,29640,432.33,1957.7,136.1,12053.1357
29640,29700,433.27,1957.8,136.6,12162.6465
29700,29760,432.24,1956.7,136.0,12022.8906
29760,29820,431.50,1956.5,135.4,11953.7256
29820,29880,431.50,1956.7,134.8,11952.0859
29880,29940,431.75,1957.1,135.5,12003.1348
29940,30000,431.86,1956.7,134.6,12029.7148
30000,30060,432.06,1956.9,135.9,12059.4980
30060,30120,431.72,1956.5,133.6,11987.5732
30120,30180,431.80,1957.5,134.8,12013.6602
30180,30240,432.33,1958.0,135.0,12072.7773
30240,30300,433.12,1957.9,136.0,12052.0586
30300,30360,433.84,1957.9,135.8,12110.4346
30360,30420,432.33,1957.1,135.8,12021.5693
30420,30480,432.41,1956.9,136.5,12031.3613
30480,30540,432.26,1957.3,135.4,12045.8447
30540,30600,432.40,1956.7,134.4,12019.4189
30600,30660,432.00,1957.1,135.2,11982.4912
30660,30720,431.79,1958.4,139.8,11955.3398
30720,30780,432.10,1958.7,139.8,12021.9209
30780,30840,434.84,1959.8,138.8,12334.8057
30840,30900,433.18,1965.4,151.0,11979.3633
30900,30960,434.00,1966.8,155.4,12023.3438
30960,31020,433.51,1960.6,139.2,12022.9326
31020,31080,433.94,1960.1,141.9,12067.3418
31080,31140,433.32,1957.7,135.7,12107.4473
31140,31200,432.37,1958.3,137.0,12000.5449
31200,31260,432.50,1958.0,132.5,12056.2197
31260,31320,431.68,1957.2,132.8,11988.8545
31320,31380,431.73,1956.9,134.7,11998.2559
31380,31440,432.93,1957.4,134.1,12200.2402
31440,31500,431.62,1956.2,132.9,11987.1211
31500,31560,431.60,1956.0,132.5,11995.2939
31560,31620,431.55,1956.0,132.5,11967.3525
31620,31680,431.42,1955.4,133.2,11956.1270
31680,31740,431.89,1955.8,133.5,12008.0605
31740,31800,432.96,1956.8,133.4,12092.3164
31800,31860,431.55,1955.6,133.3,11948.5918
31860,31920,431.66,1955.4,131.2,11997.0859
31920,31980,431.37,1954.9,131.7,11932.6563
31980,32040,431.43,1956.0,131.5,11925.7256
32040,32100,432.27,1955.8,131.2,12000.5400
32100,32160,432.42,1956.1,131.5,12058.7695
32160,32220,434.11,1956.5,131.5,12213.7832
32220,32280,432.36,1956.3,131.5,12024.9014
32280,32340,430.89,1955.5,131.2,11835.6992
32340,32400,431.03,1956.5,130.7,11847.0000
32400,32460,431.17,1956.1,130.0,11839.2969
32460,32520,432.28,1956.4,132.6,11954.4629
32520,32580,431.21,1955.8,132.7,11854.8711
32580,32640,432.79,1957.5,136.6,11902.1357
32640,32700,432.90,1959.3,138.7,11811.0234
32700,32760,435.69,1961.3,140.6,12038.1826
32760,32820,435.97,1965.1,141.5,12008.5996
32820,32880,435.85,1966.1,146.5,11976.7646
32880,32940,436.58,1967.9,143.4,12022.6982
32940,33000,435.95,1966.7,142.9,11988.7793
33000,33060,435.26,1962.4,143.2,11966.9043
33060,33120,436.64,1963.5,141.2,12094.8613
33120,33180,435.44,1967.2,136.9,12080.9326
33180,33240,433.36,1958.1,132.6,12026.4414
33240,33300,433.59,1958.2,133.0,12077.7480
33300,33360,433.39,1958.4,132.5,12044.7168
33360,33420,432.12,1956.0,131.8,11989.3037
33420,33480,432.74,1955.6,130.1,12040.5547
33480,33540,432.02,1955.4,130.1,12006.1865
33540,33600,431.91,1955.3,132.1,11991.4824
33600,33660,431.83,1954.6,130.9,11961.9932
33660,33720,431.97,1954.9,132.8,11974.3320
33720,33780,432.33,1955.1,131.6,12033.8994
33780,33840,432.56,1955.3,133.1,11995.7168
33840,33900,433.17,1955.8,131.8,12022.9805
33900,33960,433.34,1956.3,130.9,12075.5703
33960,34020,432.13,1955.7,131.9,11992.1201
34020,34080,432.54,1957.2,132.3,12029.0059
34080,34140,432.55,1956.6,133.3,12006.2725
34140,34200,432.69,1955.6,132.9,12012.7139
34200,34260,433.41,1956.4,155.2,12120.6846
34260,34320,431.80,1956.2,133.8,11957.7432
34320,34380,432.56,1956.2,135.0,12049.8047
34380,34440,431.19,1955.3,131.6,11866.4307
34440,34500,431.73,1955.4,130.3,11937.1611
34500,34560,431.91,1955.5,132.8,11956.8643
34560,34620,432.05,1955.8,132.4,11930.4453
34620,34680,433.06,1956.3,132.7,11956.8750
34680,34740,431.89,1956.8,139.2,11884.1953
34740,34800,432.80,1956.4,139.5,11960.8740
34800,34860,432.72,1955.7,131.8,11961.9961
34860,34920,432.52,1954.8,129.5,11949.4961
34920,34980,431.63,1954.3,131.9,11873.7480
34980,35040,432.52,1954.8,129.8,12033.8320
35040,35100,431.98,1954.8,130.2,11920.4189
35100,35160,431.95,1954.6,130.3,11921.2930
35160,35220,432.37,1954.9,128.6,11939.8174
35220,35280,431.46,1953.8,128.2,11856.2705
35280,35340,431.97,1954.0,128.7,11936.3984
35340,35400,431.60,1953.9,128.1,11883.4268
35400,35460,431.85,1953.4,129.6,11890.3496
35460,35520,431.53,1954.0,130.3,11877.2168
35520,35580,432.16,1954.6,130.3,11943.3828
35580,35640,432.34,1953.9,132.0,11952.4180
35640,35700,431.57,1953.5,132.5,11902.1514
35700,35760,431.77,1953.6,129.4,11903.5547
35760,35820,432.73,1953.5,128.3,12038.0098
35820,35880,432.53,1953.7,129.9,12021.0850
35880,35940,433.18,1953.9,130.7,12068.7480
35940,36000,432.89,1953.7,129.6,12016.0254
36000,36060,432.05,1953.3,130.2,11935.0059
36060,36120,433.56,1953.5,129.0,12092.9033
36120,36180,431.92,1953.7,128.4,11897.5586
36180,36240,432.41,1954.1,126.2,11959.4258
36240,36300,431.65,1953.0,128.0,11789.2422
36300,36360,431.50,1953.1,127.8,11788.8857
36360,36420,431.57,1953.1,129.0,11792.5664
36420,36480,432.15,1953.3,129.7,11841.6758
36480,36540,433.00,1953.7,129.4,11926.4717
36540,36600,432.82,1953.6,128.4,11880.7002
36600,36660,433.07,1953.0,126.7,11883.0264
36660,36720,432.84,1953.2,128.5,11854.5352
36720,36780,433.12,1954.1,127.9,11891.2920
36780,36840,431.77,1952.5,126.2,11701.9482
36840,36900,432.05,1952.6,127.6,11745.7490
36900,36960,431.95,1952.7,127.2,11739.2344
36960,37020,431.79,1952.1,127.2,11694.6641
37020,37080,431.86,1952.1,127.9,11690.0264
37080,37140,432.50,1952.4,125.7,11748.2197
37140,37200,431.79,1952.3,127.1,11679.8584
37200,37260,432.60,1953.1,127.4,11775.4561
37260,37320,432.30,1953.4,130.0,11764.9434
37320,37380,432.18,1952.6,131.8,11678.3740
37380,37440,431.47,1952.0,130.2,11584.4131
37440,37500,432.66,1953.0,131.5,11665.4551
37500,37560,433.16,1953.6,128.0,11737.2627
37560,37620,433.16,1953.7,128.4,11715.1123
37620,37680,432.26,1954.2,126.1,11656.1826
37680,37740,432.40,1955.6,130.8,11686.5684
37740,37800,432.95,1955.8,130.0,11688.8369
37800,37860,432.95,1957.0,130.2,11703.7061
37860,37920,433.32,1959.2,131.7,11752.8320
37920,37980,432.94,1955.9,129.2,11686.1738
37980,38040,434.99,1956.9,131.0,11833.0908
38040,38100,433.14,1956.1,130.2,11680.7393
38100,38160,432.66,1955.7,128.5,11649.2285
38160,38220,432.74,1955.6,128.3,11623.6494
38220,38280,432.97,1954.4,127.0,11646.0928
38280,38340,432.98,1953.9,128.9,11606.8135
38340,38400,434.67,1957.1,130.5,11736.2129
38400,38460,434.91,1959.2,131.9,11778.7490
38460,38520,436.97,1960.5,167.4,11782.0264
38520,38580,435.45,1958.6,134.7,11786.5459
38580,38640,436.29,1960.3,141.8,11817.6592
38640,38700,436.59,1963.9,155.4,11884.4063
38700,38760,436.59,1964.2,145.7,11871.1621
38760,38820,436.68,1964.7,137.7,11850.4082
38820,38880,436.13,1965.0,137.3,11847.3682
38880,38940,436.36,1961.4,137.4,11846.8682
38940,39000,437.48,1958.2,135.9,11879.3135
39000,39060,434.51,1956.9,134.6,11750.9434
39060,39120,432.65,1954.2,129.7,11621.3770
39120,39180,432.82,1954.6,129.9,11636.4971
39180,39240,433.06,1954.3,130.1,11723.4307
39240,39300,433.02,1954.5,129.1,11698.4121
39300,39360,433.16,1953.9,127.6,11708.9746
39360,39420,433.49,1954.3,129.1,11662.7227
39420,39480,432.27,1953.3,128.5,11595.0586
39480,39540,432.91,1953.9,131.9,11671.9590
39540,39600,432.45,1953.5,131.6,11654.1982
39600,39660,432.18,1952.8,132.0,11605.9775
39660,39720,432.03,1953.6,143.3,11578.7529
39720,39780,432.47,1952.8,128.6,11646.0518
39780,39840,432.63,1953.1,127.4,11651.3359
39840,39900,433.41,1953.7,130.0,11644.5996
39900,39960,433.59,1954.9,130.9,11704.1719
39960,40020,433.83,1955.1,129.6,11769.4473
40020,40080,432.62,1953.2,130.7,11678.7559
40080,40140,432.89,1954.2,131.1,11706.6572
40140,40200,433.57,1954.9,135.4,11752.3154
40200,40260,433.93,1955.7,149.3,11772.2402
40260,40320,435.02,1955.9,155.8,11861.0752
40320,40380,434.72,1955.6,136.2,11875.2061
40380,40440,436.77,1955.3,131.3,12003.6133
40440,40500,434.07,1956.8,131.3,11849.8350
40500,40560,433.52,1956.6,130.4,11823.0566
40560,40620,433.98,1955.2,131.8,11837.9307
40620,40680,435.64,1955.9,131.3,11949.4795
40680,40740,436.38,1955.3,130.8,11928.9160
40740,40800,435.63,1955.2,140.7,11894.0557
40800,40860,434.01,1955.4,132.4,11848.1689
40860,40920,435.59,1956.1,169.5,11865.3477
40920,40980,437.23,1956.7,166.6,11966.2373
40980,41040,436.43,1960.5,160.6,11963.1504
41040,41100,441.86,1971.4,151.9,12206.3965
41100,41160,445.54,1978.0,158.0,12367.3252
41160,41220,447.41,1981.2,159.8,12469.1953
41220,41280,446.66,1979.8,160.0,12429.0459
41280,41340,448.69,1984.3,166.8,12581.6914
41340,41400,448.37,1982.8,166.0,12570.8145
41400,41460,442.22,1970.2,154.4,12156.7471
41460,41520,445.53,1976.3,160.8,12358.7285
41520,41580,450.50,1983.3,172.8,12576.1826
41580,41640,451.10,1986.6,180.6,12583.0996
41640,41700,452.01,1984.2,179.2,12572.2061
41700,41760,453.88,1985.2,179.8,12844.8398
41760,41820,453.34,1987.5,180.1,12767.9404
41820,41880,454.33,1987.5,202.9,12693.2051
41880,41940,454.43,1987.8,199.3,12714.2998
41940,42000,457.59,1988.2,199.6,12826.5771
42000,42060,457.16,1988.2,201.4,12817.2705
42060,42120,458.51,1987.5,202.0,12872.6025
42120,42180,452.57,1987.6,208.0,12619.5596
42180,42240,456.04,1990.0,208.1,12854.3193
42240,42300,453.83,1990.0,210.2,12749.7744
42300,42360,456.37,1992.7,211.1,12863.0625
42360,42420,455.81,1993.3,214.0,12857.2373
42420,42480,459.02,1995.3,226.8,13050.7578
42480,42540,455.25,1990.9,227.4,12734.2549
42540,42600,455.88,1992.0,218.2,12791.4541
42600,42660,457.42,1994.0,220.3,12870.1035
42660,42720,458.30,1995.0,223.1,12910.7178
42720,42780,457.22,1994.2,224.6,12811.8750
42780,42840,458.59,1996.5,228.3,12901.1826
42840,42900,459.71,1996.0,234.9,12802.2070
42900,42960,461.89,1996.0,247.1,12787.7725
42960,43020,463.67,1997.4,259.2,12832.0869
43020,43080,465.49,1997.2,261.3,12819.5957
43080,43140,466.41,1997.7,270.1,12806.7471
43140,43200,467.29,1996.2,273.3,12853.1963
43200,43260,469.34,1998.9,276.6,12878.3535
43260,43320,469.06,2002.1,254.4,12967.9629
43320,43380,469.73,2002.3,259.6,13042.8223
43380,43440,467.83,1999.9,253.1,12939.1191
43440,43500,468.34,2002.5,249.1,13000.6885
43500,43560,467.97,1999.2,241.0,12990.4619
43560,43620,462.24,1992.9,215.5,12881.9150
43620,43680,462.13,1991.7,213.6,12900.9385
43680,43740,465.19,1995.2,218.2,13015.8770
43740,43800,462.94,1995.6,212.4,12984.5254
43800,43860,461.03,1993.9,209.1,12898.8389
43860,43920,457.99,1982.6,190.0,12751.9248
43920,43980,451.74,1977.4,179.2,12584.7246
43980,44040,454.18,1978.2,187.3,12712.1133
44040,44100,450.15,1974.1,188.0,12572.9678
44100,44160,445.12,1967.6,169.7,12415.0830
44160,44220,447.48,1969.0,176.3,12523.5879
44220,44280,442.30,1965.1,159.2,12323.0947
44280,44340,445.33,1966.5,162.8,12437.0205
44340,44400,443.29,1963.7,156.8,12327.6230
44400,44460,443.32,1963.6,158.3,12318.6973
44460,44520,444.17,1963.7,167.4,12354.3301
44520,44580,443.42,1963.1,164.5,12318.8643
44580,44640,445.55,1963.6,176.3,12317.4238
44640,44700,448.45,1963.6,185.2,12377.2959
44700,44760,447.34,1969.5,180.2,12518.3701
44760,44820,449.68,1974.8,183.4,12582.5967
44820,44880,455.73,1988.0,208.4,12821.0303
44880,44940,459.64,1999.2,227.0,12962.9355
44940,45000,460.19,2001.8,224.9,13045.9258
45000,45060,462.67,2010.3,238.2,13092.3408
45060,45120,463.46,2012.0,240.0,13087.9121
