CampaignData_and_Merges/R0/CSL_MobileLab_Parked/raw/20240718/USOS-POPS_MobileLabGround_20240718_R0.ict
78, 1001
Thornberry, T. D.
NOAA Chemical Sciences Laboratory
Portable Optical Particle Spectrometer (POPS)
USOS
1, 1
2024, 07, 18, 2025, 05, 08
60
Time_Start, seconds_past_midnight, Start time of measurement
45
1, 1, 1, 1, 1, 1, 1, 1, 1, 1, 1, 1, 1, 1, 1, 1, 1, 1, 1, 1, 1, 1, 1, 1, 1, 1, 1, 1, 1, 1, 1, 1, 1, 1, 1, 1, 1, 1, 1, 1, 1, 1, 1, 1, 1
-9999, -9999, -9999, -9999, -9999, -9999, -9999, -9999, -9999, -9999, -9999, -9999, -9999, -9999, -9999, -9999, -9999, -9999, -9999, -9999, -9999, -9999, -9999, -9999, -9999, -9999, -9999, -9999, -9999, -9999, -9999, -9999, -9999, -9999, -9999, -9999, -9999, -9999, -9999, -9999, -9999, -9999, -9999, -9999, -9999
Time_Stop, seconds_past_midnight, Stop time of measurement
Time_Mid, seconds_past_midnight, Mid time of measurement
Press_mb, mb, Pressure reported (mb)
Temp_C, degrees C, POPS temperature measurement
Aerosol_concentration, cm^-3, Aerosol concentration
Surface_Area_Conc, um^2 cm^-3, Surface area concentration
Volume_density, um^3 cm^-3, Volume density
Effective_radius, um, Effective radius
Extinction, km^-1, Extinction
Bin01, cm^-3, particle concentration in size range [1401 - 146.3 nm]
Bin02, cm^-3, particle concentration in size range [146.3 - 152.8 nm]
Bin03, cm^-3, particle concentration in size range [152.8 - 159.6 nm]
Bin04, cm^-3, particle concentration in size range [159.6 - 166.8 nm]
Bin05, cm^-3, particle concentration in size range [166.8 - 174.2 nm]
Bin06, cm^-3, particle concentration in size range [174.2 - 181.9 nm]
Bin07, cm^-3, particle concentration in size range [181.9 - 190.0 nm]
Bin08, cm^-3, particle concentration in size range [190.0 - 198.5 nm]
Bin09, cm^-3, particle concentration in size range [198.5 - 207.4 nm]
Bin10, cm^-3, particle concentration in size range [207.4 - 216.6 nm]
Bin11, cm^-3, particle concentration in size range [216.6 - 226.2 nm]
Bin12, cm^-3, particle concentration in size range [226.2 - 236.3 nm]
Bin13, cm^-3, particle concentration in size range [236.3 - 246.8 nm]
Bin14, cm^-3, particle concentration in size range [246.8 - 257.8 nm]
Bin15, cm^-3, particle concentration in size range [257.8 - 269.3 nm]
Bin16, cm^-3, particle concentration in size range [269.3 - 343.4 nm]
Bin17, cm^-3, particle concentration in size range [343.4 - 450.7 nm]
Bin18, cm^-3, particle concentration in size range [450.7 - 525.9 nm]
Bin19, cm^-3, particle concentration in size range [525.9 - 618.5 nm]
Bin20, cm^-3, particle concentration in size range [618.5 - 710.0 nm]
Bin21, cm^-3, particle concentration in size range [710.0 - 822.7 nm]
Bin22, cm^-3, particle concentration in size range [822.7 - 885.9 nm]
Bin23, cm^-3, particle concentration in size range [885.9 - 953.9 nm]
Bin24, cm^-3, particle concentration in size range [953.9 - 1027.2 nm]
Bin25, cm^-3, particle concentration in size range [1027.2 - 1106.1 nm]
Bin26, cm^-3, particle concentration in size range [1106.1 - 1191.0 nm]
Bin27, cm^-3, particle concentration in size range [1191.0 - 1282.5 nm]
Bin28, cm^-3, particle concentration in size range [1282.5 - 1381.0 nm]
Bin29, cm^-3, particle concentration in size range [1381.0 - 1487.1 nm]
Bin30, cm^-3, particle concentration in size range [1487.1 - 1601.3 nm]
Bin31, cm^-3, particle concentration in size range [1601.3 - 1724.3 nm]
[...]
PLATFORM: NOAA CSL Mobile Lab
LOCATION: USOS
ASSOCIATED_DATA: N/A
INSTRUMENT_INFO: Printed Optical Particle Spectrometer counts particles from 140 - 2500 nm in diameter 
DATA_INFO: Particle concentrations reported in number per cubic centimeter,1 Hz data
UNCERTAINTY: Counting uncertainty dominated by air flow, less than 5 percent. Measurement range is ~0 - 3000 per cm3 (varies depending on flow rate- manufacturer quotes 1250 per cm3 at 1.667 cc/s)
ULOD_FLAG: -7777
ULOD_VALUE: N/A
LLOD_FLAG: -8888
LLOD_VALUE: N/A
DM_CONTACT_INFO: Troy Thornberry, 325 Broadway R/CSL6, Boulder, CO 80305; troy.thornberry@noaa.gov; 303-497-3373
PROJECT_INFO: USOS, Utah POPS data from NOAA CSL Mobile Lab
STIPULATIONS_ON_USE: Please contact the PIs for questions regarding applications and uncertainties
OTHER_COMMENTS: POPS bin Edges (nm):  140.1, 146.3, 152.8, 159.6, 166.8, 174.2, 181.9, 190.0, 198.5, 207.4, 216.6, 226.2, 236.3, 246.8, 257.8, 269.3, 343.4, 450.7, 525.9, 618.5, 710.0, 822.7, 885.9, 953.9, 1027.2, 1106.1, 1191.0, 1282.5, 1381.0, 1487.1, 1601.3, 1724.3, 1856.7, 1999.3, 2152.8, 2318.2, 2496.2
Calculations assume organic aerosol refractive index of 1.52+0.00j and extinction wavelength = 532 nm
REVISION: R0
R0: Final data
Time_Start, Time_Stop, Time_Mid, Press_mb, Temp_C, Aerosol_concentration, Surface_Area_Conc, Volume_density, Effective_radius, Extinction, Bin01, Bin02, Bin03, Bin04, Bin05, Bin06, Bin07, Bin08, Bin09, Bin10, Bin11, Bin12, Bin13, Bin14, Bin15, Bin16, Bin17, Bin18, Bin19, Bin20, Bin21, Bin22, Bin23, Bin24, Bin25, Bin26, Bin27, Bin28, Bin29, Bin30, Bin31, Bin32, Bin33, Bin34, Bin35, Bin36
[from data line 198]
11880,11939,11910,872.342,33.700,261.264,47.569,2.444,0.153,0.015,14.054999,14.140199,14.299778,14.078206,14.282411,14.763397,14.006377,13.902269,13.482789,12.735413,13.256691,13.641314,13.208855,12.382351,11.097454,42.416721,11.998695,2.274639,0.794490,0.158083,0.108001,0.039390,0.045259,0.028561,0.000000,0.005264,0.016770,0.000000,0.005726,0.011535,0.000000,0.017301,0.005631,0.000000,0.000000,0.005503
11940,11999,11970,872.338,33.669,260.390,47.209,2.390,0.151,0.014,13.999719,13.965679,13.674159,14.197888,14.806143,14.820226,14.063297,14.063251,13.384646,13.409431,13.160965,13.148972,12.914274,12.422666,11.224751,41.698105,12.085110,2.234153,0.688125,0.168417,0.097706,0.029207,0.023150,0.028287,0.023659,0.005544,0.017633,0.005905,0.005905,0.000000,0.000000,0.005766,0.000000,0.000000,0.011564,0.005884
12000,12059,12030,872.336,33.615,261.282,47.802,2.458,0.153,0.015,13.488096,13.963214,14.420079,14.469590,14.194160,13.810530,13.384332,14.277363,13.197639,13.434158,13.429350,13.569288,14.047537,12.896005,10.775949,42.421925,11.862344,2.438407,0.769483,0.123679,0.118447,0.029376,0.041195,0.000000,0.024242,0.017865,0.000000,0.029581,0.011821,0.000000,0.017701,0.012290,0.000000,0.000000,0.000000,0.005988
12060,12119,12090,872.325,33.542,262.058,47.756,2.369,0.148,0.015,13.714389,13.935255,14.146591,14.758904,14.742031,14.351100,13.983567,14.010997,13.609329,13.462729,12.932159,13.231168,13.321284,13.223028,10.952328,41.626339,12.226028,2.595672,0.806079,0.133566,0.100220,0.039120,0.050751,0.022585,0.022278,0.016741,0.010996,0.010629,0.000000,0.010974,0.000000,0.000000,0.005745,0.000000,0.005450,0.000000
12120,12179,12150,872.344,33.508,265.696,48.487,2.459,0.151,0.015,14.018290,14.512567,14.349623,14.634950,14.843206,14.473661,14.013001,13.905471,13.680522,13.682783,13.045060,13.703771,13.554628,13.502243,11.003036,43.437248,11.565415,2.444991,0.891277,0.163397,0.069574,0.029142,0.017662,0.029129,0.024088,0.017842,0.011676,0.017937,0.005887,0.017845,0.011797,0.000000,0.012183,0.000000,0.005988,0.000000
12180,12239,12210,872.381,33.487,263.240,47.854,2.372,0.148,0.015,13.874646,14.190025,14.262831,14.690553,14.856370,14.452675,13.910385,14.048868,13.228112,13.084138,13.265830,13.369122,13.640774,12.733318,11.250551,42.898251,11.764976,2.568150,0.729174,0.112698,0.106078,0.073046,0.033596,0.011454,0.011025,0.028001,0.005688,0.011530,0.005631,0.005594,0.010900,0.000000,0.000000,0.000000,0.000000,0.005557
12240,12299,12270,872.391,33.535,265.825,48.700,2.538,0.155,0.015,14.735556,14.139143,14.224155,14.461024,14.668891,14.507158,13.728119,14.693091,13.474931,13.086241,13.360275,14.119217,13.401105,13.253782,11.490172,42.766197,11.965751,2.416951,0.902213,0.131641,0.086229,0.023184,0.034697,0.011221,0.028954,0.022943,0.011513,0.017379,0.017193,0.006114,0.011546,0.005544,0.005747,0.005766,0.005825,0.005747
12300,12359,12330,872.428,33.573,265.857,48.325,2.403,0.149,0.015,13.870644,14.097778,14.359256,14.518206,14.766186,14.773933,13.949377,14.352715,13.884563,13.807655,13.192258,13.807776,13.281345,13.169992,11.106845,43.062626,12.026887,2.669524,0.788081,0.138661,0.061579,0.049701,0.044227,0.005574,0.005727,0.033138,0.000000,0.011149,0.000000,0.005708,0.000000,0.005482,0.005342,0.000000,0.000000,0.005308
12360,12419,12390,872.457,33.585,265.459,48.538,2.495,0.153,0.015,14.427440,14.255828,14.459752,14.792950,14.622073,14.500829,14.137527,13.763348,13.952135,13.327854,13.213511,13.747513,13.224013,12.865042,11.558636,42.860149,11.818315,2.674038,0.727041,0.165884,0.130970,0.039697,0.074289,0.023128,0.016741,0.011691,0.011809,0.005405,0.005845,0.011075,0.005766,0.011575,0.017510,0.000000,0.000000,0.000000
12420,12479,12450,872.478,33.507,264.861,47.968,2.356,0.147,0.015,13.780058,14.041765,13.982985,14.210785,15.279710,14.299098,14.352683,14.105783,13.808688,13.720628,13.981477,13.434133,13.519558,12.600960,11.126311,43.387379,11.554693,2.605201,0.680827,0.106412,0.135082,0.039332,0.022636,0.017000,0.016971,0.005539,0.000000,0.011356,0.011225,0.011282,0.005650,0.000000,0.000000,0.000000,0.000000,0.005415
12480,12539,12510,872.493,33.448,263.248,48.140,2.460,0.153,0.015,13.601396,14.025635,13.496698,14.467626,14.357066,14.334855,13.773405,14.757301,13.526975,13.635147,13.519078,13.405363,13.545969,12.950797,11.375674,42.795448,11.971698,2.543652,0.744658,0.138091,0.096892,0.022833,0.029073,0.017133,0.028963,0.011690,0.011632,0.017367,0.011634,0.011343,0.000000,0.017223,0.006028,0.000000,0.000000,0.000000
12540,12599,12570,872.519,33.417,262.186,48.418,2.573,0.158,0.015,13.865251,13.891613,14.153087,14.003721,14.273341,14.193506,14.388221,14.188962,13.485612,12.446003,13.607495,13.672701,13.449396,12.617634,11.084920,42.888458,12.066453,2.574451,0.859568,0.156510,0.134521,0.022574,0.027999,0.022066,0.005612,0.011281,0.000000,0.011629,0.016460,0.010848,0.022356,0.017090,0.005503,0.005805,0.000000,0.005612
12600,12659,12630,872.541,33.500,261.534,48.272,2.504,0.155,0.015,13.643039,13.758060,13.906082,14.356124,14.235850,14.250797,14.024380,14.159238,13.396339,13.200396,13.048121,13.364869,13.717805,12.713567,11.360490,42.535603,12.024484,2.708902,0.657269,0.112972,0.107019,0.044605,0.038816,0.011048,0.017063,0.022233,0.016949,0.016968,0.022758,0.027933,0.022397,0.000000,0.005650,0.000000,0.000000,0.005745
12660,12719,12690,872.571,33.512,261.276,47.709,2.385,0.149,0.015,13.521656,13.363722,13.667585,14.508768,14.340579,14.133956,14.518303,13.958847,13.489027,13.135248,13.403276,13.474939,13.560394,12.733622,11.058653,43.027641,11.802974,2.345244,0.802585,0.123884,0.123246,0.041106,0.041137,0.011622,0.017687,0.000000,0.023554,0.011815,0.000000,0.011283,0.011649,0.005947,0.006029,0.000000,0.000000,0.000000
12720,12779,12750,872.598,33.442,263.726,48.279,2.451,0.152,0.015,14.028881,13.996462,13.759114,14.623568,14.304099,14.543164,14.120255,14.384728,13.779805,13.215775,12.883139,13.495605,13.379350,12.972433,11.502231,42.401588,12.588599,2.509329,0.858755,0.101211,0.096523,0.017699,0.042063,0.024451,0.024886,0.012432,0.011948,0.006101,0.017729,0.000000,0.000000,0.012208,0.005700,0.005736,0.000000,0.000000
12780,12839,12810,872.616,33.337,264.915,48.395,2.448,0.151,0.015,14.190699,14.259896,14.656254,13.990794,14.238958,14.897195,13.829925,13.982016,13.858865,13.457175,13.067549,13.330222,13.430679,12.905841,11.176734,43.696880,12.353507,2.424350,0.840291,0.082172,0.077653,0.035100,0.035765,0.005855,0.006033,0.005952,0.018080,0.000000,0.005723,0.017829,0.018161,0.006400,0.006012,0.005992,0.000000,0.000000
12840,12899,12870,872.635,33.325,263.209,48.067,2.366,0.147,0.015,13.509404,14.092175,13.783050,14.198497,14.366627,14.905741,13.853754,13.651696,13.535546,13.532930,13.021011,13.603216,13.825677,12.903535,10.972272,43.823978,11.819576,2.597490,0.807399,0.117858,0.140163,0.068479,0.022626,0.011188,0.011084,0.005785,0.000000,0.005745,0.000000,0.005785,0.005669,0.000000,0.000000,0.005450,0.005726,0.000000
12900,12959,12930,872.646,33.322,262.452,47.581,2.330,0.146,0.015,13.938265,13.320407,14.693082,13.744886,15.029000,14.355904,14.385262,14.270600,13.217035,13.279973,12.959776,13.650360,13.057980,12.821989,10.867681,43.332146,11.805541,2.705659,0.723482,0.081542,0.099127,0.035276,0.006071,0.005605,0.023398,0.000000,0.005927,0.000000,0.011794,0.000000,0.017807,0.005947,0.000000,0.000000,0.000000,0.000000
12960,13019,12990,872.684,33.407,262.341,48.645,2.581,0.158,0.015,13.718895,13.738333,13.798079,14.170517,14.176719,13.712592,14.519835,13.951079,13.376770,13.116156,13.100927,14.005063,13.279593,12.857087,11.210630,43.277489,12.363340,2.597853,0.923567,0.135910,0.102204,0.033264,0.045140,0.022709,0.017073,0.016835,0.011273,0.000000,0.005726,0.000000,0.017122,0.022547,0.005280,0.005906,0.005785,0.000000
13020,13079,13050,872.724,33.420,262.135,48.251,2.486,0.154,0.015,13.553801,14.254736,13.567428,13.891171,13.920340,14.288331,13.902149,13.990860,13.997318,13.053310,13.306215,14.100466,13.947295,12.463155,10.803815,43.200348,11.939440,2.708293,0.842669,0.110873,0.121460,0.021715,0.033537,0.022266,0.011141,0.022468,0.016312,0.000000,0.000000,0.011024,0.005359,0.011416,0.005727,0.005556,0.000000,0.005447
13080,13139,13110,872.733,33.352,261.815,47.866,2.378,0.149,0.015,13.733497,13.732737,13.832414,13.891408,14.723498,14.188757,13.808886,13.666417,13.362972,13.521398,13.384617,13.808576,13.813673,12.790810,11.074183,42.687775,12.156642,2.405997,0.808510,0.129150,0.133044,0.044241,0.027637,0.016787,0.016646,0.005359,0.011475,0.010860,0.005669,0.000000,0.005308,0.000000,0.010720,0.000000,0.005669,0.000000
13140,13199,13170,872.773,33.252,262.915,48.263,2.466,0.153,0.015,14.108902,13.495277,13.807264,14.237624,14.692423,14.056934,14.343822,13.735550,13.672588,13.380625,13.644297,13.230055,13.855693,12.675551,10.961063,43.043060,12.149303,2.546598,0.853208,0.108467,0.084921,0.062386,0.044773,0.039600,0.022906,0.011481,0.005415,0.000000,0.005726,0.011299,0.011169,0.011268,0.000000,0.000000,0.000000,0.005650
13200,13259,13230,872.829,33.194,260.018,48.561,2.584,0.159,0.016,13.436326,13.439828,13.400331,14.207493,14.023943,14.478186,13.852512,13.979370,13.543365,12.803030,13.310127,13.344305,12.536376,12.991666,10.816964,43.431015,12.400769,2.636353,0.894801,0.119293,0.090255,0.078261,0.035591,0.054114,0.023953,0.000000,0.018543,0.000000,0.017818,0.017690,0.005913,0.005933,0.000000,0.005798,0.005972,0.011932
13260,13319,13290,872.952,33.169,256.938,47.418,2.354,0.149,0.015,13.504599,13.549820,13.627176,13.788044,14.044439,13.241758,13.571355,13.507010,12.709683,13.327009,12.721786,12.891094,13.841228,12.446498,11.067103,42.887020,12.408939,2.616653,0.810687,0.097097,0.115672,0.029952,0.042205,0.030044,0.000000,0.018263,0.012113,0.000000,0.011910,0.000000,0.006040,0.000000,0.006122,0.006205,0.000000,0.000000
13320,13379,13350,873.010,33.151,256.757,46.823,2.319,0.148,0.014,13.543660,13.767655,13.561685,13.999821,14.311717,14.221572,13.775939,13.281277,13.116532,13.029085,12.761854,13.281764,13.402419,12.037731,10.734069,42.389721,12.142335,2.241083,0.740488,0.158541,0.123319,0.016695,0.034042,0.038966,0.000000,0.005575,0.000000,0.011043,0.005726,0.011337,0.000000,0.000000,0.000000,0.005726,0.000000,0.005594
13380,13439,13410,873.100,33.186,260.218,47.786,2.501,0.156,0.015,14.125502,13.828320,14.277531,13.734791,14.428775,14.642227,14.171557,14.026620,13.564312,13.142617,12.952273,13.276635,13.183702,12.329214,10.379199,42.258450,12.088503,2.698689,0.721396,0.070087,0.094254,0.041254,0.017497,0.017428,0.018134,0.023169,0.035231,0.017984,0.000000,0.017378,0.006029,0.005967,0.005809,0.005696,0.005868,0.006029
13440,13499,13470,873.180,33.204,252.862,46.129,2.330,0.151,0.014,13.395020,13.858854,13.522703,14.439243,13.889343,13.695890,13.738290,13.581357,12.668829,13.169001,12.166800,12.951763,12.727289,12.095822,10.307613,41.414364,11.431105,2.714852,0.670258,0.157591,0.076690,0.047089,0.046841,0.023868,0.000000,0.018045,0.006008,0.000000,0.005887,0.017817,0.011916,0.011876,0.000000,0.000000,0.000000,0.000000
13500,13559,13530,873.217,33.167,241.144,44.379,2.328,0.156,0.014,13.006207,12.964679,13.348751,13.361058,13.710766,13.097651,12.723999,12.577280,12.087420,12.162290,12.014992,12.174680,12.181230,11.512025,10.299323,39.129597,11.241760,2.414948,0.712382,0.141122,0.079163,0.051254,0.033959,0.005503,0.011452,0.011154,0.011024,0.011176,0.005650,0.005824,0.033480,0.005824,0.000000,0.005845,0.010992,0.000000
13560,13619,13590,873.213,33.080,233.980,43.452,2.277,0.156,0.014,12.106400,12.308164,12.034809,12.647858,12.789379,12.812432,12.615389,13.054697,12.412306,11.347124,11.722527,11.979360,11.662313,11.427428,10.056379,38.322300,11.095437,2.419431,0.731240,0.154116,0.066088,0.038786,0.038034,0.022168,0.032722,0.010739,0.000000,0.005464,0.005556,0.033128,0.005593,0.000000,0.000000,0.011224,0.005519,0.005593
13620,13679,13650,873.242,33.114,229.730,41.849,2.093,0.149,0.013,12.241083,12.543978,12.546278,13.010589,12.536700,11.962340,12.570008,12.405731,11.883726,11.571465,11.083810,11.964491,11.693972,11.413325,9.416563,37.194275,10.511707,2.224387,0.598070,0.076192,0.088384,0.034519,0.052295,0.005678,0.018341,0.000000,0.005927,0.005715,0.035285,0.029419,0.005829,0.000000,0.000000,0.000000,0.000000,0.000000
13680,13739,13710,873.258,33.112,220.969,41.170,2.342,0.168,0.013,12.144628,12.321493,11.611365,12.010489,12.125734,12.148437,11.364173,11.799577,11.350689,11.171453,11.102251,11.113245,11.180739,10.524581,8.995419,36.518661,10.279552,2.044468,0.769622,0.081405,0.081733,0.046479,0.029387,0.017933,0.011834,0.023107,0.011916,0.000000,0.011657,0.000000,0.017332,0.017647,0.011935,0.000000,0.012016,0.017605
13740,13799,13770,873.284,33.165,212.278,38.728,2.043,0.157,0.012,11.508756,11.846895,11.160092,11.685077,12.025330,11.535793,11.667435,11.553370,10.864109,10.864049,10.572779,10.830645,10.605579,10.168073,8.848177,33.816132,9.637297,2.119753,0.624441,0.114455,0.079864,0.016945,0.034031,0.011459,0.011405,0.011850,0.005805,0.005526,0.000000,0.011630,0.000000,0.017475,0.017282,0.005945,0.000000,0.000000
13800,13859,13830,873.273,33.114,205.831,37.819,2.035,0.159,0.012,11.410030,11.538265,11.077823,11.425182,11.279591,11.686570,11.044049,11.045316,10.517522,10.486639,10.145404,10.457008,10.195372,9.447511,8.571414,32.894058,9.540409,2.050918,0.685694,0.083215,0.061146,0.032707,0.027097,0.011243,0.027745,0.011038,0.005747,0.005612,0.005447,0.011131,0.016855,0.011148,0.005447,0.011149,0.000000,0.005612
13860,13919,13890,873.299,32.949,202.709,37.034,1.885,0.152,0.012,11.130880,11.172223,10.764969,11.333586,11.772718,11.192467,11.074128,10.302415,10.311495,10.116703,9.413009,10.309372,10.335819,9.640775,8.709318,32.841953,9.354796,2.018955,0.545529,0.080433,0.097105,0.057196,0.045998,0.011769,0.017401,0.006114,0.005766,0.005864,0.011375,0.011499,0.000000,0.005825,0.011774,0.000000,0.000000,0.000000
13920,13979,13950,873.278,32.876,195.771,36.550,2.086,0.167,0.012,10.724818,10.536119,10.987454,10.643897,11.423343,10.458280,10.443394,10.136586,9.941965,9.318123,9.992614,9.832125,9.747324,9.329372,8.026123,32.189358,8.988129,2.034754,0.511451,0.161859,0.136369,0.035599,0.047802,0.012255,0.023408,0.000000,0.011634,0.000000,0.005779,0.005952,0.011447,0.017674,0.006033,0.012053,0.006095,0.012210
13980,14039,14010,873.288,32.920,185.746,34.166,1.840,0.159,0.011,10.455839,10.521421,10.267715,10.340528,10.293764,9.791182,9.873775,9.914160,9.248636,9.095031,9.617726,9.380324,9.580969,8.689034,7.607069,30.000065,8.352813,1.804525,0.584940,0.063138,0.069485,0.051858,0.028398,0.022887,0.005864,0.011454,0.011364,0.005508,0.000000,0.011292,0.017121,0.000000,0.000000,0.017245,0.000000,0.011331
14040,14099,14070,873.282,32.959,179.978,33.023,1.764,0.158,0.010,10.056316,9.582199,9.834387,10.540679,10.311975,10.184201,9.812297,9.520712,9.308907,8.885751,8.690831,8.858190,8.821053,8.810785,7.066193,28.519045,8.543774,1.750825,0.561387,0.102157,0.062414,0.040240,0.005415,0.005845,0.005650,0.011228,0.011450,0.005364,0.017324,0.022654,0.005415,0.005845,0.000000,0.011532,0.000000,0.005521
14100,14159,14130,873.282,32.977,175.178,31.685,1.616,0.152,0.010,10.493847,9.533933,9.633498,9.830219,10.039470,10.006369,9.318207,9.615637,8.684873,8.964907,8.911448,8.991728,8.605436,7.881147,6.796200,27.645054,7.655977,1.695955,0.545229,0.109409,0.069415,0.034956,0.022775,0.011459,0.005508,0.000000,0.011630,0.011689,0.011669,0.011333,0.023622,0.000000,0.005598,0.000000,0.000000,0.000000
14160,14219,14190,873.236,33.013,176.014,32.329,1.843,0.168,0.010,10.261837,9.313342,9.976684,9.849541,9.674751,9.911819,9.544463,9.794467,9.739452,8.562109,8.677248,8.887857,8.400678,8.388791,7.017975,27.662321,7.743060,1.721318,0.519861,0.082656,0.122680,0.028202,0.011338,0.016400,0.005325,0.000000,0.011130,0.010975,0.005848,0.005747,0.021368,0.016594,0.005688,0.005593,0.005537,0.011436
