CampaignData_and_Merges/R0/CSL_MobileLab_Parked/raw/20240812/USOS-NOAAIodideCIMS-HNO3_MobileLabGround_20240812_RA.ict
33, 1001
Michael A Robinson, Chris Jernigan, Subi Thakali
NOAA ESRL Chemical Sciences Laboratory and CIRES, U. of Colorado
NOAA Iodide CIMS Instrument
USOS
1, 1
2024, 08, 12, 2024, 08, 13
1
starttime_UTC, seconds_past_midnight, seconds_of_day_since_00:00:00_UTC
1
1
-9999
HNO3_NOAACIMS, pptv, Gas_HNO3_InSitu_S_AVMR, 
0
18
PI_CONTACT_INFO: 325 Broadway, R/CSD 7, Boulder, Colorado 80305; michael.a.robinson@noaa.gov; chris.jernigan@noaa.gov;
PLATFORM: NOAA CSL Mobile Lab
LOCATION: SLC, Utah
ASSOCIATED_DATA: 1Hz data also available on request.
INSTRUMENT_INFO: NOAA I- ToF CIMS
DATA_INFO: All data in parts per trillion by volume (pptv). 1 Hz data is available upon request.
UNCERTAINTY: TBD
ULOD_FLAG: -7777
ULOD_VALUE: N/A
LLOD_FLAG: -8888
LLOD_VALUE: N/A
DM_CONTACT_INFO: Nathan Howard; nathan.h.howard@noaa.gov
PROJECT_INFO: USOS, summer 2024. https://csl.noaa.gov/groups/csl7/measurements/2024usos/
STIPULATIONS_ON_USE: Users are strongly encouraged to contact the PI for proper data usage.
OTHER_COMMENTS: 
REVISION: RA
RA: Preliminary Data; For in-field use only
starttime_UTC, HNO3_NOAACIMS
     0, -9999.000
    60, -9999.000
   120, -9999.000
   180, -9999.000
   240, 507.445
   300, 510.061
   360, 522.572
   420, 549.918
   480, 556.141
   540, 558.832
   600, -9999.000
   660, 520.191
   720, 540.869
   780, 550.364
   840, 559.437
   900, 556.917
   960, 567.498
  1020, 554.814
  1080, 568.146
  1140, 542.596
  1200, 535.004
  1260, 514.126
  1320, 507.078
  1380, 507.737
  1440, 519.485
  1500, 529.171
  1560, 529.565
  1620, 507.798
  1680, 531.534
  1740, 536.382
  1800, 551.173
  1860, 556.228
  1920, 558.764
  1980, 558.973
  2040, 552.261
  2100, 550.718
  2160, 552.106
  2220, 555.906
  2280, 568.788
  2340, 563.844
  2400, 577.383
  2460, 507.218
  2520, 500.580
  2580, 504.499
  2640, 526.604
  2700, 525.902
  2760, 498.369
  2820, 501.663
  2880, 491.203
  2940, 491.607
  3000, 512.666
  3060, 535.061
  3120, 527.567
  3180, 547.742
  3240, 562.428
  3300, 555.638
  3360, 550.324
  3420, 555.696
  3480, 572.759
  3540, 570.470
  3600, 550.560
  3660, 555.334
  3720, 545.007
  3780, 544.324
  3840, 558.022
  3900, 556.769
  3960, 555.751
  4020, 555.601
  4080, 552.541
  4140, 541.991
  4200, 546.537
  4260, -9999.000
  4320, 475.585
  4380, 480.354
  4440, 481.715
  4500, 497.684
  4560, 513.705
  4620, 521.981
  4680, 529.412
  4740, 523.496
  4800, 534.220
  4860, 536.969
  4920, 543.182
  4980, 514.457
  5040, 509.200
  5100, 507.593
  5160, 501.801
  5220, 491.558
  5280, 492.765
  5340, 496.346
  5400, 508.231
  5460, 510.777
  5520, 511.868
  5580, 495.756
  5640, 478.370
  5700, 463.330
  5760, 454.386
  5820, 456.212
  5880, 468.528
  5940, 477.088
  6000, 497.847
  6060, 506.280
  6120, -9999.000
  6180, 445.317
  6240, 441.521
  6300, 441.846
  6360, 432.658
  6420, 427.144
  6480, 412.000
  6540, 409.079
  6600, 396.535
  6660, 422.056
  6720, 452.568
  6780, 461.343
  6840, 489.783
  6900, 524.884
  6960, 512.256
  7020, 467.417
  7080, 459.951
  7140, 440.357
  7200, 434.835
  7260, 427.325
  7320, 398.303
  7380, 361.336
  7440, 330.485
  7500, 329.289
  7560, 313.869
  7620, 275.027
  7680, 245.980
  7740, 255.362
  7800, 281.745
  7860, 288.329
  7920, 288.729
  7980, -9999.000
  8040, 261.605
  8100, 268.193
  8160, 264.739
  8220, 256.298
  8280, 248.256
  8340, 229.896
  8400, 218.562
  8460, 218.778
  8520, 215.290
  8580, 220.232
  8640, 216.220
  8700, 220.177
  8760, 222.458
  8820, 217.291
  8880, 218.654
  8940, 212.648
  9000, 216.648
  9060, 215.889
  9120, 207.470
  9180, 197.069
  9240, 181.605
  9300, 194.676
  9360, 186.817
  9420, 190.729
  9480, 195.590
  9540, 201.155
  9600, 209.677
  9660, 220.282
  9720, 232.228
  9780, 239.511
  9840, 251.153
  9900, 252.485
  9960, 259.994
 10020, 261.987
 10080, 271.173
 10140, 274.305
 10200, 282.306
 10260, 287.389
 10320, 287.532
 10380, 288.586
 10440, 291.304
 10500, 290.902
 10560, 289.607
 10620, 288.966
 10680, 290.064
 10740, 287.683
 10800, 286.715
 10860, 285.667
 10920, 284.042
 10980, 285.542
 11040, 285.047
 11100, 284.518
 11160, 279.722
 11220, 278.791
 11280, 274.410
 11340, 276.462
 11400, 281.404
 11460, 276.615
 11520, 274.291
 11580, 277.021
 11640, -9999.000
 11700, 259.733
 11760, 253.615
 11820, 253.842
 11880, 253.406
 11940, 254.169
 12000, 266.562
 12060, 276.622
 12120, 280.579
 12180, 284.171
 12240, 285.114
 12300, 285.676
 12360, 283.043
 12420, 280.484
 12480, 275.735
 12540, 271.310
 12600, 257.922
 12660, 253.577
 12720, 247.520
 12780, 242.233
 12840, 232.216
 12900, 226.059
 12960, 232.746
 13020, 236.128
 13080, 241.666
 13140, 245.803
 13200, 242.668
 13260, 240.141
 13320, 237.139
 13380, 232.941
 13440, 228.760
 13500, 231.489
 13560, 222.139
 13620, 214.778
 13680, 216.050
 13740, 219.588
 13800, 224.304
 13860, 224.700
 13920, 223.242
 13980, 221.139
 14040, 217.787
 14100, 213.652
 14160, 205.315
 14220, 202.985
 14280, 201.717
 14340, 202.020
 14400, 211.253
 14460, 223.705
 14520, 222.050
 14580, 224.623
 14640, 223.000
 14700, 224.863
 14760, 218.017
 14820, 217.014
 14880, 206.517
 14940, 209.555
 15000, 217.817
 15060, 214.944
 15120, 217.223
 15180, 216.275
 15240, 214.366
 15300, 211.961
 15360, -9999.000
 15420, 199.249
 15480, 196.884
 15540, 194.908
 15600, 190.793
 15660, 192.666
 15720, 197.709
 15780, 197.423
 15840, 196.741
 15900, 196.260
 15960, 193.649
 16020, 195.702
 16080, 195.744
 16140, 194.245
 16200, 196.291
 16260, 197.100
 16320, 205.787
 16380, 214.885
 16440, 214.191
 16500, 215.558
 16560, 211.538
 16620, 209.925
 16680, 201.785
 16740, 198.610
 16800, 202.599
 16860, 209.612
 16920, 210.033
 16980, 209.590
 17040, 209.244
 17100, 202.842
 17160, 195.701
 17220, 194.557
 17280, 191.404
 17340, 192.760
 17400, 195.441
 17460, 196.536
 17520, 196.036
 17580, 197.331
 17640, 193.728
 17700, 187.897
 17760, 185.354
 17820, 184.775
 17880, 184.464
 17940, 187.486
 18000, 191.072
 18060, 188.121
 18120, 182.785
 18180, 177.909
 18240, 174.709
 18300, 171.996
 18360, 166.003
 18420, 162.163
 18480, 162.967
 18540, 168.044
 18600, 171.177
 18660, 164.461
 18720, 159.396
 18780, 153.814
 18840, 149.300
 18900, 155.957
 18960, 159.902
 19020, 163.972
 19080, 161.137
 19140, 159.923
 19200, 154.830
 19260, 153.192
 19320, 159.174
 19380, 164.921
 19440, 163.621
 19500, 166.352
 19560, 161.092
 19620, 157.385
 19680, 155.244
 19740, 152.471
 19800, 152.789
 19860, 157.234
 19920, 157.939
 19980, 155.154
 20040, 146.699
 20100, 144.871
 20160, 141.596
 20220, 142.632
 20280, 146.592
 20340, 142.870
 20400, 140.095
 20460, 140.958
 20520, 136.353
 20580, 136.382
 20640, 136.167
 20700, 133.468
 20760, 142.832
 20820, 147.383
 20880, 147.602
 20940, 144.542
 21000, 140.444
 21060, 143.323
 21120, 145.163
 21180, 145.292
 21240, 149.423
 21300, 147.737
 21360, 143.454
 21420, 140.681
 21480, 140.211
 21540, 142.968
 21600, 144.180
 21660, 147.036
 21720, 146.005
 21780, 143.807
 21840, 141.766
 21900, 143.738
 21960, 147.756
 22020, 147.195
 22080, 150.108
 22140, 148.903
 22200, 143.553
 22260, 144.666
 22320, 148.834
 22380, 150.434
 22440, 150.851
 22500, 151.587
 22560, 151.204
 22620, 150.306
 22680, 145.384
 22740, -9999.000
 22800, 158.642
 22860, 154.567
 22920, 154.488
 22980, 153.259
 23040, 150.017
 23100, 146.051
 23160, 146.858
 23220, 151.827
 23280, 157.377
 23340, 154.631
 23400, 155.020
 23460, 152.000
 23520, 148.502
 23580, 144.741
 23640, 148.146
 23700, 152.079
 23760, 155.766
 23820, 151.441
 23880, 147.653
 23940, 142.186
 24000, 143.368
 24060, 142.836
 24120, 144.873
 24180, 141.986
 24240, 141.764
 24300, 140.139
 24360, 135.702
 24420, 135.409
 24480, 132.304
 24540, 132.088
 24600, -9999.000
 24660, 137.123
 24720, 133.203
 24780, 130.064
 24840, 130.908
 24900, 134.901
 24960, 138.004
 25020, 134.849
 25080, 133.039
 25140, 129.922
 25200, 127.739
 25260, 130.533
 25320, 136.019
 25380, 137.503
 25440, 139.131
 25500, 138.017
 25560, 137.312
 25620, 135.181
 25680, 135.395
 25740, 140.167
 25800, 139.826
 25860, 143.095
 25920, 141.282
 25980, 137.623
 26040, 136.699
 26100, 131.828
 26160, 130.224
 26220, 133.117
 26280, 133.962
 26340, 133.627
 26400, 131.109
 26460, -9999.000
 26520, 134.155
 26580, 129.489
 26640, 132.802
 26700, 134.758
 26760, 130.934
 26820, 130.715
 26880, 129.975
 26940, 130.050
 27000, 127.671
 27060, 128.807
 27120, 133.995
 27180, 133.305
 27240, 130.606
 27300, 124.534
 27360, 126.431
 27420, 125.918
 27480, 133.312
 27540, 133.089
 27600, 130.487
 27660, 129.308
 27720, 122.939
 27780, 123.658
 27840, 128.414
 27900, 123.771
 27960, 124.119
 28020, 118.052
 28080, 112.849
 28140, 110.712
 28200, 108.422
 28260, 110.775
 28320, 118.883
 28380, 118.202
 28440, 118.090
 28500, 120.636
 28560, 114.092
 28620, 110.973
 28680, 119.352
 28740, 120.312
 28800, 120.004
 28860, 117.521
 28920, 115.485
 28980, 114.472
 29040, 115.231
 29100, 117.121
 29160, 114.714
 29220, 113.675
 29280, 109.563
 29340, 107.816
 29400, 102.007
 29460, 97.113
 29520, 97.555
 29580, 99.816
 29640, 102.882
 29700, 108.157
 29760, 106.469
 29820, 106.091
 29880, 107.806
 29940, 112.981
 30000, 120.020
 30060, 121.566
 30120, -9999.000
 30180, 125.329
 30240, 121.278
 30300, 120.420
 30360, 122.324
 30420, 124.143
 30480, 127.488
 30540, 130.522
 30600, 129.754
 30660, 127.317
 30720, 126.497
 30780, 126.497
 30840, 124.109
 30900, 128.801
 30960, 133.693
 31020, 134.085
 31080, 132.741
 31140, 132.296
 31200, 131.985
 31260, 131.134
 31320, 132.040
 31380, 136.794
 31440, 139.476
 31500, 135.818
 31560, 138.358
 31620, 139.178
 31680, 132.927
 31740, 134.403
 31800, 135.904
 31860, 140.210
 31920, 142.097
 31980, -9999.000
 32040, 140.444
 32100, 140.444
 32160, 139.324
 32220, 137.369
 32280, 139.689
 32340, 143.340
 32400, 147.586
 32460, 146.269
 32520, 146.200
 32580, 147.144
 32640, 142.550
 32700, 148.547
 32760, 151.607
 32820, 152.345
 32880, 152.090
 32940, 147.919
 33000, 144.958
 33060, 142.332
 33120, 142.165
 33180, 142.136
 33240, 141.089
 33300, 140.019
 33360, 135.934
 33420, 135.047
 33480, 131.737
 33540, 133.370
 33600, 133.220
 33660, 130.692
 33720, 125.881
 33780, 122.828
 33840, -9999.000
 33900, 130.652
 33960, 130.007
 34020, 126.098
 34080, 122.728
 34140, 120.787
 34200, 122.315
 34260, 123.698
 34320, 123.948
 34380, 119.482
 34440, 115.836
 34500, 112.367
 34560, 112.961
 34620, 115.798
 34680, 115.496
 34740, 113.687
 34800, 112.842
 34860, 115.384
 34920, 119.484
 34980, 119.710
 35040, 117.264
 35100, 113.696
 35160, 111.316
 35220, 113.562
 35280, 112.259
 35340, 111.432
 35400, 105.816
 35460, 97.787
 35520, 97.196
 35580, 93.320
 35640, 92.996
 35700, 99.504
 35760, 97.535
 35820, 96.831
 35880, 93.502
 35940, 88.985
 36000, 83.361
 36060, 78.429
 36120, 78.783
 36180, 79.199
 36240, 76.893
 36300, 79.983
 36360, 79.823
 36420, 78.629
 36480, 77.964
 36540, 81.408
 36600, 85.418
 36660, 85.457
 36720, 84.931
 36780, 84.294
 36840, 87.201
 36900, 92.568
 36960, 94.216
 37020, 94.826
 37080, 93.842
 37140, 95.507
 37200, 92.613
 37260, 96.713
 37320, 92.747
 37380, 91.698
 37440, 91.518
 37500, -9999.000
 37560, 99.682
 37620, 97.866
 37680, 97.536
 37740, 95.058
 37800, 92.050
 37860, 90.853
 37920, 90.151
 37980, 93.634
 38040, 93.538
 38100, 92.705
 38160, 91.940
 38220, 91.520
 38280, 91.378
 38340, 92.696
 38400, 94.043
 38460, 95.464
 38520, 94.868
 38580, 93.423
 38640, 95.001
 38700, 95.090
 38760, 96.406
 38820, 94.628
 38880, 93.567
 38940, 94.131
 39000, 94.891
 39060, 97.506
 39120, 97.115
 39180, 94.273
 39240, 91.898
 39300, 91.650
 39360, 89.775
 39420, 99.130
 39480, 98.128
 39540, 96.099
 39600, 93.273
 39660, 94.957
 39720, 97.963
 39780, 97.676
 39840, 97.544
 39900, 92.284
 39960, 92.416
 40020, 94.046
 40080, 95.853
 40140, 94.427
 40200, 92.947
 40260, 92.564
 40320, 90.715
 40380, 90.754
 40440, 93.707
 40500, 91.560
 40560, 92.348
 40620, 91.246
 40680, 89.969
 40740, 94.174
 40800, 93.565
 40860, 94.033
 40920, 92.650
 40980, 91.009
 41040, 90.808
 41100, 93.352
 41160, 97.828
 41220, -9999.000
 41280, 99.262
 41340, 98.047
 41400, 100.245
 41460, 102.134
 41520, 100.240
 41580, 100.170
 41640, 97.659
 41700, 99.112
 41760, 101.164
 41820, 102.307
 41880, 100.406
 41940, 96.820
 42000, 96.667
 42060, 97.354
 42120, 96.492
 42180, 95.548
 42240, 93.897
 42300, 90.391
 42360, 90.193
 42420, 93.149
 42480, 92.861
 42540, 89.341
 42600, 98.474
 42660, 94.868
 42720, 88.674
 42780, 88.700
 42840, 86.941
 42900, 88.214
 42960, 86.937
 43020, 87.343
 43080, 101.083
 43140, 93.703
 43200, 90.569
 43260, 91.102
 43320, 89.509
 43380, 92.369
 43440, 94.304
 43500, 94.533
 43560, 92.384
 43620, 91.291
 43680, 91.996
 43740, 93.374
 43800, 97.260
 43860, 95.165
 43920, 93.321
 43980, 93.130
 44040, 95.959
 44100, 95.092
 44160, 95.285
 44220, 91.730
 44280, 87.837
 44340, 91.381
 44400, 91.740
 44460, 91.776
 44520, 88.020
 44580, 90.881
 44640, 88.696
 44700, 88.306
 44760, 92.867
 44820, 88.526
 44880, 86.777
 44940, 97.629
 45000, 94.963
 45060, 91.803
 45120, 90.743
 45180, 89.801
 45240, 88.913
 45300, 87.968
 45360, 89.302
 45420, 92.814
 45480, 90.388
 45540, 87.834
 45600, 84.211
 45660, 83.663
 45720, 85.049
 45780, 84.015
 45840, 82.941
 45900, 82.653
 45960, 80.325
 46020, 84.362
 46080, 82.617
 46140, 84.430
 46200, 80.382
 46260, 79.129
 46320, 78.595
 46380, 76.301
 46440, 77.608
 46500, 74.756
 46560, 75.230
 46620, 78.005
 46680, 77.969
 46740, 76.998
 46800, 55.360
 46860, 78.024
 46920, 202.784
 46980, 256.249
 47040, 247.469
 47100, 224.585
 47160, 211.400
 47220, 201.681
 47280, 197.052
 47340, 189.839
 47400, 183.828
 47460, 180.406
 47520, 171.487
 47580, 168.953
 47640, 169.090
 47700, 162.790
 47760, 159.375
 47820, 155.304
 47880, 151.110
 47940, 151.783
 48000, 147.096
 48060, 141.983
 48120, 134.828
 48180, 132.535
 48240, 127.998
 48300, 124.656
 48360, 122.624
 48420, 117.032
 48480, 110.002
 48540, 108.630
 48600, -9999.000
 48660, 143.986
 48720, 135.141
 48780, 126.712
 48840, 122.433
 48900, 118.193
 48960, 119.822
 49020, 126.750
 49080, 121.690
 49140, 120.039
 49200, 115.873
 49260, 110.851
 49320, 110.495
 49380, 108.717
 49440, 108.397
 49500, 105.083
 49560, 104.390
 49620, 108.989
 49680, 119.250
 49740, 110.005
 49800, 106.143
 49860, 107.041
 49920, 102.521
 49980, 106.267
 50040, 110.705
 50100, 111.550
 50160, 111.425
 50220, 102.762
 50280, 97.406
 50340, 98.986
 50400, 95.695
 50460, -9999.000
 50520, 115.106
 50580, 111.427
 50640, 111.080
 50700, 115.167
 50760, 106.015
 50820, 105.853
 50880, 101.046
 50940, 105.886
 51000, 111.550
 51060, 121.820
 51120, 124.347
 51180, 125.934
 51240, 130.234
 51300, 131.760
 51360, 129.113
 51420, 122.954
 51480, 123.652
 51540, 124.573
 51600, 137.301
 51660, 136.338
 51720, 136.752
 51780, 137.433
 51840, 134.207
 51900, 126.450
 51960, 114.105
 52020, 112.861
 52080, 117.076
 52140, 114.006
 52200, 114.274
 52260, 116.823
 52320, -9999.000
 52380, 130.371
 52440, 125.645
 52500, 126.319
 52560, 123.140
 52620, 123.072
 52680, 115.174
 52740, 107.779
 52800, 103.106
 52860, 101.784
 52920, 103.814
 52980, 104.988
 53040, 101.005
 53100, 101.813
 53160, 105.078
 53220, 106.355
 53280, 105.653
 53340, 105.474
 53400, 104.626
 53460, 109.915
 53520, 111.513
 53580, 116.081
 53640, 119.209
 53700, 119.857
 53760, 122.939
 53820, 121.864
 53880, 122.047
 53940, 118.226
 54000, 115.364
 54060, 113.887
 54120, 115.518
 54180, 128.062
 54240, 122.196
 54300, 113.110
 54360, 108.170
 54420, 104.148
 54480, 93.386
 54540, 86.711
 54600, 81.604
 54660, 81.438
 54720, 84.480
 54780, 86.981
 54840, 94.800
 54900, 90.888
 54960, 103.250
 55020, 111.342
 55080, 116.702
 55140, 121.780
 55200, 129.627
 55260, 136.693
 55320, 142.985
 55380, 141.029
 55440, 139.342
 55500, 136.998
 55560, 127.547
 55620, 129.496
 55680, -9999.000
 55740, -9999.000
 55800, -9999.000
 55860, -9999.000
 55920, -9999.000
 55980, -9999.000
 56040, -9999.000
 56100, -9999.000
 56160, -9999.000
 56220, -9999.000
 56280, -9999.000
 56340, -9999.000
 56400, -9999.000
 56460, -9999.000
 56520, -9999.000
 56580, -9999.000
 56640, -9999.000
 56700, -9999.000
 56760, -9999.000
 56820, -9999.000
 56880, -9999.000
 56940, -9999.000
 57000, -9999.000
 57060, -9999.000
 57120, -9999.000
 57180, -9999.000
 57240, -9999.000
 57300, -9999.000
 57360, -9999.000
 57420, -9999.000
 57480, -9999.000
 57540,  6.445
 57600,  2.276
 57660, -1.231
 57720, -9999.000
 57780, -9999.000
 57840, 283.069
 57900, 290.411
 57960, 291.641
 58020, 292.244
 58080, 289.581
 58140, 285.720
 58200, 287.803
 58260, 295.124
 58320, 289.690
 58380, 291.644
 58440, 290.020
 58500, 283.358
 58560, 264.399
 58620, 257.145
 58680, 252.559
 58740, 249.168
 58800, 239.923
 58860, 224.358
 58920, 221.750
 58980, 229.186
 59040, 226.385
 59100, 226.958
 59160, 228.192
 59220, 236.704
 59280, 243.337
 59340, 253.109
 59400, 247.036
 59460, 240.005
 59520, 236.422
 59580, 236.419
 59640, -9999.000
 59700, 244.496
 59760, 240.645
 59820, 242.792
 59880, 233.735
 59940, 239.857
 60000, 237.198
 60060, 254.650
 60120, 258.750
 60180, 257.229
 60240, 259.328
