CampaignData_and_Merges/R0/CSL_MobileLab_Parked/raw/20240812/USOS-NOy-LIF_MobileLabGround_20240812_R0.ict
39,1001
Rollins, A.; Waxman, E.; Zuraski, K.; Chace, W.
NOAA Chemical Sciences Laboratory
LIF NO/NOx/NOy on CSL Mobile Lab
AMMBEC / USOS
1, 1
2024,08,12, 2025,01,06
1
Time_Start, seconds, number_of_seconds_since_0000_UTC
7
1, 1, 1, 1, 1, 1, 1
-9999, -9999, -9999, -9999, -9999, -9999, -9999
Time_Stop, seconds, number_of_seconds_since_0000_UTC
NO_LIF, pptv, Gas_NO_InSitu_S_AVMR, volume mixing ratio of nitric oxide in air
NO2_LIF, pptv, Gas_NO2_InSitu_S_AVMR, volume mixing ratio of nitrogen dioxide in air
NOy_LIF, pptv, Gas_NOy_InSitu_S_AVMR, volume mixing ratio of total oxidized nitrogen in air
NO_LIF_1SigmaAccuracy, pptv, Gas_NO_InSitu_S_AVMR, volume mixing ratio of nitric oxide in air
NO2_LIF_1SigmaAccuracy, pptv, Gas_NO2_InSitu_S_AVMR, volume mixing ratio of nitrogen dioxide in air
NOy_LIF_1SigmaAccuracy, pptv, Gas_NOy_InSitu_S_AVMR, volume mixing ratio of total oxidized nitrogen in air
0
18
PI_CONTACT_INFO: andrew.rollins@noaa.gov
PLATFORM: CSL Mobile Lab
LOCATION: Salt Lake City, UT
ASSOCIATED_DATA:
INSTRUMENT_INFO: NO detection by laser induced fluorescence. NO2 detection by photolytic conversion to NO. NOy detection by catalytic conversion to NO on gold surface
DATA_INFO:
UNCERTAINTY: Included 1 Sigma Accuracy waves represent the combined calibration uncertainties (±6%, ±9%, ±10%) and zero uncertainties (3 ppt, 20 ppt, 100 ppt) for NO, NO2, and NOy, respectively.
ULOD_FLAG: -7777
ULOD_VALUE: N/A
LLOD_FLAG: -8888
LLOD_VALUE: N/A
DM_CONTACT_INFO: andrew.rollins@noaa.gov
PROJECT_INFO: USOS Project, July - August 2024
STIPULATIONS_ON_USE: Users are strongly encouraged to contact the PI for proper data usage.
OTHER_COMMENTS:
REVISION: R0
R0: final data
Time_Start, Time_Stop, NO_LIF, NO2_LIF, NOy_LIF, NO_LIF_1SigmaAccuracy, NO2_LIF_1SigmaAccuracy, NOy_LIF_1SigmaAccuracy
[from data line 527]
   31620,   31680,14.645,406.71,708.71,3.8787, 56.604, 170.87
   31680,   31740,10.975,417.71,733.65,3.6585, 57.594, 173.37
   31740,   31800,8.9323,460.55,767.05,3.5359, 61.449, 176.7
   31800,   31860,13.815,510.38,834.26,3.8289, 65.934, 183.43
   31860,   31920,16.744,613.54,980.58,4.0047, 75.218, 198.06
   31920,   31980,17.481,596.56,974.3,4.0489, 73.69, 197.43
   31980,   32040,14.031,571.22,908.08,3.8418, 71.41, 190.81
   32040,   32100,12.974,491.75,835.38,3.7784, 64.257, 183.54
   32100,   32160,26.279,529.98,907.01,4.5767, 67.698, 190.7
   32160,   32220,15.968,545.43,887.58,3.9581, 69.089, 188.76
   32220,   32280,13.532,596.63,940.28,3.8119, 73.697, 194.03
   32280,   32340,13.173,664.07,998.82,3.7904, 79.766, 199.88
   32340,   32400,11.499,700.54,1045.8,3.69, 83.048, 204.58
   32400,   32460,11.939,771.27,1150.8,3.7163, 89.414, 215.08
   32460,   32520,11.246,878.06,1270.2,3.6748, 99.025, 227.02
   32520,   32580,22.821,1013.3,1408.7,4.3693, 111.2, 240.87
   32580,   32640,19.004,1160.2,1557.3,4.1402, 124.42, 255.73
   32640,   32700,18.527,1656.7,2082.4,4.1116, 169.1, 308.24
   32700,   32760,18.053,2117.5,2554.5,4.0832, 210.58, 355.45
   32760,   32820,27.087,3092.5,3644.3,4.6252, 298.32, 464.43
   32820,   32880,19.161,3000.5,3573.1,4.1496, 290.04, 457.31
   32880,   32940,10.29,2118,2621.2,3.6174, 210.62, 362.12
   32940,   33000,14.513,1906.2,2391,3.8708, 191.56, 339.1
   33000,   33060,13.037,1696.2,2147.5,3.7822, 172.65, 314.75
   33060,   33120,11.989,1577.7,2024.7,3.7193, 161.99, 302.47
   33120,   33180,15.719,1566.4,2022,3.9431, 160.98, 302.2
   33180,   33240,16.72,1567,2038,4.0032, 161.03, 303.8
   33240,   33300,16.04,1590.3,2062.8,3.9624, 163.13, 306.28
   33300,   33360,14.981,1587.3,2055.5,3.8989, 162.86, 305.55
   33360,   33420,13.783,1644.5,2101.3,3.827, 168.01, 310.13
   33420,   33480,12.102,1614.4,2033.8,3.7261, 165.3, 303.38
   33480,   33540,13.064,1605.1,2026.1,3.7838, 164.46, 302.61
   33540,   33600,10.653,1581.5,2036.4,3.6392, 162.33, 303.64
   33600,   33660,10.596,1586.5,2021.2,3.6358, 162.79, 302.12
   33660,   33720,10.811,1528.8,1993.2,3.6487, 157.59, 299.32
   33720,   33780,9.3819,1435.6,1864.7,3.5629, 149.21, 286.47
   33780,   33840,9.4321,1383.5,1817.7,3.5659, 144.51, 281.77
   33840,   33900,10.912,1376.3,1800,3.6547, 143.87, 280
   33900,   33960,10.889,1384.6,1875.5,3.6533, 144.61, 287.55
   33960,   34020,13.367,1379.8,1847.4,3.802, 144.19, 284.74
   34020,   34080,50.095,1480.1,1946.9,6.0057, 153.21, 294.69
   34080,   34140,29.273,1473.9,2032.2,4.7564, 152.65, 303.22
   34140,   34200,17.192,1455.1,1967.1,4.0315, 150.96, 296.71
   34200,   34260,10.143,1492.5,1955.3,3.6086, 154.32, 295.53
   34260,   34320,17.255,1580.6,2045.9,4.0353, 162.25, 304.59
   34320,   34380,15.215,1589.6,2096.5,3.9129, 163.06, 309.65
   34380,   34440,9.3026,1601.9,2131.5,3.5582, 164.17, 313.15
   34440,   34500,12.035,1659.1,2161.8,3.7221, 169.32, 316.18
   34500,   34560,11.071,1709.3,2232.1,3.6642, 173.83, 323.21
   34560,   34620,9.9005,1799.4,2360.4,3.594, 181.95, 336.04
   34620,   34680,14.211,1826.6,2388.9,3.8527, 184.39, 338.89
   34680,   34740,23.27,1924.1,2534.2,4.3962, 193.17, 353.42
   34740,   34800,19.715,1929.6,2547.6,4.1829, 193.66, 354.76
   34800,   34860,22.249,1947.7,2670.6,4.335, 195.3, 367.06
   34860,   34920,24.44,1986.6,2627.1,4.4664, 198.8, 362.71
   34920,   34980,25.364,2037,2683.5,4.5218, 203.33, 368.35
   34980,   35040,37.597,2063.2,2789.2,5.2558, 205.69, 378.92
   35040,   35100,62.52,2091.7,2941.3,6.7512, 208.25, 394.13
   35100,   35160,35.169,2007.6,2850,5.1101, 200.68, 385
   35160,   35220,31.122,1943.6,2653.6,4.8673, 194.93, 365.36
   35220,   35280,32.584,1971.5,2619.1,4.9551, 197.43, 361.91
   35280,   35340,55.537,2005.7,2718.8,6.3322, 200.51, 371.88
   35340,   35400,92.912,1941.6,3109.5,8.5747, 194.75, 410.95
   35400,   35460,53.919,1941.6,3230.6,6.2351, 194.75, 423.06
   35460,   35520,25.323,1766.7,2537.9,4.5194, 179, 353.79
   35520,   35580,32.066,1708.4,2352.5,4.924, 173.75, 335.25
   35580,   35640,18.903,1715.5,2517.5,4.1342, 174.4, 351.75
   35640,   35700,43.682,1546.7,2296.9,5.6209, 159.21, 329.69
   35700,   35760,15.261,1514.9,2113.6,3.9157, 156.34, 311.36
   35760,   35820,9.1422,1594.4,2187.4,3.5485, 163.49, 318.74
   35820,   35880,10.931,1724.8,2372.7,3.6559, 175.23, 337.27
   35880,   35940,6.6686,1861.9,2572.3,3.4001, 187.57, 357.23
   35940,   36000,9.143,1653.4,2282.3,3.5486, 168.81, 328.23
   36000,   36060,10.135,1412.2,2095.2,3.6081, 147.09, 309.52
   36060,   36120,6.5437,1180.2,1619,3.3926, 126.22, 261.9
   36120,   36180,11.005,1300.9,1716.7,3.6603, 137.08, 271.67
   36180,   36240,20.292,1540.8,2065.4,4.2175, 158.67, 306.54
   36240,   36300,18.192,1503.8,2039.8,4.0915, 155.34, 303.98
   36300,   36360,14.015,1482.4,1965.5,3.8409, 153.42, 296.55
   36360,   36420,50.254,1638.2,2212.5,6.0152, 167.44, 321.25
   36420,   36480,35.354,1705.9,2278.4,5.1212, 173.53, 327.84
   36480,   36540,20.403,1566.1,2131.9,4.2242, 160.95, 313.19
   36540,   36600,16.134,1565.8,2146.6,3.968, 160.93, 314.66
   36600,   36660,19.204,1645.9,2177.2,4.1523, 168.13, 317.72
   36660,   36720,16.748,1674.9,2205.8,4.0049, 170.74, 320.58
   36720,   36780,5.8286,1413.5,1954.7,3.3497, 147.21, 295.47
   36780,   36840,10.315,1460.3,1936.1,3.6189, 151.42, 293.61
   36840,   36900,6.6911,1479.6,2016.1,3.4015, 153.16, 301.61
   36900,   36960,31.597,1547.2,2153.5,4.8958, 159.25, 315.35
   36960,   37020,35.386,1695.1,2306.9,5.1232, 172.56, 330.69
   37020,   37080,13.588,1666.3,2290,3.8153, 169.97, 329
   37080,   37140,18.191,1649.5,2287.5,4.0914, 168.46, 328.75
   37140,   37200,17.701,1627.6,2387.6,4.0621, 166.48, 338.76
   37200,   37260,-9999,-9999,-9999,-9999, -9999, -9999
   37260,   37320,-9999,-9999,-9999,-9999, -9999, -9999
   37320,   37380,-9999,-9999,-9999,-9999, -9999, -9999
   37380,   37440,-9999,-9999,-9999,-9999, -9999, -9999
   37440,   37500,-9999,-9999,-9999,-9999, -9999, -9999
   37500,   37560,-9999,-9999,-9999,-9999, -9999, -9999
   37560,   37620,-9999,-9999,-9999,-9999, -9999, -9999
   37620,   37680,29.262,1584.9,2078.7,4.7557, 162.65, 307.87
   37680,   37740,11.576,1471.2,1897.8,3.6946, 152.41, 289.78
   37740,   37800,16.568,1417.9,1931.7,3.9941, 147.61, 293.17
   37800,   37860,23.548,1490.7,2046.6,4.4129, 154.17, 304.66
   37860,   37920,15.49,1526.9,1950.8,3.9294, 157.42, 295.08
   37920,   37980,5.1907,1381.2,1908.3,3.3114, 144.31, 290.83
   37980,   38040,3.3026,1348.1,1753.5,3.1982, 141.32, 275.35
   38040,   38100,5.2879,1343.9,1762.7,3.3173, 140.95, 276.27
   38100,   38160,4.0062,1385.8,1816.3,3.2404, 144.72, 281.63
   38160,   38220,6.0938,1182.5,1626.1,3.3656, 126.43, 262.61
   38220,   38280,32.505,1251.2,1778,4.9503, 132.61, 277.8
   38280,   38340,20.034,1391.9,1924.7,4.202, 145.27, 292.47
   38340,   38400,7.2878,1372.3,1840.8,3.4373, 143.51, 284.08
   38400,   38460,5.7594,1220,1653.1,3.3456, 129.8, 265.31
   38460,   38520,5.1842,1227.3,1650.2,3.3111, 130.46, 265.02
   38520,   38580,6.717,1220.1,1638.6,3.403, 129.81, 263.86
   38580,   38640,6.9868,1217.5,1621.7,3.4192, 129.57, 262.17
   38640,   38700,19.94,1274,1690.5,4.1964, 134.66, 269.05
   38700,   38760,21.258,1297.4,1869.6,4.2755, 136.77, 286.96
   38760,   38820,29.341,1692.9,2187.3,4.7604, 172.36, 318.73
   38820,   38880,21.119,1583,2126.9,4.2671, 162.47, 312.69
   38880,   38940,20.398,1466,2094,4.2239, 151.94, 309.4
   38940,   39000,23.677,1421.7,1949.8,4.4206, 147.95, 294.98
   39000,   39060,21.41,1476.7,2121.2,4.2846, 152.9, 312.12
   39060,   39120,30.658,1553.5,2198.3,4.8395, 159.82, 319.83
   39120,   39180,7.6171,1535.8,1974.2,3.457, 158.22, 297.42
   39180,   39240,6.2706,1545.7,2024.5,3.3762, 159.12, 302.45
   39240,   39300,13.419,1576.5,2067.8,3.8052, 161.89, 306.78
   39300,   39360,34.26,1731.3,2237.1,5.0556, 175.81, 323.71
   39360,   39420,24.06,1914.8,2373,4.4436, 192.33, 337.3
   39420,   39480,10.063,1533.8,2152.1,3.6038, 158.04, 315.21
   39480,   39540,69.696,2049.2,2470,7.1818, 204.43, 347
   39540,   39600,38.422,1803.3,2445.5,5.3053, 182.3, 344.55
   39600,   39660,25.162,1545.8,2202.2,4.5097, 159.13, 320.22
   39660,   39720,25.161,1384.6,1980.4,4.5097, 144.62, 298.04
   39720,   39780,25.227,1356,1894.2,4.5136, 142.04, 289.42
   39780,   39840,23.251,1366.2,1876.7,4.395, 142.96, 287.67
   39840,   39900,39.728,1419,1901.7,5.3837, 147.71, 290.17
   39900,   39960,49.493,1301.5,1805.5,5.9696, 137.14, 280.55
   39960,   40020,77.978,1317.3,1741.5,7.6787, 138.55, 274.15
   40020,   40080,99.197,1354.4,1826.9,8.9518, 141.9, 282.69
   40080,   40140,63.765,1410.8,1968.2,6.8259, 146.97, 296.82
   40140,   40200,117.9,1510.4,2115.8,10.074, 155.94, 311.58
   40200,   40260,569.6,1639.7,3456.2,37.176, 167.57, 445.62
   40260,   40320,20.558,1153.8,1768.9,4.2335, 123.84, 276.89
   40320,   40380,27.932,1210.1,1635.9,4.6759, 128.91, 263.59
   40380,   40440,177.6,1376.4,1923.9,13.656, 143.87, 292.39
   40440,   40500,48.211,1216.9,1681.7,5.8927, 129.52, 268.17
   40500,   40560,31.854,1271.7,1776.1,4.9113, 134.45, 277.61
   40560,   40620,125.21,1325.3,1801.4,10.513, 139.28, 280.14
   40620,   40680,50.796,1290.4,1972.8,6.0477, 136.13, 297.28
   40680,   40740,34.273,1285.6,1776.6,5.0564, 135.71, 277.66
   40740,   40800,18.669,1253.8,1755.4,4.1202, 132.84, 275.54
   40800,   40860,39.237,1275.1,1766.3,5.3542, 134.75, 276.63
   40860,   40920,26.622,1277.1,1773.9,4.5973, 134.94, 277.39
   40920,   40980,35.924,1331.9,1839.1,5.1555, 139.87, 283.91
   40980,   41040,279.88,1580.4,2249.3,19.793, 162.24, 324.93
   41040,   41100,32.47,1364,2337.7,4.9482, 142.76, 333.77
   41100,   41160,20.626,1368.2,1907,4.2376, 143.14, 290.7
   41160,   41220,305.73,1815.5,2189.1,21.344, 183.4, 318.91
   41220,   41280,354.77,2124.8,3421.4,24.286, 211.23, 442.14
   41280,   41340,17.042,1361.6,1862.3,4.0225, 142.55, 286.23
   41340,   41400,25.222,1404.7,1913.6,4.5133, 146.42, 291.36
   41400,   41460,16.862,1487.8,2038.1,4.0117, 153.9, 303.81
   41460,   41520,18.576,1610.3,2098.3,4.1145, 164.92, 309.83
   41520,   41580,206.58,1770.7,2826.8,15.395, 179.36, 382.68
   41580,   41640,90.088,1806.4,2698.1,8.4053, 182.58, 369.81
   41640,   41700,109.75,1845.8,2308.7,9.585, 186.12, 330.87
   41700,   41760,101.6,1803.3,2656.4,9.0959, 182.29, 365.64
   41760,   41820,33.318,1575.3,2104,4.9991, 161.77, 310.4
   41820,   41880,128.38,1648.9,2229.6,10.703, 168.4, 322.96
   41880,   41940,313.06,1863.5,2597.1,21.784, 187.72, 359.71
   41940,   42000,62.897,1492.6,2145.2,6.7738, 154.33, 314.52
   42000,   42060,53.906,1543.7,2192.4,6.2343, 158.94, 319.24
   42060,   42120,238.1,1685.2,2466.8,17.286, 171.67, 346.68
   42120,   42180,215.87,1706.6,2402.8,15.952, 173.6, 340.28
   42180,   42240,210.08,1601.8,2521.4,15.605, 164.16, 352.14
   42240,   42300,39.322,1516.9,2062.8,5.3593, 156.52, 306.28
   42300,   42360,31.036,1528.4,2044.9,4.8622, 157.56, 304.49
   42360,   42420,22.583,1467.8,1943.2,4.355, 152.1, 294.32
   42420,   42480,39.156,1515.7,2040.4,5.3494, 156.41, 304.04
   42480,   42540,42.787,1570.2,2120.3,5.5672, 161.32, 312.03
   42540,   42600,41.58,1533,2060.9,5.4948, 157.97, 306.09
   42600,   42660,34.201,1527,2044.8,5.0521, 157.43, 304.48
   42660,   42720,66.523,1721.7,2280.4,6.9914, 174.95, 328.04
   42720,   42780,38.486,1735.7,2265.2,5.3091, 176.21, 326.52
   42780,   42840,152.13,1863.2,2602.2,12.128, 187.69, 360.22
   42840,   42900,631.46,2865.8,3769.3,40.888, 277.92, 476.93
   42900,   42960,182.05,2478.9,3378,13.923, 243.1, 437.8
   42960,   43020,68.488,1969,2527.4,7.1093, 197.21, 352.74
   43020,   43080,31.354,1749.1,2290.1,4.8812, 177.42, 329.01
   43080,   43140,41.325,1760.8,2295.4,5.4795, 178.47, 329.54
   43140,   43200,47.417,1771.6,2335.3,5.845, 179.44, 333.53
   43200,   43260,31.342,1550.1,2081.7,4.8805, 159.51, 308.17
   43260,   43320,32.42,1602.1,2144.3,4.9452, 164.19, 314.43
   43320,   43380,39.823,1724.6,2223.7,5.3894, 175.21, 322.37
   43380,   43440,23.481,1773.4,2263.7,4.4089, 179.61, 326.37
   43440,   43500,28.769,1875.3,2379.2,4.7262, 188.78, 337.92
   43500,   43560,39.313,1889.4,2424.7,5.3588, 190.05, 342.47
   43560,   43620,73.95,2210.9,2651.8,7.437, 218.98, 365.18
   43620,   43680,49.401,2344.6,2999.3,5.964, 231.01, 399.93
   43680,   43740,37.658,2372,2865.4,5.2595, 233.48, 386.54
   43740,   43800,219.33,2685.3,3360.6,16.16, 261.68, 436.06
   43800,   43860,291.07,3403.9,3868.6,20.464, 326.35, 486.86
   43860,   43920,685.02,4955.2,5508.9,44.101, 465.97, 650.89
   43920,   43980,449.57,4834.5,6669.8,29.974, 455.1, 766.98
   43980,   44040,71.474,2806.3,4265.1,7.2884, 272.57, 526.51
   44040,   44100,114.19,3365.6,3904.3,9.8511, 322.91, 490.43
   44100,   44160,33.768,2772.3,3274.9,5.0261, 269.5, 427.49
   44160,   44220,89.286,3713.8,4387.8,8.3571, 354.24, 538.78
   44220,   44280,102,4239.4,5094.3,9.1203, 401.55, 609.43
   44280,   44340,284.49,3484.1,4473.6,20.069, 333.57, 547.36
   44340,   44400,73.771,3348,3894.8,7.4263, 321.32, 489.48
   44400,   44460,116.4,3686.5,4440.3,9.984, 351.78, 544.03
   44460,   44520,78.363,3917.1,4565.8,7.7018, 372.54, 556.58
   44520,   44580,64.124,3648.3,4414.4,6.8474, 348.35, 541.44
   44580,   44640,136.7,3536.3,4046.5,11.202, 338.27, 504.65
   44640,   44700,510.39,4989.5,5995.8,33.623, 469.05, 699.58
   44700,   44760,175.74,3769,4980.4,13.544, 359.21, 598.04
   44760,   44820,608.04,3988.4,4802.9,39.482, 378.96, 580.29
   44820,   44880,3459.7,7978,9494.4,210.58, 738.02, 1049.4
   44880,   44940,115.23,3884.6,4529.6,9.9135, 369.62, 552.96
   44940,   45000,412.42,5084.9,5883.8,27.745, 477.64, 688.38
   45000,   45060,2014.2,5706.2,6135.2,123.85, 533.56, 713.52
   45060,   45120,1961.8,6612.2,14110,120.71, 615.1, 1511
   45120,   45180,-9999,-9999,-9999,-9999, -9999, -9999
   45180,   45240,-9999,-9999,-9999,-9999, -9999, -9999
   45240,   45300,-9999,-9999,-9999,-9999, -9999, -9999
   45300,   45360,-9999,-9999,-9999,-9999, -9999, -9999
   45360,   45420,-9999,-9999,-9999,-9999, -9999, -9999
   45420,   45480,-9999,-9999,-9999,-9999, -9999, -9999
   45480,   45540,-9999,-9999,-9999,-9999, -9999, -9999
   45540,   45600,-9999,-9999,-9999,-9999, -9999, -9999
   45600,   45660,126.16,4620.6,5420,10.57, 435.85, 642
   45660,   45720,76.206,3994.6,4766.3,7.5724, 379.52, 576.63
   45720,   45780,88.657,3997.6,4685.9,8.3194, 379.78, 568.59
   45780,   45840,141.53,4628.1,5242.8,11.492, 436.53, 624.28
   45840,   45900,139.87,4616.6,5275.7,11.392, 435.49, 627.57
   45900,   45960,326.96,5230.9,5896.5,22.618, 490.78, 689.65
   45960,   46020,272.92,5760.9,6598.9,19.375, 538.48, 759.89
   46020,   46080,94.517,3378.2,4214.3,8.671, 324.04, 521.43
   46080,   46140,247.86,5466,5344.4,17.871, 511.94, 634.44
   46140,   46200,260.11,4540.3,5340.4,18.607, 428.63, 634.04
   46200,   46260,302.16,5361.2,6134.3,21.13, 502.51, 713.43
   46260,   46320,261.22,4030.3,5192.9,18.673, 382.73, 619.29
   46320,   46380,103.45,2517.3,3755.2,9.2073, 246.56, 475.52
   46380,   46440,98.222,2472.3,3063.5,8.8933, 242.51, 406.35
   46440,   46500,440.7,2161.1,2695.6,29.442, 214.5, 369.56
   46500,   46560,668.91,3103.4,4398.7,43.135, 299.31, 539.87
   46560,   46620,592.34,3288.9,3678.6,38.54, 316, 467.86
   46620,   46680,2554.2,6255.6,7695.4,156.25, 583, 869.54
   46680,   46740,1813.1,5123,9520.9,111.79, 481.07, 1052.1
   46740,   46800,555.26,2873.4,4404.6,36.316, 278.6, 540.46
   46800,   46860,1273.1,4734.1,5394.3,79.386, 446.07, 639.43
   46860,   46920,233.83,2187.4,4385.6,17.03, 216.86, 538.56
   46920,   46980,228.14,2240.8,3005.4,16.688, 221.67, 400.54
   46980,   47040,330.99,2078.9,3005.3,22.86, 207.1, 400.53
   47040,   47100,2575.6,3384.5,4780.6,157.54, 324.61, 578.06
   47100,   47160,1785.6,3949.9,8066.8,110.14, 375.49, 906.68
   47160,   47220,217.71,2160.6,3798.9,16.063, 214.45, 479.89
   47220,   47280,712.67,2415.5,3756.8,45.76, 237.39, 475.68
