CampaignData_and_Merges/R0/CSL_MobileLab_Parked/raw/20240812/USOS-NOAAIodideCIMS-HNO2_MobileLabGround_20240812_RA.ict
33, 1001
Michael A Robinson, Chris Jernigan, Subi Thakali
NOAA ESRL Chemical Sciences Laboratory and CIRES, U. of Colorado
NOAA Iodide CIMS Instrument
USOS
1, 1
2024, 08, 12, 2024, 08, 13
1
starttime_UTC, seconds_past_midnight, seconds_of_day_since_00:00:00_UTC
1
1
-9999
HNO2_NOAACIMS, pptv, Gas_HNO2_InSitu_S_AVMR, 
0
18
PI_CONTACT_INFO: 325 Broadway, R/CSD 7, Boulder, Colorado 80305; michael.a.robinson@noaa.gov; chris.jernigan@noaa.gov;
PLATFORM: NOAA CSL Mobile Lab
LOCATION: SLC, Utah
ASSOCIATED_DATA: 1Hz data also available on request.
INSTRUMENT_INFO: NOAA I- ToF CIMS
DATA_INFO: All data in parts per trillion by volume (pptv). 1 Hz data is available upon request.
UNCERTAINTY: TBD
ULOD_FLAG: -7777
ULOD_VALUE: N/A
LLOD_FLAG: -8888
LLOD_VALUE: N/A
DM_CONTACT_INFO: Nathan Howard; nathan.h.howard@noaa.gov
PROJECT_INFO: USOS, summer 2024. https://csl.noaa.gov/groups/csl7/measurements/2024usos/
STIPULATIONS_ON_USE: Users are strongly encouraged to contact the PI for proper data usage.
OTHER_COMMENTS: 
REVISION: RA
RA: Preliminary Data; For in-field use only
starttime_UTC, HNO2_NOAACIMS
[from data line 1050]
 63000, 66.729
 63060, 67.142
 63120, 70.769
 63180, 52.575
 63240, 57.172
 63300, 60.735
 63360, -9999.000
 63420, 60.255
 63480, 60.969
 63540, 57.762
 63600, 56.898
 63660, 59.276
 63720, 54.242
 63780, 51.078
 63840, 47.693
 63900, 40.782
 63960, 33.962
 64020, 32.468
 64080, 36.955
 64140, 50.833
 64200, 50.048
 64260, 45.099
 64320, 35.851
 64380, 47.917
 64440, 38.095
 64500, 46.589
 64560, 47.710
 64620, 52.310
 64680, 40.626
 64740, 47.867
 64800, 46.235
 64860, 58.923
 64920, 56.083
 64980, 50.112
 65040, 43.585
 65100, 53.973
 65160, 54.655
 65220, 55.488
 65280, 55.123
 65340, 65.048
 65400, 49.798
 65460, 45.839
 65520, 37.769
 65580, 37.730
 65640, 32.506
 65700, 37.569
 65760, 40.905
 65820, 36.427
 65880, 43.264
 65940, 43.954
 66000, 41.199
 66060, 40.481
 66120, 40.350
 66180, 47.551
 66240, 49.815
 66300, 56.339
 66360, 57.728
 66420, 62.097
 66480, 57.436
 66540, 53.264
 66600, 52.568
 66660, 71.459
 66720, 73.234
 66780, 67.381
 66840, 62.742
 66900, 72.979
 66960, 69.687
 67020, -9999.000
 67080, 60.671
 67140, 62.669
 67200, 84.198
 67260, 73.803
 67320, 73.198
 67380, 67.301
 67440, 63.614
 67500, 71.231
 67560, 54.599
 67620, 64.497
 67680, 94.145
 67740, 58.735
 67800, 54.889
 67860, 52.062
 67920, 55.460
 67980, 68.044
 68040, 68.556
 68100, 64.509
 68160, 52.322
 68220, 57.975
 68280, 72.901
 68340, 74.522
 68400, 68.715
 68460, 63.857
 68520, 57.139
 68580, 60.588
 68640, 55.611
 68700, 46.034
 68760, 41.141
 68820, 46.210
 68880, -9999.000
 68940, 34.728
 69000, 33.145
 69060, 30.545
 69120, 36.844
 69180, 40.309
 69240, 37.827
 69300, 32.260
 69360, 26.443
 69420, 24.531
 69480, 27.565
 69540, 23.562
 69600, 19.292
 69660, 26.563
 69720, 28.724
 69780, 21.729
 69840, 33.722
 69900, 48.540
 69960, 57.718
 70020, 62.752
 70080, 88.246
 70140, 108.557
 70200, 63.493
 70260, 58.630
 70320, 45.065
 70380, 49.910
 70440, 49.434
 70500, 53.011
 70560, 56.326
 70620, 46.813
 70680, 46.393
 70740, -9999.000
 70800, 36.139
 70860, 39.878
 70920, 42.833
 70980, 41.045
 71040, 43.812
 71100, 39.759
 71160, 35.906
 71220, 33.050
 71280, 47.129
 71340, 50.220
 71400, 52.902
 71460, 64.664
 71520, 65.750
 71580, 65.504
 71640, 65.934
 71700, 51.175
 71760, 63.868
 71820, 61.876
 71880, 50.475
 71940, 41.251
 72000, 37.791
 72060, 36.483
 72120, 41.403
 72180, 42.064
 72240, 45.134
 72300, 36.774
 72360, 41.295
 72420, 36.690
 72480, 38.617
 72540, 36.827
 72600, 42.959
 72660, 34.570
 72720, 34.887
 72780, 41.223
 72840, 41.406
 72900, 42.743
 72960, 50.922
 73020, 44.803
 73080, 48.438
 73140, 54.779
 73200, 48.695
 73260, 45.793
 73320, 56.864
 73380, 56.947
 73440, 47.496
 73500, 51.146
 73560, 58.899
 73620, 51.155
 73680, 49.770
 73740, 48.220
 73800, 44.992
 73860, 42.639
 73920, 49.663
 73980, 45.249
 74040, 49.539
 74100, 41.839
 74160, 48.509
 74220, 45.145
 74280, 47.144
 74340, 47.740
 74400, 39.753
 74460, 37.985
 74520, 32.396
 74580, 29.597
 74640, 36.072
 74700, 39.643
 74760, 39.555
 74820, 45.860
 74880, 48.800
 74940, 54.114
 75000, 52.465
 75060, 40.812
 75120, 37.509
 75180, 36.585
 75240, 39.707
 75300, 43.397
 75360, 37.993
 75420, 36.516
 75480, 43.776
 75540, 42.308
 75600, 40.326
 75660, 35.832
 75720, 49.140
 75780, 43.984
 75840, 46.370
 75900, 46.822
 75960, 45.530
 76020, 54.322
 76080, 50.121
 76140, 50.047
 76200, 51.493
 76260, 52.043
 76320, 60.466
 76380, 84.648
 76440, 81.816
 76500, 94.380
 76560, 103.323
 76620, 94.683
 76680, 90.839
 76740, 101.459
 76800, 91.804
 76860, 88.801
 76920, 85.967
 76980, 89.265
 77040, 67.571
 77100, 62.609
 77160, 50.673
 77220, 39.963
 77280, 40.757
 77340, 37.374
 77400, 46.904
 77460, 42.429
 77520, 42.529
 77580, 41.347
 77640, 44.263
 77700, 61.267
 77760, 62.314
 77820, 54.669
 77880, 76.378
 77940, 74.149
 78000, 79.372
 78060, 101.726
 78120, -9999.000
 78180, 130.100
 78240, 113.862
 78300, 160.368
 78360, 193.047
 78420, 208.944
 78480, 217.786
 78540, 237.162
 78600, 235.856
 78660, 229.503
 78720, 220.007
 78780, 193.140
 78840, 198.995
 78900, 194.081
 78960, 219.625
 79020, 191.779
 79080, 192.911
 79140, 179.859
 79200, 185.876
 79260, 231.180
 79320, 185.292
 79380, 189.358
 79440, 195.426
 79500, 182.007
 79560, 193.181
 79620, 178.210
 79680, 176.037
 79740, 193.497
 79800, 152.784
 79860, 154.686
 79920, 154.893
 79980, -9999.000
 80040, 168.643
 80100, 157.741
 80160, 181.192
 80220, 190.640
 80280, 159.378
 80340, 164.503
 80400, 171.602
 80460, 154.549
 80520, 183.676
 80580, 139.697
 80640, 155.382
 80700, 168.861
 80760, 177.436
 80820, 179.429
 80880, 202.485
 80940, 219.170
 81000, 224.533
 81060, 230.646
 81120, 209.566
 81180, 247.744
 81240, 236.692
 81300, 223.449
 81360, 205.269
 81420, 209.727
 81480, 178.448
 81540, 181.882
 81600, 156.733
 81660, 140.969
 81720, 154.125
 81780, 183.694
 81840, -9999.000
 81900, 129.811
 81960, 123.266
 82020, 116.952
 82080, 112.654
 82140, 105.116
 82200, 104.764
 82260, 117.557
 82320, 109.029
 82380, 104.095
 82440, 103.520
 82500, 112.496
 82560, 113.020
 82620, 106.162
 82680, 105.821
 82740, 96.367
 82800, 87.194
 82860, 80.143
 82920, 82.981
 82980, 103.594
 83040, 82.765
 83100, 81.593
 83160, 84.228
 83220, 83.350
 83280, 78.242
 83340, 65.644
 83400, 92.705
 83460, 85.690
 83520, 70.110
 83580, 70.397
 83640, 72.714
 83700, 73.679
 83760, 64.672
 83820, 72.606
 83880, 59.484
 83940, 60.513
 84000, 57.386
 84060, 61.900
 84120, 58.616
 84180, 50.224
 84240, 54.158
 84300, 77.628
 84360, 85.514
 84420, 73.834
 84480, 75.073
 84540, 72.334
 84600, 60.008
 84660, 71.768
 84720, 74.753
 84780, 67.909
 84840, 62.311
 84900, 62.440
 84960, 65.566
 85020, 61.101
 85080, 75.438
 85140, 81.388
 85200, 68.654
 85260, 63.373
 85320, 58.852
 85380, 58.643
 85440, 63.245
 85500, -9999.000
 85560, 69.678
 85620, 64.257
 85680, 62.242
 85740, 65.090
 85800, 67.227
 85860, 65.398
 85920, 66.179
 85980, 64.624
 86040, 63.264
 86100, 60.200
 86160, 61.205
 86220, 58.384
 86280, 67.240
 86340, 77.584
