CampaignData_and_Merges/R0/CSL_MobileLab_Parked/raw/20240812/USOS-jNO2_MobileLabGround_20240812_R0.ict
52,1001
Waxman, E.; Rollins, A.; Zuraski, K.; Chace, W.
NOAA Chemical Sciences Laboratory
jNO2 filter radiometer on CSL Mobile Lab
AMMBEC / USOS
1, 1
2024,08,12, 2025,04,01
60
Time_Start, seconds, number_of_seconds_since_0000_UTC
20
1, 1, 1, 1, 1, 1, 1, 1, 1, 1, 1, 1, 1, 1, 1, 1, 1, 1, 1, 1
-9999, -9999, -9999, -9999, -9999, -9999, -9999, -9999, -9999, -9999, -9999, -9999, -9999, -9999, -9999, -9999, -9999, -9999, -9999, -9999
Time_Stop, seconds, number_of_seconds_since_0000_UTC
jNO2_meas, per second, photolysis rate of NO2 measured using a filter radiometer.
jBrCl, per second, photolysis rate of BrCl -> Br + Cl calculated in TUV for cloud-free sky with local AOD
jBr2, per second, photolysis rate of Br2 -> Br + Br calculated in TUV for cloud-free sky with local AOD
jCCl4, per second, photolysis rate of CCl4 -> Products calcualted in TUV for cloud-free sky with local AOD
jCH2Oa, per second, photolysis rate of CH2O -> H + HCO calculated in TUV for cloud-free sky with local AOD
jCH2Ob, per second, photolysis rate of CH2O -> H2 + CO calculated in TUV for cloud-free sky with local AOD
jClNO2, per second, photolysis rate of ClNO2 -> Cl + NO2 calculated in TUV for cloud-free sky with local AOD
jClOa, per second, photolysis rate of ClO -> Cl + O(1D) calculated in TUV for cloud-free sky with local AOD
jClOb, per second, photolysis rate of ClO -> Cl + O(3P) calculated in TUV for cloud-free sky with local AOD
jCl2, per second, photolysis rate of Cl2 -> Cl + Cl calculated in TUV for cloud-free sky with local AOD
jHNO2, per second, photolysis rate of HNO2 -> OH + NO calculated in TUV for cloud-free sky with local AOD
jHNO3, per second, photolysis rate of HNO3 -> OH + NO2 calculated in TUV for cloud-free sky with local AOD
jI2, per second, photolysis rate of I2 -> I + I calculated in TUV for cloud-free sky with local AOD
jNO2, per second, photolysis rate of NO2 -> NO + O(3P) calculated in TUV for cloud-free sky with local AOD
jNO3a, per second, photolysis rate of NO3 -> NO + O2 calculated in TUV for cloud-free sky with local AOD
jNO3b, per second, photolysis rate of NO3 -> NO2 + O(3P) calculated in TUV for cloud-free sky with local AOD
jN2O5, per second, photolysis rate of N2O5 -> NO3 + NO + O(3P) calculated in TUV for cloud-free sky with local AOD
jO3, per second, photolysis rate of O3 -> O2 + O(1D) calculated in TUV for cloud-free sky with local AOD
AOD_500nm, unitless, UTC daily mean AOD at 500 nm from an AERONET station located at 40.178 N, -112.452 E
0
18
PI_CONTACT_INFO: eleanor.waxman@noaa.gov
PLATFORM: CSL Mobile Lab, at ground site
LOCATION: Salt Lake City, UT
ASSOCIATED_DATA:
INSTRUMENT_INFO: jNO2 filter radiometer.  TUV calculations are for mobile van lat/lon/altitude assuming clear sky (cloud AOD = 0) and daily mean AOD.
DATA_INFO:
UNCERTAINTY: Data uncertainties are +/- 20%.  These come from uncertainties in radiometer angular response, radiometer thermal response, local interferences from clouds/aerosols/shadows etc.
ULOD_FLAG: -7777
ULOD_VALUE: N/A
LLOD_FLAG: -8888
LLOD_VALUE: N/A
DM_CONTACT_INFO: eleanor.waxman@noaa.gov
PROJECT_INFO: USOS Project, July - August 2024
STIPULATIONS_ON_USE: Users are strongly encouraged to contact the PI for proper data usage.
OTHER_COMMENTS: 
REVISION: R0
R0: final data
Time_Start, Time_Stop, jNO2_meas, jBrCl, jBr2, jCCl4, jCH2Oa, jCH2Ob, jClNO2, jClOa, jClOb, jCl2, jHNO2, jHNO3, jI2, jNO2, jNO3a, jNO3b, jN2O5, jO3, AOD_500nm
[from data line 982]
   58920,   58980,0.0075464,0.009155,0.02839,9.306e-25,2.247e-05,3.64e-05,0.0003601,3.353e-25,2.51e-05,0.001839,0.001224,3.616e-07,0.103,0.007612,0.0201,0.1601,3.124e-05,1.607e-05,0.152
   58980,   59040,0.0075597,0.009172,0.02843,9.582e-25,2.257e-05,3.653e-05,0.0003613,3.458e-25,2.53e-05,0.001844,0.001227,3.637e-07,0.1032,0.00763,0.02011,0.1602,3.135e-05,1.62e-05,0.152
   59040,   59100,0.0075236,0.009189,0.02847,9.885e-25,2.267e-05,3.666e-05,0.0003625,3.574e-25,2.551e-05,0.001849,0.00123,3.66e-07,0.1033,0.007648,0.02013,0.1604,3.147e-05,1.634e-05,0.152
   59100,   59160,0.0073369,0.009206,0.02851,1.02e-24,2.278e-05,3.679e-05,0.0003638,3.696e-25,2.572e-05,0.001854,0.001233,3.682e-07,0.1034,0.007666,0.02015,0.1606,3.16e-05,1.648e-05,0.152
   59160,   59220,0.0063365,0.009222,0.02855,1.051e-24,2.288e-05,3.691e-05,0.000365,3.815e-25,2.592e-05,0.001859,0.001236,3.703e-07,0.1035,0.007683,0.02017,0.1607,3.171e-05,1.662e-05,0.152
   59220,   59280,0.0060326,0.009238,0.02859,1.085e-24,2.298e-05,3.704e-05,0.0003662,3.947e-25,2.613e-05,0.001865,0.001239,3.725e-07,0.1036,0.007701,0.02019,0.1609,3.183e-05,1.676e-05,0.152
   59280,   59340,0.0069113,0.009255,0.02863,1.121e-24,2.309e-05,3.716e-05,0.0003674,4.085e-25,2.634e-05,0.00187,0.001243,3.748e-07,0.1037,0.007718,0.0202,0.1611,3.195e-05,1.69e-05,0.152
   59340,   59400,0.0064055,0.00927,0.02867,1.156e-24,2.319e-05,3.728e-05,0.0003686,4.22e-25,2.654e-05,0.001875,0.001245,3.768e-07,0.1038,0.007735,0.02022,0.1612,3.206e-05,1.703e-05,0.152
   59400,   59460,0.0068705,0.009286,0.02871,1.194e-24,2.329e-05,3.741e-05,0.0003698,4.371e-25,2.675e-05,0.00188,0.001248,3.791e-07,0.1039,0.007752,0.02024,0.1614,3.218e-05,1.717e-05,0.152
   59460,   59520,0.0069117,0.009302,0.02875,1.234e-24,2.339e-05,3.753e-05,0.000371,4.528e-25,2.696e-05,0.001885,0.001251,3.813e-07,0.104,0.007769,0.02025,0.1615,3.23e-05,1.731e-05,0.152
   59520,   59580,0.0072626,0.009317,0.02878,1.274e-24,2.349e-05,3.765e-05,0.0003721,4.683e-25,2.716e-05,0.001889,0.001254,3.833e-07,0.1041,0.007785,0.02027,0.1617,3.241e-05,1.744e-05,0.152
   59580,   59640,0.007573,0.009333,0.02882,1.317e-24,2.359e-05,3.777e-05,0.0003733,4.854e-25,2.737e-05,0.001894,0.001257,3.855e-07,0.1042,0.007802,0.02029,0.1618,3.253e-05,1.758e-05,0.152
   59640,   59700,0.0076267,0.009348,0.02886,1.362e-24,2.369e-05,3.789e-05,0.0003745,5.034e-25,2.757e-05,0.001899,0.00126,3.877e-07,0.1043,0.007819,0.0203,0.162,3.264e-05,1.772e-05,0.152
   59700,   59760,0.0075905,0.009363,0.02889,1.407e-24,2.379e-05,3.801e-05,0.0003756,5.211e-25,2.777e-05,0.001904,0.001263,3.897e-07,0.1044,0.007835,0.02032,0.1621,3.275e-05,1.786e-05,0.152
   59760,   59820,0.0074528,0.009378,0.02893,1.456e-24,2.389e-05,3.813e-05,0.0003768,5.407e-25,2.798e-05,0.001909,0.001266,3.919e-07,0.1045,0.007851,0.02033,0.1623,3.286e-05,1.8e-05,0.152
   59820,   59880,0.0076118,0.009393,0.02896,1.508e-24,2.399e-05,3.825e-05,0.0003779,5.614e-25,2.819e-05,0.001914,0.001269,3.94e-07,0.1046,0.007867,0.02035,0.1624,3.298e-05,1.814e-05,0.152
   59880,   59940,0.0076583,0.009407,0.029,1.558e-24,2.408e-05,3.836e-05,0.000379,5.817e-25,2.838e-05,0.001918,0.001271,3.96e-07,0.1047,0.007883,0.02037,0.1625,3.308e-05,1.827e-05,0.152
   59940,   60000,0.0077122,0.009422,0.02903,1.614e-24,2.418e-05,3.847e-05,0.0003801,6.042e-25,2.859e-05,0.001923,0.001274,3.982e-07,0.1048,0.007899,0.02038,0.1627,3.32e-05,1.841e-05,0.152
   60000,   60060,0.0077049,0.009437,0.02907,1.673e-24,2.428e-05,3.859e-05,0.0003813,6.28e-25,2.88e-05,0.001928,0.001277,4.003e-07,0.1049,0.007914,0.0204,0.1628,3.331e-05,1.855e-05,0.152
   60060,   60120,0.0077766,0.00945,0.0291,1.73e-24,2.437e-05,3.87e-05,0.0003823,6.514e-25,2.899e-05,0.001932,0.00128,4.023e-07,0.105,0.007929,0.02041,0.1629,3.341e-05,1.868e-05,0.152
   60120,   60180,0.0078002,0.009465,0.02913,1.794e-24,2.446e-05,3.882e-05,0.0003834,6.774e-25,2.92e-05,0.001937,0.001282,4.044e-07,0.1051,0.007945,0.02042,0.1631,3.352e-05,1.882e-05,0.152
   60180,   60240,0.0078409,0.009479,0.02917,1.861e-24,2.456e-05,3.893e-05,0.0003845,7.048e-25,2.941e-05,0.001941,0.001285,4.065e-07,0.1052,0.00796,0.02044,0.1632,3.363e-05,1.895e-05,0.152
   60240,   60300,0.0078609,0.009492,0.0292,1.927e-24,2.465e-05,3.904e-05,0.0003856,7.319e-25,2.96e-05,0.001946,0.001288,4.085e-07,0.1053,0.007975,0.02045,0.1633,3.373e-05,1.908e-05,0.152
   60300,   60360,0.0079336,0.009506,0.02923,2e-24,2.474e-05,3.915e-05,0.0003867,7.619e-25,2.98e-05,0.00195,0.00129,4.106e-07,0.1054,0.00799,0.02047,0.1635,3.384e-05,1.922e-05,0.152
   60360,   60420,0.0076178,0.00952,0.02927,2.076e-24,2.484e-05,3.926e-05,0.0003877,7.936e-25,3.001e-05,0.001955,0.001293,4.126e-07,0.1055,0.008005,0.02048,0.1636,3.395e-05,1.936e-05,0.152
   60420,   60480,0.0078989,0.009533,0.0293,2.152e-24,2.493e-05,3.936e-05,0.0003887,8.25e-25,3.02e-05,0.001959,0.001295,4.146e-07,0.1056,0.008019,0.02049,0.1637,3.405e-05,1.949e-05,0.152
   60480,   60540,0.0077751,0.009546,0.02933,2.236e-24,2.502e-05,3.947e-05,0.0003898,8.599e-25,3.04e-05,0.001963,0.001298,4.167e-07,0.1056,0.008033,0.02051,0.1638,3.415e-05,1.963e-05,0.152
   60540,   60600,0.0078233,0.00956,0.02936,2.324e-24,2.511e-05,3.958e-05,0.0003909,8.968e-25,3.061e-05,0.001967,0.001301,4.187e-07,0.1057,0.008048,0.02052,0.164,3.426e-05,1.976e-05,0.152
   60600,   60660,0.0079373,0.009572,0.02939,2.41e-24,2.52e-05,3.969e-05,0.0003919,9.331e-25,3.08e-05,0.001972,0.001303,4.206e-07,0.1058,0.008062,0.02053,0.1641,3.435e-05,1.989e-05,0.152
   60660,   60720,0.0076668,0.009585,0.02942,2.507e-24,2.529e-05,3.979e-05,0.0003929,9.738e-25,3.1e-05,0.001976,0.001306,4.227e-07,0.1059,0.008076,0.02055,0.1642,3.446e-05,2.003e-05,0.152
   60720,   60780,0.0081673,0.009598,0.02945,2.608e-24,2.538e-05,3.99e-05,0.0003939,1.017e-24,3.12e-05,0.00198,0.001308,4.247e-07,0.106,0.00809,0.02056,0.1643,3.456e-05,2.016e-05,0.152
   60780,   60840,0.0082482,0.00961,0.02948,2.707e-24,2.547e-05,4e-05,0.0003949,1.059e-24,3.139e-05,0.001984,0.00131,4.266e-07,0.1061,0.008103,0.02057,0.1644,3.466e-05,2.029e-05,0.152
   60840,   60900,0.0066075,0.009623,0.02951,2.819e-24,2.556e-05,4.01e-05,0.0003959,1.107e-24,3.159e-05,0.001988,0.001313,4.286e-07,0.1061,0.008117,0.02059,0.1646,3.476e-05,2.042e-05,0.152
   60900,   60960,0.006405,0.009635,0.02954,2.936e-24,2.564e-05,4.021e-05,0.0003969,1.157e-24,3.179e-05,0.001992,0.001315,4.306e-07,0.1062,0.008131,0.0206,0.1647,3.486e-05,2.056e-05,0.152
   60960,   61020,0.0071602,0.009647,0.02957,3.052e-24,2.573e-05,4.031e-05,0.0003979,1.206e-24,3.198e-05,0.001996,0.001318,4.324e-07,0.1063,0.008144,0.02061,0.1648,3.495e-05,2.068e-05,0.152
   61020,   61080,0.007654,0.009659,0.02959,3.181e-24,2.582e-05,4.041e-05,0.0003989,1.262e-24,3.218e-05,0.002,0.00132,4.344e-07,0.1064,0.008157,0.02062,0.1649,3.505e-05,2.082e-05,0.152
   61080,   61140,0.0067115,0.009672,0.02962,3.317e-24,2.59e-05,4.051e-05,0.0003998,1.321e-24,3.237e-05,0.002004,0.001322,4.364e-07,0.1064,0.008171,0.02063,0.165,3.515e-05,2.095e-05,0.152
   61140,   61200,0.0066715,0.009683,0.02965,3.451e-24,2.598e-05,4.06e-05,0.0004008,1.379e-24,3.256e-05,0.002008,0.001325,4.382e-07,0.1065,0.008183,0.02065,0.1651,3.524e-05,2.108e-05,0.152
   61200,   61260,0.0074768,0.009691,0.02967,3.562e-24,2.604e-05,4.067e-05,0.0004014,1.428e-24,3.271e-05,0.002011,0.001326,4.396e-07,0.1066,0.008192,0.02065,0.1652,3.531e-05,2.118e-05,0.152
   61260,   61320,0.007081,0.009702,0.02969,3.716e-24,2.613e-05,4.077e-05,0.0004024,1.496e-24,3.29e-05,0.002015,0.001328,4.415e-07,0.1066,0.008205,0.02066,0.1653,3.54e-05,2.131e-05,0.152
   61320,   61380,0.0074879,0.009713,0.02972,3.87e-24,2.621e-05,4.086e-05,0.0004033,1.563e-24,3.308e-05,0.002018,0.001331,4.434e-07,0.1067,0.008217,0.02068,0.1654,3.549e-05,2.143e-05,0.152
   61380,   61440,0.0080267,0.009725,0.02975,4.042e-24,2.629e-05,4.096e-05,0.0004042,1.638e-24,3.328e-05,0.002022,0.001333,4.453e-07,0.1068,0.00823,0.02069,0.1655,3.559e-05,2.156e-05,0.152
   61440,   61500,0.0081395,0.009736,0.02977,4.223e-24,2.638e-05,4.106e-05,0.0004051,1.718e-24,3.347e-05,0.002026,0.001335,4.472e-07,0.1069,0.008242,0.0207,0.1656,3.568e-05,2.169e-05,0.152
   61500,   61560,0.0080763,0.009747,0.0298,4.402e-24,2.645e-05,4.115e-05,0.000406,1.797e-24,3.365e-05,0.00203,0.001337,4.489e-07,0.1069,0.008254,0.02071,0.1657,3.577e-05,2.182e-05,0.152
   61560,   61620,0.008003,0.009758,0.02982,4.603e-24,2.654e-05,4.124e-05,0.0004069,1.886e-24,3.384e-05,0.002033,0.001339,4.508e-07,0.107,0.008266,0.02072,0.1658,3.586e-05,2.195e-05,0.152
   61620,   61680,0.0080225,0.009769,0.02985,4.813e-24,2.662e-05,4.133e-05,0.0004079,1.98e-24,3.403e-05,0.002037,0.001341,4.527e-07,0.1071,0.008278,0.02073,0.1659,3.595e-05,2.207e-05,0.152
   61680,   61740,0.0080202,0.009779,0.02987,5.022e-24,2.669e-05,4.142e-05,0.0004087,2.073e-24,3.421e-05,0.00204,0.001344,4.544e-07,0.1071,0.00829,0.02074,0.166,3.604e-05,2.22e-05,0.152
   61740,   61800,0.0079845,0.00979,0.0299,5.257e-24,2.677e-05,4.151e-05,0.0004096,2.178e-24,3.44e-05,0.002044,0.001346,4.563e-07,0.1072,0.008302,0.02075,0.1661,3.613e-05,2.232e-05,0.152
   61800,   61860,0.0079829,0.009801,0.02992,5.504e-24,2.685e-05,4.161e-05,0.0004105,2.289e-24,3.459e-05,0.002048,0.001348,4.581e-07,0.1073,0.008314,0.02076,0.1662,3.622e-05,2.245e-05,0.152
   61860,   61920,0.0079973,0.009811,0.02995,5.748e-24,2.693e-05,4.169e-05,0.0004113,2.398e-24,3.476e-05,0.002051,0.00135,4.598e-07,0.1073,0.008325,0.02077,0.1662,3.63e-05,2.257e-05,0.152
   61920,   61980,0.0080388,0.009821,0.02997,6.022e-24,2.701e-05,4.178e-05,0.0004122,2.522e-24,3.495e-05,0.002055,0.001352,4.616e-07,0.1074,0.008337,0.02078,0.1663,3.639e-05,2.27e-05,0.152
   61980,   62040,0.0080835,0.009831,0.02999,6.31e-24,2.709e-05,4.187e-05,0.0004131,2.652e-24,3.514e-05,0.002058,0.001354,4.634e-07,0.1074,0.008348,0.02079,0.1664,3.648e-05,2.282e-05,0.152
   62040,   62100,0.0081136,0.009841,0.03002,6.596e-24,2.716e-05,4.196e-05,0.0004139,2.781e-24,3.531e-05,0.002061,0.001356,4.651e-07,0.1075,0.008359,0.0208,0.1665,3.656e-05,2.294e-05,0.152
   62100,   62160,0.0081171,0.009851,0.03004,6.916e-24,2.724e-05,4.204e-05,0.0004147,2.926e-24,3.549e-05,0.002065,0.001358,4.669e-07,0.1076,0.00837,0.02081,0.1666,3.665e-05,2.306e-05,0.152
   62160,   62220,0.0081215,0.009861,0.03006,7.253e-24,2.731e-05,4.213e-05,0.0004156,3.08e-24,3.567e-05,0.002068,0.00136,4.687e-07,0.1076,0.008381,0.02082,0.1667,3.673e-05,2.319e-05,0.152
   62220,   62280,0.0081509,0.00987,0.03008,7.588e-24,2.738e-05,4.221e-05,0.0004164,3.232e-24,3.585e-05,0.002072,0.001362,4.703e-07,0.1077,0.008392,0.02083,0.1668,3.681e-05,2.33e-05,0.152
   62280,   62340,0.00817,0.00988,0.03011,7.959e-24,2.746e-05,4.23e-05,0.0004172,3.402e-24,3.603e-05,0.002075,0.001364,4.72e-07,0.1077,0.008403,0.02084,0.1669,3.69e-05,2.342e-05,0.152
   62340,   62400,0.0082404,0.00989,0.03013,8.353e-24,2.753e-05,4.238e-05,0.000418,3.581e-24,3.62e-05,0.002078,0.001365,4.738e-07,0.1078,0.008413,0.02084,0.1669,3.698e-05,2.355e-05,0.152
   62400,   62460,0.0082835,0.009899,0.03015,8.742e-24,2.76e-05,4.246e-05,0.0004188,3.76e-24,3.637e-05,0.002081,0.001367,4.754e-07,0.1079,0.008423,0.02085,0.167,3.706e-05,2.366e-05,0.152
   62460,   62520,0.0083138,0.009908,0.03017,9.177e-24,2.768e-05,4.254e-05,0.0004196,3.958e-24,3.655e-05,0.002085,0.001369,4.771e-07,0.1079,0.008434,0.02086,0.1671,3.714e-05,2.378e-05,0.152
   62520,   62580,0.0083491,0.009918,0.03019,9.633e-24,2.775e-05,4.263e-05,0.0004204,4.167e-24,3.672e-05,0.002088,0.001371,4.788e-07,0.108,0.008445,0.02087,0.1672,3.722e-05,2.39e-05,0.152
   62580,   62640,0.0084039,0.009926,0.03021,1.008e-23,2.782e-05,4.27e-05,0.0004212,4.371e-24,3.689e-05,0.002091,0.001373,4.803e-07,0.108,0.008454,0.02088,0.1673,3.73e-05,2.401e-05,0.152
   62640,   62700,0.0084295,0.009935,0.03023,1.057e-23,2.789e-05,4.278e-05,0.0004219,4.592e-24,3.706e-05,0.002094,0.001375,4.82e-07,0.1081,0.008465,0.02089,0.1673,3.737e-05,2.412e-05,0.152
   62700,   62760,0.0084288,0.009944,0.03025,1.108e-23,2.796e-05,4.286e-05,0.0004227,4.821e-24,3.722e-05,0.002097,0.001376,4.836e-07,0.1081,0.008475,0.0209,0.1674,3.745e-05,2.424e-05,0.152
   62760,   62820,0.0084082,0.009953,0.03027,1.16e-23,2.802e-05,4.294e-05,0.0004234,5.078e-24,3.738e-05,0.0021,0.001378,4.851e-07,0.1082,0.008484,0.0209,0.1675,3.753e-05,2.434e-05,0.152
   62820,   62880,0.008337,0.009962,0.03029,1.219e-23,2.809e-05,4.302e-05,0.0004242,5.379e-24,3.755e-05,0.002103,0.00138,4.868e-07,0.1082,0.008494,0.02091,0.1676,3.76e-05,2.446e-05,0.152
   62880,   62940,0.008317,0.00997,0.03031,1.283e-23,2.816e-05,4.309e-05,0.000425,5.684e-24,3.773e-05,0.002106,0.001382,4.884e-07,0.1083,0.008504,0.02092,0.1676,3.768e-05,2.458e-05,0.152
   62940,   63000,0.0083715,0.009978,0.03033,1.354e-23,2.823e-05,4.317e-05,0.0004257,6.007e-24,3.789e-05,0.002109,0.001383,4.899e-07,0.1083,0.008513,0.02093,0.1677,3.775e-05,2.469e-05,0.152
   63000,   63060,0.0084187,0.009987,0.03035,1.427e-23,2.829e-05,4.324e-05,0.0004264,6.35e-24,3.808e-05,0.002112,0.001385,4.916e-07,0.1084,0.008523,0.02093,0.1678,3.783e-05,2.482e-05,0.152
   63060,   63120,0.008469,0.009995,0.03037,1.503e-23,2.836e-05,4.332e-05,0.0004271,6.69e-24,3.824e-05,0.002115,0.001387,4.932e-07,0.1084,0.008532,0.02094,0.1678,3.79e-05,2.493e-05,0.152
   63120,   63180,0.0084732,0.01,0.03039,1.579e-23,2.843e-05,4.339e-05,0.0004278,7.056e-24,3.842e-05,0.002118,0.001388,4.947e-07,0.1085,0.008541,0.02095,0.1679,3.798e-05,2.504e-05,0.152
   63180,   63240,0.0084438,0.01001,0.03041,1.658e-23,2.849e-05,4.346e-05,0.0004286,7.406e-24,3.857e-05,0.00212,0.00139,4.963e-07,0.1085,0.00855,0.02096,0.168,3.805e-05,2.515e-05,0.152
   63240,   63300,0.0084251,0.01002,0.03042,1.752e-23,2.856e-05,4.354e-05,0.0004293,7.859e-24,3.876e-05,0.002123,0.001392,4.98e-07,0.1086,0.00856,0.02096,0.168,3.812e-05,2.528e-05,0.152
   63300,   63360,0.008426,0.01003,0.03044,1.831e-23,2.862e-05,4.361e-05,0.0004299,8.229e-24,3.89e-05,0.002126,0.001393,4.994e-07,0.1086,0.008568,0.02097,0.1681,3.819e-05,2.538e-05,0.152
   63360,   63420,0.00845,0.01003,0.03046,1.93e-23,2.868e-05,4.368e-05,0.0004307,8.709e-24,3.908e-05,0.002129,0.001395,5.011e-07,0.1087,0.008577,0.02098,0.1682,3.826e-05,2.551e-05,0.152
   63420,   63480,0.0084832,0.01004,0.03048,2.021e-23,2.875e-05,4.375e-05,0.0004314,9.099e-24,3.926e-05,0.002131,0.001396,5.027e-07,0.1087,0.008586,0.02098,0.1682,3.834e-05,2.563e-05,0.152
   63480,   63540,0.0085166,0.01005,0.03049,2.114e-23,2.881e-05,4.382e-05,0.000432,9.609e-24,3.939e-05,0.002134,0.001398,5.039e-07,0.1088,0.008594,0.02099,0.1683,3.84e-05,2.571e-05,0.152
   63540,   63600,0.0086446,0.01006,0.03051,2.232e-23,2.887e-05,4.388e-05,0.0004327,1.01e-23,3.953e-05,0.002137,0.001399,5.054e-07,0.1088,0.008603,0.021,0.1684,3.847e-05,2.582e-05,0.152
   63600,   63660,0.0088242,0.01007,0.03053,2.319e-23,2.893e-05,4.395e-05,0.0004334,1.054e-23,3.975e-05,0.002139,0.001401,5.071e-07,0.1089,0.008612,0.021,0.1684,3.854e-05,2.595e-05,0.152
   63660,   63720,0.0088737,0.01007,0.03054,2.463e-23,2.899e-05,4.402e-05,0.000434,1.121e-23,3.988e-05,0.002142,0.001402,5.084e-07,0.1089,0.00862,0.02101,0.1685,3.861e-05,2.605e-05,0.152
   63720,   63780,0.008331,0.01008,0.03056,2.551e-23,2.905e-05,4.409e-05,0.0004347,1.163e-23,4.004e-05,0.002145,0.001404,5.1e-07,0.1089,0.008628,0.02102,0.1685,3.868e-05,2.616e-05,0.152
   63780,   63840,0.0059871,0.01009,0.03058,2.717e-23,2.911e-05,4.415e-05,0.0004353,1.244e-23,4.016e-05,0.002147,0.001405,5.113e-07,0.109,0.008636,0.02102,0.1686,3.874e-05,2.625e-05,0.152
   63840,   63900,0.0057766,0.01009,0.03059,2.801e-23,2.917e-05,4.422e-05,0.0004359,1.283e-23,4.036e-05,0.00215,0.001407,5.128e-07,0.109,0.008644,0.02103,0.1687,3.881e-05,2.636e-05,0.152
   63900,   63960,0.0046129,0.0101,0.03061,2.974e-23,2.923e-05,4.428e-05,0.0004365,1.37e-23,4.049e-05,0.002152,0.001408,5.141e-07,0.1091,0.008652,0.02103,0.1687,3.887e-05,2.646e-05,0.152
