CampaignData_and_Merges/R0/CSL_MobileLab_Parked/raw/20240812/USOS-NOAAIodideCIMS-OrgNitrs_MobileLabGround_20240812_RA.ict
37, 1001
Michael A Robinson, Chris Jernigan, Subi Thakali
NOAA ESRL Chemical Sciences Laboratory and CIRES, U. of Colorado
NOAA Iodide CIMS Instrument
USOS
1, 1
2024, 08, 12, 2024, 08, 13
1
starttime_UTC, seconds_past_midnight, seconds_of_day_since_00:00:00_UTC
5
1, 1, 1, 1, 1
-9999, -9999, -9999, -9999, -9999
C4H7NO5_NOAACIMS, pptv, Gas_C4H7NO5_InSitu_S_AVMR, 
ISOPN_NOAACIMS, pptv, Gas_ISOPN_InSitu_S_AVMR, 
C5H10O3_NOAACIMS, pptv, Gas_C5H10O3_InSitu_S_AVMR, 
C5H9NO5_NOAACIMS, pptv, Gas_C5H9NO5_InSitu_S_AVMR, 
C10H17NO4_NOAACIMS, pptv, Gas_C10H17NO4_InSitu_S_AVMR, 
0
18
PI_CONTACT_INFO: 325 Broadway, R/CSD 7, Boulder, Colorado 80305; michael.a.robinson@noaa.gov; chris.jernigan@noaa.gov;
PLATFORM: NOAA CSL Mobile Lab
LOCATION: SLC, Utah
ASSOCIATED_DATA: 1Hz data also available on request.
INSTRUMENT_INFO: NOAA I- ToF CIMS
DATA_INFO: All data in parts per trillion by volume (pptv). 1 Hz data is available upon request.
UNCERTAINTY: TBD
ULOD_FLAG: -7777
ULOD_VALUE: N/A
LLOD_FLAG: -8888
LLOD_VALUE: N/A
DM_CONTACT_INFO: Nathan Howard; nathan.h.howard@noaa.gov
PROJECT_INFO: USOS, summer 2024. https://csl.noaa.gov/groups/csl7/measurements/2024usos/
STIPULATIONS_ON_USE: Users are strongly encouraged to contact the PI for proper data usage.
OTHER_COMMENTS: 
REVISION: RA
RA: Preliminary Data; For in-field use only
starttime_UTC, C4H7NO5_NOAACIMS, ISOPN_NOAACIMS, C5H10O3_NOAACIMS, C5H9NO5_NOAACIMS, C10H17NO4_NOAACIMS
[from data line 338]
 20280,  1.195,  1.997, 21.499,  2.607,  0.596
 20340,  1.199,  2.102, 21.672,  2.643,  0.727
 20400,  1.190,  1.728, 19.895,  2.542,  0.696
 20460,  1.178,  1.877, 20.140,  2.541,  0.693
 20520,  1.143,  1.732, 19.317,  2.502,  0.613
 20580,  1.146,  1.941, 18.995,  2.353,  0.771
 20640,  1.153,  1.804, 19.515,  2.298,  0.695
 20700,  1.122,  1.754, 19.321,  2.460,  0.739
 20760,  1.146,  1.756, 20.398,  2.410,  0.680
 20820,  1.162,  1.791, 19.710,  2.563,  0.725
 20880,  1.160,  2.033, 19.509,  2.530,  0.751
 20940,  1.106,  2.009, 19.119,  2.400,  0.709
 21000,  1.138,  1.822, 18.485,  2.393,  0.674
 21060,  1.168,  1.892, 17.738,  2.505,  0.794
 21120,  1.184,  1.951, 19.993,  2.646,  0.671
 21180,  1.175,  2.057, 19.821,  2.722,  0.793
 21240,  1.142,  2.104, 20.059,  2.517,  0.757
 21300,  1.188,  1.970, 19.895,  2.685,  0.787
 21360,  1.221,  2.105, 19.620,  2.750,  0.798
 21420,  1.179,  2.151, 19.630,  2.751,  0.704
 21480,  1.242,  1.936, 20.093,  2.779,  0.716
 21540,  1.236,  2.211, 20.702,  2.756,  0.764
 21600,  1.229,  2.342, 21.461,  2.857,  0.856
 21660,  1.277,  2.260, 21.257,  2.765,  0.851
 21720,  1.245,  2.294, 21.400,  2.884,  0.750
 21780,  1.270,  2.236, 20.904,  2.800,  0.745
 21840,  1.211,  2.214, 21.540,  2.903,  0.786
 21900,  1.209,  2.153, 21.269,  2.851,  0.901
 21960,  1.253,  2.242, 22.651,  2.809,  0.854
 22020,  1.258,  2.342, 22.053,  2.953,  0.820
 22080,  1.198,  2.278, 21.141,  2.829,  0.820
 22140,  1.211,  2.247, 21.453,  2.939,  0.802
 22200,  1.205,  2.239, 21.200,  2.880,  0.688
 22260,  1.197,  2.167, 20.170,  2.916,  0.707
 22320,  1.222,  2.288, 21.869,  2.855,  0.834
 22380,  1.176,  2.007, 21.412,  2.735,  0.818
 22440,  1.207,  2.077, 21.085,  2.748,  0.746
 22500,  1.203,  2.247, 21.707,  2.907,  0.800
 22560,  1.205,  2.385, 20.356,  2.805,  0.851
 22620,  1.163,  2.201, 21.401,  2.700,  0.659
 22680,  1.204,  2.253, 21.187,  2.579,  0.810
 22740, -9999.000, -9999.000, -9999.000, -9999.000, -9999.000
 22800,  1.149,  2.143, 19.517,  2.715,  0.747
 22860,  1.128,  2.106, 19.710,  2.841,  0.732
 22920,  1.150,  2.288, 19.248,  2.702,  0.756
 22980,  1.162,  2.046, 18.725,  2.852,  0.739
 23040,  1.180,  2.050, 19.472,  2.820,  0.746
 23100,  1.188,  2.049, 19.667,  2.890,  0.805
 23160,  1.195,  2.111, 20.071,  2.730,  0.831
 23220,  1.152,  2.052, 19.810,  2.800,  0.792
 23280,  1.130,  2.195, 20.807,  2.640,  0.855
 23340,  1.118,  2.075, 20.705,  2.662,  0.755
 23400,  1.087,  1.897, 19.498,  2.621,  0.652
 23460,  1.121,  2.110, 19.931,  2.709,  0.846
 23520,  1.109,  1.839, 18.943,  2.541,  0.774
 23580,  1.121,  1.909, 18.174,  2.432,  0.705
 23640,  1.135,  1.975, 19.444,  2.529,  0.756
 23700,  1.127,  2.120, 19.624,  2.584,  0.762
 23760,  1.135,  2.024, 18.910,  2.461,  0.807
 23820,  1.122,  1.958, 19.789,  2.612,  0.851
 23880,  1.173,  2.029, 19.815,  2.701,  0.864
 23940,  1.167,  2.004, 19.602,  2.598,  0.910
 24000,  1.257,  2.064, 19.673,  3.079,  0.915
 24060,  1.282,  2.458, 20.265,  3.078,  0.909
 24120,  1.307,  2.514, 20.352,  3.150,  0.893
 24180,  1.351,  2.853, 21.232,  3.578,  1.043
 24240,  1.402,  2.719, 20.764,  3.641,  1.012
 24300,  1.378,  2.663, 21.272,  3.493,  0.950
 24360,  1.338,  2.575, 20.255,  3.244,  0.928
 24420,  1.266,  2.282, 20.562,  3.264,  0.905
 24480,  1.186,  2.207, 21.018,  2.994,  0.891
 24540,  1.186,  1.976, 20.242,  2.836,  0.934
 24600, -9999.000, -9999.000, -9999.000, -9999.000, -9999.000
 24660,  1.251,  2.466, 18.587,  3.040,  0.860
 24720,  1.303,  2.604, 18.965,  3.126,  0.929
 24780,  1.234,  2.219, 18.226,  3.082,  0.839
 24840,  1.130,  1.754, 18.741,  2.621,  0.854
 24900,  1.128,  1.778, 19.087,  2.482,  0.791
 24960,  1.139,  1.767, 18.776,  2.520,  0.751
 25020,  1.070,  1.718, 18.757,  2.455,  0.851
 25080,  1.094,  1.742, 18.160,  2.365,  0.842
 25140,  1.053,  1.803, 17.989,  2.331,  0.746
 25200,  1.040,  1.519, 17.940,  2.377,  0.780
 25260,  1.028,  1.564, 17.163,  2.148,  0.780
 25320,  1.039,  1.771, 18.381,  2.243,  0.814
 25380,  1.032,  1.650, 18.785,  2.240,  0.821
 25440,  1.061,  1.636, 18.394,  2.329,  0.830
 25500,  1.051,  1.613, 18.519,  2.289,  0.829
 25560,  1.056,  1.621, 18.306,  2.321,  0.788
 25620,  1.033,  1.458, 18.921,  2.251,  0.800
 25680,  1.018,  1.626, 17.982,  2.327,  0.826
 25740,  1.045,  1.501, 18.364,  2.320,  0.769
 25800,  1.053,  1.413, 19.587,  2.311,  0.877
 25860,  1.048,  1.705, 19.539,  2.245,  0.891
 25920,  1.026,  1.524, 18.555,  2.247,  0.774
 25980,  1.045,  1.613, 19.409,  2.425,  0.937
 26040,  1.060,  1.583, 18.043,  2.274,  0.803
 26100,  1.066,  1.450, 18.661,  2.333,  0.854
 26160,  1.038,  1.470, 18.364,  2.352,  0.811
 26220,  1.033,  1.406, 18.074,  2.186,  0.825
 26280,  1.064,  1.536, 20.269,  2.390,  0.864
 26340,  1.045,  1.754, 18.357,  2.267,  0.789
 26400,  1.105,  1.362, 18.794,  2.416,  1.012
 26460, -9999.000, -9999.000, -9999.000, -9999.000, -9999.000
 26520,  1.046,  1.540, 15.587,  2.238,  0.699
 26580,  1.046,  1.609, 16.321,  2.224,  0.820
 26640,  1.033,  1.407, 16.437,  2.322,  0.822
 26700,  1.024,  1.369, 16.534,  2.235,  0.731
 26760,  1.011,  1.376, 16.530,  2.196,  0.766
 26820,  0.993,  1.415, 16.479,  2.126,  0.737
 26880,  1.031,  1.386, 16.107,  2.025,  0.834
 26940,  1.034,  1.422, 16.196,  2.159,  0.778
 27000,  1.052,  1.371, 17.436,  2.336,  0.754
 27060,  1.006,  1.405, 16.922,  2.189,  0.770
 27120,  0.969,  1.524, 17.141,  2.066,  0.761
 27180,  1.018,  1.498, 17.415,  2.254,  0.754
 27240,  1.038,  1.562, 16.338,  2.204,  0.813
 27300,  1.114,  1.711, 17.347,  2.518,  0.765
 27360,  1.305,  2.062, 18.132,  3.061,  0.758
 27420,  1.394,  2.188, 19.056,  3.205,  0.811
 27480,  1.476,  2.905, 21.444,  3.507,  0.934
 27540,  1.492,  2.795, 21.382,  3.711,  0.916
 27600,  1.607,  3.460, 23.056,  4.439,  0.986
 27660,  1.821,  4.134, 24.526,  5.039,  1.267
 27720,  1.884,  4.117, 23.825,  5.231,  1.203
 27780,  1.900,  3.678, 24.666,  5.310,  1.249
 27840,  1.617,  3.019, 26.419,  4.432,  1.056
 27900,  1.847,  4.138, 27.183,  4.992,  1.132
 27960,  2.070,  4.857, 27.708,  5.946,  1.433
 28020,  1.937,  4.257, 26.972,  5.425,  1.413
 28080,  2.150,  5.463, 27.485,  6.044,  1.460
 28140,  2.295,  5.574, 28.711,  6.737,  1.604
 28200,  2.166,  5.322, 28.984,  6.298,  1.618
 28260,  2.088,  4.407, 27.901,  5.724,  1.347
 28320,  1.769,  3.511, 27.367,  4.831,  1.185
 28380,  1.804,  3.743, 27.899,  4.825,  1.188
 28440,  1.893,  3.901, 28.047,  5.090,  1.209
 28500,  1.950,  4.180, 31.613,  5.145,  1.199
 28560,  1.922,  3.743, 30.787,  4.998,  1.123
 28620,  1.794,  3.275, 29.652,  4.517,  1.091
 28680,  1.748,  3.342, 31.563,  4.383,  1.124
 28740,  1.701,  2.988, 31.081,  4.179,  0.998
 28800,  1.660,  2.738, 31.901,  4.086,  0.976
 28860,  1.662,  2.950, 32.316,  3.997,  1.041
 28920,  1.635,  2.983, 32.195,  4.123,  0.932
 28980,  1.695,  2.750, 31.707,  3.991,  0.935
 29040,  1.675,  2.793, 34.696,  3.774,  0.992
 29100,  1.597,  2.385, 33.074,  3.646,  0.870
 29160,  1.450,  1.878, 31.559,  3.284,  0.728
 29220,  1.417,  1.971, 30.754,  3.167,  0.658
 29280,  1.361,  2.061, 28.978,  3.022,  0.593
 29340,  1.376,  1.861, 28.016,  3.018,  0.549
 29400,  1.399,  1.755, 26.338,  2.844,  0.490
 29460,  1.424,  1.723, 25.490,  2.930,  0.370
 29520,  1.449,  1.808, 25.904,  2.850,  0.429
 29580,  1.473,  1.787, 24.639,  2.853,  0.382
 29640,  1.481,  1.841, 24.792,  2.928,  0.452
 29700,  1.468,  1.856, 25.019,  2.871,  0.390
 29760,  1.474,  1.938, 24.743,  3.062,  0.331
 29820,  1.523,  1.856, 25.476,  3.189,  0.361
 29880,  1.504,  1.962, 25.495,  3.129,  0.294
 29940,  1.546,  1.725, 25.370,  3.098,  0.318
 30000,  1.560,  2.024, 26.920,  3.256,  0.379
 30060,  1.514,  2.078, 26.382,  3.158,  0.376
 30120, -9999.000, -9999.000, -9999.000, -9999.000, -9999.000
 30180,  1.462,  1.884, 23.181,  2.871,  0.252
 30240,  1.457,  1.774, 23.516,  3.023,  0.227
 30300,  1.560,  1.928, 26.177,  3.125,  0.306
 30360,  1.508,  1.911, 24.798,  3.126,  0.350
 30420,  1.555,  1.735, 25.604,  3.006,  0.262
 30480,  1.591,  1.849, 26.679,  3.112,  0.271
 30540,  1.589,  1.919, 27.028,  3.217,  0.278
 30600,  1.566,  1.893, 27.618,  3.197,  0.246
 30660,  1.554,  2.065, 27.470,  3.261,  0.266
 30720,  1.594,  1.833, 25.502,  3.339,  0.265
 30780,  1.570,  1.930, 26.169,  3.214,  0.234
 30840,  1.580,  1.764, 26.631,  3.158,  0.331
 30900,  1.613,  1.899, 26.271,  3.339,  0.269
 30960,  1.637,  1.891, 27.684,  3.341,  0.279
 31020,  1.650,  1.910, 27.300,  3.332,  0.286
 31080,  1.622,  1.778, 26.372,  3.433,  0.282
 31140,  1.618,  1.784, 26.330,  3.355,  0.303
 31200,  1.633,  1.716, 26.266,  3.234,  0.250
 31260,  1.594,  1.784, 25.963,  3.364,  0.302
 31320,  1.593,  1.565, 26.349,  3.239,  0.254
 31380,  1.599,  1.427, 26.412,  3.132,  0.293
 31440,  1.593,  1.545, 26.239,  3.153,  0.383
 31500,  1.545,  1.517, 26.111,  3.123,  0.278
 31560,  1.537,  1.508, 24.632,  2.963,  0.304
 31620,  1.550,  1.585, 25.731,  3.088,  0.381
 31680,  1.523,  1.330, 24.912,  3.030,  0.387
 31740,  1.572,  1.274, 26.102,  3.029,  0.375
 31800,  1.518,  1.273, 25.936,  3.049,  0.456
 31860,  1.503,  1.407, 25.805,  2.970,  0.407
 31920,  1.490,  1.188, 26.160,  2.902,  0.415
 31980, -9999.000, -9999.000, -9999.000, -9999.000, -9999.000
 32040,  1.434,  1.086, 22.513,  2.857,  0.366
 32100,  1.445,  1.195, 23.895,  2.983,  0.395
 32160,  1.445,  1.262, 23.531,  2.848,  0.403
 32220,  1.447,  1.099, 23.719,  2.972,  0.392
 32280,  1.437,  1.385, 24.611,  2.850,  0.375
 32340,  1.500,  1.432, 25.302,  2.903,  0.471
 32400,  1.458,  1.426, 25.990,  2.910,  0.436
 32460,  1.468,  1.328, 25.799,  3.063,  0.517
 32520,  1.462,  1.600, 25.658,  2.868,  0.506
 32580,  1.433,  1.385, 26.486,  2.873,  0.544
 32640,  1.433,  1.447, 26.244,  2.940,  0.647
 32700,  1.393,  1.475, 27.343,  2.862,  0.715
 32760,  1.343,  1.561, 28.401,  2.934,  0.717
 32820,  1.328,  1.564, 27.616,  2.849,  0.792
 32880,  1.237,  1.485, 27.409,  2.661,  0.859
 32940,  1.222,  1.692, 27.965,  2.633,  0.905
 33000,  1.229,  1.399, 26.109,  2.588,  0.754
 33060,  1.202,  1.354, 26.032,  2.479,  0.849
 33120,  1.217,  1.682, 27.055,  2.662,  0.877
 33180,  1.246,  1.699, 26.853,  2.809,  0.834
 33240,  1.191,  1.617, 26.385,  2.662,  0.808
 33300,  1.180,  1.614, 26.423,  2.612,  0.733
 33360,  1.206,  1.621, 25.155,  2.546,  0.776
 33420,  1.148,  1.608, 24.321,  2.525,  0.776
 33480,  1.171,  1.711, 25.692,  2.661,  0.804
 33540,  1.185,  1.598, 25.607,  2.514,  0.753
 33600,  1.152,  1.727, 25.796,  2.531,  0.681
 33660,  1.182,  1.660, 25.339,  2.566,  0.673
 33720,  1.153,  1.624, 24.129,  2.592,  0.683
 33780,  1.197,  1.690, 22.699,  2.460,  0.643
 33840, -9999.000, -9999.000, -9999.000, -9999.000, -9999.000
 33900,  1.116,  1.658, 20.259,  2.290,  0.508
 33960,  1.116,  1.470, 21.927,  2.559,  0.527
 34020,  1.133,  1.474, 22.398,  2.456,  0.539
 34080,  1.124,  1.672, 21.279,  2.329,  0.610
 34140,  1.156,  1.537, 20.338,  2.438,  0.544
 34200,  1.215,  1.543, 21.727,  2.637,  0.630
 34260,  1.191,  1.639, 22.757,  2.446,  0.578
 34320,  1.206,  1.739, 22.540,  2.648,  0.593
 34380,  1.196,  1.690, 21.915,  2.621,  0.662
 34440,  1.190,  1.835, 21.473,  2.582,  0.602
 34500,  1.172,  1.499, 21.229,  2.698,  0.663
 34560,  1.204,  1.514, 22.746,  2.627,  0.688
 34620,  1.241,  1.723, 23.665,  2.656,  0.769
 34680,  1.227,  1.576, 23.654,  2.727,  0.787
 34740,  1.229,  1.618, 23.158,  2.661,  0.739
 34800,  1.323,  1.655, 24.811,  2.960,  0.857
 34860,  1.386,  1.728, 24.915,  3.117,  0.794
 34920,  1.521,  1.907, 28.070,  3.694,  0.796
 34980,  1.562,  2.058, 29.871,  3.521,  0.884
 35040,  1.613,  2.133, 29.525,  3.695,  0.827
 35100,  1.611,  2.090, 28.993,  3.675,  0.883
 35160,  1.544,  2.017, 28.063,  3.660,  0.720
 35220,  1.620,  2.122, 28.045,  3.855,  0.873
 35280,  1.690,  2.104, 30.087,  4.034,  0.949
 35340,  1.596,  2.302, 29.621,  3.652,  0.800
 35400,  1.606,  2.003, 28.401,  3.822,  0.869
 35460,  1.544,  2.016, 24.788,  3.531,  0.727
 35520,  1.550,  2.083, 25.674,  3.483,  0.754
 35580,  1.539,  1.943, 25.539,  3.456,  0.742
 35640,  1.627,  2.165, 25.668,  3.819,  0.770
 35700,  1.768,  2.098, 25.273,  3.699,  0.785
 35760,  1.954,  1.940, 28.524,  4.199,  0.777
 35820,  2.183,  2.037, 29.876,  4.703,  0.844
 35880,  2.008,  2.221, 30.591,  4.570,  0.834
 35940,  1.717,  2.062, 29.203,  3.977,  0.786
 36000,  1.376,  1.849, 24.425,  3.256,  0.635
 36060,  1.281,  1.612, 22.515,  2.942,  0.662
 36120,  1.370,  1.706, 23.084,  3.015,  0.689
 36180,  1.463,  1.736, 24.486,  3.145,  0.694
 36240,  1.309,  1.632, 23.059,  2.876,  0.640
 36300,  1.405,  1.647, 23.460,  2.958,  0.649
 36360,  1.445,  1.795, 24.478,  3.053,  0.654
 36420,  1.348,  1.554, 23.509,  2.823,  0.690
 36480,  1.270,  1.530, 22.557,  2.871,  0.714
 36540,  1.287,  1.660, 21.896,  2.774,  0.697
 36600,  1.301,  1.620, 22.463,  2.838,  0.719
 36660,  1.251,  1.718, 22.977,  2.796,  0.690
 36720,  1.292,  1.589, 21.374,  2.771,  0.685
 36780,  1.316,  1.493, 21.295,  2.718,  0.681
 36840,  1.258,  1.679, 22.204,  2.762,  0.666
 36900,  1.268,  1.530, 22.823,  2.815,  0.741
 36960,  1.254,  1.519, 22.555,  2.616,  0.763
 37020,  1.305,  1.564, 23.306,  3.042,  0.745
 37080,  1.386,  1.403, 23.629,  2.968,  0.737
 37140,  1.412,  1.607, 24.515,  3.052,  0.739
 37200,  1.361,  1.597, 24.484,  3.041,  0.763
 37260,  1.310,  1.605, 25.151,  2.826,  0.780
 37320,  1.250,  1.501, 23.516,  2.725,  0.721
 37380,  1.119,  1.561, 21.094,  2.446,  0.749
 37440,  1.145,  1.434, 20.096,  2.410,  0.700
 37500, -9999.000, -9999.000, -9999.000, -9999.000, -9999.000
 37560,  1.122,  1.148, 18.937,  2.418,  0.665
 37620,  1.134,  1.332, 19.622,  2.380,  0.698
 37680,  1.099,  1.270, 19.542,  2.357,  0.666
 37740,  1.081,  1.420, 19.322,  2.182,  0.703
 37800,  1.067,  1.169, 17.575,  2.135,  0.706
 37860,  1.044,  1.199, 17.962,  2.221,  0.592
 37920,  1.091,  1.342, 17.989,  2.181,  0.705
 37980,  1.058,  1.296, 17.315,  2.121,  0.700
 38040,  1.110,  1.411, 17.897,  2.295,  0.663
 38100,  1.101,  1.295, 18.769,  2.360,  0.684
 38160,  1.085,  1.287, 17.566,  2.411,  0.702
 38220,  1.108,  1.240, 17.545,  2.177,  0.665
 38280,  1.166,  1.361, 18.706,  2.230,  0.773
 38340,  1.095,  1.382, 18.630,  2.197,  0.780
 38400,  1.086,  1.192, 18.604,  2.151,  0.726
 38460,  1.110,  1.273, 19.105,  2.365,  0.750
 38520,  1.140,  1.120, 18.394,  2.161,  0.679
 38580,  1.116,  1.134, 17.543,  2.194,  0.670
 38640,  1.122,  1.314, 19.172,  2.205,  0.741
 38700,  1.113,  1.281, 19.899,  2.320,  0.766
 38760,  1.100,  1.250, 19.015,  2.189,  0.666
 38820,  1.070,  1.301, 19.520,  2.164,  0.723
 38880,  1.108,  1.129, 18.132,  2.160,  0.727
 38940,  1.109,  1.273, 17.826,  2.242,  0.714
 39000,  1.073,  1.153, 18.511,  2.120,  0.776
 39060,  1.134,  1.365, 18.257,  2.164,  0.760
 39120,  1.119,  1.335, 17.904,  2.177,  0.813
 39180,  1.107,  1.173, 17.454,  2.199,  0.677
 39240,  1.098,  1.162, 17.746,  2.251,  0.791
 39300,  1.102,  1.212, 17.359,  2.186,  0.813
 39360,  1.089,  1.464, 16.582,  2.306,  0.618
 39420,  1.089,  0.947, 16.675,  2.018,  0.732
 39480,  1.135,  1.291, 17.121,  2.102,  0.738
 39540,  1.066,  1.192, 17.255,  2.239,  0.769
 39600,  1.112,  1.142, 17.069,  2.289,  0.778
 39660,  1.116,  1.131, 17.302,  2.310,  0.770
 39720,  1.139,  1.308, 18.670,  2.245,  0.742
 39780,  1.103,  1.324, 17.978,  2.218,  0.658
 39840,  1.116,  1.388, 18.659,  2.377,  0.672
 39900,  1.118,  1.283, 18.616,  2.279,  0.703
 39960,  1.098,  1.133, 17.797,  2.274,  0.695
 40020,  1.098,  1.318, 17.580,  2.302,  0.625
 40080,  1.096,  1.279, 17.946,  2.256,  0.668
 40140,  1.124,  1.387, 18.200,  2.250,  0.681
 40200,  1.091,  1.261, 17.609,  2.435,  0.643
 40260,  1.113,  1.343, 17.449,  2.251,  0.741
 40320,  1.108,  1.296, 17.495,  2.336,  0.760
 40380,  1.103,  1.354, 17.465,  2.339,  0.646
 40440,  1.120,  1.440, 18.472,  2.320,  0.720
