CampaignData_and_Merges/R0/CSL_MobileLab_Parked/raw/20240812/USOS-MetNav_MobileLabGround_20240812_R0.ict
44, 1001
Carrie Womack, Nate Howard, Mike Zucker
NOAA Chemical Sciences Laboratory
Mobile Lab MetNav Station
USOS
1, 1
2024, 08, 12, 2024, 12, 21
60
Time_Start, seconds_past_midnight, Seconds from midnight UTC
11
1, 1, 1, 1, 1, 1, 1, 1, 1, 1, 1
-9999, -9999, -9999, -9999, -9999, -9999, -9999, -9999, -9999, -9999, -9999
GPS_Alt_m, meters, Altitude from Differential GPS
GPS_Course_deg, degrees, Course from Differential GPS
GPS_GndSpd_m_s, m/s, Ground Speed from Differential GPS
GPS_Heading_deg, degrees, Heading from Differential GPS
GPS_Lat_deg, degrees, Latitude from Differential GPS
GPS_Lon_deg, degrees, Longitude from Differential GPS
AirTemp_C, Celsius, Air Temperature from Airmar
RelHumidity_pct, percent, Relative Humidity from Airmar
Pressure_mb, millibars, Pressure from Honeywell
WindDir_calc_deg, degrees, Wind Direction from Airmar corrected for van movement
WindSpd_calc_m_s, m/s, Wind Speed from Airmar corrected for van movement
1
SPECIAL COMMENTS:
18
PI_CONTACT_INFO: Address: 325 Broadway R/CSL7, Boulder, CO, 80305
PLATFORM: CSL Mobile Lab
LOCATION: Salt Lake City, UT
ASSOCIATED_DATA: N/A
INSTRUMENT_INFO: N/A
DATA_INFO: Units:
UNCERTAINTY: N/A
ULOD_FLAG: -7777
ULOD_VALUE: N/A
LLOD_FLAG: -8888
LLOD_VALUE: N/A
DM_CONTACT_INFO: Data Manager: Nate Howard
PROJECT_INFO: 
STIPULATIONS_ON_USE: Use of these data require prior ok from PI.
OTHER_COMMENTS: 
REVISION: R0
R0: Final data. Fixed bug in wind averaging code. RA: Preliminary Data. For in-field use only. 
Time_Start, GPS_Alt_m, GPS_Course_deg, GPS_GndSpd_m_s, GPS_Heading_deg, GPS_Lat_deg, GPS_Lon_deg, AirTemp_C, RelHumidity_pct, Pressure_mb, WindDir_calc_deg, WindSpd_calc_m_s
[from data line 627]
37620.0,1307.7,2.12,0.05,2.12,40.73435,-111.87210,22.4,41.0,876.4,120.90,0.2
37680.0,1307.4,2.58,0.05,2.58,40.73435,-111.87210,22.5,40.9,876.5,145.88,0.8
37740.0,1307.4,2.55,0.05,2.55,40.73435,-111.87210,22.6,40.9,876.6,154.72,1.5
37800.0,1307.3,2.29,0.05,2.29,40.73435,-111.87210,22.7,40.7,876.6,139.84,1.3
37860.0,1307.3,2.44,0.05,2.44,40.73435,-111.87210,22.6,41.1,876.6,136.10,2.2
37920.0,1307.3,2.42,0.05,2.42,40.73435,-111.87210,22.7,41.2,876.6,187.65,1.1
37980.0,1307.4,2.49,0.05,2.49,40.73435,-111.87210,22.7,41.0,876.6,189.53,0.8
38040.0,1307.7,2.63,0.05,2.63,40.73435,-111.87210,22.8,41.1,876.7,184.71,1.3
38100.0,1308.4,2.82,0.05,2.82,40.73435,-111.87210,22.9,41.1,876.7,170.32,1.1
38160.0,1308.4,2.84,0.05,2.84,40.73435,-111.87210,22.8,41.6,876.7,115.70,1.7
38220.0,1308.7,3.01,0.05,3.01,40.73435,-111.87210,22.7,42.2,876.7,130.80,2.3
38280.0,1308.2,3.09,0.05,3.09,40.73435,-111.87210,22.7,42.5,876.7,156.94,2.2
38340.0,1308.6,3.19,0.05,3.19,40.73435,-111.87210,22.7,42.8,876.8,193.18,1.5
38400.0,1309.0,3.06,0.05,3.06,40.73435,-111.87210,22.7,43.3,876.8,251.95,1.1
38460.0,1309.1,3.00,0.05,3.00,40.73435,-111.87210,22.8,43.4,876.8,262.82,0.9
38520.0,1309.1,2.86,0.05,2.86,40.73435,-111.87210,22.8,42.9,876.8,187.81,0.2
38580.0,1308.9,2.81,0.05,2.81,40.73435,-111.87210,22.8,42.3,876.8,110.21,0.5
38640.0,1309.1,2.83,0.04,2.83,40.73435,-111.87210,22.8,42.3,876.8,59.93,0.5
38700.0,1309.1,3.59,0.04,3.59,40.73435,-111.87210,22.7,42.9,876.8,106.24,1.4
38760.0,1309.3,3.53,0.06,3.53,40.73435,-111.87210,22.5,42.7,876.8,87.91,1.1
38820.0,1309.5,3.03,0.06,3.03,40.73435,-111.87210,22.4,43.1,876.8,103.51,1.2
38880.0,1309.7,3.38,0.05,3.38,40.73435,-111.87210,22.1,43.9,876.8,111.26,2.5
38940.0,1310.0,3.33,0.05,3.33,40.73435,-111.87209,22.1,44.4,876.8,116.47,1.8
39000.0,1310.0,3.25,0.05,3.25,40.73435,-111.87209,22.1,44.5,876.8,133.74,1.8
39060.0,1310.0,3.34,0.05,3.34,40.73435,-111.87209,22.1,44.9,876.9,169.66,2.8
39120.0,1310.0,3.10,0.05,3.10,40.73435,-111.87209,22.1,45.1,876.9,179.90,2.9
39180.0,1310.1,3.38,0.05,3.38,40.73435,-111.87209,22.1,45.1,876.9,144.48,1.3
39240.0,1310.2,3.31,0.05,3.31,40.73435,-111.87209,22.1,44.6,876.9,95.97,0.7
39300.0,1310.3,2.73,0.05,2.73,40.73435,-111.87210,22.1,44.8,876.8,121.71,1.2
39360.0,1310.0,2.63,0.05,2.63,40.73435,-111.87210,22.1,45.1,876.8,139.49,1.6
39420.0,1309.5,2.90,0.06,2.90,40.73435,-111.87210,22.0,44.6,876.9,107.20,1.7
39480.0,1309.3,2.45,0.05,2.45,40.73435,-111.87210,22.0,45.4,876.8,105.27,1.4
39540.0,1309.3,2.40,0.05,2.40,40.73435,-111.87210,21.9,45.0,876.8,87.76,1.2
39600.0,1309.0,2.70,0.05,2.70,40.73435,-111.87210,21.8,45.5,876.8,104.61,1.8
39660.0,1308.9,3.35,0.05,3.35,40.73435,-111.87210,21.8,45.8,876.9,106.62,1.5
39720.0,1308.3,3.05,0.05,3.05,40.73435,-111.87210,21.7,46.1,876.8,101.75,1.8
39780.0,1307.8,3.09,0.04,3.09,40.73434,-111.87210,21.7,46.3,876.8,104.01,1.6
39840.0,1307.7,2.83,0.05,2.83,40.73434,-111.87210,21.6,46.4,876.9,97.71,1.3
39900.0,1307.6,2.99,0.05,2.99,40.73434,-111.87210,21.4,46.6,876.9,109.28,4.0
39960.0,1307.5,2.90,0.04,2.90,40.73434,-111.87210,21.3,47.1,876.9,113.02,3.4
40020.0,1307.4,3.37,0.04,3.37,40.73434,-111.87210,21.4,46.9,876.9,128.36,1.6
40080.0,1307.3,3.70,0.04,3.70,40.73434,-111.87210,21.3,46.9,876.9,118.56,2.0
40140.0,1307.1,3.52,0.04,3.52,40.73434,-111.87210,21.3,47.2,876.9,138.75,4.2
40200.0,1307.2,2.96,0.04,2.96,40.73434,-111.87210,21.2,47.5,876.9,116.35,3.4
40260.0,1307.2,3.08,0.04,3.08,40.73434,-111.87210,21.2,47.5,877.0,116.72,4.2
40320.0,1307.2,2.98,0.04,2.98,40.73434,-111.87210,21.2,47.4,876.9,119.13,2.5
40380.0,1307.2,3.01,0.04,3.01,40.73434,-111.87210,21.2,47.5,876.9,124.16,2.7
40440.0,1307.2,2.83,0.04,2.83,40.73434,-111.87210,21.1,47.7,877.0,121.77,3.2
40500.0,1307.2,2.50,0.04,2.50,40.73434,-111.87210,21.1,47.6,877.0,129.54,2.3
40560.0,1307.5,2.78,0.05,2.78,40.73434,-111.87210,21.1,47.7,877.0,109.08,2.8
40620.0,1307.7,2.65,0.04,2.65,40.73434,-111.87210,21.1,47.9,877.1,130.10,3.2
40680.0,1307.8,2.81,0.05,2.81,40.73434,-111.87210,21.1,47.9,877.1,112.68,2.5
40740.0,1307.8,2.55,0.05,2.55,40.73434,-111.87210,21.0,48.2,877.1,111.93,3.6
40800.0,1307.9,3.24,0.04,3.24,40.73434,-111.87210,21.0,48.3,877.1,115.23,3.5
40860.0,1308.0,3.02,0.04,3.02,40.73434,-111.87210,20.9,48.6,877.2,129.30,3.6
40920.0,1308.2,2.80,0.04,2.80,40.73434,-111.87210,20.9,48.5,877.2,118.95,3.2
40980.0,1308.3,2.92,0.05,2.92,40.73434,-111.87210,21.0,48.0,877.2,101.18,1.6
41040.0,1308.3,2.45,0.04,2.45,40.73434,-111.87210,20.9,48.4,877.2,111.85,3.1
41100.0,1308.4,2.64,0.05,2.64,40.73434,-111.87210,20.9,48.7,877.2,115.97,3.2
41160.0,1308.6,3.08,0.04,3.08,40.73434,-111.87210,21.0,48.5,877.3,113.31,1.8
41220.0,1308.8,2.97,0.04,2.97,40.73434,-111.87210,20.9,48.5,877.3,112.59,3.1
41280.0,1308.9,2.84,0.04,2.84,40.73434,-111.87210,20.9,48.9,877.4,118.44,2.9
41340.0,1309.0,2.85,0.04,2.85,40.73434,-111.87210,21.0,48.7,877.4,100.53,1.9
41400.0,1309.2,2.92,0.04,2.92,40.73434,-111.87210,21.0,48.2,877.3,106.61,1.2
41460.0,1309.3,2.68,0.04,2.68,40.73434,-111.87210,21.0,48.3,877.3,114.93,1.9
41520.0,1309.3,2.61,0.05,2.61,40.73434,-111.87210,21.0,48.4,877.3,104.14,1.4
41580.0,1309.4,2.23,0.05,2.23,40.73434,-111.87210,21.0,48.7,877.3,113.74,2.5
41640.0,1309.5,2.15,0.04,2.15,40.73434,-111.87210,21.0,49.1,877.4,124.92,3.0
41700.0,1309.9,2.13,0.04,2.13,40.73434,-111.87209,20.9,49.3,877.3,114.32,3.6
41760.0,1310.2,2.33,0.04,2.33,40.73434,-111.87209,20.9,49.2,877.3,119.20,3.8
41820.0,1310.4,2.16,0.04,2.16,40.73434,-111.87209,20.8,49.3,877.4,124.05,4.4
41880.0,1310.4,1.74,0.04,1.74,40.73434,-111.87209,20.8,49.5,877.4,118.65,3.8
41940.0,1310.3,1.47,0.05,1.47,40.73434,-111.87209,20.8,49.6,877.4,131.73,3.5
42000.0,1310.2,1.10,0.04,1.10,40.73434,-111.87209,20.8,49.8,877.4,124.25,3.8
42060.0,1310.0,1.51,0.04,1.51,40.73434,-111.87210,20.8,49.9,877.4,123.98,3.8
42120.0,1310.0,1.38,0.04,1.38,40.73434,-111.87210,20.7,49.9,877.4,122.04,4.0
42180.0,1309.8,1.59,0.05,1.59,40.73434,-111.87210,20.6,49.7,877.3,114.92,4.7
42240.0,1309.8,1.49,0.04,1.49,40.73434,-111.87210,20.7,49.9,877.3,133.35,3.2
42300.0,1309.8,1.80,0.05,1.80,40.73434,-111.87210,20.8,49.6,877.4,154.90,3.3
42360.0,1309.9,1.96,0.04,1.96,40.73434,-111.87210,20.9,49.4,877.3,155.69,3.4
42420.0,1309.8,2.29,0.04,2.29,40.73434,-111.87210,20.9,49.4,877.3,139.35,2.7
42480.0,1309.7,2.45,0.04,2.45,40.73434,-111.87210,20.9,49.2,877.3,152.22,2.0
42540.0,1309.8,2.08,0.04,2.08,40.73434,-111.87210,21.1,49.0,877.3,157.72,2.9
42600.0,1309.9,2.02,0.04,2.02,40.73434,-111.87210,21.1,48.8,877.3,149.08,2.7
42660.0,1310.0,2.12,0.04,2.12,40.73434,-111.87210,21.2,48.5,877.3,159.47,1.6
42720.0,1310.0,2.40,0.04,2.40,40.73434,-111.87210,21.2,48.2,877.3,167.54,1.7
42780.0,1309.9,2.03,0.04,2.03,40.73434,-111.87210,21.3,48.5,877.3,187.37,2.4
42840.0,1310.0,2.27,0.04,2.27,40.73434,-111.87210,21.4,48.2,877.4,188.91,2.9
42900.0,1310.0,2.51,0.05,2.51,40.73434,-111.87210,21.3,48.2,877.4,157.65,4.0
42960.0,1310.0,2.67,0.05,2.67,40.73434,-111.87210,21.4,48.2,877.3,160.21,2.6
43020.0,1310.1,2.24,0.05,2.24,40.73434,-111.87210,21.4,48.1,877.3,188.91,2.5
43080.0,1310.8,1.77,0.05,1.77,40.73434,-111.87210,21.4,47.9,877.3,165.74,2.8
43140.0,1310.2,1.66,0.05,1.66,40.73434,-111.87210,21.4,47.6,877.3,153.13,3.0
43200.0,1310.1,1.19,0.05,1.19,40.73434,-111.87210,21.4,47.5,877.3,143.06,2.6
43260.0,1310.2,0.79,0.04,0.79,40.73434,-111.87210,21.4,47.2,877.3,153.10,2.0
43320.0,1310.2,1.29,0.05,1.29,40.73434,-111.87210,21.5,47.3,877.3,177.06,2.2
43380.0,1310.3,2.21,0.04,2.21,40.73434,-111.87210,21.5,47.2,877.3,160.85,1.8
43440.0,1310.4,2.80,0.05,2.80,40.73434,-111.87210,21.6,47.3,877.3,186.84,1.9
43500.0,1310.4,3.32,0.04,3.32,40.73434,-111.87210,21.6,47.0,877.3,151.45,1.7
43560.0,1310.6,3.36,0.05,3.36,40.73434,-111.87210,21.7,47.0,877.4,161.90,2.1
43620.0,1310.6,2.86,0.05,2.86,40.73434,-111.87210,21.7,47.0,877.4,149.73,2.7
43680.0,1310.5,2.03,0.04,2.03,40.73433,-111.87210,21.6,47.0,877.4,150.05,2.9
43740.0,1310.6,2.01,0.05,2.01,40.73433,-111.87210,21.6,47.1,877.4,189.86,2.1
43800.0,1310.7,2.50,0.05,2.50,40.73433,-111.87210,21.7,47.0,877.4,142.09,1.7
43860.0,1310.7,2.62,0.05,2.62,40.73433,-111.87210,21.7,47.1,877.4,138.01,1.4
43920.0,1310.6,2.34,0.05,2.34,40.73433,-111.87210,21.7,47.0,877.4,131.67,1.9
43980.0,1310.7,2.20,0.05,2.20,40.73433,-111.87210,21.7,46.9,877.4,153.92,1.5
44040.0,1310.8,2.13,0.04,2.13,40.73434,-111.87210,21.7,46.9,877.3,172.81,1.8
44100.0,1310.9,1.89,0.05,1.89,40.73434,-111.87210,21.8,47.0,877.3,160.70,2.1
44160.0,1311.0,1.44,0.04,1.44,40.73434,-111.87210,21.8,47.1,877.3,150.67,2.1
44220.0,1311.1,1.66,0.05,1.66,40.73433,-111.87210,21.7,47.3,877.3,122.17,1.7
44280.0,1311.2,1.74,0.04,1.74,40.73433,-111.87210,21.5,47.5,877.3,120.54,2.8
44340.0,1311.3,1.67,0.04,1.67,40.73433,-111.87210,21.4,47.5,877.3,124.70,2.7
44400.0,1311.2,1.33,0.05,1.33,40.73434,-111.87210,21.5,47.7,877.3,136.93,1.6
44460.0,1311.1,1.50,0.04,1.50,40.73434,-111.87210,21.5,47.5,877.3,144.40,2.2
44520.0,1310.9,1.43,0.04,1.43,40.73434,-111.87210,21.5,47.6,877.3,161.48,2.4
44580.0,1310.7,1.64,0.05,1.64,40.73434,-111.87210,21.5,47.6,877.3,132.92,2.1
44640.0,1310.7,2.02,0.04,2.02,40.73434,-111.87210,21.4,47.9,877.3,132.34,2.1
44700.0,1310.5,1.95,0.04,1.95,40.73434,-111.87210,21.3,48.0,877.2,126.96,2.4
44760.0,1310.4,2.07,0.05,2.07,40.73434,-111.87211,21.3,47.9,877.2,124.78,2.5
44820.0,1310.2,2.13,0.05,2.13,40.73434,-111.87211,21.3,48.0,877.2,146.06,1.9
44880.0,1309.9,2.57,0.05,2.57,40.73434,-111.87211,21.3,47.8,877.3,150.53,1.7
44940.0,1309.8,1.95,0.05,1.95,40.73434,-111.87210,21.3,48.0,877.3,120.28,2.5
45000.0,1310.0,2.22,0.05,2.22,40.73434,-111.87210,21.2,48.1,877.2,129.39,2.7
45060.0,1309.8,2.46,0.04,2.46,40.73434,-111.87211,21.3,48.0,877.1,131.60,1.9
45120.0,1309.8,2.58,0.06,2.58,40.73434,-111.87211,21.2,48.0,877.1,122.08,1.5
45180.0,1309.7,2.47,0.06,2.47,40.73434,-111.87210,21.2,48.3,877.1,148.73,2.1
45240.0,1310.0,2.93,0.05,2.93,40.73434,-111.87210,21.3,47.9,877.1,175.62,1.4
45300.0,1310.2,2.60,0.04,2.60,40.73434,-111.87210,21.4,47.8,877.1,168.66,1.7
45360.0,1310.3,2.17,0.05,2.17,40.73434,-111.87210,21.4,47.7,877.1,142.45,2.5
45420.0,1309.9,2.11,0.06,2.11,40.73434,-111.87210,21.4,47.9,877.1,140.77,1.9
45480.0,1310.1,2.26,0.05,2.26,40.73434,-111.87210,21.4,47.9,877.0,159.57,1.5
45540.0,1310.0,2.38,0.05,2.38,40.73434,-111.87210,21.5,47.8,877.0,171.96,1.6
45600.0,1309.9,1.88,0.05,1.88,40.73434,-111.87210,21.5,48.0,877.0,177.91,1.8
45660.0,1309.9,2.08,0.04,2.08,40.73434,-111.87210,21.5,47.9,877.0,184.62,1.2
45720.0,1309.9,2.32,0.05,2.32,40.73434,-111.87210,21.6,47.8,876.9,185.27,0.8
45780.0,1309.9,2.72,0.05,2.72,40.73434,-111.87210,21.6,47.3,876.9,142.84,1.0
45840.0,1309.9,2.62,0.05,2.62,40.73434,-111.87210,21.6,47.1,877.0,105.86,1.0
45900.0,1309.9,2.56,0.05,2.56,40.73434,-111.87210,21.6,47.0,877.0,117.45,0.4
45960.0,1309.8,2.70,0.04,2.70,40.73434,-111.87210,21.6,46.8,877.0,161.29,0.8
46020.0,1309.7,3.14,0.04,3.14,40.73434,-111.87210,21.5,45.7,877.0,130.06,1.8
46080.0,1309.6,2.96,0.04,2.96,40.73434,-111.87210,21.4,46.4,877.0,96.15,1.2
46140.0,1309.5,3.40,0.05,3.40,40.73434,-111.87210,21.4,46.2,877.0,108.83,0.8
46200.0,1309.5,3.08,0.05,3.08,40.73434,-111.87210,21.4,45.8,877.0,78.25,0.6
46260.0,1309.4,2.77,0.05,2.77,40.73434,-111.87210,21.3,44.7,876.9,106.56,1.7
46320.0,1309.4,2.57,0.04,2.57,40.73434,-111.87210,21.3,43.5,876.9,109.62,1.7
46380.0,1309.4,2.56,0.06,2.56,40.73434,-111.87210,21.3,43.3,876.9,117.25,3.6
46440.0,1309.3,2.37,0.05,2.37,40.73434,-111.87211,21.2,43.0,876.9,121.02,3.1
46500.0,1309.3,1.73,0.04,1.73,40.73434,-111.87211,21.3,43.0,876.9,126.84,2.8
46560.0,1309.1,1.73,0.05,1.73,40.73434,-111.87211,21.3,43.0,876.9,129.30,2.2
46620.0,1308.9,2.25,0.05,2.25,40.73434,-111.87210,21.3,43.5,877.0,126.26,2.7
46680.0,1309.0,2.59,0.05,2.59,40.73434,-111.87211,21.3,43.1,877.0,128.14,2.7
46740.0,1309.2,2.36,0.06,2.36,40.73434,-111.87211,21.3,42.9,877.0,124.55,2.6
46800.0,1309.1,2.10,0.05,2.10,40.73434,-111.87211,21.3,43.0,877.0,127.82,2.1
46860.0,1309.0,1.63,0.05,1.63,40.73434,-111.87211,21.3,42.7,877.0,131.46,2.1
46920.0,1309.0,1.99,0.05,1.99,40.73434,-111.87211,21.3,43.1,877.0,119.51,3.6
46980.0,1308.9,1.60,0.05,1.60,40.73434,-111.87211,21.2,42.8,877.0,116.59,4.1
47040.0,1308.8,1.46,0.05,1.46,40.73434,-111.87211,21.2,42.9,876.9,113.06,3.4
47100.0,1308.8,2.17,0.05,2.17,40.73434,-111.87211,21.2,42.9,876.9,110.85,2.5
47160.0,1308.8,2.56,0.05,2.56,40.73434,-111.87211,21.2,42.8,876.9,112.67,2.3
47220.0,1308.8,2.55,0.05,2.55,40.73434,-111.87211,21.2,42.6,876.8,115.68,3.3
47280.0,1308.8,1.91,0.05,1.91,40.73434,-111.87211,21.2,42.6,876.8,110.62,3.9
47340.0,1308.7,1.22,0.05,1.22,40.73434,-111.87211,21.2,42.4,876.8,102.94,2.1
47400.0,1308.7,0.91,0.05,0.91,40.73434,-111.87211,21.2,42.4,876.9,107.87,2.9
47460.0,1308.8,0.90,0.05,0.90,40.73434,-111.87211,21.3,42.5,876.9,117.91,2.6
47520.0,1308.8,0.86,0.05,0.86,40.73433,-111.87211,21.3,42.4,877.0,114.31,3.0
47580.0,1308.9,1.26,0.05,1.26,40.73433,-111.87211,21.2,42.6,876.9,116.44,4.0
47640.0,1308.9,0.85,0.05,0.85,40.73433,-111.87211,21.3,42.5,877.0,113.50,2.9
47700.0,1308.9,1.02,0.05,1.02,40.73433,-111.87211,21.3,42.6,876.9,121.79,3.0
47760.0,1308.8,0.90,0.05,0.90,40.73433,-111.87211,21.2,42.7,877.0,120.58,3.5
47820.0,1308.8,1.08,0.06,1.08,40.73434,-111.87211,21.3,42.8,876.9,128.35,3.2
47880.0,1308.9,0.96,0.05,0.96,40.73434,-111.87211,21.3,42.7,876.9,114.59,3.4
47940.0,1309.2,0.82,0.06,0.82,40.73434,-111.87211,21.3,42.5,876.9,118.17,2.9
48000.0,1309.4,1.74,0.06,1.74,40.73434,-111.87211,21.3,42.4,876.9,115.34,2.3
48060.0,1309.6,1.41,0.05,1.41,40.73434,-111.87211,21.3,42.4,876.9,106.77,2.6
48120.0,1309.7,1.52,0.05,1.52,40.73434,-111.87211,21.2,42.4,877.0,114.82,4.6
48180.0,1310.2,1.84,0.05,1.84,40.73434,-111.87211,21.2,42.3,876.9,117.85,4.5
48240.0,1310.5,2.52,0.05,2.52,40.73434,-111.87211,21.3,42.4,876.9,118.56,4.2
48300.0,1310.6,2.39,0.05,2.39,40.73434,-111.87211,21.3,42.3,876.9,117.34,3.9
48360.0,1310.5,2.73,0.05,2.73,40.73434,-111.87211,21.3,42.2,877.0,115.25,2.5
48420.0,1310.5,2.76,0.05,2.76,40.73434,-111.87211,21.3,42.4,877.0,121.05,2.8
48480.0,1310.5,2.40,0.05,2.40,40.73434,-111.87211,21.3,42.7,877.0,114.54,3.3
48540.0,1310.6,3.19,0.05,3.19,40.73434,-111.87211,21.3,42.8,876.9,121.28,3.3
48600.0,1310.7,3.45,0.06,3.45,40.73434,-111.87211,21.3,42.6,876.9,114.71,2.4
48660.0,1311.0,3.75,0.06,3.75,40.73434,-111.87211,21.3,42.5,876.8,117.59,3.0
48720.0,1311.0,3.34,0.06,3.34,40.73434,-111.87211,21.2,42.4,876.8,110.63,3.0
48780.0,1311.3,3.52,0.06,3.52,40.73434,-111.87211,21.3,42.4,876.8,127.45,3.8
48840.0,1311.6,3.38,0.07,3.38,40.73434,-111.87211,21.3,42.3,876.9,123.53,3.3
48900.0,1311.6,3.46,0.05,3.46,40.73434,-111.87211,21.3,42.6,876.9,131.78,4.1
48960.0,1311.8,3.06,0.06,3.06,40.73434,-111.87211,21.3,42.8,876.9,136.77,3.4
49020.0,1311.4,3.40,0.06,3.40,40.73434,-111.87211,21.3,42.9,876.9,130.45,2.9
49080.0,1311.3,3.47,0.06,3.47,40.73434,-111.87211,21.4,43.2,876.9,115.44,2.4
49140.0,1311.3,3.02,0.06,3.02,40.73434,-111.87211,21.4,43.3,876.9,109.69,2.4
49200.0,1311.4,3.20,0.06,3.20,40.73434,-111.87211,21.4,43.5,876.9,130.32,2.4
49260.0,1311.6,3.10,0.06,3.10,40.73434,-111.87211,21.4,43.3,876.8,123.32,4.3
49320.0,1311.4,2.48,0.07,2.48,40.73434,-111.87211,21.4,42.4,876.8,110.59,2.9
49380.0,1311.3,2.31,0.06,2.31,40.73434,-111.87211,21.5,42.7,876.8,115.79,3.2
49440.0,1311.1,2.12,0.05,2.12,40.73434,-111.87211,21.7,42.2,876.9,137.18,2.2
49500.0,1311.2,2.45,0.05,2.45,40.73434,-111.87211,21.7,42.6,876.9,126.61,3.5
49560.0,1311.6,3.03,0.05,3.03,40.73434,-111.87211,21.8,42.7,877.0,133.18,2.9
49620.0,1311.4,2.94,0.05,2.94,40.73434,-111.87210,21.9,42.9,877.0,153.67,3.4
49680.0,1311.7,2.85,0.06,2.85,40.73434,-111.87210,22.0,44.9,877.0,165.51,2.9
49740.0,1311.5,2.68,0.06,2.68,40.73434,-111.87210,22.2,44.8,877.0,172.27,2.1
49800.0,1311.2,2.34,0.06,2.34,40.73434,-111.87210,22.4,43.0,877.0,121.18,1.4
49860.0,1311.1,2.42,0.06,2.42,40.73434,-111.87210,22.7,43.8,877.0,119.91,2.3
49920.0,1310.8,2.46,0.06,2.46,40.73434,-111.87210,22.9,43.4,877.1,142.31,2.5
49980.0,1310.7,2.88,0.06,2.88,40.73434,-111.87210,23.3,43.5,877.1,140.19,2.1
