CampaignData_and_Merges/R0/CSL_MobileLab_Parked/raw/20240812/USOS-NOAAIodideCIMS-Halogens_MobileLabGround_20240812_RA.ict
38, 1001
Michael A Robinson, Chris Jernigan, Subi Thakali
NOAA ESRL Chemical Sciences Laboratory and CIRES, U. of Colorado
NOAA Iodide CIMS Instrument
USOS
1, 1
2024, 08, 12, 2024, 08, 13
1
starttime_UTC, seconds_past_midnight, seconds_of_day_since_00:00:00_UTC
6
1, 1, 1, 1, 1, 1
-9999, -9999, -9999, -9999, -9999, -9999
Br2_NOAACIMS, pptv, Gas_Br2_InSitu_S_AVMR, 
BrO_NOAACIMS, pptv, Gas_BrO_InSitu_S_AVMR, 
Cl2_NOAACIMS, pptv, Gas_Cl2_InSitu_S_AVMR, 
ClNO2_NOAACIMS, pptv, Gas_ClNO2_InSitu_S_AVMR, 
BrCl_NOAACIMS, pptv, Gas_BrCl_InSitu_S_AVMR, 
NCl3_NOAACIMS, pptv, Gas_NCl3_InSitu_S_AVMR, 
0
18
PI_CONTACT_INFO: 325 Broadway, R/CSD 7, Boulder, Colorado 80305; michael.a.robinson@noaa.gov; chris.jernigan@noaa.gov;
PLATFORM: NOAA CSL Mobile Lab
LOCATION: SLC, Utah
ASSOCIATED_DATA: 1Hz data also available on request.
INSTRUMENT_INFO: NOAA I- ToF CIMS
DATA_INFO: All data in parts per trillion by volume (pptv). 1 Hz data is available upon request.
UNCERTAINTY: TBD
ULOD_FLAG: -7777
ULOD_VALUE: N/A
LLOD_FLAG: -8888
LLOD_VALUE: N/A
DM_CONTACT_INFO: Nathan Howard; nathan.h.howard@noaa.gov
PROJECT_INFO: USOS, summer 2024. https://csl.noaa.gov/groups/csl7/measurements/2024usos/
STIPULATIONS_ON_USE: Users are strongly encouraged to contact the PI for proper data usage.
OTHER_COMMENTS: 
REVISION: RA
RA: Preliminary Data; For in-field use only
starttime_UTC, Br2_NOAACIMS, BrO_NOAACIMS, Cl2_NOAACIMS, ClNO2_NOAACIMS, BrCl_NOAACIMS, NCl3_NOAACIMS
[from data line 853]
 51180,  0.666, -9999.000,  0.337,  0.240,  0.151,  0.133
 51240,  0.658, -9999.000,  0.415,  0.303,  0.154,  0.286
 51300,  0.673, -9999.000,  0.290,  0.286,  0.164,  0.180
 51360,  0.679, -9999.000,  0.292,  0.265,  0.124,  0.206
 51420,  0.710, -9999.000,  0.273,  0.300,  0.115,  0.204
 51480,  0.623, -9999.000,  0.317,  0.262,  0.112,  0.232
 51540,  0.623, -9999.000,  0.284,  0.253,  0.146,  0.184
 51600,  0.632, -9999.000,  0.391,  0.351,  0.140,  0.177
 51660,  0.647, -9999.000,  0.304,  0.344,  0.137,  0.160
 51720,  0.544, -9999.000,  0.323,  0.336,  0.145,  0.123
 51780,  0.589, -9999.000,  0.392,  0.357,  0.182,  0.149
 51840,  0.553, -9999.000,  0.384,  0.374,  0.141,  0.203
 51900,  0.632, -9999.000,  0.305,  0.368,  0.108,  0.146
 51960,  0.770, -9999.000,  0.260,  0.301,  0.164,  0.217
 52020,  0.760, -9999.000,  0.409,  0.360,  0.192,  3.422
 52080,  0.676, -9999.000,  0.389,  0.312,  0.163,  1.313
 52140,  0.657, -9999.000,  0.277,  0.305,  0.129,  0.274
 52200,  0.648, -9999.000,  0.302,  0.271,  0.148,  0.220
 52260,  0.942, -9999.000,  0.636,  0.441,  0.462, 14.497
 52320, -9999.000, -9999.000, -9999.000, -9999.000, -9999.000, -9999.000
 52380,  0.671, -9999.000,  0.326,  0.458,  0.136,  1.827
 52440,  0.684, -9999.000,  0.291,  0.241,  0.162,  0.234
 52500,  0.685, -9999.000,  0.329,  0.258,  0.099,  0.191
 52560,  0.681, -9999.000,  0.301,  0.292,  0.158,  0.205
 52620,  0.560, -9999.000,  0.258,  0.217,  0.134,  0.245
 52680,  0.876, -9999.000,  0.233,  0.278,  0.112,  0.600
 52740,  0.825, -9999.000,  0.276,  0.225,  0.130,  0.153
 52800,  0.751, -9999.000,  0.242,  0.195,  0.156,  0.183
 52860,  0.710, -9999.000,  0.221,  0.221,  0.134,  0.199
 52920,  0.689, -9999.000,  0.250,  0.243,  0.135,  0.185
 52980,  0.744, -9999.000,  0.256,  0.205,  0.141,  0.194
 53040,  0.756, -9999.000,  0.247,  0.192,  0.121,  0.237
 53100,  0.768, -9999.000,  0.291,  0.190,  0.135,  0.374
 53160,  0.768, -9999.000,  0.314,  0.182,  0.128,  0.334
 53220,  0.737, -9999.000,  0.242,  0.184,  0.119,  0.539
 53280,  0.712, -9999.000,  0.339,  0.220,  0.145,  0.623
 53340,  0.557, -9999.000,  0.304,  0.204,  0.168,  0.575
 53400,  0.668, -9999.000,  0.348,  0.216,  0.124,  0.557
 53460,  0.728, -9999.000,  0.309,  0.170,  0.141,  0.404
 53520,  0.702, -9999.000,  0.302,  0.202,  0.163,  0.857
 53580,  0.657, -9999.000,  0.292,  0.150,  0.123,  0.172
 53640,  0.667, -9999.000,  0.290,  0.159,  0.123,  0.185
 53700,  0.718, -9999.000,  0.371,  0.161,  0.128,  0.324
 53760,  0.660, -9999.000,  0.299,  0.159,  0.145,  0.454
 53820,  0.671, -9999.000,  0.351,  0.210,  0.097,  0.305
 53880,  0.757, -9999.000,  0.317,  0.208,  0.122,  0.368
 53940,  0.714, -9999.000,  0.252,  0.182,  0.138,  0.254
 54000,  0.752, -9999.000,  0.361,  0.172,  0.128,  0.576
 54060,  0.753, -9999.000,  0.372,  0.188,  0.115,  0.478
 54120,  0.661, -9999.000,  0.343,  0.181,  0.128,  0.389
 54180,  0.600, -9999.000,  0.290,  0.238,  0.109,  0.359
 54240,  0.656, -9999.000,  0.336,  0.183,  0.129,  0.289
 54300,  0.773, -9999.000,  0.350,  0.236,  0.165,  0.318
 54360,  0.695, -9999.000,  0.352,  0.241,  0.084,  0.221
 54420, -9999.000, -9999.000,  0.338,  0.248,  0.146,  0.216
 54480, -9999.000, -9999.000,  0.301,  0.260,  0.104,  0.106
 54540, -9999.000, -9999.000,  0.241,  0.258,  0.115,  0.023
 54600, -9999.000, -9999.000,  0.229,  0.201,  0.098,  0.054
 54660, -9999.000, -9999.000,  0.232,  0.197,  0.141,  0.080
 54720, -9999.000, -9999.000,  0.265,  0.154,  0.135,  0.175
 54780, -9999.000, -9999.000,  0.196,  0.162,  0.125,  0.517
 54840, -9999.000, -9999.000,  0.218,  0.131,  0.114,  0.685
 54900, -9999.000, -9999.000,  0.245,  0.162,  0.115,  0.159
 54960, -9999.000, -9999.000,  0.218,  0.154,  0.108,  0.023
 55020, -9999.000, -9999.000,  0.231,  0.113,  0.080,  0.036
 55080, -9999.000, -9999.000,  0.210,  0.140,  0.067, -0.029
 55140, -9999.000, -9999.000,  0.166,  0.103,  0.076, -0.059
 55200, -9999.000, -9999.000,  0.148,  0.118,  0.091, -0.022
 55260, -9999.000, -9999.000,  0.143,  0.119,  0.117, -0.064
 55320, -9999.000, -9999.000,  0.158,  0.114,  0.015,  0.086
 55380, -9999.000, -9999.000,  0.076,  0.105,  0.010,  0.100
 55440, -9999.000, -9999.000,  0.131,  0.124,  0.063,  0.445
 55500, -9999.000, -9999.000,  0.114,  0.103,  0.038,  0.510
 55560, -9999.000, -9999.000,  0.174,  0.134,  0.058,  0.688
 55620, -9999.000, -9999.000,  0.155,  0.073, -0.005,  1.098
 55680, -9999.000, -9999.000, -9999.000, -9999.000, -9999.000, -9999.000
 55740, -9999.000, -9999.000, -9999.000, -9999.000, -9999.000, -9999.000
 55800, -9999.000, -9999.000, -9999.000, -9999.000, -9999.000, -9999.000
 55860, -9999.000, -9999.000, -9999.000, -9999.000, -9999.000, -9999.000
 55920, -9999.000, -9999.000, -9999.000, -9999.000, -9999.000, -9999.000
 55980, -9999.000, -9999.000, -9999.000, -9999.000, -9999.000, -9999.000
 56040, -9999.000, -9999.000, -9999.000, -9999.000, -9999.000, -9999.000
 56100, -9999.000, -9999.000, -9999.000, -9999.000, -9999.000, -9999.000
 56160, -9999.000, -9999.000, -9999.000, -9999.000, -9999.000, -9999.000
 56220, -9999.000, -9999.000, -9999.000, -9999.000, -9999.000, -9999.000
 56280, -9999.000, -9999.000, -9999.000, -9999.000, -9999.000, -9999.000
 56340, -9999.000, -9999.000, -9999.000, -9999.000, -9999.000, -9999.000
 56400, -9999.000, -9999.000, -9999.000, -9999.000, -9999.000, -9999.000
 56460, -9999.000, -9999.000, -9999.000, -9999.000, -9999.000, -9999.000
 56520, -9999.000, -9999.000, -9999.000, -9999.000, -9999.000, -9999.000
 56580, -9999.000, -9999.000, -9999.000, -9999.000, -9999.000, -9999.000
 56640, -9999.000, -9999.000, -9999.000, -9999.000, -9999.000, -9999.000
 56700, -9999.000, -9999.000, -9999.000, -9999.000, -9999.000, -9999.000
 56760, -9999.000, -9999.000, -9999.000, -9999.000, -9999.000, -9999.000
 56820, -9999.000, -9999.000, -9999.000, -9999.000, -9999.000, -9999.000
 56880, -9999.000, -9999.000, -9999.000, -9999.000, -9999.000, -9999.000
 56940, -9999.000, -9999.000, -9999.000, -9999.000, -9999.000, -9999.000
 57000, -9999.000, -9999.000, -9999.000, -9999.000, -9999.000, -9999.000
 57060, -9999.000, -9999.000, -9999.000, -9999.000, -9999.000, -9999.000
 57120, -9999.000, -9999.000, -9999.000, -9999.000, -9999.000, -9999.000
 57180, -9999.000, -9999.000, -9999.000, -9999.000, -9999.000, -9999.000
 57240, -9999.000, -9999.000, -9999.000, -9999.000, -9999.000, -9999.000
 57300, -9999.000, -9999.000, -9999.000, -9999.000, -9999.000, -9999.000
 57360, -9999.000, -9999.000, -9999.000, -9999.000, -9999.000, -9999.000
 57420, -9999.000, -9999.000, -9999.000, -9999.000, -9999.000, -9999.000
 57480, -9999.000, -9999.000, -9999.000, -9999.000, -9999.000, -9999.000
 57540, -9999.000,  0.090, -9999.000,  0.065, -9999.000, -0.273
 57600, -9999.000,  0.274, -9999.000,  0.056, -9999.000, -0.021
 57660, -9999.000,  0.057, -9999.000,  0.029, -9999.000, -0.125
 57720, -9999.000, -9999.000, -9999.000, -9999.000, -9999.000, -9999.000
 57780, -9999.000, -9999.000, -9999.000, -9999.000, -9999.000, -9999.000
 57840, -9999.000,  0.036, -9999.000,  0.103, -9999.000, -0.123
 57900, -9999.000,  0.076, -9999.000,  0.152,  0.098, -0.030
 57960, -9999.000,  0.043, -9999.000,  0.142,  0.013,  0.009
 58020, -9999.000,  0.068, -9999.000,  0.158, -0.025, -0.024
 58080, -9999.000,  0.046, -9999.000,  0.159, -0.011, -0.096
 58140, -9999.000,  0.086, -9999.000,  0.145,  0.031, -0.034
 58200, -9999.000,  0.060, -9999.000,  0.130,  0.041,  0.022
 58260, -9999.000,  0.110, -9999.000,  0.136,  0.053,  0.018
 58320, -9999.000,  0.012, -9999.000,  0.122,  0.004, -0.042
 58380, -9999.000,  0.059, -9999.000,  0.175,  0.046,  0.014
 58440, -9999.000,  0.047, -9999.000,  0.181,  0.088, -0.027
 58500, -9999.000,  0.089, -9999.000,  0.167,  0.053,  0.048
 58560, -9999.000,  0.030, -9999.000,  0.134,  0.068,  0.003
 58620,  0.618,  0.048, -9999.000,  0.121,  0.021, -0.017
 58680,  1.058,  0.059, -9999.000,  0.159,  0.144,  0.035
 58740,  0.971,  0.046, -9999.000,  0.145,  0.058,  0.049
 58800,  1.097,  0.106, -9999.000,  0.141,  0.075,  0.068
 58860,  1.191,  0.084, -9999.000,  0.111,  0.120,  0.067
 58920,  1.109,  0.102,  0.330,  0.150,  0.149,  0.048
 58980,  1.025,  0.064,  0.289,  0.181,  0.122,  0.071
 59040,  1.097,  0.085,  0.278,  0.124,  0.063,  0.043
 59100,  1.235,  0.051,  0.299,  0.119,  0.112,  0.027
 59160,  1.115,  0.065,  0.273,  0.116,  0.106,  0.067
 59220,  1.180,  0.118,  0.357,  0.098,  0.123,  0.086
 59280,  1.223,  0.071,  0.343,  0.151,  0.108,  0.067
 59340,  1.249,  0.041,  0.398,  0.160,  0.089,  0.166
 59400,  1.043,  0.052,  0.342,  0.142,  0.124,  0.134
 59460,  1.272,  0.068,  0.296,  0.133,  0.146,  0.158
 59520,  0.686,  0.054,  0.267,  0.114,  0.060,  0.049
 59580,  0.698,  0.025,  0.428,  0.117,  0.063,  0.070
 59640, -9999.000, -9999.000, -9999.000, -9999.000, -9999.000, -9999.000
 59700,  0.457,  0.018,  0.238,  0.087,  0.041,  0.014
 59760,  0.804,  0.081,  0.300,  0.085,  0.076,  0.078
 59820,  0.618,  0.067,  0.361,  0.101,  0.068,  0.064
 59880,  0.481,  0.013,  0.303,  0.122,  0.062,  0.159
 59940,  0.868,  0.033,  0.359,  0.098,  0.080,  0.143
 60000,  1.264,  0.046,  0.360,  0.116,  0.173,  0.188
 60060,  1.233,  0.082,  0.344,  0.127,  0.152,  0.123
 60120,  1.247,  0.097,  0.333,  0.152,  0.157,  0.089
 60180,  1.251,  0.061,  0.349,  0.101,  0.133,  0.075
 60240,  1.247,  0.061,  0.353,  0.132,  0.146,  0.124
 60300,  1.095,  0.063,  0.365,  0.075,  0.158,  0.105
 60360,  1.258,  0.122,  0.385,  0.128,  0.173,  0.061
 60420,  1.087,  0.074,  0.370,  0.109,  0.148,  0.048
 60480,  1.107,  0.038,  0.373,  0.126,  0.129,  0.041
 60540,  1.133,  0.030,  0.388,  0.114,  0.121,  0.035
 60600,  1.142,  0.025,  0.372,  0.120,  0.169,  0.060
 60660,  1.053,  0.054,  0.370,  0.127,  0.168,  0.038
 60720,  1.197,  0.056,  0.370,  0.087,  0.137,  0.016
 60780,  1.061,  0.047,  0.369,  0.093,  0.115, -0.016
 60840,  1.029,  0.002,  0.418,  0.106,  0.141,  0.039
 60900,  1.138,  0.015,  0.449,  0.116,  0.151,  0.088
 60960,  1.077, -0.023,  0.470,  0.098,  0.170,  0.064
 61020,  0.996,  0.064,  0.440,  0.093,  0.133, -0.002
 61080,  1.060,  0.034,  0.493,  0.086,  0.126,  0.081
 61140,  0.910,  0.046,  0.424,  0.082,  0.160,  0.022
 61200,  0.916, -0.007,  0.378,  0.084,  0.112, -0.002
 61260,  0.911,  0.002,  0.406,  0.081,  0.149, -0.013
 61320,  0.806, -0.016,  0.374,  0.093,  0.141, -0.041
 61380,  0.828,  0.074,  0.426,  0.107,  0.144,  0.138
 61440,  0.931,  0.021,  0.522,  0.095,  0.118,  0.012
 61500, -9999.000, -9999.000, -9999.000, -9999.000, -9999.000, -9999.000
 61560,  0.980, -0.002,  0.467,  0.094,  0.100,  0.027
 61620,  0.854, -0.010,  0.474,  0.086,  0.108,  0.028
 61680,  0.941,  0.006,  0.473,  0.076,  0.130, -0.008
 61740,  0.874, -0.035,  0.524,  0.086,  0.126, -0.050
 61800,  0.862,  0.060,  0.492,  0.090,  0.154,  0.072
 61860,  0.928, -0.034,  0.521,  0.110,  0.122,  0.003
 61920,  0.849, -0.004,  0.591,  0.125,  0.116, -0.004
 61980,  0.918, -0.074,  0.479,  0.099,  0.129,  0.045
 62040,  0.896,  0.004,  0.574,  0.101,  0.127, -0.012
 62100,  0.844, -0.035,  0.526,  0.080,  0.094, -0.037
 62160,  0.933, -0.041,  0.489,  0.098,  0.131, -0.035
 62220,  0.859, -0.061,  0.525,  0.109,  0.142,  0.019
 62280,  0.915,  0.007,  0.548,  0.113,  0.124, -0.020
 62340,  0.821, -0.044,  0.428,  0.092,  0.148,  0.063
 62400,  0.813, -0.001,  0.454,  0.092,  0.146, -0.029
 62460,  0.821, -0.032,  0.346,  0.073,  0.142, -0.036
 62520,  0.801,  0.045,  0.437,  0.096,  0.134, -0.004
 62580,  0.871, -0.032,  0.426,  0.088,  0.109,  0.014
 62640,  0.775,  0.002,  0.444,  0.124,  0.106,  0.016
 62700,  0.935, -0.042,  0.379,  0.072,  0.164,  0.025
 62760,  0.856, -0.057,  0.536,  0.085,  0.130,  0.034
 62820,  0.846, -0.064,  0.483,  0.098,  0.115,  0.121
 62880,  0.879,  0.007,  0.541,  0.094,  0.107,  0.081
 62940,  0.845, -0.081,  0.460,  0.096,  0.124,  0.081
 63000,  0.827, -0.048,  0.436,  0.054,  0.107,  0.084
 63060,  0.849, -0.040,  0.532,  0.092,  0.121,  0.134
 63120,  0.878, -0.004,  0.441,  0.068,  0.166,  0.067
 63180,  0.874, -0.054,  0.478,  0.083,  0.122,  0.060
 63240,  0.906, -0.064,  0.483,  0.078,  0.140,  0.105
 63300,  1.023, -0.038,  0.428,  0.058,  0.190,  0.109
 63360, -9999.000, -9999.000, -9999.000, -9999.000, -9999.000, -9999.000
 63420,  0.930, -0.035,  0.544,  0.105,  0.151,  0.103
 63480,  0.882, -0.032,  0.435,  0.084,  0.112,  0.159
 63540,  0.785, -0.021,  0.387,  0.103,  0.114,  0.035
 63600,  0.915, -0.029,  0.477,  0.090,  0.141,  0.096
 63660,  0.977, -0.011,  0.505,  0.138,  0.150,  0.132
 63720,  0.934, -0.070,  0.446,  0.087,  0.130,  0.041
 63780,  0.791, -0.038,  0.496,  0.080,  0.164,  0.131
 63840,  0.886, -0.058,  0.491,  0.084,  0.139,  0.148
 63900,  0.939, -0.033,  0.550,  0.093,  0.128,  0.074
 63960,  0.815, -0.034,  0.439,  0.049,  0.112,  0.060
 64020,  0.953, -0.009,  0.374,  0.078,  0.162,  0.072
 64080,  0.877, -0.029,  0.452,  0.068,  0.149,  0.106
 64140,  0.828,  0.014,  0.517,  0.093,  0.121,  0.048
 64200,  0.903,  0.006,  0.580,  0.123,  0.133,  0.066
 64260,  0.934,  0.044,  0.602,  0.105,  0.182,  0.078
 64320,  0.889, -0.001,  0.441,  0.087,  0.131,  0.056
 64380,  0.952, -0.055,  0.443,  0.065,  0.173,  0.035
 64440,  0.869, -0.017,  0.521,  0.119,  0.153,  0.039
 64500,  0.895, -0.050,  0.485,  0.077,  0.154,  0.004
 64560,  0.925,  0.002,  0.509,  0.104,  0.149,  0.047
 64620,  0.949,  0.003,  0.616,  0.113,  0.122,  0.086
 64680,  0.863, -0.031,  0.536,  0.093,  0.154,  0.012
 64740,  0.903, -0.052,  0.530,  0.098,  0.147,  0.031
 64800,  0.877, -0.019,  0.486,  0.062,  0.149,  0.039
 64860,  0.977, -0.022,  0.495,  0.104,  0.178,  0.011
 64920,  0.850,  0.037,  0.514,  0.095,  0.183, -0.001
 64980,  0.888,  0.034,  0.516,  0.078,  0.161,  0.021
 65040,  0.884,  0.015,  0.530,  0.066,  0.145,  0.041
 65100,  0.908,  0.063,  0.601,  0.110,  0.151, -0.003
 65160,  0.864, -0.001,  0.399,  0.058,  0.186,  0.082
 65220,  0.855,  0.103,  0.620,  0.049,  0.200,  0.134
 65280,  0.936, -0.007,  0.543,  0.097,  0.156,  0.007
 65340,  0.882, -0.028,  0.624,  0.125,  0.182,  0.097
 65400,  0.786, -0.018,  0.533,  0.095,  0.121,  0.016
 65460,  0.874,  0.053,  0.537,  0.079,  0.110,  0.013
 65520,  0.855,  0.020,  0.506,  0.066,  0.149,  0.091
 65580,  0.934, -0.044,  0.580,  0.091,  0.180,  0.039
 65640,  0.898, -0.021,  0.486,  0.076,  0.160, -0.003
 65700,  0.979,  0.047,  0.620,  0.088,  0.197,  0.059
 65760,  1.010, -0.025,  0.569,  0.047,  0.184,  0.111
 65820,  0.776,  0.018,  0.556,  0.081,  0.165,  0.015
 65880,  0.832, -0.031,  0.588,  0.066,  0.151,  0.035
 65940,  0.891,  0.075,  0.586,  0.074,  0.145,  0.034
 66000,  0.934,  0.044,  0.538,  0.067,  0.145,  0.028
 66060,  0.942, -0.017,  0.590,  0.075,  0.180,  0.046
 66120,  0.817, -0.017,  0.496,  0.068,  0.179,  0.049
 66180,  0.837, -0.011,  0.582,  0.071,  0.171,  0.027
 66240,  1.037, -0.020,  0.610,  0.087,  0.147,  0.017
 66300,  0.750, -0.016,  0.642,  0.094,  0.154,  0.113
 66360,  0.936,  0.013,  0.617,  0.088,  0.163,  0.019
 66420,  0.825,  0.024,  0.594,  0.081,  0.141,  0.114
 66480,  0.885,  0.056,  0.540,  0.129,  0.165,  0.025
 66540,  0.908, -0.011,  0.513,  0.095,  0.174,  0.079
 66600,  0.956, -0.018,  0.594,  0.078,  0.143,  0.020
 66660,  0.898,  0.057,  0.476,  0.081,  0.177,  0.032
 66720,  0.798,  0.025,  0.479,  0.093,  0.166,  0.050
 66780,  0.830,  0.081,  0.466,  0.087,  0.140,  0.018
 66840,  0.864,  0.006,  0.455,  0.093,  0.159,  0.075
 66900,  1.019, -0.055,  0.628,  0.099,  0.170,  0.083
 66960,  0.910, -0.007,  0.624,  0.079,  0.156,  0.083
 67020, -9999.000, -9999.000, -9999.000, -9999.000, -9999.000, -9999.000
 67080,  1.105,  0.014,  0.547,  0.065,  0.143,  0.130
 67140,  0.925,  0.031,  0.555,  0.084,  0.136,  0.034
 67200,  0.864, -0.021,  0.504,  0.082,  0.168,  0.040
 67260,  0.946, -0.003,  0.516,  0.105,  0.148,  0.047
 67320,  1.015,  0.010,  0.572,  0.122,  0.132,  0.111
