CampaignData_and_Merges/R0/CSL_MobileLab_Parked/raw/20240812/USOS-NOAAIodideCIMS-PANs_MobileLabGround_20240812_RA.ict
35, 1001
Michael A Robinson, Chris Jernigan, Subi Thakali
NOAA ESRL Chemical Sciences Laboratory and CIRES, U. of Colorado
NOAA Iodide CIMS Instrument
USOS
1, 1
2024, 08, 12, 2024, 08, 13
1
starttime_UTC, seconds_past_midnight, seconds_of_day_since_00:00:00_UTC
3
1, 1, 1
-9999, -9999, -9999
PAN_NOAACIMS, pptv, Gas_PAN_InSitu_S_AVMR, 
APAN_NOAACIMS, pptv, Gas_APAN_InSitu_S_AVMR, 
PPN_NOAACIMS, pptv, Gas_PPN_InSitu_S_AVMR, 
0
18
PI_CONTACT_INFO: 325 Broadway, R/CSD 7, Boulder, Colorado 80305; michael.a.robinson@noaa.gov; chris.jernigan@noaa.gov;
PLATFORM: NOAA CSL Mobile Lab
LOCATION: SLC, Utah
ASSOCIATED_DATA: 1Hz data also available on request.
INSTRUMENT_INFO: NOAA I- ToF CIMS
DATA_INFO: All data in parts per trillion by volume (pptv). 1 Hz data is available upon request.
UNCERTAINTY: TBD
ULOD_FLAG: -7777
ULOD_VALUE: N/A
LLOD_FLAG: -8888
LLOD_VALUE: N/A
DM_CONTACT_INFO: Nathan Howard; nathan.h.howard@noaa.gov
PROJECT_INFO: USOS, summer 2024. https://csl.noaa.gov/groups/csl7/measurements/2024usos/
STIPULATIONS_ON_USE: Users are strongly encouraged to contact the PI for proper data usage.
OTHER_COMMENTS: 
REVISION: RA
RA: Preliminary Data; For in-field use only
starttime_UTC, PAN_NOAACIMS, APAN_NOAACIMS, PPN_NOAACIMS
[from data line 810]
 48600, -9999.000, -9999.000, -9999.000
 48660, 196.455,  2.250, 18.262
 48720, 196.119,  2.432, 17.446
 48780, 206.260,  1.042, 18.330
 48840, 207.906,  2.886, 18.582
 48900, 199.461,  1.475, 19.488
 48960, 200.702,  2.806, 19.232
 49020, 203.178,  2.443, 19.476
 49080, 206.497,  2.035, 19.912
 49140, 208.602,  1.978, 19.870
 49200, 209.326,  2.489, 19.543
 49260, 201.235,  2.923, 17.809
 49320, 199.374,  2.350, 18.044
 49380, 198.448,  1.889, 17.757
 49440, 202.546,  2.477, 19.801
 49500, 208.974,  2.381, 18.783
 49560, 203.191,  2.341, 16.998
 49620, 206.419,  3.215, 19.406
 49680, 224.141,  1.798, 24.889
 49740, 218.442,  3.075, 20.966
 49800, 219.070,  2.396, 20.565
 49860, 212.203,  1.943, 21.047
 49920, 232.469,  2.445, 22.425
 49980, 230.041,  3.510, 23.054
 50040, 222.830,  2.608, 21.683
 50100, 218.178,  1.714, 25.921
 50160, 228.887,  2.888, 25.060
 50220, 227.678,  2.676, 22.652
 50280, 221.875,  3.012, 21.870
 50340, 224.406,  2.157, 24.336
 50400, 227.935,  3.083, 25.459
 50460, -9999.000, -9999.000, -9999.000
 50520, 225.889,  2.583, 21.978
 50580, 232.595,  2.145, 23.414
 50640, 239.556,  3.301, 23.821
 50700, 243.029,  2.773, 25.430
 50760, 220.222,  2.788, 21.910
 50820, 224.683,  3.080, 20.444
 50880, 216.878,  1.818, 19.510
 50940, 217.866,  2.419, 20.126
 51000, 210.659,  2.886, 21.603
 51060, 221.125,  3.175, 22.751
 51120, 218.834,  1.664, 21.859
 51180, 221.948,  2.878, 22.053
 51240, 236.581,  2.815, 25.124
 51300, 237.168,  2.070, 26.715
 51360, 234.157,  3.087, 23.859
 51420, 217.526,  2.402, 21.583
 51480, 209.754,  2.846, 19.620
 51540, 209.809,  3.192, 21.744
 51600, 248.812,  2.681, 29.040
 51660, 249.445,  4.129, 26.895
 51720, 267.308,  3.572, 30.147
 51780, 279.923,  4.147, 32.755
 51840, 273.999,  2.242, 33.186
 51900, 263.644,  2.375, 29.195
 51960, 242.257,  3.398, 24.535
 52020, 239.247,  3.224, 25.769
 52080, 250.358,  3.195, 27.340
 52140, 246.558,  3.015, 26.820
 52200, 252.895,  3.381, 29.333
 52260, 250.998,  4.060, 24.612
 52320, -9999.000, -9999.000, -9999.000
 52380, 236.077,  2.327, 22.186
 52440, 229.304,  3.512, 25.899
 52500, 240.448,  3.618, 25.866
 52560, 249.628,  2.535, 27.108
 52620, 237.943,  2.468, 26.636
 52680, 234.590,  3.068, 24.159
 52740, 230.269,  2.540, 23.375
 52800, 233.601,  2.282, 23.365
 52860, 227.953,  3.611, 21.635
 52920, 229.900,  3.254, 25.604
 52980, 232.014,  2.831, 26.163
 53040, 238.607,  3.082, 23.614
 53100, 241.768,  3.218, 23.539
 53160, 248.421,  2.071, 23.766
 53220, 243.946,  2.850, 22.691
 53280, 242.721,  3.710, 22.198
 53340, 240.503,  2.037, 24.876
 53400, 253.119,  2.122, 24.121
 53460, 243.560,  2.988, 23.759
 53520, 237.374,  2.523, 23.766
 53580, 239.497,  2.635, 21.677
 53640, 236.900,  3.280, 24.539
 53700, 244.736,  2.278, 23.740
 53760, 239.031,  2.687, 23.271
 53820, 237.008,  3.092, 22.146
 53880, 244.806,  3.234, 22.054
 53940, 232.000,  2.825, 23.231
 54000, 242.410,  3.148, 21.522
 54060, 248.180,  3.922, 21.944
 54120, 252.236,  5.163, 21.065
 54180, 247.114,  2.681, 28.841
 54240, 244.368,  2.453, 24.020
 54300, 247.605,  2.118, 24.464
 54360, 247.373,  3.181, 23.486
 54420, 238.882,  3.476, 24.561
 54480, 230.618,  4.376, 24.710
 54540, 229.270,  3.247, 23.104
 54600, 221.073,  2.328, 24.145
 54660, 218.183,  2.513, 20.825
 54720, 200.969,  2.632, 19.423
 54780, 199.116,  2.024, 18.674
 54840, 180.082,  2.290, 16.981
 54900, 190.073,  2.404, 15.306
 54960, 183.417,  1.700, 14.730
 55020, 179.658,  2.207, 12.776
 55080, 173.523,  0.991, 15.194
 55140, 165.856,  1.145, 14.447
 55200, 160.443,  1.251, 11.516
 55260, 161.308,  1.328, 12.820
 55320, 149.516,  0.899, 11.543
 55380, 147.659,  1.160, 12.526
 55440, 141.085,  1.011, 11.803
 55500, 141.027,  1.177, 11.329
 55560, 135.336,  1.663, 11.206
 55620, 115.083,  0.652,  9.000
 55680, -9999.000, -9999.000, -9999.000
 55740, -9999.000, -9999.000, -9999.000
 55800, -9999.000, -9999.000, -9999.000
 55860, -9999.000, -9999.000, -9999.000
 55920, -9999.000, -9999.000, -9999.000
 55980, -9999.000, -9999.000, -9999.000
 56040, -9999.000, -9999.000, -9999.000
 56100, -9999.000, -9999.000, -9999.000
 56160, -9999.000, -9999.000, -9999.000
 56220, -9999.000, -9999.000, -9999.000
 56280, -9999.000, -9999.000, -9999.000
 56340, -9999.000, -9999.000, -9999.000
 56400, -9999.000, -9999.000, -9999.000
 56460, -9999.000, -9999.000, -9999.000
 56520, -9999.000, -9999.000, -9999.000
 56580, -9999.000, -9999.000, -9999.000
 56640, -9999.000, -9999.000, -9999.000
 56700, -9999.000, -9999.000, -9999.000
 56760, -9999.000, -9999.000, -9999.000
 56820, -9999.000, -9999.000, -9999.000
 56880, -9999.000, -9999.000, -9999.000
 56940, -9999.000, -9999.000, -9999.000
 57000, -9999.000, -9999.000, -9999.000
 57060, -9999.000, -9999.000, -9999.000
 57120, -9999.000, -9999.000, -9999.000
 57180, -9999.000, -9999.000, -9999.000
 57240, -9999.000, -9999.000, -9999.000
 57300, -9999.000, -9999.000, -9999.000
 57360, -9999.000, -9999.000, -9999.000
 57420, -9999.000, -9999.000, -9999.000
 57480, -9999.000, -9999.000, -9999.000
 57540, -9999.000, -9999.000, -9999.000
 57600, -9999.000, -9999.000, -9999.000
 57660, -9999.000, -9999.000, -9999.000
 57720, -9999.000, -9999.000, -9999.000
 57780, -9999.000, -9999.000, -9999.000
 57840, 314.305,  4.400, 42.852
 57900, 312.568,  3.097, 37.624
 57960, 328.901,  2.890, 41.521
 58020, 335.708,  4.081, 42.256
 58080, 340.192,  3.962, 43.649
 58140, 338.058,  5.615, 46.836
 58200, 330.332,  4.800, 45.388
 58260, 324.269,  4.938, 42.095
 58320, 321.862,  3.786, 42.964
 58380, 327.762,  4.361, 43.031
 58440, 329.080,  4.369, 45.474
 58500, 324.982,  5.052, 37.709
 58560, 330.806,  3.727, 41.179
 58620, 336.967,  5.968, 45.491
 58680, 336.385,  5.565, 45.248
 58740, 329.600,  5.073, 45.917
 58800, 314.010,  4.280, 42.203
 58860, 311.867,  4.773, 42.247
 58920, 318.246,  3.487, 45.222
 58980, 330.288,  4.399, 46.820
 59040, 319.294,  5.157, 42.184
 59100, 324.923,  4.415, 43.836
 59160, 327.293,  5.366, 44.159
 59220, 326.919,  4.400, 42.086
 59280, 332.868,  3.909, 42.714
 59340, 326.806,  5.562, 45.377
 59400, 324.210,  5.556, 42.620
 59460, 287.689,  5.483, 35.819
 59520, 303.472,  5.473, 35.473
 59580, 303.790,  5.604, 36.493
 59640, -9999.000, -9999.000, -9999.000
 59700, 285.757,  6.211, 35.810
 59760, 287.368,  4.421, 38.563
 59820, 282.499,  5.916, 33.789
 59880, 268.581,  4.805, 33.211
 59940, 280.711,  4.539, 37.382
 60000, 272.402,  2.094, 33.412
 60060, 290.232,  3.994, 37.431
 60120, 288.556,  4.198, 37.272
 60180, 282.177,  3.951, 36.449
 60240, 275.129,  2.468, 36.442
 60300, 274.233,  3.708, 36.309
 60360, 287.959,  4.622, 34.991
 60420, 282.599,  2.997, 35.232
 60480, 299.748,  4.507, 40.130
 60540, 298.131,  4.297, 40.031
 60600, 297.163,  3.225, 37.856
 60660, 282.587,  3.211, 36.679
 60720, 219.640,  2.641, 23.513
 60780, 218.837,  2.916, 27.886
 60840, 234.782,  2.522, 29.034
 60900, 210.246,  1.034, 26.277
 60960, 194.961,  2.508, 24.843
 61020, 192.623,  2.865, 21.820
 61080, 188.836,  2.769, 23.574
 61140, 189.032,  1.708, 22.679
 61200, 192.895,  2.737, 21.852
 61260, 190.646,  2.880, 24.816
 61320, 192.948,  2.129, 24.264
 61380, 194.973,  1.719, 21.498
 61440, 198.864,  0.504, 24.201
 61500, -9999.000, -9999.000, -9999.000
 61560, 200.875,  1.415, 22.814
 61620, 206.781,  1.318, 23.177
 61680, 206.103,  2.274, 25.443
 61740, 201.957,  2.288, 24.602
 61800, 206.655,  1.782, 23.173
 61860, 208.707,  1.304, 23.655
 61920, 205.673,  1.919, 25.733
 61980, 199.705,  2.805, 25.312
 62040, 209.274,  1.737, 23.623
 62100, 204.705,  0.967, 21.602
 62160, 201.539,  1.768, 21.859
 62220, 204.947,  1.664, 23.632
 62280, 208.777,  1.426, 20.880
 62340, 205.494,  2.802, 22.723
 62400, 205.719,  1.923, 21.731
 62460, 207.355,  3.148, 23.515
 62520, 206.497,  1.739, 23.737
 62580, 209.967,  1.816, 24.224
 62640, 212.769,  2.352, 24.914
 62700, 211.689,  2.075, 24.324
 62760, 217.854,  3.324, 25.269
 62820, 211.761,  2.203, 22.177
 62880, 227.125,  2.406, 23.993
 62940, 223.619,  2.533, 24.487
 63000, 219.209,  2.160, 23.151
 63060, 216.826,  2.086, 23.577
 63120, 218.334,  2.295, 20.805
 63180, 218.294,  1.343, 23.887
 63240, 214.690,  3.012, 23.619
 63300, 226.995,  0.827, 26.736
 63360, -9999.000, -9999.000, -9999.000
 63420, 230.811,  2.618, 22.514
 63480, 234.692,  2.656, 25.691
 63540, 243.680,  1.176, 25.622
 63600, 237.325,  2.075, 25.958
 63660, 241.481,  1.531, 24.640
 63720, 251.522,  2.698, 26.617
 63780, 253.645,  2.963, 28.229
 63840, 251.932,  3.343, 27.313
 63900, 259.322,  2.388, 29.531
 63960, 250.109,  1.660, 25.105
 64020, 254.007,  2.354, 28.349
 64080, 250.041,  1.590, 26.008
 64140, 260.060,  3.812, 28.742
 64200, 267.678,  2.343, 29.582
 64260, 270.156,  3.049, 28.511
 64320, 275.895,  2.470, 31.308
 64380, 277.599,  3.839, 31.581
 64440, 278.105,  3.845, 31.459
 64500, 277.172,  2.620, 30.283
 64560, 288.097,  2.803, 28.882
 64620, 301.830,  3.305, 34.051
 64680, 317.035,  1.969, 36.181
 64740, 311.270,  3.732, 34.425
 64800, 314.425,  3.827, 36.020
 64860, 308.672,  3.856, 36.136
 64920, 316.950,  3.803, 39.193
 64980, 328.629,  3.097, 36.666
 65040, 328.117,  2.680, 39.488
 65100, 323.398,  3.091, 37.744
 65160, 326.257,  6.051, 31.658
 65220, 345.901,  4.623, 38.294
 65280, 342.595,  3.458, 38.486
 65340, 343.832,  3.540, 37.755
 65400, 395.605,  3.714, 44.801
 65460, 375.979,  3.548, 40.518
 65520, 361.960,  4.281, 39.247
 65580, 367.315,  4.281, 43.234
 65640, 384.209,  4.268, 44.234
 65700, 389.577,  3.838, 44.728
 65760, 402.693,  3.300, 44.184
 65820, 404.174,  2.782, 43.800
 65880, 412.530,  3.592, 45.067
 65940, 403.521,  4.023, 47.182
 66000, 406.606,  3.746, 47.918
 66060, 413.439,  4.966, 46.974
 66120, 400.678,  4.934, 44.794
 66180, 403.980,  3.734, 47.076
 66240, 414.049,  2.401, 46.444
 66300, 404.483,  2.705, 48.116
 66360, 391.870,  3.831, 43.393
 66420, 396.962,  4.118, 45.884
 66480, 410.873,  4.931, 47.598
 66540, 406.947,  3.391, 46.202
 66600, 408.943,  3.561, 47.178
 66660, 411.377,  3.234, 47.174
 66720, 409.291,  4.153, 45.703
 66780, 413.780,  3.320, 49.172
 66840, 425.550,  3.023, 48.355
 66900, 428.673,  4.527, 48.648
 66960, 434.435,  3.472, 47.894
 67020, -9999.000, -9999.000, -9999.000
 67080, 427.637,  5.804, 48.769
 67140, 424.585,  3.370, 50.748
 67200, 438.091,  4.003, 50.085
 67260, 426.204,  3.706, 50.184
 67320, 428.809,  3.216, 46.036
 67380, 419.728,  4.029, 45.830
 67440, 405.471,  3.324, 46.615
 67500, 422.935,  3.763, 47.568
 67560, 431.453,  4.413, 48.409
 67620, 412.344,  3.794, 47.551
 67680, 412.408,  3.524, 47.420
 67740, 408.179,  3.090, 43.564
 67800, 405.252,  3.198, 44.831
 67860, 407.894,  2.773, 45.743
 67920, 410.383,  2.572, 44.184
 67980, 410.559,  3.868, 45.056
 68040, 410.431,  3.517, 48.147
 68100, 416.745,  3.648, 49.797
 68160, 428.690,  4.219, 48.539
 68220, 407.543,  3.775, 48.069
 68280, 391.576,  3.973, 45.089
 68340, 380.057,  2.940, 42.448
 68400, 375.425,  2.882, 44.075
 68460, 378.952,  3.901, 40.298
 68520, 381.526,  2.530, 41.518
 68580, 376.354,  3.589, 39.252
 68640, 383.792,  3.264, 43.438
 68700, 376.960,  3.075, 41.642
 68760, 377.908,  3.004, 43.520
 68820, 387.166,  2.435, 46.493
 68880, -9999.000, -9999.000, -9999.000
 68940, 386.851,  3.462, 40.300
 69000, 391.961,  3.148, 42.556
 69060, 392.305,  2.916, 46.004
 69120, 378.091,  3.430, 43.030
 69180, 385.520,  3.347, 42.171
 69240, 389.807,  2.915, 43.016
 69300, 389.557,  1.734, 40.746
 69360, 376.511,  2.881, 40.745
 69420, 393.638,  4.796, 42.995
 69480, 386.009,  3.317, 43.498
 69540, 388.178,  4.181, 41.349
 69600, 394.735,  2.623, 43.009
 69660, 404.830,  4.236, 41.315
 69720, 382.719,  2.031, 41.494
 69780, 379.477,  3.540, 43.646
 69840, 383.100,  3.402, 41.139
 69900, 391.132,  3.647, 43.356
 69960, 395.605,  3.102, 42.481
 70020, 397.533,  2.643, 44.419
 70080, 409.312,  3.399, 49.593
 70140, 404.231,  2.727, 45.768
 70200, 418.006,  3.012, 49.320
 70260, 429.590,  3.936, 46.644
 70320, 422.827,  3.394, 46.895
 70380, 409.003,  4.071, 45.412
 70440, 424.752,  4.453, 47.205
 70500, 434.369,  2.870, 46.864
 70560, 425.630,  4.548, 46.945
 70620, 413.424,  3.554, 44.650
 70680, 420.444,  5.265, 49.211
 70740, -9999.000, -9999.000, -9999.000
 70800, 413.019,  2.198, 44.866
 70860, 423.013,  3.473, 49.576
 70920, 424.499,  4.182, 47.838
 70980, 418.551,  4.647, 46.213
 71040, 414.823,  3.616, 48.079
 71100, 420.650,  3.881, 45.999
 71160, 423.203,  3.383, 44.443
 71220, 416.800,  2.276, 46.079
 71280, 419.232,  3.397, 45.995
 71340, 416.999,  3.324, 45.667
 71400, 408.570,  3.645, 45.205
 71460, 419.831,  3.221, 50.022
 71520, 422.952,  3.373, 48.052
 71580, 429.692,  3.665, 49.499
 71640, 419.398,  2.748, 46.872
 71700, 434.152,  4.259, 51.418
 71760, 456.396,  3.565, 53.142
 71820, 430.022,  3.838, 51.290
 71880, 421.851,  4.755, 46.510
 71940, 433.589,  3.938, 50.749
 72000, 426.978,  3.199, 50.837
 72060, 421.839,  3.110, 47.063
 72120, 424.868,  3.369, 46.672
 72180, 417.294,  3.238, 48.017
 72240, 412.781,  3.171, 48.025
 72300, 402.479,  2.457, 45.742
 72360, 407.451,  4.020, 44.703
 72420, 400.649,  2.940, 45.290
 72480, 405.708,  3.275, 45.396
 72540, 391.830,  2.571, 41.139
 72600, 407.370,  4.534, 46.949
 72660, 389.701,  4.158, 43.304
 72720, 397.739,  2.631, 44.160
 72780, 399.670,  3.828, 44.516
 72840, 389.560,  3.821, 42.219
 72900, 383.593,  3.520, 41.960
 72960, 387.220,  4.504, 39.872
 73020, 399.696,  3.462, 44.468
 73080, 394.690,  4.953, 42.883
 73140, 390.424,  3.016, 44.866
 73200, 393.281,  3.290, 44.618
 73260, 386.632,  4.997, 42.876
 73320, 378.108,  4.453, 41.343
 73380, 367.740,  3.068, 38.587
 73440, 363.523,  4.720, 37.890
 73500, 367.329,  3.576, 40.538
 73560, 362.791,  3.567, 37.726
 73620, 353.747,  4.057, 38.556
 73680, 357.572,  2.721, 35.040
 73740, 355.589,  2.605, 35.206
 73800, 354.108,  4.241, 35.487
 73860, 357.087,  3.007, 38.746
 73920, 361.771,  4.289, 38.692
 73980, 370.146,  4.666, 36.723
 74040, 364.575,  3.888, 39.010
 74100, 366.022,  4.450, 38.532
 74160, 358.278,  3.820, 37.347
 74220, 371.199,  4.037, 37.773
 74280, 375.394,  4.425, 40.230
 74340, 366.128,  4.365, 37.476
 74400, 355.308,  5.278, 38.585
 74460, 356.810,  0.811, 26.463
 74520, 352.344,  3.131, 34.562
 74580, 337.450,  3.316, 34.777
 74640, 341.288,  2.528, 35.250
 74700, 329.008,  3.152, 33.444
 74760, 328.702,  4.244, 32.687
 74820, 335.919,  2.858, 32.774
 74880, 329.621,  3.631, 30.522
 74940, 327.189,  2.447, 31.140
 75000, 319.675,  3.219, 32.359
 75060, 302.195,  4.089, 28.337
 75120, 288.859,  2.717, 26.214
 75180, 281.447,  3.523, 27.731
 75240, 281.266,  3.253, 28.645
 75300, 280.284,  2.415, 23.968
 75360, 280.673,  2.482, 25.960
 75420, 289.488,  3.441, 25.441
 75480, 282.562,  3.301, 26.095
 75540, 284.436,  3.246, 26.320
 75600, 263.191,  3.004, 23.753
 75660, 258.746,  3.998, 22.050
 75720, 255.356,  2.601, 22.577
 75780, 257.038,  3.360, 22.419
 75840, 255.699,  3.546, 23.532
 75900, 259.310,  2.106, 23.910
 75960, 250.349,  3.634, 24.446
 76020, 248.992,  3.931, 22.728
 76080, 250.375,  2.828, 22.492
 76140, 256.063,  3.365, 23.199
 76200, 254.002,  3.663, 22.652
 76260, 240.761,  2.234, 19.520
 76320, 253.207,  2.864, 22.168
 76380, 250.797,  3.137, 23.318
 76440, 247.854,  2.268, 22.525
 76500, 255.060,  3.182, 22.531
 76560, 259.199,  1.395, 24.342
 76620, 265.619,  3.707, 23.513
 76680, 267.656,  2.556, 24.369
 76740, 272.600,  1.224, 22.186
 76800, 268.145,  3.029, 22.178
 76860, 276.091,  2.282, 25.264
 76920, 272.849,  1.833, 25.252
 76980, 264.581,  2.856, 24.188
 77040, 231.015,  3.179, 18.541
 77100, 195.404,  3.500, 17.449
 77160, 184.076,  2.715, 15.560
 77220, 178.041,  2.436, 15.316
 77280, 179.111,  2.192, 13.906
 77340, 174.326,  2.833, 14.205
 77400, 178.988,  2.384, 14.668
 77460, 181.366,  2.215, 14.377
 77520, 177.373,  2.027, 15.902
 77580, 181.280,  1.740, 15.514
 77640, 177.818,  2.273, 16.981
 77700, 180.458,  3.189, 14.181
 77760, 180.442,  2.057, 14.615
 77820, 186.871,  1.850, 16.929
