CampaignData_and_Merges/R0/CSL_MobileLab_Parked/raw/20240812/USOS-jNO2_MobileLabGround_20240812_R0.ict
52,1001
Waxman, E.; Rollins, A.; Zuraski, K.; Chace, W.
NOAA Chemical Sciences Laboratory
jNO2 filter radiometer on CSL Mobile Lab
AMMBEC / USOS
1, 1
2024,08,12, 2025,04,01
60
Time_Start, seconds, number_of_seconds_since_0000_UTC
20
1, 1, 1, 1, 1, 1, 1, 1, 1, 1, 1, 1, 1, 1, 1, 1, 1, 1, 1, 1
-9999, -9999, -9999, -9999, -9999, -9999, -9999, -9999, -9999, -9999, -9999, -9999, -9999, -9999, -9999, -9999, -9999, -9999, -9999, -9999
Time_Stop, seconds, number_of_seconds_since_0000_UTC
jNO2_meas, per second, photolysis rate of NO2 measured using a filter radiometer.
jBrCl, per second, photolysis rate of BrCl -> Br + Cl calculated in TUV for cloud-free sky with local AOD
jBr2, per second, photolysis rate of Br2 -> Br + Br calculated in TUV for cloud-free sky with local AOD
jCCl4, per second, photolysis rate of CCl4 -> Products calcualted in TUV for cloud-free sky with local AOD
jCH2Oa, per second, photolysis rate of CH2O -> H + HCO calculated in TUV for cloud-free sky with local AOD
jCH2Ob, per second, photolysis rate of CH2O -> H2 + CO calculated in TUV for cloud-free sky with local AOD
jClNO2, per second, photolysis rate of ClNO2 -> Cl + NO2 calculated in TUV for cloud-free sky with local AOD
jClOa, per second, photolysis rate of ClO -> Cl + O(1D) calculated in TUV for cloud-free sky with local AOD
jClOb, per second, photolysis rate of ClO -> Cl + O(3P) calculated in TUV for cloud-free sky with local AOD
jCl2, per second, photolysis rate of Cl2 -> Cl + Cl calculated in TUV for cloud-free sky with local AOD
jHNO2, per second, photolysis rate of HNO2 -> OH + NO calculated in TUV for cloud-free sky with local AOD
jHNO3, per second, photolysis rate of HNO3 -> OH + NO2 calculated in TUV for cloud-free sky with local AOD
jI2, per second, photolysis rate of I2 -> I + I calculated in TUV for cloud-free sky with local AOD
jNO2, per second, photolysis rate of NO2 -> NO + O(3P) calculated in TUV for cloud-free sky with local AOD
jNO3a, per second, photolysis rate of NO3 -> NO + O2 calculated in TUV for cloud-free sky with local AOD
jNO3b, per second, photolysis rate of NO3 -> NO2 + O(3P) calculated in TUV for cloud-free sky with local AOD
jN2O5, per second, photolysis rate of N2O5 -> NO3 + NO + O(3P) calculated in TUV for cloud-free sky with local AOD
jO3, per second, photolysis rate of O3 -> O2 + O(1D) calculated in TUV for cloud-free sky with local AOD
AOD_500nm, unitless, UTC daily mean AOD at 500 nm from an AERONET station located at 40.178 N, -112.452 E
0
18
PI_CONTACT_INFO: eleanor.waxman@noaa.gov
PLATFORM: CSL Mobile Lab, at ground site
LOCATION: Salt Lake City, UT
ASSOCIATED_DATA:
INSTRUMENT_INFO: jNO2 filter radiometer.  TUV calculations are for mobile van lat/lon/altitude assuming clear sky (cloud AOD = 0) and daily mean AOD.
DATA_INFO:
UNCERTAINTY: Data uncertainties are +/- 20%.  These come from uncertainties in radiometer angular response, radiometer thermal response, local interferences from clouds/aerosols/shadows etc.
ULOD_FLAG: -7777
ULOD_VALUE: N/A
LLOD_FLAG: -8888
LLOD_VALUE: N/A
DM_CONTACT_INFO: eleanor.waxman@noaa.gov
PROJECT_INFO: USOS Project, July - August 2024
STIPULATIONS_ON_USE: Users are strongly encouraged to contact the PI for proper data usage.
OTHER_COMMENTS: 
REVISION: R0
R0: final data
Time_Start, Time_Stop, jNO2_meas, jBrCl, jBr2, jCCl4, jCH2Oa, jCH2Ob, jClNO2, jClOa, jClOb, jCl2, jHNO2, jHNO3, jI2, jNO2, jNO3a, jNO3b, jN2O5, jO3, AOD_500nm
[from data line 732]
   43920,   43980,-9999,4.135e-06,1.155e-05,2.86e-28,4.313e-09,1.234e-08,1.292e-07,1.138e-28,1.96e-09,7.669e-07,5.728e-07,5.21e-11,2.938e-05,3.564e-06,3.113e-06,3.563e-05,9.979e-09,1.355e-09,0.152
   43980,   44040,7.1936e-09,5.098e-06,1.435e-05,3.591e-28,5.22e-09,1.498e-08,1.573e-07,1.429e-28,2.381e-09,9.36e-07,6.993e-07,6.315e-11,3.701e-05,4.363e-06,4.033e-06,4.516e-05,1.214e-08,1.647e-09,0.152
   44040,   44100,-9999,6.232e-06,1.767e-05,4.488e-28,6.265e-09,1.805e-08,1.899e-07,1.787e-28,2.873e-09,1.133e-06,8.467e-07,7.594e-11,4.616e-05,5.297e-06,5.181e-06,5.67e-05,1.465e-08,1.988e-09,0.152
   44100,   44160,-9999,7.564e-06,2.164e-05,5.475e-28,7.439e-09,2.153e-08,2.272e-07,2.182e-28,3.407e-09,1.36e-06,1.017e-06,9.02e-11,5.745e-05,6.376e-06,6.679e-06,7.119e-05,1.752e-08,2.361e-09,0.152
   44160,   44220,-9999,9.287e-06,2.682e-05,6.692e-28,8.885e-09,2.591e-08,2.743e-07,2.668e-28,4.056e-09,1.649e-06,1.233e-06,1.077e-10,7.243e-05,7.758e-06,8.757e-06,9.063e-05,2.112e-08,2.816e-09,0.152
   44220,   44280,8.8002e-07,1.13e-05,3.292e-05,8.139e-28,1.054e-08,3.094e-08,3.287e-07,3.247e-28,4.797e-09,1.983e-06,1.484e-06,1.278e-10,9.031e-05,9.363e-06,1.131e-05,0.000114,2.529e-08,3.337e-09,0.152
   44280,   44340,3.5332e-06,1.359e-05,3.998e-05,9.664e-28,1.234e-08,3.652e-08,3.89e-07,3.856e-28,5.575e-09,2.356e-06,1.764e-06,1.496e-10,0.0001118,1.116e-05,1.448e-05,0.0001426,2.99e-08,3.888e-09,0.152
   44340,   44400,5.76e-06,1.634e-05,4.851e-05,1.14e-27,1.444e-08,4.304e-08,4.599e-07,4.552e-28,6.454e-09,2.797e-06,2.094e-06,1.746e-10,0.0001382,1.329e-05,1.849e-05,0.0001781,3.531e-08,4.514e-09,0.152
   44400,   44460,1.623e-06,1.94e-05,5.813e-05,1.326e-27,1.67e-08,5.018e-08,5.377e-07,5.294e-28,7.385e-09,3.282e-06,2.457e-06,2.016e-10,0.0001685,1.564e-05,2.317e-05,0.0002192,4.124e-08,5.181e-09,0.152
   44460,   44520,8.9997e-06,2.318e-05,7.014e-05,1.544e-27,1.943e-08,5.883e-08,6.322e-07,6.165e-28,8.475e-09,3.874e-06,2.901e-06,2.339e-10,0.0002072,1.852e-05,2.922e-05,0.000272,4.843e-08,5.967e-09,0.152
   44520,   44580,6.5516e-06,2.76e-05,8.432e-05,1.786e-27,2.254e-08,6.878e-08,7.411e-07,7.132e-28,9.687e-09,4.558e-06,3.414e-06,2.706e-10,0.0002536,2.185e-05,3.659e-05,0.0003358,5.671e-08,6.845e-09,0.152
   44580,   44640,7.4529e-06,3.254e-05,0.0001003,2.043e-27,2.593e-08,7.972e-08,8.611e-07,8.158e-28,1.098e-08,5.315e-06,3.98e-06,3.104e-10,0.0003065,2.555e-05,4.501e-05,0.0004088,6.582e-08,7.786e-09,0.152
   44640,   44700,1.2511e-05,3.862e-05,0.0001201,2.343e-27,3.003e-08,9.3e-08,1.007e-06,9.352e-28,1.25e-08,6.237e-06,4.67e-06,3.582e-10,0.0003729,3.005e-05,5.565e-05,0.0005009,7.689e-08,8.899e-09,0.152
   44700,   44760,1.3478e-05,4.413e-05,0.0001384,2.594e-27,3.373e-08,1.049e-07,1.137e-06,1.035e-27,1.38e-08,7.059e-06,5.28e-06,4.008e-10,0.0004373,3.405e-05,6.636e-05,0.0005919,8.675e-08,9.86e-09,0.152
   44760,   44820,1.0559e-05,5.097e-05,0.0001611,2.901e-27,3.826e-08,1.195e-07,1.297e-06,1.157e-27,1.54e-08,8.079e-06,6.04e-06,4.529e-10,0.0005157,3.904e-05,7.92e-05,0.000702,9.894e-08,1.104e-08,0.152
   44820,   44880,1.7456e-05,5.992e-05,0.0001907,3.28e-27,4.408e-08,1.385e-07,1.506e-06,1.308e-27,1.741e-08,9.406e-06,7.028e-06,5.197e-10,0.000618,4.554e-05,9.576e-05,0.0008453,1.147e-07,1.253e-08,0.152
   44880,   44940,2.126e-05,6.737e-05,0.0002161,3.572e-27,4.896e-08,1.541e-07,1.676e-06,1.424e-27,1.902e-08,1.049e-05,7.829e-06,5.748e-10,0.00071,5.083e-05,0.0001114,0.0009774,1.277e-07,1.373e-08,0.152
   44940,   45000,2.9334e-05,7.786e-05,0.0002512,3.976e-27,5.571e-08,1.76e-07,1.917e-06,1.585e-27,2.126e-08,1.203e-05,8.974e-06,6.515e-10,0.0008324,5.839e-05,0.0001313,0.00115,1.46e-07,1.54e-08,0.152
   45000,   45060,3.1041e-05,8.687e-05,0.0002821,4.294e-27,6.157e-08,1.946e-07,2.12e-06,1.71e-27,2.311e-08,1.333e-05,9.929e-06,7.17e-10,0.000946,6.472e-05,0.0001507,0.001314,1.614e-07,1.679e-08,0.152
   45060,   45120,3.9489e-05,0.0001013,0.0003303,4.8e-27,7.079e-08,2.246e-07,2.45e-06,1.911e-27,2.607e-08,1.543e-05,1.15e-05,8.21e-10,0.001114,7.509e-05,0.0001782,0.001552,1.864e-07,1.901e-08,0.152
   45120,   45180,4.9099e-05,0.0001109,0.0003635,5.108e-27,7.71e-08,2.444e-07,2.665e-06,2.033e-27,2.799e-08,1.681e-05,1.251e-05,8.907e-10,0.001239,8.181e-05,0.0001997,0.001734,2.028e-07,2.046e-08,0.152
   45180,   45240,5.7218e-05,0.0001227,0.0004042,5.473e-27,8.487e-08,2.688e-07,2.93e-06,2.176e-27,3.032e-08,1.85e-05,1.375e-05,9.762e-10,0.001389,9.008e-05,0.0002255,0.001953,2.23e-07,2.222e-08,0.152
   45240,   45300,5.8611e-05,0.0001364,0.0004511,5.882e-27,9.39e-08,2.971e-07,3.239e-06,2.337e-27,3.303e-08,2.047e-05,1.52e-05,1.076e-09,0.001561,9.972e-05,0.0002547,0.002202,2.464e-07,2.426e-08,0.152
   45300,   45360,7.0076e-05,0.0001512,0.0005015,6.315e-27,1.037e-07,3.28e-07,3.576e-06,2.508e-27,3.596e-08,2.262e-05,1.678e-05,1.184e-09,0.001744,0.0001102,0.0002857,0.002466,2.721e-07,2.647e-08,0.152
   45360,   45420,7.1067e-05,0.0001693,0.0005624,6.832e-27,1.158e-07,3.661e-07,3.991e-06,2.711e-27,3.953e-08,2.525e-05,1.873e-05,1.317e-09,0.001964,0.0001231,0.0003235,0.002787,3.036e-07,2.918e-08,0.152
   45420,   45480,8.6165e-05,0.0001881,0.0006264,8.276e-27,1.287e-07,4.062e-07,4.426e-06,2.956e-27,4.328e-08,2.801e-05,2.076e-05,1.457e-09,0.002202,0.0001366,0.0003691,0.003143,3.367e-07,3.202e-08,0.152
   45480,   45540,8.7878e-05,0.0002043,0.0006819,8.597e-27,1.399e-07,4.406e-07,4.797e-06,3.115e-27,4.65e-08,3.036e-05,2.248e-05,1.579e-09,0.002411,0.000148,0.0004092,0.003459,3.649e-07,3.445e-08,0.152
   45540,   45600,0.00010683,0.0002224,0.0007444,8.982e-27,1.528e-07,4.795e-07,5.216e-06,3.289e-27,5.015e-08,3.3e-05,2.442e-05,1.719e-09,0.00265,0.0001609,0.0004575,0.003825,3.969e-07,3.721e-08,0.152
   45600,   45660,0.00011552,0.0002416,0.0008106,9.376e-27,1.666e-07,5.208e-07,5.659e-06,3.468e-27,5.404e-08,3.58e-05,2.646e-05,1.867e-09,0.002908,0.0001744,0.0005127,0.004227,4.307e-07,4.014e-08,0.152
   45660,   45720,0.00012506,0.0002605,0.0008762,9.776e-27,1.803e-07,5.618e-07,6.097e-06,3.638e-27,5.792e-08,3.855e-05,2.848e-05,2.015e-09,0.003169,0.0001878,0.0005722,0.004644,4.642e-07,4.305e-08,0.152
   45720,   45780,0.00013635,0.0002815,0.0009497,1.021e-26,1.958e-07,6.074e-07,6.584e-06,3.822e-27,6.226e-08,4.161e-05,3.071e-05,2.181e-09,0.00347,0.0002025,0.0006443,0.005133,5.015e-07,4.631e-08,0.152
   45780,   45840,0.00014681,0.0003033,0.001027,1.065e-26,2.121e-07,6.55e-07,7.091e-06,4.007e-27,6.684e-08,4.479e-05,3.302e-05,2.356e-09,0.003795,0.0002178,0.0007257,0.005672,5.403e-07,4.973e-08,0.152
   45840,   45900,0.00015926,0.0003248,0.001104,1.109e-26,2.284e-07,7.018e-07,7.589e-06,4.183e-27,7.138e-08,4.79e-05,3.528e-05,2.53e-09,0.004127,0.0002328,0.0008117,0.006232,5.785e-07,5.311e-08,0.152
   45900,   45960,0.00016904,0.0003487,0.00119,1.155e-26,2.465e-07,7.536e-07,8.137e-06,4.371e-27,7.646e-08,5.133e-05,3.776e-05,2.723e-09,0.00451,0.0002492,0.0009131,0.006884,6.206e-07,5.688e-08,0.152
   45960,   46020,0.00018186,0.0003735,0.001281,1.203e-26,2.655e-07,8.075e-07,8.707e-06,4.56e-27,8.18e-08,5.489e-05,4.033e-05,2.926e-09,0.004924,0.0002662,0.001025,0.007597,6.643e-07,6.083e-08,0.152
   46020,   46080,0.00019462,0.000398,0.001372,1.248e-26,2.842e-07,8.6e-07,9.261e-06,4.74e-27,8.709e-08,5.835e-05,4.282e-05,3.126e-09,0.005345,0.0002827,0.001138,0.008323,7.07e-07,6.471e-08,0.152
   46080,   46140,0.00020938,0.0004249,0.001473,1.296e-26,3.05e-07,9.176e-07,9.867e-06,4.93e-27,9.296e-08,6.214e-05,4.553e-05,3.348e-09,0.005822,0.0003007,0.001268,0.009152,7.537e-07,6.901e-08,0.152
   46140,   46200,0.00022401,0.0004531,0.00158,1.346e-26,3.267e-07,9.773e-07,1.05e-05,5.122e-27,9.915e-08,6.606e-05,4.833e-05,3.58e-09,0.006336,0.0003193,0.001408,0.01004,8.022e-07,7.352e-08,0.152
   46200,   46260,0.0002395,0.0004808,0.001686,1.392e-26,3.481e-07,1.035e-06,1.111e-05,5.303e-27,1.053e-07,6.987e-05,5.105e-05,3.808e-09,0.006851,0.0003373,0.001546,0.01094,8.493e-07,7.794e-08,0.152
   46260,   46320,0.00025525,0.0005114,0.001804,1.442e-26,3.717e-07,1.099e-06,1.177e-05,5.496e-27,1.121e-07,7.404e-05,5.4e-05,4.06e-09,0.007431,0.000357,0.001702,0.01195,9.009e-07,8.284e-08,0.152
   46320,   46380,0.00027043,0.0005433,0.001928,1.492e-26,3.962e-07,1.165e-06,1.246e-05,5.69e-27,1.192e-07,7.834e-05,5.704e-05,4.322e-09,0.008044,0.0003773,0.001865,0.01301,9.541e-07,8.794e-08,0.152
   46380,   46440,0.000285,0.0005745,0.002051,1.54e-26,4.202e-07,1.228e-06,1.313e-05,5.873e-27,1.262e-07,8.251e-05,5.998e-05,4.579e-09,0.00865,0.0003969,0.002024,0.01406,1.006e-06,9.295e-08,0.152
   46440,   46500,0.00030238,0.0006089,0.002187,1.591e-26,4.466e-07,1.297e-06,1.385e-05,6.067e-27,1.34e-07,8.705e-05,6.316e-05,4.861e-09,0.009322,0.0004182,0.002199,0.01522,1.062e-06,9.846e-08,0.152
   46500,   46560,0.00032003,0.0006447,0.002329,1.642e-26,4.74e-07,1.369e-06,1.46e-05,6.262e-27,1.422e-07,9.174e-05,6.644e-05,5.156e-09,0.01003,0.0004403,0.00238,0.01642,1.12e-06,1.042e-07,0.152
   46560,   46620,0.00034287,0.0006797,0.002468,1.691e-26,5.008e-07,1.438e-06,1.532e-05,6.446e-27,1.503e-07,9.627e-05,6.961e-05,5.443e-09,0.01071,0.0004617,0.002555,0.0176,1.176e-06,1.098e-07,0.152
   46620,   46680,0.00035733,0.0007181,0.002621,1.743e-26,5.302e-07,1.513e-06,1.611e-05,6.643e-27,1.592e-07,0.0001012,7.305e-05,5.76e-09,0.01147,0.000485,0.002745,0.01889,1.237e-06,1.161e-07,0.152
   46680,   46740,0.00037994,0.0007579,0.002781,1.795e-26,5.606e-07,1.59e-06,1.691e-05,6.84e-27,1.686e-07,0.0001063,7.659e-05,6.088e-09,0.01225,0.000509,0.002939,0.02022,1.3e-06,1.225e-07,0.152
   46740,   46800,0.00039531,0.0007966,0.002935,1.844e-26,5.902e-07,1.664e-06,1.77e-05,7.025e-27,1.778e-07,0.0001113,8e-05,6.408e-09,0.01301,0.0005323,0.003124,0.0215,1.361e-06,1.288e-07,0.152
   46800,   46860,0.00041352,0.0008389,0.003104,1.897e-26,6.225e-07,1.745e-06,1.854e-05,7.223e-27,1.88e-07,0.0001166,8.37e-05,6.758e-09,0.01383,0.0005576,0.003324,0.02288,1.427e-06,1.358e-07,0.152
   46860,   46920,0.00043089,0.0008826,0.003279,1.95e-26,6.56e-07,1.828e-06,1.942e-05,7.422e-27,1.986e-07,0.0001221,8.752e-05,7.121e-09,0.01467,0.0005837,0.003526,0.0243,1.496e-06,1.43e-07,0.152
   46920,   46980,0.00044748,0.0009249,0.003448,2e-26,6.884e-07,1.908e-06,2.026e-05,7.609e-27,2.091e-07,0.0001274,9.119e-05,7.475e-09,0.01548,0.000609,0.003718,0.02565,1.562e-06,1.501e-07,0.152
   46980,   47040,0.00046146,0.0009711,0.003632,2.054e-26,7.24e-07,1.995e-06,2.118e-05,7.809e-27,2.207e-07,0.0001332,9.519e-05,7.863e-09,0.01635,0.0006366,0.003924,0.02711,1.633e-06,1.578e-07,0.152
   47040,   47100,0.00048061,0.001018,0.00382,2.107e-26,7.606e-07,2.084e-06,2.212e-05,8.01e-27,2.328e-07,0.0001392,9.93e-05,8.264e-09,0.01724,0.0006649,0.00413,0.02858,1.707e-06,1.659e-07,0.152
   47100,   47160,0.00049935,0.001064,0.004,2.158e-26,7.96e-07,2.17e-06,2.302e-05,8.199e-27,2.446e-07,0.0001449,0.0001032,8.652e-09,0.01808,0.0006922,0.004324,0.02998,1.778e-06,1.737e-07,0.152
   47160,   47220,0.00051614,0.001114,0.004195,2.213e-26,8.348e-07,2.263e-06,2.401e-05,8.401e-27,2.578e-07,0.0001512,0.0001075,9.079e-09,0.01899,0.0007221,0.004532,0.03148,1.855e-06,1.824e-07,0.152
   47220,   47280,0.00053161,0.001164,0.004395,2.268e-26,8.747e-07,2.358e-06,2.502e-05,8.605e-27,2.714e-07,0.0001575,0.000112,9.52e-09,0.01991,0.0007527,0.00474,0.03299,1.935e-06,1.913e-07,0.152
   47280,   47340,0.0005523,0.001213,0.004585,2.32e-26,9.133e-07,2.45e-06,2.599e-05,8.797e-27,2.848e-07,0.0001637,0.0001162,9.947e-09,0.02078,0.0007823,0.004935,0.03442,2.011e-06,2.001e-07,0.152
   47340,   47400,0.0005697,0.001266,0.00479,2.375e-26,9.555e-07,2.55e-06,2.705e-05,9.002e-27,2.996e-07,0.0001704,0.0001208,1.042e-08,0.02171,0.0008144,0.005142,0.03594,2.094e-06,2.097e-07,0.152
   47400,   47460,0.00058688,0.001319,0.004998,2.43e-26,9.989e-07,2.652e-06,2.813e-05,9.208e-27,3.15e-07,0.0001772,0.0001255,1.09e-08,0.02264,0.0008473,0.005348,0.03747,2.179e-06,2.196e-07,0.152
   47460,   47520,0.00060437,0.001371,0.005196,2.483e-26,1.041e-06,2.75e-06,2.917e-05,9.402e-27,3.3e-07,0.0001837,0.0001301,1.136e-08,0.02352,0.0008788,0.005541,0.0389,2.261e-06,2.293e-07,0.152
   47520,   47580,0.00062443,0.001426,0.005408,2.54e-26,1.086e-06,2.856e-06,3.031e-05,9.61e-27,3.467e-07,0.0001909,0.000135,1.188e-08,0.02446,0.0009132,0.005745,0.04043,2.35e-06,2.4e-07,0.152
   47580,   47640,0.00064204,0.001482,0.005623,2.597e-26,1.133e-06,2.965e-06,3.147e-05,9.819e-27,3.64e-07,0.0001981,0.0001401,1.24e-08,0.02541,0.0009483,0.005948,0.04195,2.441e-06,2.51e-07,0.152
   47640,   47700,0.00065166,0.001536,0.005826,2.65e-26,1.179e-06,3.07e-06,3.258e-05,1.002e-26,3.809e-07,0.0002051,0.0001449,1.292e-08,0.02629,0.000982,0.006138,0.04338,2.529e-06,2.618e-07,0.152
   47700,   47760,0.00066589,0.001594,0.006044,2.708e-26,1.228e-06,3.183e-06,3.379e-05,1.023e-26,3.996e-07,0.0002126,0.0001502,1.347e-08,0.02723,0.001019,0.006339,0.0449,2.625e-06,2.736e-07,0.152
   47760,   47820,0.00067567,0.001652,0.006262,2.766e-26,1.278e-06,3.299e-06,3.502e-05,1.044e-26,4.189e-07,0.0002203,0.0001555,1.405e-08,0.02817,0.001056,0.006536,0.0464,2.722e-06,2.858e-07,0.152
   47820,   47880,0.00067845,0.001707,0.006469,2.82e-26,1.327e-06,3.41e-06,3.621e-05,1.064e-26,4.378e-07,0.0002277,0.0001606,1.46e-08,0.02905,0.001091,0.006722,0.04781,2.815e-06,2.977e-07,0.152
   47880,   47940,0.00069625,0.001767,0.00669,2.88e-26,1.381e-06,3.531e-06,3.749e-05,1.086e-26,4.586e-07,0.0002356,0.0001662,1.521e-08,0.02998,0.00113,0.006917,0.04931,2.917e-06,3.108e-07,0.152
   47940,   48000,0.00071062,0.001827,0.006912,2.939e-26,1.435e-06,3.654e-06,3.88e-05,1.107e-26,4.803e-07,0.0002437,0.0001719,1.584e-08,0.03091,0.001169,0.00711,0.05079,3.02e-06,3.243e-07,0.152
   48000,   48060,0.00072435,0.001884,0.007121,2.995e-26,1.488e-06,3.773e-06,4.006e-05,1.128e-26,5.014e-07,0.0002515,0.0001773,1.644e-08,0.03178,0.001206,0.007289,0.05218,3.119e-06,3.374e-07,0.152
   48060,   48120,0.00073103,0.001945,0.007344,3.055e-26,1.545e-06,3.901e-06,4.142e-05,1.15e-26,5.246e-07,0.0002598,0.0001831,1.71e-08,0.0327,0.001247,0.007478,0.05364,3.227e-06,3.519e-07,0.152
   48120,   48180,0.00074797,0.002006,0.007566,3.116e-26,1.603e-06,4.031e-06,4.28e-05,1.172e-26,5.486e-07,0.0002683,0.0001891,1.777e-08,0.03362,0.001287,0.007664,0.05509,3.336e-06,3.667e-07,0.152
   48180,   48240,0.0007643,0.002064,0.007776,3.173e-26,1.66e-06,4.156e-06,4.413e-05,1.193e-26,5.721e-07,0.0002764,0.0001948,1.843e-08,0.03447,0.001326,0.007838,0.05645,3.441e-06,3.812e-07,0.152
   48240,   48300,0.00078308,0.002126,0.007999,3.235e-26,1.721e-06,4.291e-06,4.556e-05,1.215e-26,5.979e-07,0.0002851,0.0002009,1.914e-08,0.03538,0.001368,0.008021,0.05787,3.555e-06,3.972e-07,0.152
   48300,   48360,0.00080515,0.002189,0.008221,3.297e-26,1.784e-06,4.429e-06,4.702e-05,1.238e-26,6.246e-07,0.0002939,0.0002071,1.987e-08,0.03627,0.001411,0.008201,0.05929,3.671e-06,4.136e-07,0.152
   48360,   48420,0.00082482,0.002247,0.008431,3.356e-26,1.844e-06,4.561e-06,4.841e-05,1.259e-26,6.506e-07,0.0003024,0.000213,2.058e-08,0.03711,0.001451,0.008369,0.06061,3.781e-06,4.296e-07,0.152
   48420,   48480,0.00084575,0.00231,0.008652,3.42e-26,1.909e-06,4.704e-06,4.992e-05,1.282e-26,6.792e-07,0.0003114,0.0002194,2.135e-08,0.03799,0.001495,0.008545,0.062,3.901e-06,4.471e-07,0.152
   48480,   48540,0.00086773,0.002373,0.008873,3.483e-26,1.976e-06,4.848e-06,5.144e-05,1.305e-26,7.087e-07,0.0003206,0.0002259,2.213e-08,0.03886,0.001538,0.008718,0.06337,4.022e-06,4.651e-07,0.152
   48540,   48600,0.00089405,0.002433,0.009081,3.544e-26,2.04e-06,4.987e-06,5.29e-05,1.327e-26,7.375e-07,0.0003293,0.000232,2.289e-08,0.03968,0.00158,0.008879,0.06465,4.138e-06,4.827e-07,0.152
   48600,   48660,0.00091558,0.002496,0.009301,3.609e-26,2.11e-06,5.137e-06,5.448e-05,1.351e-26,7.69e-07,0.0003387,0.0002386,2.372e-08,0.04054,0.001625,0.009048,0.06599,4.264e-06,5.019e-07,0.152
   48660,   48720,0.00094068,0.002559,0.00952,3.675e-26,2.181e-06,5.289e-06,5.607e-05,1.375e-26,8.017e-07,0.0003482,0.0002453,2.457e-08,0.04139,0.00167,0.009215,0.06732,4.391e-06,5.217e-07,0.152
