CampaignData_and_Merges/R0/CSL_MobileLab_Parked/raw/20240812/USOS-PTR_MobileLabGround_20240812_RA.ict
58, 1001
Matthew Coggon, Kelvin Bates, Chelsea Stockwell, Carsten Warneke
NOAA ESRL Chemical Sciences Division
NOAA PTR-ToF-MS
USOS
1,1 
2024, 08, 12, 2024, 08, 13
0
Time_Start, seconds, number of seconds from 00:00 UTC 
22
1, 1, 1, 1, 1, 1, 1, 1, 1, 1, 1, 1, 1, 1, 1, 1, 1, 1, 1, 1, 1, 1
-9999, -9999, -9999, -9999, -9999, -9999, -9999, -9999, -9999, -9999, -9999, -9999, -9999, -9999, -9999, -9999, -9999, -9999, -9999, -9999, -9999, -9999
CH3OH_NOAAPTR_ppbv,  ppbv, Gas_CH3OH_InSitu_S_AVMR, (CH3OH) methanol
CH3CN_NOAAPTR_ppbv,  ppbv, Gas_CH3CN_InSitu_S_AVMR, (CH3CN) acetonitrile
CH3CHO_NOAAPTR_ppbv,  ppbv, Gas_CH3CHO_InSitu_S_AVMR, (CH3CHO) acetaldehyde plus contributions from ethylene glycol and ethylene oxide. Interference from ethanol has been subtracted out.
C2H5OH_NOAAPTR_ppbv,  ppbv, Gas_C2H5OH_InSitu_S_AVMR, (C2H5OH) ethanol
CH3SH_NOAAPTR_ppbv,  ppbv, Gas_CH3SH_InSitu_S_AVMR, (CH3SH) methanethiol, using calibration factor for DMS
Acrolein_NOAAPTR_ppbv,  ppbv, Gas_Acrolein_InSitu_S_AVMR, (C3H4O) acrolein
AcetonePropanal_NOAAPTR_ppbv,  ppbv, Gas_AcetoneAndPropanal_InSitu_S_AVMR, (C3H6O) sum of acetone (dominant isomer) and propanal, using calibration factor for acetone
DMS_NOAAPTR_ppbv,  ppbv, Gas_DMS_InSitu_S_AVMR, (C2H6S) dimethyl sulfide with possible small contributions from ethanethiol
C5H8_NOAAPTR_ppbv,  ppbv, Gas_Isoprene_InSitu_S_AVMR, (C5H8) isoprene and possible fragments from cycloalkanes and aldehydes. Interferences have been subtracted following methods described by Coggon et al (2023)
MVKMAC_NOAAPTR_ppbv,  ppbv, Gas_MVKAndMAC_InSitu_S_AVMR, (C4H6O) sum of methyl vinyl ketone, methacrolein, and small amounts of crotonaldehyde, using weighted calibration factor for MVK (0.637) and MACR (0.363)
Benzene_NOAAPTR_ppbv,  ppbv, Gas_Benzene_InSitu_S_AVMR, (C6H6) benzene
Toluene_NOAAPTR_ppbv,  ppbv, Gas_Toluene_InSitu_S_AVMR, (C7H8) toluene with possible small contributions of fragments from ethyltoluene
Styrene_NOAAPTR_ppbv,  ppbv, Gas_Styrene_InSitu_S_AVMR, (C8H8) styrene
Benzaldehyde_NOAAPTR_ppbv,  ppbv, Gas_Benzaldehyde_InSitu_S_AVMR, (C7H6O) benzaldehyde
C8Aromatics_NOAAPTR_ppbv,  ppbv, Gas_C8Aromatics_InSitu_M_AVMR, (C8H10) sum of m-xylene, p-xylene, o-xylene, and ethyl benzene
C9Aromatics_NOAAPTR_ppbv,  ppbv, Gas_C9Aromatics_InSitu_M_AVMR, (C9H12) sum of C9 aromatics
Naphthalene_NOAAPTR_ppbv,  ppbv, Gas_Naphthalene_InSitu_S_AVMR, (C10H8) naphthalene
Octanal_NOAAPTR_ppbv,  ppbv, Gas_Octanal_InSitu_S_AVMR, (C8H16O) octanal and small amounts of octanone
Monoterpenes_NOAAPTR_ppbv,  ppbv, Gas_Monoterpenes_InSitu_M_AVMR, (C10H16) sum of monoterpenes and possible contributions from fragments of oxygenated monoterpenoids such as eucalyptol.
Nonanal_NOAAPTR_ppbv,  ppbv, Gas_Nonanal_InSitu_M_AVMR, (C9H18O) nonanal and small amounts of nonanone
C7H4ClF3_NOAAPTR_ppbv,  ppbv, Gas_C7H4ClF3_InSitu_S_AVMR, (C7H4ClF3) parachlorobenzotrifluoride
C10H30O5Si5_NOAAPTR_ppbv,  ppbv, Gas_C10H30O5Si5_InSitu_S_AVMR, (C10H30O5Si5) decamethylcyclopentasiloxane
1
SPECIAL COMMENTS:N/A
21
PI_CONTACT_INFO: NOAA ESRL Chemical Sciences Division, Tropospheric Chemistry Group. 325 Broadway, R/CSD7, Boulder, CO 80305
PLATFORM: Mobile Laboratory.
LOCATION: Salt Lake City, UT
ASSOCIATED_DATA: N/A
INSTRUMENT_INFO: NOAA PTR-ToF-MS measurements on NOAA CSL Mobile Lab
DATA_INFO: Units: ppbv
UNCERTAINTY: See OTHER_COMMENTS
ULOD_FLAG: -7777
ULOD_VALUE: N/A
LLOD_FLAG: -8888
LLOD_VALUE: N/A.
DM_CONTACT_INFO: Data Managers: Matt Coggon, Kelvin Bates, Chelsea Stockwell; email: matthew.m.coggon@noaa.gov and kelvin.bates@colorado.edu
PROJECT_INFO: USOS Deployment July-August, 2024
STIPULATIONS_ON_USE: Use of these data require prior OK from PI.
OTHER_COMMENTS: Uncertainties:
CH3OH_NOAAPTR_ppbv:30%; CH3CN_NOAAPTR_ppbv:30%; CH3CHO_NOAAPTR_ppbv:30%; C2H5OH_NOAAPTR_ppbv:30%; CH3SH_NOAAPTR_ppbv:50%; Acrolein_NOAAPTR_ppbv:30%; AcetonePropanal_NOAAPTR_ppbv:30%; DMS_NOAAPTR_ppbv:30%; C5H8_NOAAPTR_ppbv:30%; MVKMAC_NOAAPTR_ppbv:30%; 
Benzene_NOAAPTR_ppbv:30%; Toluene_NOAAPTR_ppbv:30%; Styrene_NOAAPTR_ppbv:30%; Benzaldehyde_NOAAPTR_ppbv:30%; C8Aromatics_NOAAPTR_ppbv:30%; C9Aromatics_NOAAPTR_ppbv:30%; Naphthalene_NOAAPTR_ppbv:30%; Octanal_NOAAPTR_ppbv:30%; Monoterpenes_NOAAPTR_ppbv:30%; Nonanal_NOAAPTR_ppbv:30%; 
C7H4ClF3_NOAAPTR_ppbv:30%; C10H30O5Si5_NOAAPTR_ppbv:30%; 
REVISION: RA
RA: Field Data
Time_Start, CH3OH_NOAAPTR_ppbv, CH3CN_NOAAPTR_ppbv, CH3CHO_NOAAPTR_ppbv, C2H5OH_NOAAPTR_ppbv, CH3SH_NOAAPTR_ppbv, Acrolein_NOAAPTR_ppbv, AcetonePropanal_NOAAPTR_ppbv, DMS_NOAAPTR_ppbv, C5H8_NOAAPTR_ppbv, MVKMAC_NOAAPTR_ppbv, Benzene_NOAAPTR_ppbv, Toluene_NOAAPTR_ppbv, Styrene_NOAAPTR_ppbv, Benzaldehyde_NOAAPTR_ppbv, C8Aromatics_NOAAPTR_ppbv, C9Aromatics_NOAAPTR_ppbv, Naphthalene_NOAAPTR_ppbv, Octanal_NOAAPTR_ppbv, Monoterpenes_NOAAPTR_ppbv, Nonanal_NOAAPTR_ppbv, C7H4ClF3_NOAAPTR_ppbv, C10H30O5Si5_NOAAPTR_ppbv
[from data line 1036]
62160.0, 8.54801, 0.15084, 0.72369, 1.58161, 0.00129, 0.10377, 2.18420, 0.00649, 0.35424, 0.18480, 0.03477, 0.08523, 0.00891, 0.00931, 0.06673, 0.02203, 0.01084, 0.01918, 0.06645, 0.02757, 0.04282, 0.00321 
62220.0, 5.91897, 0.15259, 0.73695, 1.17661, -0.00089, 0.09489, 2.17817, -0.00082, 0.30879, 0.18188, 0.05371, 0.09079, 0.01004, 0.01500, 0.05273, 0.02675, 0.00394, 0.02249, 0.09370, 0.02223, 0.01771, 0.00291 
62280.0, 6.07833, 0.14958, 0.78666, 1.39040, 0.00190, 0.09831, 2.16246, 0.00088, 0.36829, 0.21436, 0.05317, 0.08810, 0.00098, 0.01396, 0.04841, 0.01543, 0.00896, 0.00767, 0.09087, 0.01746, 0.01486, 0.00182 
62340.0, 5.31659, 0.13380, 0.66574, 0.95009, 0.00300, 0.10322, 2.07618, 0.00419, 0.16444, 0.17829, 0.04609, 0.07180, 0.00824, 0.00642, 0.03999, 0.01765, 0.00050, 0.01556, 0.08685, 0.02676, 0.00386, 0.00340 
62400.0, 8.05430, 0.16416, 0.63524, 1.23146, 0.00066, 0.09194, 2.08501, 0.00035, 0.20877, 0.13403, 0.03774, 0.07268, 0.00617, 0.00847, 0.04674, 0.01448, -0.00186, 0.01829, 0.07939, 0.01789, 0.00252, 0.00499 
62460.0, 6.92022, 0.17306, 0.62811, 1.19529, 0.00224, 0.09713, 2.10249, 0.00759, 0.18997, 0.16405, 0.07112, 0.09551, 0.00739, -0.00226, 0.05919, 0.02899, 0.00616, 0.00976, 0.08639, 0.02827, 0.00136, 0.00180 
62520.0, 5.07859, 0.15591, 0.63721, 1.05180, -0.00007, 0.09020, 2.01950, 0.00659, 0.22859, 0.16953, 0.01871, 0.07408, 0.00726, 0.01538, 0.04483, 0.02540, -0.00186, 0.02089, 0.07061, 0.01913, 0.00417, 0.00225 
62580.0, 7.01737, 0.14962, 0.72390, 1.14853, 0.00228, 0.08773, 2.06341, 0.00443, 0.31408, 0.19582, 0.03684, 0.12068, 0.00417, 0.00075, 0.06328, 0.02955, -0.00186, 0.02066, 0.07451, 0.01929, 0.00675, 0.00107 
62640.0, 6.26960, 0.17901, 0.78060, 1.36149, -0.00088, 0.10726, 2.19158, 0.00592, 0.31769, 0.20987, 0.03362, 0.10107, 0.01297, 0.00661, 0.05717, 0.03518, 0.00392, 0.02619, 0.09308, 0.02348, 0.00376, 0.00524 
62700.0, 5.74968, 0.15381, 0.64340, 1.02888, 0.00228, 0.10375, 2.03791, 0.00352, 0.21689, 0.21923, 0.01356, 0.08296, 0.00953, -0.00230, 0.04805, 0.02490, 0.00412, 0.01995, 0.07621, 0.01294, 0.00269, 0.00198 
62760.0, 5.31707, 0.16270, 0.69161, 1.83539, 0.00113, 0.13122, 2.16150, 0.00646, 0.30523, 0.23208, 0.02307, 0.13255, -0.00176, -0.00232, 0.05992, 0.03034, 0.01248, 0.02602, 0.06926, 0.02628, 0.00908, 0.00187 
62820.0, 5.10271, 0.14553, 0.63843, 0.89014, 0.00017, 0.09009, 2.03395, -0.00013, 0.22779, 0.19764, 0.04326, 0.06045, -0.00177, 0.00466, 0.03519, 0.01295, -0.00144, 0.01628, 0.04597, 0.01430, -0.00121, 0.00179 
62880.0, 5.01498, 0.14744, 0.59862, 0.94115, 0.00341, 0.09508, 2.04942, -0.00080, 0.23032, 0.19197, 0.01274, 0.05975, 0.02112, 0.00128, 0.04071, 0.01546, -0.00187, 0.02401, 0.07394, 0.01654, -0.00120, 0.00192 
62940.0, 4.99777, 0.15683, 0.58900, 0.91537, 0.00136, 0.10521, 2.09453, 0.00002, 0.24436, 0.19566, 0.02736, 0.06638, 0.01095, -0.00168, 0.03420, 0.01290, -0.00187, 0.02240, 0.07483, 0.01581, 0.00323, 0.00128 
63000.0, 5.61102, 0.16432, 0.69560, 0.92061, -0.00088, 0.09827, 2.09947, -0.00080, 0.15507, 0.21036, 0.02924, 0.07850, 0.01068, 0.00633, 0.04312, 0.02206, 0.00387, 0.01112, 0.07153, 0.01697, 0.00403, 0.00219 
63060.0, 5.18598, 0.16638, 0.90925, 3.14122, 0.00008, 0.13161, 2.20240, 0.00894, 0.33446, 0.24207, 0.05764, 0.14048, 0.01641, 0.01280, 0.09183, 0.02496, 0.00015, 0.02076, 0.09994, 0.02535, 0.00560, 0.00184 
63120.0, 5.74917, 0.16355, 0.58075, 0.88836, 0.00112, 0.09976, 2.06009, 0.00262, 0.11453, 0.17371, 0.03514, 0.06604, 0.00530, 0.00772, 0.03447, 0.01130, 0.00195, 0.00923, 0.08815, 0.01168, 0.00171, 0.00287 
63180.0, 5.73392, 0.15654, 0.69540, 1.01162, 0.00055, 0.07521, 2.14263, -0.00015, 0.19493, 0.18828, 0.02207, 0.06338, 0.00683, 0.01138, 0.03788, 0.01415, 0.00610, 0.00505, 0.07928, 0.02889, 0.00349, 0.00443 
63240.0, 4.53534, 0.14204, 0.67487, 1.21886, -0.00035, 0.10714, 2.06060, 0.00400, 0.14265, 0.18785, 0.05951, 0.10020, 0.01111, 0.01232, 0.07434, 0.03832, -0.00188, 0.00885, 0.06784, 0.01384, 0.00130, 0.00053 
63300.0, 5.48544, 0.16405, 0.62024, 0.86958, 0.00052, 0.07762, 2.13520, -0.00079, 0.17275, 0.21588, 0.05560, 0.09553, 0.01611, -0.00067, 0.03561, 0.01739, 0.00147, 0.01680, 0.08080, 0.01310, -0.00156, 0.00137 
63360.0, 5.77943, 0.15785, 0.88589, 1.79893, 0.00188, 0.12384, 2.66211, 0.01154, 0.50289, 0.23827, 0.07939, 0.23212, 0.01865, 0.00549, 0.07721, 0.04298, 0.00434, 0.01946, 0.09626, 0.01713, 0.20971, 0.00584 
63420.0, 6.01124, 0.16480, 0.77600, 1.35033, 0.00422, 0.13355, 2.45246, -0.00079, 0.34504, 0.20741, 0.02523, 0.14710, 0.01114, 0.00083, 0.05218, 0.03077, 0.00530, 0.02238, 0.08282, 0.02684, 0.17163, 0.00416 
63480.0, 5.90775, 0.15251, 0.67293, 1.23404, 0.00170, 0.10602, 2.49015, -0.00079, 0.39240, 0.22821, 0.02520, 0.17552, 0.01667, 0.02079, 0.06289, 0.02936, 0.00207, 0.02973, 0.07331, 0.01327, 0.21087, 0.00235 
63540.0, 5.41520, 0.16277, 0.60454, 0.68130, 0.00798, 0.07624, 2.20141, -0.00078, 0.20417, 0.21732, 0.01670, 0.07746, 0.01210, 0.01108, 0.03317, 0.02091, -0.00044, 0.02319, 0.04824, 0.01324, 0.03427, 0.00125 
63600.0, 5.67937, 0.13422, 0.64248, 0.84584, 0.00126, 0.09160, 2.14550, 0.00162, 0.16626, 0.21493, 0.00479, 0.07737, 0.00666, 0.00807, 0.04965, 0.01684, -0.00151, 0.01119, 0.05168, 0.02123, 0.02286, 0.00180 
63660.0, 5.06797, 0.16692, 0.70239, 1.16414, 0.00363, 0.08347, 2.21909, 0.00474, 0.29482, 0.25044, 0.05585, 0.08163, -0.00178, 0.00712, 0.04182, 0.01758, 0.00482, 0.01523, 0.07776, 0.02801, 0.01922, 0.00122 
63720.0, 6.35770, 0.14768, 0.69480, 2.35085, 0.00216, 0.11264, 2.21601, -0.00078, 0.27230, 0.27011, 0.08176, 0.11021, 0.00410, 0.01896, 0.04945, 0.01645, 0.00167, 0.01394, 0.05997, 0.02458, 0.00268, 0.00135 
63780.0, 5.50042, 0.16247, 0.72914, 1.04279, 0.00107, 0.11011, 2.30747, 0.00881, 0.39747, 0.26540, 0.04516, 0.09728, 0.00859, 0.02014, 0.03882, 0.01786, -0.00190, 0.01732, 0.08321, 0.03057, 0.01160, 0.00102 
63840.0, 6.07945, 0.15829, 0.80755, 1.25898, 0.00132, 0.11540, 2.32815, 0.01149, 0.49256, 0.27494, 0.01360, 0.10713, 0.00691, -0.00192, 0.04904, 0.01870, -0.00190, 0.01768, 0.08063, 0.01919, 0.00753, 0.00310 
63900.0, 6.68317, 0.15052, 0.71801, 0.95104, -0.00079, 0.10347, 2.21915, -0.00077, 0.37362, 0.27836, 0.04116, 0.08692, 0.00223, -0.00255, 0.04025, 0.01632, 0.00553, 0.01888, 0.08220, 0.01304, 0.00687, 0.00336 
63960.0, 4.93131, 0.14511, 0.64384, 0.86146, 0.00018, 0.08354, 2.29848, 0.00960, 0.24396, 0.21957, 0.02904, 0.05789, -0.00178, 0.01064, 0.02557, 0.02008, 0.00521, 0.01631, 0.06156, 0.01010, 0.00231, 0.00225 
64020.0, 5.64127, 0.14745, 0.49051, 0.82605, -0.00086, 0.08685, 2.18293, 0.00637, 0.21027, 0.17341, -0.00683, 0.05156, 0.00542, 0.00643, 0.03219, 0.01267, 0.00484, 0.02194, 0.05877, 0.00826, 0.00539, 0.00148 
64080.0, 6.27040, 0.15366, 0.52821, 0.84843, -0.00021, 0.08310, 2.32695, 0.00367, 0.19895, 0.20774, 0.00683, 0.06383, -0.00178, 0.01387, 0.04179, 0.01465, -0.00190, 0.01916, 0.06543, 0.02101, 0.00435, 0.00109 
64140.0, 6.80794, 0.16974, 0.61568, 1.50487, 0.00101, 0.11833, 2.31395, 0.00854, 0.28703, 0.20979, 0.08213, 0.13770, -0.00178, 0.01172, 0.07506, 0.02762, -0.00191, 0.02089, 0.06314, 0.01863, 0.00585, 0.00285 
64200.0, 5.66379, 0.17115, 0.66701, 1.33684, 0.00290, 0.08323, 2.32230, -0.00076, 0.24334, 0.22883, 0.03762, 0.06878, 0.00376, 0.00225, 0.04562, 0.01572, -0.00191, 0.02442, 0.07562, 0.01381, 0.00721, -0.00014 
64260.0, 5.27233, 0.15070, 0.57082, 1.26248, 0.00040, 0.10569, 2.25262, 0.01208, 0.26784, 0.22735, 0.02973, 0.07496, 0.01156, 0.01839, 0.03777, 0.01644, -0.00191, 0.01005, 0.08471, 0.00716, 0.00724, 0.00379 
64320.0, 5.48417, 0.16573, 0.57034, 1.08089, 0.00089, 0.09702, 2.16947, 0.00442, 0.17473, 0.20414, 0.00455, 0.06844, 0.00468, 0.00543, 0.04102, 0.01012, -0.00191, 0.01279, 0.06072, 0.00739, 0.00399, 0.00008 
64380.0, 5.90295, 0.14593, 0.57353, 1.10151, -0.00086, 0.10459, 2.21173, 0.00560, 0.19758, 0.20261, 0.01425, 0.08153, 0.00694, 0.00299, 0.04756, 0.01842, -0.00191, 0.01864, 0.08849, 0.01863, 0.00833, 0.00049 
64440.0, 6.20651, 0.14409, 0.56630, 1.21760, 0.00040, 0.10868, 2.24517, 0.00559, 0.25884, 0.24579, 0.01331, 0.07815, 0.00478, -0.00266, 0.04894, 0.01577, -0.00001, 0.01195, 0.06140, 0.01578, 0.00194, 0.00289 
64500.0, 5.27380, 0.15577, 0.53788, 1.12884, 0.00014, 0.08880, 2.23023, 0.01580, 0.23521, 0.20018, 0.04182, 0.05915, -0.00106, -0.00266, 0.03258, 0.01698, -0.00191, 0.01660, 0.07205, 0.02852, 0.00380, 0.00182 
64560.0, 6.15228, 0.15800, 0.56257, 1.04240, 0.00314, 0.08417, 2.25856, 0.00432, 0.25407, 0.20145, 0.04822, 0.03884, -0.00175, 0.01556, 0.02423, 0.01349, 0.00042, 0.02577, 0.07524, 0.01231, 0.00437, 0.00264 
64620.0, 6.29587, 0.15860, 0.81409, 1.19828, 0.00214, 0.07933, 2.25735, 0.01453, 0.23690, 0.21590, 0.00395, 0.06524, -0.00179, -0.00270, 0.04666, 0.01847, -0.00180, 0.01032, 0.04748, 0.01724, 0.00452, 0.00059 
64680.0, 5.90462, 0.13600, 0.55849, 0.86824, -0.00024, 0.07441, 2.18897, -0.00075, 0.12616, 0.21333, 0.01065, 0.06521, -0.00179, -0.00271, 0.02449, 0.01340, -0.00192, 0.00494, 0.02746, 0.01849, 0.00092, 0.00012 
64740.0, 6.39618, 0.15301, 0.74444, 1.60128, 0.00013, 0.12385, 2.34615, 0.00591, 0.31989, 0.22999, 0.00677, 0.08486, -0.00179, 0.01135, 0.04929, 0.01442, 0.00269, 0.01352, 0.06798, 0.00596, 0.00827, 0.00208 
64800.0, 5.61833, 0.16876, 0.68672, 1.24092, 0.00226, 0.07941, 2.52434, -0.00074, 0.27572, 0.22172, 0.08007, 0.11978, 0.01655, 0.02649, 0.04288, 0.02057, -0.00192, 0.00328, 0.06396, 0.01459, 0.10753, 0.00215 
64860.0, 6.09241, 0.13667, 0.78741, 1.16308, 0.00340, 0.08973, 2.62293, 0.01306, 0.32032, 0.25604, 0.05417, 0.14344, 0.00434, 0.01705, 0.06008, 0.02651, 0.01030, 0.02284, 0.06055, 0.03239, 0.16080, 0.00217 
64920.0, 6.67708, 0.16831, 0.81523, 1.44114, 0.00401, 0.10047, 2.52157, 0.00520, 0.31239, 0.26879, 0.00841, 0.11842, -0.00179, 0.01849, 0.05735, 0.01747, -0.00193, 0.01967, 0.09281, 0.01108, 0.09573, 0.00360 
64980.0, 6.42154, 0.16222, 0.70584, 1.45704, 0.00083, 0.12168, 2.42670, 0.00781, 0.31354, 0.26449, 0.02662, 0.07548, 0.01010, 0.02116, 0.05002, 0.02042, 0.01122, 0.02213, 0.06268, 0.00942, 0.03386, 0.00312 
65040.0, 5.54735, 0.16557, 0.58385, 0.97353, 0.00388, 0.11467, 2.27583, 0.01070, 0.15422, 0.22234, 0.00979, 0.06619, 0.00457, 0.00597, 0.03622, 0.00861, 0.01254, -0.00034, 0.05654, 0.00688, 0.01361, 0.00179 
65100.0, 5.19433, 0.15136, 0.69515, 1.21662, -0.00079, 0.10909, 2.35819, 0.00587, 0.27625, 0.24288, 0.00722, 0.07811, -0.00180, 0.02575, 0.03399, 0.01877, -0.00193, 0.02198, 0.05320, 0.01217, 0.02835, 0.00289 
65160.0, 4.68829, 0.14487, 0.60308, 0.69543, 0.00110, 0.08361, 2.29700, 0.00257, 0.10235, 0.20909, 0.03498, 0.07580, 0.00489, 0.01607, 0.02662, 0.00960, -0.00193, 0.02411, 0.02510, 0.00559, 0.00747, 0.00213 
65220.0, 6.46708, 0.15612, 0.72359, 1.67035, 0.00028, 0.10253, 2.34806, -0.00073, 0.22165, 0.24671, 0.02686, 0.17132, 0.00430, 0.00514, 0.07032, 0.02801, 0.00281, 0.02065, 0.06416, 0.01212, 0.01293, 0.00087 
65280.0, 6.40210, 0.15531, 0.75254, 1.00154, 0.00003, 0.08468, 2.36712, 0.01455, 0.35637, 0.26385, 0.00205, 0.06836, 0.00400, -0.00283, 0.04921, 0.01148, -0.00194, 0.01660, 0.07591, 0.02055, 0.01975, 0.00404 
65340.0, 6.82476, 0.15054, 0.87917, 1.35865, 0.00232, 0.10599, 2.45553, 0.00548, 0.38382, 0.28813, 0.02515, 0.13059, 0.01572, -0.00284, 0.05810, 0.03011, -0.00098, 0.01792, 0.09484, 0.02355, 0.01566, 0.00262 
65400.0, 5.10483, 0.15280, 0.62206, 0.98645, -0.00000, 0.09864, 2.29750, 0.00815, 0.26027, 0.24152, 0.05147, 0.08211, 0.00813, 0.01432, 0.03577, 0.00724, 0.00108, 0.00958, 0.06432, 0.00656, 0.00855, 0.00385 
65460.0, 5.65189, 0.15212, 0.65006, 1.52608, -0.00084, 0.10671, 2.38299, 0.00322, 0.25945, 0.24590, 0.00526, 0.07594, 0.00390, 0.00308, 0.03316, 0.01272, -0.00194, 0.02683, 0.06282, 0.01979, 0.00695, 0.00154 
65520.0, 5.11383, 0.17010, 0.61700, 1.86467, 0.00022, 0.13450, 2.35186, 0.00692, 0.21619, 0.21430, 0.03486, 0.07645, -0.00180, -0.00231, 0.03818, 0.01587, 0.01798, 0.01825, 0.07184, 0.02106, 0.00666, 0.00048 
65580.0, 6.09623, 0.15128, 0.78011, 1.15374, 0.00179, 0.08947, 2.36031, 0.01369, 0.22735, 0.21403, 0.01275, 0.09429, 0.01420, -0.00066, 0.04486, 0.02083, -0.00184, 0.00597, 0.06404, 0.02149, 0.00603, 0.00274 
65640.0, 6.41086, 0.15789, 0.65766, 1.29786, 0.00099, 0.14206, 2.41489, 0.01154, 0.26596, 0.25570, 0.01605, 0.10809, 0.00940, -0.00060, 0.05616, 0.02101, -0.00194, 0.01259, 0.07993, 0.01419, 0.00486, 0.00353 
65700.0, 5.15718, 0.14710, 0.73358, 1.23020, 0.00052, 0.09297, 2.37836, 0.00055, 0.20904, 0.24604, 0.02102, 0.07777, 0.01096, 0.00582, 0.04033, 0.01961, -0.00143, 0.01110, 0.04285, 0.00839, 0.00629, 0.00401 
65760.0, 5.56560, 0.15682, 0.74767, 1.32875, 0.00033, 0.08455, 2.46165, 0.01054, 0.18254, 0.25184, 0.02193, 0.07647, 0.00897, -0.00293, 0.03633, 0.01079, 0.00062, 0.02074, 0.05637, 0.01673, 0.01052, 0.00186 
65820.0, 6.15514, 0.14899, 0.69922, 1.05687, 0.00037, 0.10631, 2.40548, 0.00398, 0.18583, 0.23281, 0.01439, 0.08082, 0.00560, 0.00639, 0.03406, 0.01232, -0.00195, 0.02555, 0.03724, 0.01161, 0.00904, 0.00054 
65880.0, 6.10132, 0.16555, 0.73092, 1.50461, -0.00061, 0.09512, 2.52005, 0.00092, 0.19572, 0.23859, 0.03232, 0.06704, 0.01071, 0.02545, 0.04862, 0.01584, 0.00112, 0.01718, 0.05447, 0.03220, 0.00969, 0.00107 
65940.0, 7.56598, 0.17243, 0.64791, 1.21501, 0.00099, 0.09739, 2.48386, 0.00851, 0.12262, 0.23719, 0.04956, 0.07273, -0.00063, 0.03024, 0.04242, 0.01534, 0.00447, 0.01271, 0.06575, 0.01303, 0.00797, 0.00137 
66000.0, 6.14093, 0.16645, 0.65300, 1.31169, -0.00083, 0.09292, 2.48919, 0.01194, 0.17517, 0.25518, 0.04124, 0.08117, 0.00530, 0.02480, 0.04701, 0.02067, 0.00153, 0.01749, 0.06345, 0.01638, 0.00592, 0.00234 
66060.0, 6.17772, 0.14795, 0.75180, 1.41055, 0.00067, 0.07575, 2.43676, 0.01324, 0.23268, 0.27890, 0.02378, 0.07432, 0.00147, 0.02378, 0.04190, 0.01419, 0.00133, 0.01512, 0.06557, 0.02040, 0.00278, 0.00018 
66120.0, 5.70980, 0.15094, 0.56864, 1.34052, 0.00063, 0.09560, 2.36851, 0.01253, 0.16725, 0.25304, 0.02937, 0.08006, -0.00181, 0.00459, 0.03321, 0.01620, 0.00801, 0.02035, 0.05477, 0.01314, 0.00548, 0.00112 
66180.0, 5.74757, 0.14971, 0.68612, 1.37778, -0.00017, 0.10559, 2.43822, 0.00989, 0.21401, 0.25407, 0.02018, 0.07556, 0.00157, 0.01496, 0.03537, 0.01601, -0.00196, 0.01799, 0.05318, 0.02684, 0.00734, 0.00675 
66240.0, 7.35386, 0.15747, 0.66959, 1.29448, 0.00090, 0.08009, 2.47857, 0.00474, 0.21474, 0.27930, 0.00941, 0.07224, 0.00112, 0.00361, 0.03683, 0.01852, -0.00196, 0.01826, 0.05308, 0.00951, 0.00941, 0.00146 
66300.0, 10.17776, 0.16513, 0.82189, 1.44517, 0.00186, 0.10540, 2.54393, 0.01010, 0.21021, 0.29090, 0.07424, 0.07442, 0.00496, 0.03691, 0.03691, 0.01100, 0.00599, 0.01725, 0.07233, 0.01273, 0.00541, 0.00305 
66360.0, 7.12562, 0.15079, -9999.00000, 1.18565, 0.00135, 0.10144, 2.56617, -0.00043, -9999.00000, 0.25600, 0.03600, 0.07779, 0.00868, 0.01602, 0.04345, 0.01136, -0.00196, 0.01770, 0.05349, 0.01973, 0.00421, 0.00279 
66420.0, -9999.00000, -9999.00000, -9999.00000, -9999.00000, -9999.00000, -9999.00000, -9999.00000, -9999.00000, -9999.00000, -9999.00000, -9999.00000, -9999.00000, -9999.00000, -9999.00000, -9999.00000, -9999.00000, -9999.00000, -9999.00000, -9999.00000, -9999.00000, -9999.00000, -9999.00000 
66480.0, -9999.00000, -9999.00000, -9999.00000, -9999.00000, -9999.00000, -9999.00000, -9999.00000, -9999.00000, -9999.00000, -9999.00000, -9999.00000, -9999.00000, -9999.00000, -9999.00000, -9999.00000, -9999.00000, -9999.00000, -9999.00000, -9999.00000, -9999.00000, -9999.00000, -9999.00000 
66540.0, -9999.00000, -9999.00000, -9999.00000, -9999.00000, -9999.00000, -9999.00000, -9999.00000, -9999.00000, -9999.00000, -9999.00000, -9999.00000, -9999.00000, -9999.00000, -9999.00000, -9999.00000, -9999.00000, -9999.00000, -9999.00000, -9999.00000, -9999.00000, -9999.00000, -9999.00000 
