CampaignData_and_Merges/R0/CSL_MobileLab_Parked/raw/20240812/USOS-HCHO_MobileLabGround_20240812_R0.ict
35,1001
Huang, Yaoxian
Wayne State University
Picarro G2307 on CSL Mobile Lab
USOS
1,1
2024,08,12,2024,08,15
1.0
Time_Start,seconds_since_midnight,number_of_seconds_since_0000_UTC
3
1.0,1.0,1.0
-9999.0,-9999.0,-9999.0
HCHO,ppbv,Gas_HCHO_InSitu_S_AVMR,volume mixing ratio of formaldehyde in air
H2O,ppmv,Gas_H2O_InSitu_S_AVMR,volume mixing ratio of water vapor in air
CH4,ppmv,Gas_CH4_InSitu_S_AVMR,volume mixing ratio of methane in air
0
18
PI_CONTACT_INFO: yaoxian.huang@wayne.edu
PLATFORM: CSL Mobile Lab, at Ground Site
LOCATION: Salt Lake City, UT
ASSOCIATED_DATA: N/A
INSTRUMENT_INFO: Cavity Ring-Down Spectrometer
DATA_INFO: Data is averaged to 1 minute intervals for stationary and 1 second interval for driving. Stationary data collected from a 20 ft tower on top of the mobile lab.
UNCERTAINTY: N/A
ULOD_FLAG: -7777
ULOD_VALUE: N/A
LLOD_FLAG: -8888
LLOD_VALUE: N/A
DM_CONTACT_INFO: Yaoxian Huang; yaoxian.huang@wayne.edu
PROJECT_INFO: USOS, Summer 2024. https://csl.noaa.gov/groups/csl7/measurements/2024usos/
STIPULATIONS_ON_USE: Users are strongly encouraged to contact the PI for proper data usage.
OTHER_COMMENTS: Data have been shifted backwards by 1 minute to align with USOS MetNav and Picarro GHG data.
REVISION: R0
R0: Final Data
Time_Start,HCHO,H2O,CH4
0,1.93152,14327.8,1.90566
60,2.51687,15006.9,1.90684
120,2.29536,14451.3,1.90388
180,2.04292,14391.7,1.90359
240,2.03506,14302.8,1.90264
300,2.31368,14468.2,1.90633
360,2.43832,14256.0,1.90421
420,2.29609,14083.7,1.90644
480,2.5913,15337.2,1.90306
540,2.34957,14454.0,1.90644
600,2.50689,14591.2,1.90507
660,2.12345,13997.9,1.9042
720,2.29641,14820.8,1.90023
780,2.43912,14995.6,1.90151
840,2.2945,14315.6,1.90187
900,2.23721,14283.4,1.90113
960,2.11199,14072.2,1.90213
1020,2.3703,14548.8,1.90269
1080,2.25229,14513.3,1.90408
1140,2.31349,14861.7,1.90149
1200,2.0499,14300.4,1.90393
1260,2.23354,14351.9,1.90391
1320,2.42031,14105.8,1.90434
1380,2.13958,13980.6,1.90413
1440,2.11326,14580.2,1.90123
1500,2.33726,14775.2,1.90301
1560,2.36725,15572.6,1.90243
1620,2.27127,14424.2,1.90366
1680,2.22037,13495.7,1.90426
1740,2.24483,13978.6,1.90199
1800,2.04003,13466.0,1.90533
1860,2.15876,13764.0,1.9035
1920,1.99811,13735.1,1.90176
1980,2.36435,14192.1,1.90141
2040,2.22562,14049.8,1.9022
2100,2.09391,14203.5,1.90222
2160,2.33557,14018.5,1.9042
2220,2.12065,13699.5,1.90348
2280,2.15928,13942.5,1.90266
2340,2.05052,14359.1,1.90026
2400,2.03016,14510.3,1.90616
2460,2.28765,14310.6,1.90481
2520,2.14845,14060.1,1.90842
2580,2.12222,13551.5,1.90467
2640,2.00087,13905.0,1.90348
2700,2.32769,14190.6,1.90425
2760,2.31099,14525.5,1.90465
2820,2.15876,14147.9,1.90417
2880,2.35937,14179.9,1.90873
2940,2.0434,13936.6,1.90729
3000,2.49017,13864.3,1.9087
3060,2.38397,13836.6,1.9076
3120,2.56077,13729.0,1.90885
3180,2.08373,13467.4,1.90606
3240,2.24324,13387.0,1.9069
3300,2.1468,13726.8,1.90383
3360,2.48046,13795.5,1.90597
3420,2.06924,13602.5,1.90461
3480,2.27331,13555.9,1.90458
3540,2.1127,13993.9,1.90426
3600,2.24183,14248.4,1.90542
3660,2.23246,14072.0,1.9057
3720,2.3137,14664.0,1.90384
3780,2.10489,13835.6,1.90273
3840,2.09428,13757.5,1.90562
3900,2.03702,13550.5,1.90342
3960,2.18555,13519.3,1.90351
4020,2.02979,13557.4,1.9047
4080,2.14301,14095.2,1.90123
4140,2.13121,13595.6,1.90301
4200,1.88823,13416.2,1.90257
4260,1.88425,13452.8,1.90556
4320,2.00431,14297.6,1.90374
4380,2.04402,13816.1,1.90471
4440,2.05029,13817.9,1.90208
4500,1.85602,13455.7,1.90383
4560,2.3137,13671.4,1.90326
4620,2.09471,13750.2,1.90412
4680,2.46497,13610.1,1.90417
4740,2.18522,13564.0,1.90489
4800,2.11457,13535.4,1.90464
4860,2.51228,13781.1,1.90266
4920,2.32715,14058.1,1.90467
4980,2.48308,14598.3,1.9048
5040,2.40678,13931.1,1.90605
5100,2.19536,13883.8,1.90458
5160,2.27904,13936.3,1.90385
5220,2.37239,14341.5,1.90295
5280,2.18974,13786.9,1.9071
5340,2.25858,14047.3,1.90425
5400,2.19284,14055.5,1.90378
5460,2.2572,14698.1,1.90606
5520,2.34251,14365.5,1.90539
5580,2.28698,14497.6,1.90908
5640,1.95542,14358.8,1.90597
5700,2.65094,14265.3,1.90909
5760,2.37933,13918.8,1.90708
5820,2.24048,13724.7,1.90694
5880,2.11714,13626.1,1.90546
5940,2.16916,13453.9,1.90593
6000,2.13411,13242.0,1.90247
6060,2.21567,13388.1,1.90179
6120,2.1703,13528.2,1.90433
6180,2.14105,13471.2,1.90535
6240,2.29014,13873.7,1.90288
6300,2.21074,13940.0,1.906
6360,2.18807,14129.1,1.9044
6420,2.34939,14039.7,1.9063
6480,2.32479,14052.0,1.90591
6540,2.43142,13648.3,1.90495
6600,2.3691,13413.5,1.90459
6660,2.22118,13219.8,1.90372
6720,2.35146,13313.4,1.90603
6780,2.08207,13323.4,1.90483
6840,2.1609,13177.5,1.90544
6900,2.15938,13225.2,1.90211
6960,2.46346,13683.7,1.90712
7020,2.37844,13812.5,1.90609
7080,2.49818,13811.8,1.90706
7140,2.69105,14389.0,1.91127
7200,2.18207,14261.0,1.91179
7260,2.7052,14701.3,1.91488
7320,2.95838,14572.8,1.91249
7380,2.85448,14622.4,1.91035
7440,2.60813,14284.4,1.91071
7500,2.37255,14000.5,1.91135
7560,2.64513,14208.9,1.91195
7620,2.5675,14115.3,1.91249
7680,2.58446,14135.0,1.91104
7740,2.6716,13719.2,1.91052
7800,2.52421,14013.6,1.90926
7860,2.6044,14026.5,1.9107
7920,2.57384,14115.4,1.9088
7980,2.52595,14305.9,1.91096
8040,2.86845,14713.4,1.91218
8100,2.67067,14604.2,1.9118
8160,2.99617,14881.4,1.91606
8220,3.15204,14917.4,1.91778
8280,3.13839,14948.7,1.91802
8340,3.03649,14861.1,1.91665
8400,3.20114,14766.3,1.91772
8460,2.89954,14880.4,1.91781
8520,3.15558,15036.6,1.92094
8580,3.22241,15083.3,1.92035
8640,3.3866,15160.9,1.9203
8700,3.19081,15135.2,1.91969
8760,3.5928,15207.7,1.91929
8820,3.56734,15185.2,1.92156
8880,3.31956,15220.7,1.92239
8940,3.36108,15299.7,1.91987
9000,3.5466,15235.0,1.92193
9060,3.6314,15430.4,1.91987
9120,3.84637,15700.0,1.92683
9180,4.14241,15734.3,1.92601
9240,3.74474,15596.3,1.92862
9300,3.79034,15526.8,1.92556
9360,3.73039,15550.3,1.93362
9420,2.71119,15559.1,1.92438
9480,2.34784,15644.2,1.92093
9540,2.0629,15679.9,1.91608
9600,2.06634,15660.1,1.91029
9660,1.64048,15794.9,1.90334
9720,1.63891,15847.9,1.90464
9780,1.44057,15864.8,1.89952
9840,1.28142,15898.0,1.90043
9900,1.15444,15890.6,1.89963
9960,1.3585,15920.5,1.90099
10020,1.34526,15941.8,1.89777
10080,1.15376,15875.0,1.89778
10140,1.22916,15886.2,1.90016
10200,0.999731,15918.2,1.90097
10260,1.16874,15988.3,1.90433
10320,1.38075,16081.5,1.90708
10380,1.22706,16093.8,1.90322
10440,1.21902,16144.5,1.90371
10500,1.15714,16159.2,1.90789
10560,1.1137,16145.3,1.90842
10620,1.10616,16147.3,1.90533
10680,0.853543,16122.1,1.9067
10740,0.951095,16053.8,1.90434
10800,1.00052,16029.9,1.9027
10860,0.963181,15817.3,1.90296
10920,0.863639,15593.5,1.8996
10980,1.0887,15582.1,1.90101
11040,0.911732,15486.0,1.89984
11100,1.04209,15373.2,1.90219
11160,0.753805,15102.1,1.89934
11220,1.02866,14907.0,1.90075
11280,0.973599,14782.1,1.90015
11340,1.00327,14758.1,1.90031
11400,0.929017,14788.1,1.89734
11460,0.981455,14774.8,1.90167
11520,0.992233,14718.7,1.90035
11580,0.927015,14731.3,1.9009
11640,1.06053,14760.8,1.9006
11700,0.964806,14732.3,1.90262
11760,1.05348,14679.6,1.90134
11820,0.709879,14702.4,1.90129
11880,0.776651,14718.2,1.90281
11940,1.04051,14691.0,1.90512
12000,1.06687,14713.8,1.90329
12060,0.956309,14752.7,1.90378
12120,0.860989,14908.6,1.90291
12180,1.05527,14936.4,1.90503
12240,0.618803,15066.5,1.90447
12300,0.737596,15113.8,1.90594
12360,0.871087,15207.8,1.90481
12420,1.01699,15309.2,1.90361
12480,1.13751,15262.5,1.90359
12540,0.989064,15376.4,1.90223
12600,0.954974,15267.4,1.90557
12660,1.07921,15187.5,1.90304
12720,1.22279,15117.2,1.90515
12780,0.918843,15236.5,1.90257
12840,1.16177,15129.0,1.90227
12900,0.864071,15134.1,1.90325
12960,1.11704,15075.7,1.90223
13020,0.950821,15164.0,1.90427
13080,1.11653,15169.7,1.90155
13140,0.831008,15444.9,1.90068
13200,0.757158,15529.6,1.901
13260,0.876184,15499.5,1.90268
13320,0.836969,15536.2,1.90331
13380,1.0052,15669.8,1.90357
13440,1.14174,15641.4,1.90258
13500,1.20191,15748.8,1.90366
13560,1.2416,15764.2,1.90365
13620,1.29491,16075.3,1.90141
13680,1.26793,15495.8,1.90245
13740,0.852152,15217.4,1.90152
13800,0.969034,15129.2,1.90027
13860,0.836129,15053.3,1.89992
13920,0.849144,15060.0,1.90031
13980,0.859933,15273.1,1.89657
14040,1.13744,15270.2,1.89764
14100,1.14834,14941.3,1.89965
14160,0.967175,14913.9,1.89704
14220,1.17415,14857.5,1.89901
14280,1.00173,14899.7,1.89765
14340,0.952609,14972.5,1.89897
14400,1.19591,14950.0,1.89948
14460,1.14776,15035.4,1.89661
14520,0.862315,15077.5,1.90099
14580,1.04308,15078.2,1.89881
14640,1.05525,15381.1,1.90061
14700,1.26329,15263.3,1.90076
14760,1.30291,15226.2,1.9029
14820,1.07812,15225.6,1.90196
14880,1.3451,15454.5,1.90192
14940,1.20279,15296.7,1.90128
15000,0.986319,15229.2,1.90203
15060,1.16452,15283.8,1.90167
15120,1.06481,15278.1,1.90152
15180,1.14132,15375.4,1.90197
15240,1.11218,15373.0,1.90142
15300,1.24462,15301.6,1.90179
15360,0.839268,15204.3,1.90251
15420,1.14177,15082.7,1.90458
15480,1.16053,15048.2,1.90128
15540,0.803136,15155.2,1.90087
15600,1.13319,14968.8,1.90107
15660,0.846441,14936.6,1.90076
15720,1.10335,14919.6,1.8989
15780,1.15659,14897.2,1.9019
15840,0.88589,14668.5,1.90134
15900,1.0813,14474.6,1.90065
15960,0.641913,14392.9,1.89963
16020,0.703007,14343.3,1.89747
16080,0.767371,14492.5,1.89557
16140,0.877778,14398.2,1.89938
16200,0.83003,14407.9,1.9004
16260,0.545622,14360.4,1.89827
16320,1.10868,14540.7,1.89895
16380,0.71374,14570.5,1.89995
16440,0.994272,14697.3,1.90023
16500,0.976737,14686.8,1.89983
16560,0.807865,14696.5,1.90108
16620,0.913872,14763.7,1.90017
16680,0.587832,14856.6,1.89968
16740,0.764487,14952.0,1.9039
16800,0.800498,15019.5,1.9022
16860,0.55578,15074.5,1.90272
16920,0.876526,15250.2,1.902
16980,0.829227,15447.5,1.90218
17040,0.695762,15569.3,1.90265
17100,0.953712,15724.2,1.90565
17160,1.05821,15760.3,1.90568
17220,0.802153,15858.7,1.90364
17280,0.888155,15893.8,1.90323
17340,0.926588,15952.0,1.90448
17400,1.21079,15969.1,1.90656
17460,0.802437,16149.2,1.90384
17520,0.911539,16309.9,1.90583
17580,0.848143,16395.1,1.90446
17640,0.889318,16431.8,1.90641
17700,0.700278,16468.4,1.90359
17760,0.957649,16645.7,1.90399
17820,0.957034,16782.7,1.9028
17880,1.10372,16851.6,1.90734
17940,0.743073,16958.0,1.90768
18000,0.900933,16858.4,1.90923
18060,0.963037,16936.7,1.90529
18120,1.03258,16862.6,1.90453
18180,0.849138,16970.2,1.90191
18240,0.69884,16943.9,1.9054
18300,1.06421,16884.6,1.90328
18360,1.04786,17018.5,1.90262
18420,0.860553,17145.2,1.90084
18480,0.954714,17101.7,1.90069
18540,0.881073,16862.2,1.9034
18600,1.0605,16792.8,1.90257
18660,1.03306,16859.3,1.90296
18720,1.09743,16658.0,1.90018
18780,1.08507,16576.7,1.90322
18840,0.853986,16677.9,1.90116
18900,1.05055,16775.0,1.9019
18960,0.95861,16946.9,1.90277
19020,0.980328,16896.9,1.90252
19080,0.812246,16642.4,1.90245
19140,0.939552,16713.5,1.90037
19200,0.837931,16794.4,1.90106
19260,0.799315,16757.1,1.90233
19320,0.871338,16816.2,1.90163
19380,1.11105,17013.0,1.90345
19440,0.876401,17150.1,1.90247
19500,1.05128,16975.8,1.90624
19560,0.972974,17018.0,1.90301
19620,0.970446,16909.4,1.905
19680,0.714961,16975.5,1.90514
19740,0.944224,17140.3,1.90765
19800,0.81748,17204.9,1.90684
19860,0.849246,17384.2,1.9078
19920,0.951315,17348.8,1.90791
19980,0.835734,17337.2,1.90849
20040,0.664969,17399.6,1.90206
20100,0.649897,17276.2,1.90653
20160,0.841026,17337.1,1.9051
20220,1.06322,17434.3,1.90336
20280,0.850899,17346.3,1.9024
20340,0.920631,17487.4,1.90078
20400,0.72172,17352.2,1.90176
20460,0.762854,17385.4,1.90182
20520,0.643146,17388.6,1.89928
20580,0.941291,17433.2,1.9006
20640,0.785414,17589.2,1.90135
20700,0.727576,17745.0,1.89982
20760,0.718485,17671.9,1.89843
20820,0.87565,17605.9,1.89908
20880,0.752436,17689.3,1.89818
20940,0.897725,17752.0,1.89856
21000,0.946613,17696.6,1.90088
21060,0.673053,17708.8,1.89896
21120,0.919785,17842.5,1.90026
21180,0.88654,17738.4,1.89959
21240,0.748066,17716.8,1.89863
21300,0.598299,17776.3,1.90004
21360,0.945429,17742.3,1.90051
21420,0.617144,17820.9,1.89856
21480,1.02716,17981.9,1.89841
21540,0.769075,17958.0,1.89732
21600,0.636342,17895.2,1.90143
21660,0.766387,18019.4,1.89708
21720,0.750808,17984.9,1.897
21780,0.673441,17984.1,1.89851
21840,0.954418,18001.7,1.89972
21900,0.931604,18131.7,1.89784
21960,0.977995,18046.2,1.89848
22020,0.970537,18030.7,1.89767
22080,0.489467,18070.8,1.89543
22140,0.937648,18023.5,1.90027
22200,0.883035,17932.8,1.89666
22260,0.734017,17829.6,1.90115
22320,0.974579,18108.8,1.89614
22380,0.845317,18211.7,1.89597
22440,0.689617,18120.6,1.89546
22500,0.915463,18127.0,1.89694
22560,0.703544,18050.2,1.89448
22620,0.677318,18040.6,1.90025
22680,0.79727,18187.4,1.89765
22740,0.667529,18084.6,1.89872
22800,0.609006,17715.9,1.89765
22860,0.867954,17789.9,1.89759
22920,0.965142,17551.6,1.90018
22980,0.604992,17432.5,1.89885
23040,0.862311,17518.7,1.89903
23100,0.566859,17739.6,1.89795
23160,0.841789,18043.9,1.89974
23220,0.628082,18347.5,1.9002
23280,0.763134,18398.9,1.89937
23340,0.769496,18406.6,1.89922
23400,0.965197,18263.5,1.89912
23460,0.987446,18087.7,1.89994
23520,0.794913,17827.1,1.89899
23580,0.672849,17761.7,1.89848
23640,0.907061,17818.3,1.89884
23700,0.549854,17969.9,1.90004
23760,0.92223,17888.4,1.89792
23820,0.729326,18114.8,1.9017
23880,0.818697,17922.8,1.90116
23940,0.580507,17916.2,1.90351
24000,0.797701,17859.1,1.89969
24060,0.967656,17469.8,1.90296
24120,0.840134,17354.3,1.90488
24180,1.25035,17262.7,1.90616
24240,0.930108,16919.1,1.90485
24300,1.21587,17042.0,1.90839
24360,1.02941,17172.3,1.90563
24420,0.94649,17260.3,1.9044
24480,0.964009,17287.8,1.9053
24540,0.666554,17200.4,1.90038
24600,0.8588,16994.4,1.897
24660,0.893585,17146.6,1.90145
24720,1.26154,16964.1,1.90502
24780,0.76128,16963.4,1.9028
24840,0.904502,17199.3,1.90051
24900,0.749846,17195.3,1.89345
24960,0.799186,17284.7,1.89768
25020,0.824567,17361.1,1.89962
25080,0.94458,17455.7,1.89805
25140,0.808576,17501.0,1.89844
25200,0.658535,17499.7,1.89782
25260,0.799563,17704.1,1.89713
25320,0.666207,17854.4,1.89931
25380,0.822435,17894.7,1.89899
25440,0.738697,18068.0,1.89833
25500,0.578546,18138.8,1.89862
25560,0.683645,18106.2,1.89904
25620,0.649721,18267.4,1.90046
25680,0.645885,18282.5,1.89964
25740,0.752961,18550.3,1.89958
25800,0.684118,18542.5,1.89944
25860,0.860985,18492.6,1.89919
25920,0.810904,18523.3,1.90057
25980,1.11407,18579.2,1.8985
26040,0.817423,18590.7,1.89821
26100,0.744656,18634.8,1.89995
26160,1.03076,18697.6,1.89704
26220,0.800103,19064.1,1.89664
26280,0.859981,18916.7,1.90088
26340,0.469992,18754.8,1.89611
26400,0.578979,18584.7,1.8978
26460,0.739333,18413.0,1.89799
26520,0.652347,18410.1,1.89934
26580,0.775169,18482.4,1.896
26640,0.947944,18854.2,1.89767
26700,0.812477,18777.1,1.89354
26760,1.02502,18770.7,1.89774
26820,0.540091,18807.3,1.89454
26880,0.825003,18720.6,1.89779
26940,0.80132,18655.5,1.89723
27000,0.843481,18887.2,1.89385
27060,1.11382,19033.3,1.896
27120,0.811329,18802.3,1.8947
27180,0.802731,18835.1,1.89686
27240,0.901683,18725.3,1.89594
27300,0.893347,18551.7,1.8947
27360,1.05221,17669.1,1.89628
27420,1.00325,18435.1,1.89897
27480,1.05953,18097.1,1.903
27540,1.12263,18041.5,1.9003
27600,1.1413,18161.4,1.90066
27660,1.08631,17240.5,1.90469
27720,1.53608,16967.6,1.90774
27780,1.36234,16634.0,1.90546
27840,1.44754,17739.8,1.89995
27900,1.14993,17971.5,1.90037
27960,1.53519,16733.1,1.91044
28020,1.43663,16575.3,1.9074
28080,1.27749,16289.9,1.90366
28140,1.47962,15859.0,1.90823
28200,1.50586,15959.0,1.90527
28260,1.57096,16202.4,1.90292
28320,0.984092,16636.9,1.90113
28380,0.827777,16672.6,1.9003
28440,1.14113,16633.5,1.90154
28500,1.34216,16662.2,1.90429
28560,1.50559,16774.5,1.90654
28620,1.18528,16780.3,1.90233
28680,0.831259,16878.1,1.90082
28740,1.12058,16969.5,1.89959
28800,1.19389,17050.6,1.89845
28860,1.09831,17030.8,1.89833
28920,0.930757,17024.6,1.90072
28980,1.19988,17067.4,1.90066
29040,1.0452,17129.3,1.89991
29100,0.736689,17136.6,1.89697
29160,1.10679,16945.8,1.8954
29220,0.977655,16594.5,1.89661
29280,0.678502,16589.3,1.89383
29340,0.833103,16217.8,1.89557
29400,0.825941,16031.7,1.89325
29460,0.952977,15441.7,1.89241
29520,0.721972,15040.6,1.89045
29580,0.840705,15017.0,1.89325
29640,0.732225,14881.2,1.89286
29700,0.876734,14949.0,1.89177
29760,0.749213,15050.9,1.89333
29820,0.753703,14997.4,1.89013
29880,0.580122,15016.7,1.89201
29940,0.716683,15094.7,1.8923
30000,0.772447,15079.2,1.89089
30060,0.784949,15135.5,1.89057
30120,0.622734,15105.2,1.89172
30180,0.791699,15172.5,1.88958
30240,0.821249,15166.4,1.89073
30300,0.860097,15222.7,1.89002
30360,0.741361,15295.7,1.89034
30420,0.861539,15364.6,1.89007
30480,0.627081,15386.5,1.89265
30540,0.642251,15391.7,1.89053
30600,0.989349,15340.0,1.89216
30660,0.770347,15244.7,1.89078
30720,0.811056,15171.0,1.8892
30780,0.715929,15129.8,1.89148
30840,0.799217,15182.1,1.89001
30900,0.729869,15136.3,1.89032
30960,0.811324,15171.6,1.88918
31020,0.711507,15232.1,1.89016
31080,0.785111,15196.6,1.89296
31140,0.655812,15152.5,1.88813
31200,0.864302,15203.2,1.89362
31260,0.704706,15191.4,1.89293
31320,0.799407,15290.1,1.89176
31380,0.776137,15344.8,1.89347
31440,0.599158,15313.8,1.88984
31500,0.946554,15264.5,1.89066
31560,0.738803,15291.1,1.89348
31620,0.83495,15375.6,1.89007
31680,0.736703,15459.1,1.8938
31740,0.656692,15580.4,1.88882
31800,0.629983,15690.0,1.89036
31860,0.61638,15819.6,1.89082
31920,0.965575,15869.1,1.8929
31980,0.691289,15783.3,1.89021
