CampaignData_and_Merges/R0/CSL_MobileLab_Parked/raw/20240812/USOS-HCHO_MobileLabGround_20240812_R0.ict
35,1001
Huang, Yaoxian
Wayne State University
Picarro G2307 on CSL Mobile Lab
USOS
1,1
2024,08,12,2024,08,15
1.0
Time_Start,seconds_since_midnight,number_of_seconds_since_0000_UTC
3
1.0,1.0,1.0
-9999.0,-9999.0,-9999.0
HCHO,ppbv,Gas_HCHO_InSitu_S_AVMR,volume mixing ratio of formaldehyde in air
H2O,ppmv,Gas_H2O_InSitu_S_AVMR,volume mixing ratio of water vapor in air
CH4,ppmv,Gas_CH4_InSitu_S_AVMR,volume mixing ratio of methane in air
0
18
PI_CONTACT_INFO: yaoxian.huang@wayne.edu
PLATFORM: CSL Mobile Lab, at Ground Site
LOCATION: Salt Lake City, UT
ASSOCIATED_DATA: N/A
INSTRUMENT_INFO: Cavity Ring-Down Spectrometer
DATA_INFO: Data is averaged to 1 minute intervals for stationary and 1 second interval for driving. Stationary data collected from a 20 ft tower on top of the mobile lab.
UNCERTAINTY: N/A
ULOD_FLAG: -7777
ULOD_VALUE: N/A
LLOD_FLAG: -8888
LLOD_VALUE: N/A
DM_CONTACT_INFO: Yaoxian Huang; yaoxian.huang@wayne.edu
PROJECT_INFO: USOS, Summer 2024. https://csl.noaa.gov/groups/csl7/measurements/2024usos/
STIPULATIONS_ON_USE: Users are strongly encouraged to contact the PI for proper data usage.
OTHER_COMMENTS: Data have been shifted backwards by 1 minute to align with USOS MetNav and Picarro GHG data.
REVISION: R0
R0: Final Data
Time_Start,HCHO,H2O,CH4
[from data line 535]
32100,0.835396,15891.5,1.88901
32160,0.686424,15920.1,1.89196
32220,0.781431,16031.2,1.89153
32280,0.765074,16153.8,1.88981
32340,0.791687,16344.8,1.89027
32400,0.679422,16531.7,1.89016
32460,0.620385,16725.8,1.89061
32520,0.924737,16847.7,1.8924
32580,0.762163,17076.7,1.89158
32640,0.90024,17367.7,1.89551
32700,0.827831,17575.2,1.89825
32760,0.942166,18042.4,1.8978
32820,0.912383,18253.5,1.89746
32880,0.918773,18369.8,1.89661
32940,0.836758,18483.1,1.89628
33000,0.604745,18501.3,1.89673
33060,0.598208,18447.5,1.89489
33120,0.886351,18706.3,1.89598
33180,1.09392,18658.5,1.89739
33240,1.05259,18554.9,1.89787
33300,0.880746,18533.0,1.89726
33360,0.716465,18499.7,1.8939
33420,0.642102,18447.9,1.89645
33480,0.887481,18609.2,1.89401
33540,0.71024,18555.2,1.89604
33600,0.719856,18465.2,1.89884
33660,0.891844,18433.9,1.89764
33720,0.943143,18362.7,1.89663
33780,0.691287,18250.0,1.89352
33840,0.943085,18322.7,1.89611
33900,0.903278,18291.0,1.89271
33960,0.900684,18133.5,1.89352
34020,0.971866,18307.0,1.89576
34080,0.901191,18222.0,1.8971
34140,0.953119,17920.6,1.89278
34200,0.928904,18011.1,1.8938
34260,0.798362,18046.5,1.89743
34320,0.80477,18074.0,1.89509
34380,1.06482,18165.6,1.89637
34440,0.624763,18166.6,1.89812
34500,0.744409,18180.6,1.89746
34560,0.822322,18399.5,1.89698
34620,1.16919,18356.9,1.90109
34680,1.01016,18380.7,1.89836
34740,0.927489,18451.2,1.90079
34800,0.978123,18640.4,1.89786
34860,1.26698,19014.0,1.89801
34920,1.43182,19127.6,1.89529
34980,1.72094,19422.2,1.89644
35040,1.58468,19263.4,1.89796
35100,1.38582,18859.9,1.89808
35160,1.09037,18640.3,1.89779
35220,1.27972,19197.1,1.89725
35280,1.5401,19333.9,1.89979
35340,1.2688,18509.6,1.89575
35400,1.37741,18533.2,1.89623
35460,1.02776,18114.2,1.89516
35520,1.13444,17585.3,1.89433
35580,0.928008,17925.1,1.89461
35640,1.10351,17560.9,1.89683
35700,1.06504,17575.5,1.89413
35760,1.2395,17925.3,1.89666
35820,1.56703,18442.9,1.89527
35880,1.44006,18571.0,1.90037
35940,1.12025,18191.2,1.89694
36000,0.946822,17693.7,1.89648
36060,0.806616,17107.6,1.89219
36120,0.747996,17165.5,1.89089
36180,0.809239,17637.3,1.89382
36240,0.933246,17485.2,1.89183
36300,0.856894,17434.3,1.89545
36360,0.825384,17635.4,1.89443
36420,1.09915,17478.4,1.89424
36480,0.842805,17300.0,1.89345
36540,0.788883,17274.4,1.89308
36600,0.955462,17314.2,1.89802
36660,0.931964,17427.5,1.89513
36720,1.19128,17277.6,1.893
36780,1.0948,17298.2,1.89065
36840,0.941534,17329.9,1.8919
36900,1.05851,17473.8,1.89284
36960,1.1024,17624.0,1.89687
37020,1.00839,17529.8,1.89449
37080,1.13986,17431.9,1.89376
37140,1.32039,17493.1,1.90063
37200,1.15156,17653.7,1.90067
37260,0.854422,17285.0,1.89854
37320,1.07061,17206.2,1.89654
37380,1.0298,16731.2,1.89405
37440,0.974583,16646.6,1.89644
37500,1.18059,16693.9,1.89268
37560,0.806663,16700.5,1.89303
37620,0.75903,16697.6,1.89837
37680,0.759079,16593.5,1.89631
37740,1.17248,16480.9,1.89618
37800,1.05829,16386.5,1.89647
37860,1.11648,16498.1,1.89589
37920,0.907415,16532.3,1.89419
37980,0.656231,16470.1,1.89254
38040,0.766697,16511.0,1.89539
38100,0.983019,16621.7,1.89493
38160,0.821257,16923.6,1.89227
38220,0.992395,17080.9,1.89207
38280,0.554889,17095.3,1.89629
38340,0.692973,17146.9,1.89452
38400,1.03547,17419.9,1.89275
38460,0.962187,17589.8,1.89209
38520,0.796951,17593.9,1.89451
38580,0.987327,17529.2,1.89368
38640,1.06238,17636.5,1.89342
38700,0.852583,17732.8,1.89417
38760,1.02883,17593.6,1.89137
38820,0.783278,17750.4,1.8948
38880,0.872003,17817.2,1.89406
38940,0.872355,17968.2,1.89056
39000,0.701141,17975.3,1.88974
39060,0.915994,17930.0,1.89105
39120,0.753561,17855.1,1.89351
39180,0.685092,17845.0,1.89325
39240,0.850917,17832.2,1.89268
39300,0.65154,17941.6,1.89161
39360,0.74852,17842.5,1.89204
39420,0.669833,17598.8,1.8922
39480,0.83408,17810.4,1.8912
39540,1.13466,17894.1,1.89661
39600,1.02603,17909.6,1.89427
39660,0.806474,18088.8,1.89076
39720,0.924009,18179.2,1.89412
39780,0.87097,18267.8,1.89245
39840,0.665915,18271.0,1.89116
39900,0.872435,18180.0,1.8925
39960,0.958823,18110.9,1.89354
40020,0.81199,18265.6,1.89057
40080,0.836699,18203.0,1.89173
40140,1.05071,18107.2,1.89236
40200,0.930421,18004.2,1.89003
40260,0.736118,17982.7,1.89113
40320,0.677534,17996.7,1.89255
40380,0.783285,18081.6,1.89133
40440,0.652023,17977.6,1.89036
40500,0.516708,17960.8,1.89403
40560,0.742536,17927.4,1.89239
40620,0.983556,17950.4,1.88836
40680,0.6351,18026.9,1.89285
40740,0.993067,18102.1,1.89247
40800,1.01413,18109.6,1.89274
40860,0.596787,18156.9,1.89065
40920,0.792693,18125.8,1.89298
40980,0.500802,18018.2,1.89262
41040,0.925201,18183.0,1.89211
41100,0.768579,18162.5,1.89088
41160,0.803133,18210.4,1.89173
41220,0.860944,18190.8,1.89414
41280,0.67587,18167.5,1.89416
41340,0.78282,18319.6,1.89521
41400,0.936676,18295.6,1.89432
41460,0.630784,18325.4,1.89242
41520,0.822261,18379.4,1.89339
41580,0.704618,18409.2,1.89481
41640,0.854899,18454.0,1.8943
41700,0.792836,18538.1,1.8913
41760,0.762639,18434.0,1.89519
41820,0.873523,18403.3,1.89451
41880,0.725703,18401.6,1.89756
41940,0.604186,18289.8,1.89324
42000,0.648068,18393.7,1.89687
42060,0.93571,18491.4,1.89707
42120,0.764447,18396.7,1.89695
42180,0.550641,18254.2,1.89779
42240,0.817985,18322.3,1.89999
42300,0.846531,18207.9,1.89564
42360,0.71435,18286.6,1.89896
42420,0.750922,18207.6,1.89396
42480,0.488217,18212.4,1.89454
42540,0.894288,18192.2,1.89482
42600,0.874013,18086.4,1.89616
42660,0.74305,18143.1,1.89652
42720,0.826896,17953.4,1.89663
42780,0.993065,18052.7,1.8958
42840,0.904432,18084.7,1.89745
42900,0.735665,18056.0,1.89822
42960,0.623316,18100.6,1.89617
43020,0.902547,18138.1,1.89699
43080,0.557356,17927.2,1.89654
43140,0.442044,17926.9,1.89635
43200,0.939277,17750.4,1.8951
43260,0.72067,17775.5,1.89559
43320,0.896075,17813.5,1.8964
43380,0.797954,17780.6,1.89685
43440,0.772975,17811.5,1.8969
43500,0.733536,17838.1,1.89975
43560,0.970165,17854.1,1.89883
43620,1.09575,17799.8,1.8998
43680,0.828059,17791.3,1.89952
43740,0.660274,17760.8,1.90033
43800,0.716458,17826.6,1.90163
43860,0.973517,17865.3,1.89995
43920,0.582833,17891.2,1.90067
43980,0.648537,17864.6,1.89818
44040,0.90971,17856.2,1.89951
44100,1.06371,17837.8,1.90277
44160,0.898694,17861.8,1.90248
44220,1.11107,17956.8,1.90204
44280,1.05967,17935.3,1.90136
44340,0.793273,17992.3,1.90279
44400,1.04877,18020.3,1.90259
44460,1.12135,17975.4,1.9043
44520,1.01846,17975.7,1.9008
44580,0.795046,17975.4,1.90057
44640,0.717138,18044.7,1.89999
44700,0.99962,18095.3,1.90097
44760,0.898345,18060.9,1.90389
44820,1.00689,18146.2,1.90362
44880,0.897468,18044.1,1.90357
44940,1.11243,18031.4,1.90346
45000,1.06032,18092.0,1.90476
45060,0.892295,18116.8,1.90644
45120,0.891297,18112.9,1.90603
45180,0.934942,18127.1,1.90547
45240,0.79061,18080.4,1.90499
45300,0.902084,18088.9,1.90513
45360,0.979902,18185.9,1.90631
45420,1.21736,18139.8,1.90611
45480,0.961881,18186.3,1.90745
45540,1.26952,18151.6,1.90493
45600,1.03684,18126.1,1.9077
45660,0.955291,18203.7,1.90402
45720,0.855183,18156.4,1.90648
45780,0.905559,18143.3,1.90568
45840,1.1553,17989.9,1.90418
45900,1.07847,17982.9,1.90426
45960,1.04912,18172.8,1.90669
46020,1.23178,17294.2,1.90273
46080,0.976549,17949.3,1.90427
46140,1.1575,17617.1,1.90628
46200,1.03357,17760.9,1.90748
46260,0.924608,17223.2,1.90255
46320,1.16694,16558.1,1.90215
46380,1.04566,16477.2,1.90351
46440,1.15713,16058.0,1.90927
46500,1.13171,16179.8,1.90899
46560,1.27051,16140.0,1.90272
46620,1.26233,16271.0,1.9066
46680,1.38946,16225.6,1.90468
46740,0.97753,16040.0,1.90451
46800,1.04618,16087.2,1.90238
46860,0.971134,15947.1,1.9029
46920,1.20022,16053.6,1.90449
46980,1.04028,15877.5,1.90456
47040,1.10677,15901.5,1.90186
47100,1.10544,16040.0,1.90326
47160,1.19162,15989.7,1.90318
47220,1.29416,15895.4,1.90445
47280,1.1115,15913.2,1.90238
47340,1.01009,15852.2,1.90102
47400,1.21496,15845.4,1.90037
47460,1.23755,15850.2,1.90036
47520,1.13914,15849.1,1.90028
47580,1.25297,15806.2,1.90203
47640,0.999583,15912.5,1.90072
47700,1.0584,15897.1,1.90239
47760,0.953006,15919.5,1.90282
47820,1.04709,15957.0,1.90234
47880,0.965875,15940.9,1.90082
47940,1.21096,15882.8,1.90147
48000,1.05792,15948.7,1.90392
48060,0.906743,15904.4,1.90158
48120,0.945766,15811.1,1.8999
48180,1.02884,15803.5,1.90064
48240,0.860956,15790.0,1.899
48300,1.0259,15815.8,1.90196
48360,1.2852,15853.4,1.9036
48420,1.21545,15897.6,1.90455
48480,1.14789,15985.7,1.9009
48540,0.974085,16001.1,1.8999
48600,1.02377,15986.2,1.90053
48660,1.3167,15981.5,1.8998
48720,1.06095,15882.5,1.89819
48780,0.988681,15910.2,1.89852
48840,1.1151,15823.7,1.90126
48900,1.10999,15905.9,1.90003
48960,1.17928,15944.6,1.90162
49020,0.954357,15994.0,1.90306
49080,1.19557,16166.5,1.9044
49140,1.17686,16203.7,1.90868
49200,1.2192,16363.7,1.90763
49260,1.30906,16392.8,1.90702
49320,0.879187,15898.3,1.8975
49380,1.09739,16021.1,1.89615
49440,0.96098,16037.1,1.89747
49500,1.11144,16063.9,1.89896
49560,1.30651,16149.0,1.90098
49620,1.12608,16319.6,1.90422
49680,1.24385,16943.6,1.90679
49740,1.33802,17586.8,1.91236
49800,1.22239,16644.5,1.90181
49860,1.40553,16936.1,1.90728
49920,1.1214,16948.8,1.9074
49980,1.40324,17282.3,1.90702
50040,1.47811,17749.8,1.91187
50100,1.37285,17759.0,1.91438
50160,1.3938,17845.2,1.91192
50220,1.32345,18005.8,1.91376
50280,1.26965,17050.0,1.90794
50340,1.43394,17275.8,1.9082
50400,1.27804,17578.3,1.91013
50460,1.47987,17657.4,1.91155
50520,1.21006,17281.2,1.90665
50580,1.19737,17222.4,1.9065
50640,1.39606,16973.9,1.90622
50700,1.3547,17481.4,1.91287
50760,1.40878,17454.8,1.91386
50820,1.15789,16554.0,1.90149
50880,1.20139,16203.0,1.89782
50940,0.941787,16086.5,1.89772
51000,1.01472,16278.9,1.89761
51060,1.04018,16411.3,1.89876
51120,1.04048,16777.8,1.90303
51180,1.06805,16696.8,1.90169
51240,1.21191,16805.0,1.90564
51300,1.06929,17093.9,1.90977
51360,1.29625,17188.0,1.91098
51420,1.14083,16909.6,1.90681
51480,1.18565,16465.9,1.90034
51540,1.15972,16355.3,1.89945
51600,1.02073,16834.9,1.90202
51660,1.31542,17455.7,1.91294
51720,1.88631,17713.1,1.92076
51780,1.54479,17568.5,1.91944
51840,1.95965,17866.6,1.92225
51900,1.54659,17632.7,1.91817
51960,1.49747,17254.8,1.91127
52020,1.29283,16866.0,1.90363
52080,1.26036,16970.2,1.90377
52140,1.56902,17141.5,1.90924
52200,1.35323,17021.1,1.90749
52260,1.47204,17410.0,1.91305
52320,1.40329,16851.6,1.90186
52380,1.166,16824.4,1.90157
52440,1.45553,17236.5,1.90718
52500,1.37389,17398.8,1.90349
52560,1.36861,17112.7,1.90484
52620,1.43112,17132.5,1.90523
52680,1.56557,17431.9,1.9045
52740,1.39677,16588.6,1.89998
52800,1.12609,16642.4,1.89865
52860,1.18023,16516.9,1.8971
52920,1.16841,16551.2,1.89554
52980,1.25607,16499.8,1.90481
53040,1.08241,16479.4,1.89509
53100,1.12936,16497.3,1.89346
53160,1.07541,16604.1,1.89798
53220,1.10696,16870.9,1.89751
53280,1.51475,16813.8,1.89663
53340,1.36355,16703.3,1.89731
53400,1.3132,16734.7,1.89674
53460,1.20894,17051.1,1.89672
53520,1.13114,17187.3,1.8976
53580,0.836244,16889.2,1.89495
53640,0.887679,16921.3,1.89269
53700,1.29515,16832.5,1.89382
53760,1.13482,16941.1,1.89603
53820,1.43964,16801.3,1.89215
53880,1.22535,16857.0,1.89494
53940,1.13371,16714.8,1.89342
54000,1.39601,16720.3,1.89147
54060,1.50761,16822.9,1.89627
54120,1.32868,16877.1,1.89752
54180,1.60226,17044.2,1.90254
54240,1.61663,17406.1,1.90348
54300,1.24989,16900.9,1.89988
54360,1.73474,17202.5,1.90388
54420,1.62819,17180.8,1.90782
54480,1.67345,17331.9,1.90745
54540,1.77387,16982.0,1.9032
54600,1.69246,16924.7,1.90064
54660,1.54175,16795.7,1.89833
54720,1.52433,16799.9,1.90116
54780,1.35797,17210.3,1.89431
54840,1.38074,17363.9,1.89576
54900,1.45705,17143.1,1.89735
54960,1.27738,16777.3,1.89227
55020,1.43176,16998.1,1.89307
55080,1.45781,17273.5,1.89112
55140,1.20739,16961.8,1.89226
55200,1.30656,16768.9,1.89047
55260,1.69993,16738.0,1.89468
55320,1.43563,16798.6,1.89283
55380,1.43927,16789.8,1.89199
55440,1.45408,16482.1,1.89187
55500,1.3425,16700.1,1.89175
55560,1.33683,16825.5,1.89128
55620,1.59187,17038.8,1.89604
55680,1.36798,17195.3,1.89278
55740,1.47099,17070.7,1.89128
55800,1.27232,16995.3,1.89219
55860,1.29735,17015.1,1.89114
55920,1.27307,17105.3,1.89013
55980,1.42368,17272.9,1.89033
56040,1.48122,16744.0,1.88968
56100,1.61907,17172.6,1.88711
56160,1.3418,16820.4,1.88955
56220,1.62896,17354.0,1.89167
56280,1.3736,16957.8,1.89085
56340,1.99196,17997.7,1.88807
56400,1.59651,17080.9,1.89338
56460,1.74942,16947.7,1.88993
56520,1.8045,16804.6,1.89204
56580,1.84071,16961.3,1.89094
56640,1.75907,16902.3,1.88944
56700,1.68341,16590.5,1.89041
56760,1.65243,16949.7,1.89047
56820,1.94646,17106.7,1.89134
56880,1.56826,17156.3,1.8895
56940,1.89643,17800.5,1.88861
57000,1.73289,16817.6,1.88931
57060,1.81322,16927.9,1.88818
57120,1.64071,16792.3,1.89139
57180,2.19269,17218.8,1.89024
57240,1.62386,16196.2,1.89249
57300,1.88071,16621.4,1.89225
57360,2.25796,17631.0,1.89211
57420,2.09668,17124.5,1.89339
57480,2.03997,17090.0,1.89219
57540,2.0304,17268.0,1.89041
57600,1.89045,17077.1,1.89394
57660,1.8917,17468.7,1.88667
57720,2.03399,17237.0,1.88887
57780,1.90487,17145.4,1.89204
57840,2.13315,17182.6,1.89223
57900,1.85824,17188.1,1.89045
57960,1.90047,17268.3,1.89439
58020,1.97468,16753.2,1.89355
58080,2.27379,17116.5,1.8909
58140,2.04606,16716.9,1.89291
58200,1.73855,16580.2,1.89104
58260,1.8629,16690.8,1.89178
58320,2.24353,17393.8,1.88961
58380,1.97755,16604.0,1.89201
58440,2.34615,17313.6,1.89315
58500,2.34512,16834.1,1.89373
58560,2.39332,16967.5,1.89371
58620,2.2319,16647.9,1.893
58680,2.43057,16858.0,1.89294
58740,2.17536,17352.4,1.89261
58800,2.097,17344.9,1.88968
58860,1.85799,15950.0,1.89369
58920,1.8177,16006.9,1.89462
58980,1.97095,16423.3,1.89325
59040,2.19789,17029.7,1.89505
59100,1.99626,16407.4,1.89514
59160,1.78219,16331.0,1.89129
59220,2.18112,16335.1,1.89012
59280,2.09253,16283.4,1.89152
59340,1.84621,16572.4,1.89129
59400,2.14212,16427.8,1.89165
59460,1.9315,16283.5,1.89107
59520,1.69672,15945.3,1.89379
59580,1.83381,15892.8,1.89075
59640,1.86504,16433.8,1.88885
59700,1.87131,16197.5,1.88822
59760,2.08937,16450.6,1.89095
59820,1.91382,16155.4,1.88897
59880,1.8201,16019.0,1.88724
59940,1.77542,15775.1,1.8873
60000,1.78055,16131.9,1.8913
60060,1.77424,16184.6,1.8889
60120,1.96354,16568.8,1.88876
60180,2.00987,16339.3,1.8863
60240,1.87876,16158.8,1.88935
60300,2.1536,16776.2,1.88681
60360,1.97057,16357.6,1.88521
60420,1.77709,16074.1,1.88895
60480,2.12136,16302.2,1.88672
60540,1.93077,16276.6,1.88798
60600,2.21199,16319.8,1.89077
60660,2.31553,16362.0,1.88845
60720,1.80217,16481.6,1.88971
60780,1.23654,15809.7,1.88713
60840,1.66854,16009.7,1.88908
60900,1.68129,16366.1,1.89644
60960,1.70211,16444.0,1.89314
61020,1.53549,15949.0,1.89053
61080,1.46526,15834.9,1.89727
61140,1.55066,15878.1,1.89562
61200,1.61822,16118.9,1.89381
61260,1.60502,16119.1,1.89379
61320,1.62946,16388.8,1.89217
61380,1.57706,16038.6,1.90013
61440,1.50986,15916.7,1.89175
61500,1.66405,16056.5,1.89483
61560,1.43007,16256.6,1.88716
61620,1.36865,16358.1,1.88423
61680,1.61397,16494.2,1.89164
61740,1.57639,16463.0,1.89518
61800,1.51984,16369.1,1.89368
61860,1.56045,16482.6,1.89055
61920,1.57416,16403.7,1.88562
61980,1.54648,16467.3,1.88522
62040,1.45332,16439.3,1.88622
62100,1.84371,16622.8,1.88765
62160,1.51302,16437.4,1.88829
62220,1.6833,16540.0,1.89009
62280,1.47528,16514.7,1.89212
62340,1.39453,16683.8,1.89203
62400,1.43522,16843.1,1.88641
62460,1.43997,16459.3,1.88244
62520,1.44358,16629.0,1.88147
62580,1.74028,16789.5,1.88089
62640,1.34185,16609.7,1.88261
62700,1.47904,17004.1,1.88131
62760,1.78225,17163.7,1.88335
62820,1.54584,16661.3,1.88777
62880,1.06762,16263.0,1.88269
62940,1.48979,16341.4,1.88046
63000,1.58325,16587.5,1.88339
63060,1.47997,16958.9,1.88296
63120,1.99149,17027.3,1.88394
63180,1.67146,16912.3,1.8826
63240,1.75609,17509.1,1.88093
63300,1.65478,17142.4,1.87928
63360,1.69839,16999.6,1.88258
63420,1.69326,17070.9,1.88205
63480,1.7096,17017.1,1.88253
63540,1.524,16689.3,1.88114
63600,1.76119,16896.1,1.8796
63660,1.95911,17206.5,1.87982
63720,1.66855,16879.8,1.8815
63780,1.82059,17149.2,1.87921
63840,1.69387,17084.8,1.87972
