CampaignData_and_Merges/R0/CSL_MobileLab_Parked/raw/20240812/USOS-Picarro-CO2-CH4-CO-H2O_MobileLabGround_20240812_R0.ict
38, 1001
Ilana Pollack, Nell Schafer, and Jeff Peischl
NOAA Chemical Sciences Laboratory
Picarro 2401-m CO2/CH4/CO/H2O Analyzer
USOS
1, 1
2024, 08, 12, 2024, 11, 20
0
StartTime_UTC, seconds_past_midnight, seconds past midnight
5
1, 1, 1, 1, 1
-9999, -9999, -9999, -9999, -9999
StopTime_UTC, seconds_past_midnight, seconds past midnight
CO2_ppm_1min, ppm, Gas_CO2_InSitu_S_DMF, carbon dioxide mixing ratio
CH4_ppb_1min, ppb, Gas_CH4_InSitu_S_DMF, methane mixing ratio
CO_ppb_1min, ppb, Gas_CO_InSitu_S_DMF, carbon monoxide mixing ratio
H2O_ppmv_1min, ppmv, Met_H2OMRV_InSitu_S_AVMR, water vapor mixing ratio
1
SPECIAL COMMENTS: N/A
18
PI_CONTACT_INFO: Address: NOAA Chemical Sciences Laboratory, Mail Stop CSL7, 325 Broadway, Boulder, CO 80305; Email: Ilana.Pollack@noaa.gov
PLATFORM: NOAA CSL Mobile Laboratory
LOCATION: The mobile lab was stationed in Salt Lake City, Utah.
ASSOCIATED_DATA: N/A
INSTRUMENT_INFO: CO2, CH4, and CO are reported as dry air mole fractions using a commercial wavelength-scanned cavity ring-down analyzer (Picarro 2401-m). An in-field calibration gas standard of 432±0.07 ppm CO2, 2095±1 ppb CH4, and 183±1 ppb CO, calibrated in the Boulder laboratories before and after the field project using primary CO2, CH4, and CO standard tanks tied to the WMO standard (X2019, X2004A, and X2014A, respectively) from the Global Monitoring Laboratory (GML), was delivered to the inlet every 2-3 days to evaluate instrument sensitivity. A H2O measurement was calibrated before the project with a Dew Point Mirror 373 hygrometer. The water correction calculated from these calibrations was applied to the H2O measurement for the entire campaign. Species are measured at 0.5 Hz and reported as 1-minute averages for stationary measurements.
DATA_INFO: Units: CO2, ppm, dry air mole fraction; CH4, ppb, dry air mole fraction; CO, ppb, dry air mole fraction; H2O, ppmv
UNCERTAINTY: Total uncertainties are estimated as ±0.1 ppm for CO2, ±1 ppb for CH4, ±5 ppb for CO, and ±(50 ppm + 4%) for H2O.
ULOD_FLAG: -7777
ULOD_VALUE: N/A
LLOD_FLAG: -8888
LLOD_VALUE: N/A
DM_CONTACT_INFO: Data Manager: Nathan Howard; nathan.h.howard@noaa.gov
PROJECT_INFO: USOS Dates of Study: July – August 2024
STIPULATIONS_ON_USE: Use of these data require prior ok from PI.
OTHER_COMMENTS: Data are averaged to 1 minute intervals. Stationary data collected from a 10 ft tower on top of the mobile van.
REVISION: R0
R0: Final Data
StartTime_UTC, StopTime_UTC, CO2_ppm_1min, CH4_ppb_1min, CO_ppb_1min, H2O_ppmv_1min
[from data line 767]
46020,46080,443.12,1968.3,153.7,18066.7168
46080,46140,440.94,1968.2,154.8,17974.2188
46140,46200,443.60,1969.3,170.1,18122.5527
46200,46260,440.10,1966.3,164.2,17614.0117
46260,46320,437.66,1962.7,147.2,17056.8496
46320,46380,437.44,1961.5,141.3,16743.8633
46380,46440,436.48,1964.1,141.3,16396.1094
46440,46500,439.73,1968.7,147.6,16476.4707
46500,46560,437.51,1961.7,136.6,16388.0742
46560,46620,442.33,1962.3,179.0,16506.3125
46620,46680,445.88,1964.7,204.3,16531.4492
46680,46740,439.65,1962.0,135.5,16338.8740
46740,46800,441.41,1961.1,152.4,16326.4160
46800,46860,439.46,1960.0,135.9,16236.3330
46860,46920,440.34,1960.3,136.2,16283.4570
46920,46980,437.57,1959.9,132.8,16170.1211
46980,47040,436.40,1961.1,132.8,16119.2363
47040,47100,440.58,1962.6,151.4,16288.8926
47100,47160,437.51,1962.7,139.8,16278.7354
47160,47220,437.37,1960.9,135.5,16170.8350
47220,47280,435.82,1960.3,135.7,16116.7080
47280,47340,437.63,1959.7,129.6,16166.8994
47340,47400,435.57,1958.9,123.9,16094.3379
47400,47460,437.81,1958.8,125.5,16107.9580
47460,47520,436.29,1958.4,133.4,16103.4385
47520,47580,435.90,1958.0,125.1,16059.4453
47580,47640,434.70,1958.0,119.7,16155.1992
47640,47700,438.96,1960.1,135.8,16157.4238
47700,47760,435.63,1959.2,125.8,16142.2139
47760,47820,439.19,1960.9,137.8,16182.7412
47820,47880,438.75,1959.8,136.5,16235.2051
47880,47940,436.09,1959.1,145.2,16124.9365
47940,48000,436.92,1958.9,139.4,16219.5596
48000,48060,437.33,1957.7,136.3,16160.4404
48060,48120,434.48,1957.1,130.5,16079.8115
48120,48180,435.75,1957.5,133.7,16062.2520
48180,48240,435.68,1957.5,132.3,16072.6455
48240,48300,434.80,1957.2,132.0,16035.4844
48300,48360,434.43,1957.4,128.0,16093.7568
48360,48420,440.28,1965.3,160.2,16116.9844
48420,48480,440.84,1958.8,145.5,16244.7373
48480,48540,437.49,1958.7,138.3,16210.0645
48540,48600,435.97,1959.0,128.1,16253.7412
48600,48660,436.41,1958.4,137.8,16251.0361
48660,48720,435.02,1956.7,131.7,16138.7207
48720,48780,435.39,1956.5,130.4,16175.2393
48780,48840,434.25,1955.8,127.1,16070.3164
48840,48900,438.46,1956.9,146.2,16145.3037
48900,48960,437.52,1956.7,136.4,16190.4756
48960,49020,437.04,1958.9,132.6,16232.7354
49020,49080,449.87,1961.7,192.9,16403.1523
49080,49140,446.07,1964.6,189.8,16422.8086
49140,49200,442.64,1966.2,182.3,16589.7520
49200,49260,445.38,1966.6,174.0,16753.8926
49260,49320,434.95,1955.5,130.6,16208.2412
49320,49380,436.56,1955.3,138.8,16215.5957
49380,49440,436.01,1955.7,135.3,16309.4600
49440,49500,441.21,1956.5,164.3,16317.4873
49500,49560,440.61,1957.8,156.7,16355.6240
49560,49620,441.06,1961.2,164.3,16540.2480
49620,49680,442.12,1965.5,178.9,16955.2461
49680,49740,445.42,1973.9,214.6,17939.7832
49740,49800,439.96,1965.1,177.0,17094.8262
49800,49860,443.51,1965.4,183.3,17124.6211
49860,49920,451.42,1967.0,216.4,17357.0332
49920,49980,443.11,1967.9,194.5,17338.0879
49980,50040,444.45,1973.8,201.5,17983.2559
50040,50100,452.08,1975.5,220.4,18081.0996
50100,50160,451.24,1974.1,219.7,18061.4473
50160,50220,450.00,1975.8,233.2,18403.3828
50220,50280,442.47,1968.1,196.5,17471.4570
50280,50340,441.55,1967.3,193.5,17588.0996
50340,50400,455.92,1974.3,250.5,17914.7734
50400,50460,446.40,1973.2,214.0,17772.5352
50460,50520,440.57,1969.0,191.0,17653.2891
50520,50580,439.40,1967.9,182.0,17466.6563
50580,50640,438.61,1966.9,175.0,17365.4141
50640,50700,438.05,1970.1,175.2,17533.2051
50700,50760,438.70,1976.8,180.5,17968.8398
50760,50820,434.69,1961.6,151.6,16958.2461
50820,50880,432.87,1956.8,138.0,16537.1563
50880,50940,432.07,1954.0,132.7,16315.7686
50940,51000,433.20,1955.6,136.3,16481.9121
51000,51060,433.37,1957.6,142.8,16628.1211
51060,51120,436.01,1961.1,162.6,16986.8867
51120,51180,436.54,1959.9,165.0,16957.4570
51180,51240,439.01,1961.2,170.0,16965.5801
51240,51300,440.96,1970.1,200.0,17403.4941
51300,51360,441.26,1972.5,190.7,17566.6270
51360,51420,439.48,1965.6,172.8,17180.3066
51420,51480,434.24,1960.9,156.2,16847.4297
51480,51540,434.45,1956.9,162.0,16667.4102
51540,51600,435.01,1957.1,145.6,16772.6523
51600,51660,450.09,1977.5,223.1,17890.5254
51660,51720,443.36,1979.4,220.2,17806.8398
51720,51780,443.46,1982.2,229.5,17945.0488
51780,51840,444.71,1985.3,238.6,18148.0508
51840,51900,444.51,1984.7,233.7,18102.4863
51900,51960,440.97,1978.2,205.9,17709.2500
51960,52020,435.01,1964.2,161.2,17033.6387
52020,52080,434.91,1963.8,159.6,17152.6563
52080,52140,439.15,1971.6,192.9,17450.7891
52140,52200,439.37,1966.9,187.9,17322.1035
52200,52260,443.60,1970.8,204.8,17482.0996
52260,52320,437.20,1963.3,175.9,17516.9160
52320,52380,433.49,1958.0,145.9,16924.7891
52380,52440,443.57,1964.2,176.1,17507.0918
52440,52500,441.20,1966.1,218.8,17690.7305
52500,52560,440.68,1965.9,187.9,17443.3008
52560,52620,442.73,1967.2,195.6,17469.8320
52620,52680,448.67,1966.3,218.6,17718.6777
52680,52740,437.54,1960.7,179.3,17105.9316
52740,52800,433.99,1956.1,145.5,16905.3086
52800,52860,438.38,1956.2,184.3,16766.6680
52860,52920,436.54,1955.5,187.0,16792.1523
52920,52980,435.92,1960.7,217.9,16801.0254
52980,53040,433.82,1955.3,156.5,16791.6816
53040,53100,431.09,1953.2,132.7,16748.0000
53100,53160,430.50,1955.1,131.9,16839.0098
53160,53220,433.63,1956.6,152.2,17099.5527
53220,53280,443.93,1956.7,180.4,17136.2227
53280,53340,432.32,1955.2,142.3,16957.3418
53340,53400,431.65,1956.1,141.1,17099.2324
53400,53460,434.27,1956.7,169.3,17132.4180
53460,53520,433.52,1955.6,200.5,17442.8496
53520,53580,432.54,1953.8,164.8,17349.5254
53580,53640,433.01,1952.5,146.5,17108.5313
53640,53700,437.24,1953.6,156.1,17130.1270
53700,53760,438.59,1953.7,172.5,17188.5742
53760,53820,434.59,1953.3,157.2,17074.1816
53820,53880,433.19,1953.7,175.8,17207.8008
53880,53940,436.22,1953.5,181.0,17104.3574
53940,54000,434.01,1953.2,157.9,16970.2539
54000,54060,432.41,1954.6,160.3,17161.6719
54060,54120,433.24,1956.4,169.4,17101.3809
54120,54180,433.87,1960.1,176.6,17255.3379
54180,54240,434.90,1962.3,182.9,17542.2266
54240,54300,435.22,1961.6,190.4,17343.7051
54300,54360,436.41,1963.8,194.9,17344.7324
54360,54420,438.91,1967.1,223.8,17606.6582
54420,54480,437.20,1965.1,209.6,17567.0605
54480,54540,435.71,1962.6,191.4,17376.3789
54540,54600,434.31,1960.6,179.0,17240.3555
54600,54660,432.58,1958.2,163.5,17112.7520
54660,54720,432.70,1958.0,162.7,17063.5508
54720,54780,432.65,1956.8,148.2,17341.3320
54780,54840,430.83,1955.6,172.8,17744.3379
54840,54900,434.00,1956.1,217.8,17607.8320
54900,54960,428.51,1951.2,125.9,16954.3438
54960,55020,427.80,1951.4,126.0,17289.5488
55020,55080,427.39,1951.8,128.9,17610.2656
55080,55140,427.77,1951.7,129.8,17481.4863
55140,55200,429.43,1950.6,125.2,17139.2617
55200,55260,428.00,1950.4,124.8,16964.8594
55260,55320,428.66,1952.0,134.1,17025.8809
55320,55380,430.50,1952.5,146.8,17077.4707
55380,55440,429.81,1951.5,136.5,16785.7051
55440,55500,430.05,1952.2,149.7,16914.7656
55500,55560,429.86,1951.3,140.4,17083.6270
55560,55620,430.69,1953.1,140.5,17153.7617
55620,55680,433.03,1953.8,155.7,17644.5488
55680,55740,429.67,1950.9,143.1,17264.0879
55740,55800,428.17,1950.3,129.7,17192.7246
55800,55860,427.94,1950.3,128.9,17487.8496
55860,55920,427.67,1951.4,126.5,17353.7266
55920,55980,428.13,1951.9,130.9,17516.8066
55980,56040,427.69,1949.8,127.8,17109.7070
56040,56100,-9999,-9999,-9999,-9999
56100,56160,427.95,1950.3,133.3,17106.0566
56160,56220,428.79,1950.7,145.2,17523.0781
56220,56280,429.02,1949.7,146.9,17231.4277
56280,56340,429.48,1950.5,154.8,18123.4766
56340,56400,429.15,1951.0,155.2,17675.4180
56400,56460,428.82,1950.0,145.5,17090.6055
56460,56520,432.38,1950.5,158.4,17173.0566
56520,56580,430.86,1950.7,160.5,17292.9414
56580,56640,430.26,1949.7,142.7,17276.1074
56640,56700,428.92,1949.1,132.7,16866.8047
56700,56760,428.31,1949.2,131.1,17021.1602
56760,56820,427.67,1949.5,130.8,17553.6309
56820,56880,429.29,1949.4,131.9,17297.2988
56880,56940,428.24,1949.6,139.3,18076.7617
56940,57000,429.34,1950.1,149.2,17330.9648
57000,57060,429.87,1949.9,178.3,17203.2598
57060,57120,429.96,1949.8,204.2,17051.7656
57120,57180,432.97,1950.7,211.7,17562.6172
57180,57240,430.58,1949.6,155.1,16558.5332
57240,57300,430.02,1950.0,153.8,16712.3574
57300,57360,434.54,1952.0,221.6,18004.1328
57360,57420,431.25,1950.7,169.4,17400.2891
57420,57480,430.30,1950.3,187.1,17282.0918
57480,57540,430.21,1950.2,166.7,17441.9668
57540,57600,429.98,1950.6,249.9,17448.4434
57600,57660,428.76,1950.6,188.9,17772.9707
57660,57720,429.11,1949.4,165.8,17538.1191
57720,57780,429.83,1949.4,172.3,17355.6660
57780,57840,428.70,1949.6,185.0,17621.4863
57840,57900,427.52,1949.4,149.6,17449.3945
57900,57960,430.60,1950.6,181.6,17645.3574
57960,58020,430.46,1952.6,188.9,17100.5254
58020,58080,430.29,1951.0,181.8,17275.7617
58080,58140,430.27,1951.0,173.3,17128.3164
58140,58200,429.96,1949.7,152.6,16786.5801
58200,58260,430.03,1951.0,154.7,16900.2715
58260,58320,431.89,1951.8,158.8,17567.4570
58320,58380,430.54,1953.0,159.7,16949.6563
58380,58440,430.75,1952.4,171.1,17648.2520
58440,58500,434.31,1952.5,245.9,17127.8574
58500,58560,435.04,1952.7,222.7,17333.9648
58560,58620,431.65,1951.9,159.0,16948.0000
58620,58680,435.12,1953.5,280.2,17177.7695
58680,58740,431.27,1952.5,182.6,17575.0215
58740,58800,431.72,1952.2,178.0,17252.0078
58800,58860,431.06,1950.7,165.4,16838.8574
58860,58920,430.80,1950.9,154.4,16207.8076
58920,58980,432.06,1952.9,165.1,16582.0723
58980,59040,434.64,1954.5,183.6,17398.1133
59040,59100,431.24,1953.0,166.8,16727.2969
59100,59160,431.56,1950.0,163.0,16542.2715
59160,59220,430.40,1950.0,166.3,16610.7402
59220,59280,431.22,1950.1,160.5,16561.2988
59280,59340,431.30,1950.6,158.8,16612.6074
59340,59400,432.41,1952.6,171.6,16886.7520
59400,59460,431.84,1950.3,174.5,16572.4414
59460,59520,430.09,1946.5,147.9,16190.8496
59520,59580,429.65,1946.8,146.0,16184.8096
59580,59640,429.23,1946.3,151.6,16380.1367
59640,59700,429.89,1945.6,149.4,16631.1719
59700,59760,431.52,1946.4,159.1,16815.2070
59760,59820,430.78,1946.8,158.9,16408.7852
59820,59880,429.95,1945.9,146.2,16452.8906
59880,59940,428.58,1945.7,136.4,15905.5107
59940,60000,430.72,1946.9,156.6,16481.0215
60000,60060,429.12,1944.7,135.9,16022.2432
60060,60120,430.66,1947.1,195.5,17129.3320
60120,60180,429.53,1946.4,171.5,16643.2578
60180,60240,430.05,1946.7,196.5,16439.6191
60240,60300,429.52,1946.2,169.2,16883.3984
60300,60360,429.25,1944.6,160.6,16810.8457
60360,60420,429.71,1945.4,149.8,16332.5938
60420,60480,430.26,1945.4,144.9,16543.9492
60480,60540,431.84,1945.6,157.2,16460.3535
60540,60600,430.20,1946.4,155.2,16636.6348
60600,60660,429.17,1947.2,154.4,16686.9355
60660,60720,429.77,1948.0,149.6,16776.2480
60720,60780,427.08,1945.2,141.4,16246.4004
60780,60840,427.25,1946.7,132.0,16231.9453
60840,60900,428.27,1950.0,130.2,16423.7871
60900,60960,428.51,1955.4,139.8,16907.8008
60960,61020,427.54,1949.0,131.4,16249.6621
61020,61080,428.72,1954.3,131.9,16130.6133
61080,61140,427.64,1952.9,126.9,16117.1484
61140,61200,427.80,1953.7,149.7,16329.6348
61200,61260,428.53,1951.1,159.6,16271.0996
61260,61320,429.32,1952.7,165.8,16700.8008
61320,61380,429.01,1955.6,141.6,16357.4150
61380,61440,426.98,1950.3,124.1,16184.3818
61440,61500,427.17,1949.5,126.0,16319.0400
61500,61560,426.82,1948.4,122.3,16466.3145
61560,61620,426.52,1943.8,117.3,16548.3652
61620,61680,428.89,1948.1,149.1,16792.8555
61680,61740,427.98,1954.0,128.7,16761.9824
61740,61800,427.85,1952.5,126.7,16611.4355
61800,61860,426.79,1950.7,121.6,16710.3828
61860,61920,426.24,1942.7,118.3,16698.1191
61920,61980,426.77,1944.7,123.5,16769.9004
61980,62040,426.52,1944.2,115.4,16670.7266
62040,62100,427.11,1946.0,121.1,16892.2324
62100,62160,427.45,1945.4,123.6,16700.0762
62160,62220,428.55,1946.9,130.4,16799.3770
62220,62280,426.63,1947.6,117.3,16768.8320
62280,62340,427.35,1948.9,120.9,16944.2266
62340,62400,430.35,1944.5,130.3,17152.6699
62400,62460,428.85,1940.9,123.3,16749.5020
62460,62520,427.53,1940.5,118.3,16790.2363
62520,62580,429.36,1944.1,137.8,17118.3750
62580,62640,428.36,1942.6,138.3,16811.4863
62640,62700,430.58,1943.2,166.8,17296.6172
62700,62760,427.29,1942.4,142.7,17460.1016
62760,62820,427.14,1946.6,129.9,17113.0508
62820,62880,426.58,1940.6,116.7,16499.2031
62880,62940,426.52,1939.8,115.7,16620.4668
62940,63000,426.43,1941.7,114.9,16696.2969
63000,63060,430.58,1942.9,136.8,17312.3008
63060,63120,428.92,1942.6,155.6,17158.4141
63120,63180,428.76,1940.5,161.3,17267.0996
63180,63240,429.47,1940.3,142.3,17744.0156
63240,63300,427.65,1939.7,144.5,17511.4395
63300,63360,430.51,1940.4,171.0,17403.7832
63360,63420,427.65,1940.2,136.5,17361.7539
63420,63480,426.70,1940.3,125.4,17288.8223
63480,63540,427.09,1939.3,126.2,17058.9785
63540,63600,427.89,1939.2,124.3,17057.8691
63600,63660,428.86,1939.6,129.0,17473.0527
63660,63720,427.60,1939.3,122.3,17192.3770
63720,63780,426.58,1939.8,121.5,17353.3691
63780,63840,426.80,1939.4,126.8,17432.4902
63840,63900,426.24,1939.8,117.1,17363.5254
63900,63960,426.61,1939.9,117.9,17326.2148
63960,64020,427.24,1939.5,120.6,17218.7441
64020,64080,427.02,1939.0,113.6,16975.2617
64080,64140,428.48,1939.5,123.8,17156.2363
64140,64200,427.97,1940.2,125.3,17607.9609
64200,64260,428.22,1940.3,123.4,17398.8047
64260,64320,427.77,1939.8,118.4,17186.0000
64320,64380,427.73,1939.7,117.5,17129.2051
64380,64440,429.87,1940.3,124.4,17265.6484
64440,64500,427.87,1940.3,119.7,17332.0801
64500,64560,427.78,1940.8,123.4,17543.9844
64560,64620,427.66,1940.9,119.5,17459.6387
64620,64680,427.60,1941.5,126.0,17614.6836
64680,64740,427.25,1940.9,121.9,17378.9180
64740,64800,428.98,1941.7,128.5,17783.7617
64800,64860,428.67,1940.5,124.5,17461.8711
64860,64920,428.80,1941.1,125.6,17568.1563
64920,64980,428.47,1941.3,124.7,17645.7988
64980,65040,427.96,1941.4,127.0,17716.7598
65040,65100,427.77,1941.2,125.7,17653.9492
65100,65160,427.59,1941.2,123.2,17661.1348
65160,65220,427.66,1941.3,120.3,17468.1797
65220,65280,427.36,1941.1,118.5,17531.3887
65280,65340,428.03,1941.7,122.4,17714.9688
65340,65400,429.11,1942.7,129.0,18002.4375
65400,65460,427.89,1942.1,126.8,17686.5293
65460,65520,428.18,1941.4,124.0,17624.3125
65520,65580,427.97,1941.3,121.8,17572.9844
65580,65640,428.01,1941.4,120.9,17513.1953
65640,65700,428.13,1941.6,125.6,17480.3594
65700,65760,428.17,1942.2,122.1,17563.1406
65760,65820,428.86,1942.3,125.0,17540.6328
65820,65880,428.82,1942.2,124.4,17482.9785
65880,65940,429.64,1943.0,128.6,17637.7324
65940,66000,429.66,1942.7,128.8,17541.2070
66000,66060,428.99,1942.6,131.0,17717.6484
66060,66120,428.26,1942.2,124.6,17593.3633
66120,66180,427.97,1941.9,122.9,17621.5000
66180,66240,428.43,1942.2,131.7,17641.4844
66240,66300,428.12,1942.0,128.3,17705.8398
66300,66360,428.21,1942.0,123.9,17777.6055
66360,66420,427.71,1941.7,121.9,17811.8594
66420,66480,428.82,1942.4,131.0,17997.5625
66480,66540,428.40,1942.0,126.1,17884.2910
66540,66600,428.70,1941.9,127.5,17791.1484
66600,66660,429.04,1942.6,132.8,17983.5332
66660,66720,432.80,1943.7,223.5,18469.1133
66720,66780,430.46,1943.0,162.8,18336.7715
66780,66840,429.99,1942.5,147.8,18547.7207
66840,66900,431.55,1943.1,154.2,18693.2461
66900,66960,429.63,1944.0,143.5,18373.0059
66960,67020,427.99,1942.0,125.5,17978.1777
67020,67080,427.57,1941.6,120.5,17949.3672
67080,67140,427.49,1941.3,123.0,17957.2539
67140,67200,429.19,1942.1,131.5,18494.3574
67200,67260,430.74,1943.1,141.3,18510.1445
67260,67320,429.15,1942.3,134.4,18254.0039
67320,67380,430.04,1942.7,140.0,18512.9180
67380,67440,429.06,1941.4,139.2,18340.6797
67440,67500,429.28,1941.1,152.9,18533.5156
67500,67560,429.27,1942.3,137.2,18482.6426
67560,67620,427.43,1941.3,124.1,18273.0918
67620,67680,428.67,1941.5,130.8,18350.6035
67680,67740,430.07,1941.9,137.2,18606.8984
67740,67800,428.85,1941.8,149.1,18164.1484
67800,67860,431.02,1942.3,141.7,18301.3379
67860,67920,429.49,1942.2,135.2,18177.0781
67920,67980,429.56,1942.8,134.7,18380.6855
67980,68040,428.58,1943.1,136.1,18556.1211
68040,68100,429.46,1944.7,144.1,18421.5313
68100,68160,428.78,1943.4,134.7,18590.8320
68160,68220,428.01,1942.0,128.8,18388.7637
68220,68280,427.73,1941.6,124.0,18305.3398
68280,68340,430.67,1942.9,152.7,18569.6934
