CampaignData_and_Merges/R0/CSL_MobileLab_Parked/raw/20240812/USOS-HCHO_MobileLabGround_20240812_R0.ict
35,1001
Huang, Yaoxian
Wayne State University
Picarro G2307 on CSL Mobile Lab
USOS
1,1
2024,08,12,2024,08,15
1.0
Time_Start,seconds_since_midnight,number_of_seconds_since_0000_UTC
3
1.0,1.0,1.0
-9999.0,-9999.0,-9999.0
HCHO,ppbv,Gas_HCHO_InSitu_S_AVMR,volume mixing ratio of formaldehyde in air
H2O,ppmv,Gas_H2O_InSitu_S_AVMR,volume mixing ratio of water vapor in air
CH4,ppmv,Gas_CH4_InSitu_S_AVMR,volume mixing ratio of methane in air
0
18
PI_CONTACT_INFO: yaoxian.huang@wayne.edu
PLATFORM: CSL Mobile Lab, at Ground Site
LOCATION: Salt Lake City, UT
ASSOCIATED_DATA: N/A
INSTRUMENT_INFO: Cavity Ring-Down Spectrometer
DATA_INFO: Data is averaged to 1 minute intervals for stationary and 1 second interval for driving. Stationary data collected from a 20 ft tower on top of the mobile lab.
UNCERTAINTY: N/A
ULOD_FLAG: -7777
ULOD_VALUE: N/A
LLOD_FLAG: -8888
LLOD_VALUE: N/A
DM_CONTACT_INFO: Yaoxian Huang; yaoxian.huang@wayne.edu
PROJECT_INFO: USOS, Summer 2024. https://csl.noaa.gov/groups/csl7/measurements/2024usos/
STIPULATIONS_ON_USE: Users are strongly encouraged to contact the PI for proper data usage.
OTHER_COMMENTS: Data have been shifted backwards by 1 minute to align with USOS MetNav and Picarro GHG data.
REVISION: R0
R0: Final Data
Time_Start,HCHO,H2O,CH4
[from data line 1066]
63960,1.78834,17070.4,1.8802
64020,1.52727,16842.9,1.87903
64080,1.28794,16704.1,1.88137
64140,1.44334,16979.4,1.87905
64200,1.60724,17265.3,1.88093
64260,1.75874,17101.7,1.88131
64320,1.80703,16888.0,1.88062
64380,1.57202,16884.0,1.88254
64440,1.84309,17028.4,1.88005
64500,1.66969,17036.7,1.88153
64560,1.47783,17288.5,1.88021
64620,1.93776,17255.8,1.8804
64680,1.74324,17206.0,1.88242
64740,1.86754,17137.9,1.87983
64800,1.96042,17524.9,1.88108
64860,1.75783,17141.5,1.87894
64920,1.9985,17277.7,1.88256
64980,1.97594,17361.2,1.87713
65040,2.25458,17496.0,1.8804
65100,1.81322,17301.9,1.87969
65160,1.80056,17366.2,1.87906
65220,1.78083,17168.0,1.88253
65280,2.08392,17275.3,1.8823
65340,2.04178,17481.7,1.88367
65400,2.18006,17661.6,1.88051
65460,2.05307,17369.8,1.88009
65520,1.83869,17309.6,1.87863
65580,1.82517,17311.9,1.88215
65640,1.59198,17200.1,1.88073
65700,1.93746,17212.3,1.88026
65760,2.03901,17277.8,1.88078
65820,2.18861,17257.2,1.88158
65880,1.97973,17216.5,1.88352
65940,2.13202,17329.7,1.88244
66000,2.07871,17276.8,1.88531
66060,2.11859,17454.1,1.88279
66120,2.09548,17253.4,1.88222
66180,1.94511,17329.2,1.88185
66240,2.01134,17372.9,1.88215
66300,2.01842,17435.1,1.8816
66360,1.92708,17462.4,1.87934
66420,2.33159,17512.5,1.88129
66480,2.21607,17719.7,1.8836
66540,2.06816,17570.2,1.88208
66600,2.22638,17525.5,1.88181
66660,2.12354,17848.8,1.87886
66720,2.22996,18036.1,1.88348
66780,2.44339,17983.1,1.88036
66840,2.19977,18421.6,1.87968
66900,2.43004,18250.1,1.88014
66960,2.33418,18061.7,1.87736
67020,2.13791,17552.0,1.8815
67080,2.07896,17674.5,1.8807
67140,2.06181,17683.2,1.88147
67200,2.50177,18259.1,1.87807
67260,2.53359,18185.8,1.87984
67320,2.27136,17849.9,1.88381
67380,2.36746,18262.2,1.88102
67440,2.12165,17989.5,1.88054
67500,2.20398,18255.4,1.87878
67560,2.08241,18064.8,1.87857
67620,2.29544,17981.5,1.87904
67680,2.49271,18216.4,1.88196
67740,2.52996,18109.8,1.87811
67800,2.29317,17846.6,1.88099
67860,2.19915,17975.6,1.88166
67920,2.13978,17916.1,1.88193
67980,2.19011,18140.2,1.88042
68040,2.313,18172.7,1.88033
68100,2.39566,18128.4,1.88424
68160,2.12257,18247.8,1.87974
68220,2.17286,18002.2,1.88114
68280,2.29448,18113.3,1.88127
68340,2.08969,18313.2,1.881
68400,1.98154,18046.7,1.8793
68460,1.92452,18349.9,1.88082
68520,2.15421,17939.2,1.87944
68580,1.99751,17998.4,1.88082
68640,1.82678,18265.4,1.8779
68700,2.02126,18162.5,1.88014
68760,2.42365,18323.1,1.87967
68820,1.90302,18206.6,1.8794
68880,1.87852,18132.4,1.88018
68940,1.68817,18065.5,1.88024
69000,1.77909,18113.9,1.87865
69060,1.89831,17960.5,1.88027
69120,1.83721,18073.9,1.88043
69180,1.83566,18151.8,1.87996
69240,1.91565,18076.5,1.88359
69300,1.77003,18139.2,1.8803
69360,1.76813,17984.4,1.88208
69420,2.03552,18102.7,1.88081
69480,1.81359,18073.3,1.88126
69540,1.98086,18068.7,1.88123
69600,1.59521,18031.7,1.87746
69660,1.93678,18019.9,1.87996
69720,2.09009,18075.0,1.87985
69780,1.80308,18188.1,1.87958
69840,1.68574,18171.8,1.88158
69900,1.90464,18122.9,1.8823
69960,1.8996,18435.2,1.88167
70020,1.95012,18288.0,1.88243
70080,2.5466,18533.7,1.88117
70140,2.70293,19087.8,1.88149
70200,2.54892,19484.8,1.87872
70260,2.14876,18455.2,1.88033
70320,2.1166,18364.4,1.88148
70380,1.99486,18376.1,1.87763
70440,2.20325,18377.1,1.8807
70500,2.1533,18254.5,1.88262
70560,2.18742,18179.8,1.88016
70620,2.13245,18320.9,1.88307
70680,1.99546,18400.8,1.87882
70740,1.70121,18229.5,1.87907
70800,2.13334,18203.5,1.88158
70860,1.8118,18172.1,1.88165
70920,2.04327,18288.7,1.87938
70980,1.94736,18206.0,1.88069
71040,1.91842,18285.2,1.88259
71100,1.98752,18436.5,1.87951
71160,1.72436,18261.0,1.88097
71220,1.82252,18220.9,1.88126
71280,1.9548,18216.6,1.88095
71340,2.09471,18265.1,1.88091
71400,1.86023,18280.7,1.88125
71460,1.91188,18280.6,1.87854
71520,2.03622,18304.6,1.87957
71580,2.22721,18649.4,1.88011
71640,2.23568,18494.2,1.88251
71700,2.229,18640.8,1.88245
71760,2.16114,18637.4,1.87965
71820,2.14928,19045.7,1.88034
71880,2.13555,18756.3,1.8832
71940,2.19292,18802.3,1.88189
72000,2.14891,18746.2,1.8793
72060,1.97198,18709.2,1.87905
72120,1.96276,18782.8,1.88255
72180,2.24302,18854.8,1.87869
72240,1.88242,18794.7,1.88235
72300,2.22392,18879.9,1.87976
72360,2.02651,18484.5,1.88297
72420,2.05111,18701.9,1.88129
72480,1.89836,18535.3,1.87837
72540,2.03762,18392.3,1.88059
72600,2.02571,18529.1,1.87886
72660,1.78725,18533.3,1.88129
72720,1.88118,18389.2,1.88043
72780,1.85535,18260.2,1.88241
72840,2.02363,18401.7,1.88066
72900,1.97172,18382.9,1.884
72960,2.07772,18408.1,1.88539
73020,1.81891,18528.2,1.88221
73080,1.88605,18332.9,1.88481
73140,1.99046,18265.9,1.88486
73200,2.22171,18325.4,1.88563
73260,2.15294,18093.0,1.88667
73320,2.11293,18196.1,1.88539
73380,2.03457,18200.1,1.88628
73440,1.83818,17919.8,1.88361
73500,1.87897,17973.4,1.88537
73560,2.126,18100.7,1.88587
73620,1.79615,18155.6,1.88355
73680,1.93398,18093.3,1.8845
73740,1.76353,18014.3,1.88558
73800,1.84117,18031.9,1.88566
73860,1.73052,18070.6,1.88397
73920,1.79473,18089.9,1.88564
73980,1.74654,18163.2,1.88607
74040,1.71271,18123.7,1.88722
74100,1.90876,18101.5,1.88713
74160,1.78782,18024.3,1.8868
74220,1.94422,18032.5,1.88586
74280,2.01282,18046.9,1.8881
74340,1.91714,18109.3,1.88651
74400,1.61259,17967.8,1.88665
74460,1.70476,17848.6,1.88541
74520,1.72067,17752.8,1.88467
74580,1.49196,17667.9,1.88352
74640,1.45261,17744.3,1.88519
74700,1.41863,17644.1,1.88629
74760,1.4634,17521.6,1.88946
74820,1.56415,17443.9,1.88637
74880,1.57599,17586.4,1.89022
74940,1.64317,17715.9,1.89087
75000,1.56556,17859.9,1.88723
75060,1.72458,17774.1,1.88785
75120,1.3288,17078.5,1.88866
75180,1.32747,16891.1,1.89092
75240,1.37461,16907.2,1.88773
75300,1.27592,16934.6,1.88883
75360,1.0591,17041.7,1.88935
75420,1.43833,17102.7,1.88969
75480,1.27919,17207.4,1.88736
75540,1.25673,17179.6,1.88789
75600,1.0565,17081.6,1.88999
75660,1.11991,17055.0,1.89005
75720,1.20352,16853.4,1.89051
75780,0.976111,16731.7,1.89279
75840,1.04382,16628.8,1.89199
75900,1.36719,16780.9,1.89189
75960,1.50871,16905.8,1.89276
76020,0.963846,16891.5,1.89103
76080,1.32353,17161.5,1.89141
76140,1.27704,17325.8,1.89005
76200,1.35435,17447.2,1.89225
76260,1.12351,17174.4,1.89236
76320,1.13607,17561.3,1.89123
76380,1.38586,17813.9,1.88887
76440,1.42452,18778.9,1.88783
76500,1.54513,19065.9,1.89228
76560,1.61688,19403.7,1.89428
76620,1.21901,18931.7,1.89329
76680,1.27451,18801.9,1.89716
76740,1.41123,18942.0,1.89991
76800,1.57041,19214.2,1.8984
76860,1.44887,19923.9,1.8904
76920,1.40447,20337.0,1.88833
76980,1.47674,20144.7,1.88688
77040,1.26069,19291.4,1.88593
77100,0.97791,17993.2,1.88418
77160,0.730394,17037.1,1.87983
77220,0.69031,17078.4,1.88044
77280,0.801252,17102.9,1.87872
77340,0.725967,16962.2,1.87951
77400,0.628972,17047.0,1.87944
77460,0.616835,17494.6,1.87637
77520,0.495561,17907.4,1.87565
77580,0.780202,17922.5,1.87877
77640,0.450895,18000.7,1.87682
77700,0.733271,18522.3,1.87632
77760,0.84356,18651.4,1.87998
77820,0.878233,18676.5,1.87896
77880,1.05578,19206.0,1.88082
77940,1.06497,20125.2,1.87945
78000,1.09563,19260.8,1.88107
78060,0.780956,19988.0,1.87904
78120,1.1115,20266.4,1.8776
78180,0.799471,20364.7,1.87743
78240,0.858292,19803.0,1.88022
78300,0.927336,20295.5,1.87894
78360,1.06638,21194.0,1.87798
78420,1.25292,21502.9,1.87973
78480,1.70483,22380.5,1.87831
78540,1.36727,22878.2,1.88006
78600,1.4184,22436.2,1.88135
78660,1.52674,21900.0,1.87941
78720,1.13768,22117.0,1.87814
78780,1.47818,22101.8,1.87931
78840,1.11924,21431.4,1.87724
78900,1.32325,21294.2,1.87913
78960,1.36963,20951.2,1.87955
79020,1.46723,21541.8,1.87923
79080,1.08067,21311.7,1.87734
79140,1.37973,21366.9,1.87585
79200,1.12771,21424.4,1.87983
79260,1.90464,22132.5,1.88084
79320,1.59286,21729.7,1.88008
79380,1.4087,21402.4,1.87712
79440,1.41215,21418.8,1.87615
79500,1.35966,21726.1,1.87584
79560,1.44925,21835.5,1.87591
79620,1.29051,21721.0,1.87751
79680,1.14255,21507.5,1.88109
79740,1.23602,21841.6,1.87513
79800,1.0341,21441.2,1.8763
79860,1.18498,21595.9,1.87628
79920,1.10337,21388.2,1.87498
79980,1.07019,21333.3,1.87605
80040,1.30487,21777.2,1.87708
80100,1.23837,21658.9,1.87845
80160,1.04601,21620.1,1.87771
80220,1.04841,21853.0,1.88017
80280,1.31477,22159.1,1.87934
80340,1.14342,22123.8,1.87914
80400,1.51351,21935.0,1.88064
80460,1.07053,21359.3,1.88093
80520,1.31489,22060.8,1.87731
80580,1.29822,21670.0,1.87786
80640,1.32082,21958.5,1.8801
80700,1.28917,22093.1,1.87839
80760,1.32587,22347.0,1.88035
80820,1.27484,23290.6,1.88073
80880,1.46971,23300.7,1.88181
80940,1.33006,22823.5,1.8791
81000,1.38435,22263.8,1.8842
81060,1.32232,22768.1,1.87607
81120,1.83148,22348.9,1.88051
81180,1.68524,22362.6,1.88547
81240,1.91218,22073.6,1.88459
81300,1.80948,22078.8,1.88279
81360,2.06503,21972.0,1.88122
81420,1.86407,22115.8,1.88279
81480,1.41687,21317.0,1.87943
81540,1.03465,21403.4,1.87679
81600,1.11961,21296.1,1.8769
81660,1.04131,21042.2,1.87578
81720,0.910677,21042.5,1.88085
81780,1.09472,21287.2,1.88312
81840,1.22225,21448.1,1.8798
81900,1.35803,21551.3,1.88013
81960,1.00171,21502.0,1.88068
82020,1.00457,21351.4,1.87508
82080,0.803314,21652.8,1.87611
82140,1.00526,21628.6,1.8744
82200,0.835827,21415.3,1.87668
82260,1.11835,21636.3,1.87683
82320,0.768776,21719.0,1.87555
82380,1.07558,21396.6,1.87698
82440,0.875003,21241.4,1.87927
82500,1.01633,20982.4,1.87828
82560,1.19146,21218.0,1.88168
82620,1.12778,21234.4,1.87694
82680,0.883425,21266.2,1.87845
82740,0.619833,20964.8,1.87669
82800,0.841663,20720.2,1.87751
82860,0.92726,20637.7,1.87673
82920,0.862077,20775.6,1.87795
82980,0.659714,20949.5,1.875
83040,0.818115,20709.9,1.87594
83100,0.989721,20904.4,1.87811
83160,1.0035,20399.3,1.8791
83220,0.979598,20645.2,1.87581
83280,0.854979,20640.9,1.87408
83340,0.980818,20303.2,1.87661
83400,0.864528,20552.3,1.87736
83460,1.16329,20741.9,1.87574
83520,1.0399,20604.7,1.87524
83580,0.707483,20662.9,1.87459
83640,0.637976,20490.1,1.87457
83700,0.680978,20663.9,1.8755
83760,0.935513,20741.1,1.87531
83820,0.758537,20795.9,1.87809
83880,0.715009,20756.7,1.87167
83940,0.995474,20703.1,1.87227
84000,0.922976,20729.5,1.87715
84060,0.69129,20652.5,1.87609
84120,0.677615,20507.9,1.87564
84180,0.700598,20278.2,1.8757
84240,0.833763,20529.2,1.87616
84300,0.676748,20619.2,1.8768
84360,0.655643,20636.4,1.87774
84420,0.655996,20959.1,1.87768
84480,0.789114,20938.8,1.87779
84540,0.896695,20722.6,1.87706
84600,0.825422,20714.9,1.87471
84660,0.775335,20890.7,1.87612
84720,1.12643,21244.2,1.87419
84780,0.802949,20867.2,1.87624
84840,0.744449,20888.6,1.87727
84900,0.741046,20908.6,1.876
84960,0.770857,21012.4,1.87445
85020,0.590611,20661.0,1.87307
85080,0.931545,20547.7,1.87562
85140,0.627178,20754.5,1.87628
85200,0.728005,20670.1,1.87702
85260,0.695493,20587.7,1.87641
85320,0.940408,20554.0,1.87487
85380,0.623033,20781.4,1.87518
85440,0.748238,20769.7,1.87613
85500,0.659551,20586.5,1.87602
85560,0.856383,20450.1,1.87738
85620,0.54363,20446.2,1.87997
85680,0.861661,20392.0,1.87654
85740,0.793669,20712.2,1.8778
85800,0.836774,20490.1,1.87605
85860,0.703515,20550.4,1.87403
85920,0.680544,20655.1,1.87428
85980,0.777526,20532.4,1.87379
86040,0.782228,20483.1,1.87648
86100,0.86181,20299.8,1.87361
86160,0.627328,20139.8,1.87612
86220,0.75877,19925.5,1.87608
86280,0.579193,20143.1,1.87245
86340,-9999.0,-9999.0,-9999.0
