CampaignData_and_Merges/R0/CSL_MobileLab_Parked/raw/20240812/USOS-NOAAIodideCIMS-OrgNitrs_MobileLabGround_20240812_RA.ict
37, 1001
Michael A Robinson, Chris Jernigan, Subi Thakali
NOAA ESRL Chemical Sciences Laboratory and CIRES, U. of Colorado
NOAA Iodide CIMS Instrument
USOS
1, 1
2024, 08, 12, 2024, 08, 13
1
starttime_UTC, seconds_past_midnight, seconds_of_day_since_00:00:00_UTC
5
1, 1, 1, 1, 1
-9999, -9999, -9999, -9999, -9999
C4H7NO5_NOAACIMS, pptv, Gas_C4H7NO5_InSitu_S_AVMR, 
ISOPN_NOAACIMS, pptv, Gas_ISOPN_InSitu_S_AVMR, 
C5H10O3_NOAACIMS, pptv, Gas_C5H10O3_InSitu_S_AVMR, 
C5H9NO5_NOAACIMS, pptv, Gas_C5H9NO5_InSitu_S_AVMR, 
C10H17NO4_NOAACIMS, pptv, Gas_C10H17NO4_InSitu_S_AVMR, 
0
18
PI_CONTACT_INFO: 325 Broadway, R/CSD 7, Boulder, Colorado 80305; michael.a.robinson@noaa.gov; chris.jernigan@noaa.gov;
PLATFORM: NOAA CSL Mobile Lab
LOCATION: SLC, Utah
ASSOCIATED_DATA: 1Hz data also available on request.
INSTRUMENT_INFO: NOAA I- ToF CIMS
DATA_INFO: All data in parts per trillion by volume (pptv). 1 Hz data is available upon request.
UNCERTAINTY: TBD
ULOD_FLAG: -7777
ULOD_VALUE: N/A
LLOD_FLAG: -8888
LLOD_VALUE: N/A
DM_CONTACT_INFO: Nathan Howard; nathan.h.howard@noaa.gov
PROJECT_INFO: USOS, summer 2024. https://csl.noaa.gov/groups/csl7/measurements/2024usos/
STIPULATIONS_ON_USE: Users are strongly encouraged to contact the PI for proper data usage.
OTHER_COMMENTS: 
REVISION: RA
RA: Preliminary Data; For in-field use only
starttime_UTC, C4H7NO5_NOAACIMS, ISOPN_NOAACIMS, C5H10O3_NOAACIMS, C5H9NO5_NOAACIMS, C10H17NO4_NOAACIMS
[from data line 1004]
 60240,  4.288, 14.996, 13.540,  3.284,  0.874
 60300,  4.274, 14.376, 14.513,  3.277,  0.883
 60360,  4.433, 14.445, 12.856,  3.368,  0.811
 60420,  4.515, 14.308, 13.349,  3.310,  0.768
 60480,  4.925, 15.835, 13.613,  3.431,  0.771
 60540,  5.030, 16.099, 15.002,  3.574,  0.821
 60600,  4.969, 16.389, 13.991,  3.590,  0.760
 60660,  4.739, 15.288, 15.240,  3.488,  0.846
 60720,  2.909,  9.309, 13.220,  2.845,  0.608
 60780,  2.735,  9.239, 13.588,  2.670,  0.644
 60840,  2.913, 10.076, 13.105,  2.744,  0.659
 60900,  2.775, 10.348, 14.426,  2.657,  0.652
 60960,  2.361,  8.797, 13.617,  2.436,  0.547
 61020,  2.104,  8.576, 13.710,  2.218,  0.591
 61080,  2.053,  8.115, 14.236,  2.219,  0.562
 61140,  2.075,  8.644, 15.136,  2.202,  0.575
 61200,  2.139,  8.821, 14.884,  2.240,  0.584
 61260,  2.179,  9.156, 15.495,  2.414,  0.548
 61320,  2.282,  9.475, 15.856,  2.322,  0.575
 61380,  2.170,  8.974, 16.583,  2.256,  0.530
 61440,  2.226,  8.955, 16.205,  2.374,  0.553
 61500, -9999.000, -9999.000, -9999.000, -9999.000, -9999.000
 61560,  2.022,  6.951, 13.991,  2.420,  0.497
 61620,  2.125,  7.780, 14.202,  2.518,  0.476
 61680,  2.156,  8.026, 13.738,  2.397,  0.479
 61740,  2.154,  7.996, 13.411,  2.374,  0.537
 61800,  2.173,  8.400, 13.831,  2.546,  0.487
 61860,  2.105,  8.152, 13.674,  2.436,  0.488
 61920,  2.127,  8.100, 14.034,  2.431,  0.600
 61980,  2.039,  7.512, 13.988,  2.187,  0.532
 62040,  2.031,  7.342, 13.588,  2.271,  0.516
 62100,  1.960,  6.988, 13.505,  2.294,  0.505
 62160,  1.967,  6.717, 12.749,  2.276,  0.544
 62220,  1.925,  7.005, 13.201,  2.259,  0.529
 62280,  1.936,  7.334, 13.335,  2.226,  0.557
 62340,  1.965,  7.152, 12.421,  2.214,  0.516
 62400,  1.867,  5.759, 13.045,  2.175,  0.448
 62460,  1.795,  5.532, 13.305,  2.205,  0.506
 62520,  1.891,  6.184, 12.688,  2.206,  0.536
 62580,  1.955,  7.250, 13.431,  2.283,  0.599
 62640,  2.069,  7.976, 13.752,  2.341,  0.599
 62700,  2.134,  8.054, 14.035,  2.265,  0.609
 62760,  2.225,  9.301, 14.302,  2.329,  0.647
 62820,  2.283,  8.286, 14.856,  2.149,  0.524
 62880,  2.274,  7.798, 15.828,  2.313,  0.522
 62940,  2.234,  7.795, 15.419,  2.273,  0.464
 63000,  2.296,  8.363, 15.778,  2.374,  0.596
 63060,  2.338,  8.903, 16.045,  2.398,  0.635
 63120,  2.172,  7.011, 15.201,  2.330,  0.566
 63180,  2.191,  7.242, 15.180,  2.241,  0.631
 63240,  2.101,  7.147, 15.362,  2.251,  0.598
 63300,  2.161,  6.899, 14.566,  2.206,  0.610
 63360, -9999.000, -9999.000, -9999.000, -9999.000, -9999.000
 63420,  2.245,  7.856, 13.198,  2.435,  0.527
 63480,  2.345,  8.440, 14.159,  2.344,  0.534
 63540,  2.491,  8.767, 15.430,  2.547,  0.539
 63600,  2.592,  9.404, 16.932,  2.475,  0.519
 63660,  2.705,  9.866, 17.211,  2.395,  0.599
 63720,  2.775, 10.658, 18.102,  2.438,  0.523
 63780,  3.010, 11.556, 19.878,  2.450,  0.477
 63840,  3.005, 11.461, 20.537,  2.460,  0.502
 63900,  2.879, 11.148, 21.247,  2.499,  0.515
 63960,  2.637,  9.695, 19.840,  2.428,  0.398
 64020,  2.467,  7.752, 18.431,  2.476,  0.400
 64080,  2.461,  7.803, 18.044,  2.343,  0.369
 64140,  2.614,  8.572, 19.194,  2.409,  0.525
 64200,  2.826,  9.376, 18.373,  2.568,  0.454
 64260,  2.861,  9.246, 18.273,  2.453,  0.371
 64320,  2.799,  8.316, 18.818,  2.509,  0.479
 64380,  2.878,  8.817, 18.562,  2.525,  0.420
 64440,  2.844,  8.973, 19.205,  2.441,  0.415
 64500,  2.982,  9.788, 18.576,  2.654,  0.473
 64560,  3.065,  9.658, 18.388,  2.614,  0.542
 64620,  3.215,  9.431, 18.017,  2.721,  0.457
 64680,  3.503,  8.461, 16.877,  2.649,  0.386
 64740,  3.498,  9.093, 16.445,  2.742,  0.408
 64800,  3.382,  9.562, 17.064,  2.644,  0.377
 64860,  3.561, 10.571, 17.894,  2.854,  0.440
 64920,  3.813, 11.056, 18.110,  2.953,  0.496
 64980,  3.934, 11.669, 18.486,  2.960,  0.437
 65040,  3.792, 11.140, 18.117,  2.858,  0.438
 65100,  3.696, 10.390, 17.631,  2.842,  0.351
 65160,  3.759, 10.211, 17.332,  2.872,  0.552
 65220,  4.144, 11.100, 17.219,  2.896,  0.377
 65280,  4.239, 11.268, 17.619,  3.003,  0.376
 65340,  4.410, 12.535, 18.482,  3.103,  0.446
 65400,  4.846, 11.719, 18.036,  3.046,  0.404
 65460,  4.872, 11.085, 17.491,  3.016,  0.378
 65520,  4.521,  9.878, 16.968,  3.082,  0.347
 65580,  4.411,  9.698, 17.150,  2.971,  0.373
 65640,  4.655, 10.831, 17.645,  3.001,  0.333
 65700,  5.047, 11.429, 18.469,  2.976,  0.355
 65760,  5.242, 11.520, 18.513,  3.084,  0.421
 65820,  5.313, 11.898, 18.378,  3.143,  0.400
 65880,  5.320, 11.293, 19.252,  3.384,  0.407
 65940,  5.324, 11.310, 18.297,  3.333,  0.388
 66000,  5.365, 12.335, 19.304,  3.273,  0.487
 66060,  5.286, 12.271, 19.952,  3.334,  0.437
 66120,  5.301, 12.412, 20.000,  3.409,  0.374
 66180,  5.181, 11.516, 18.966,  3.412,  0.414
 66240,  5.278, 12.546, 19.102,  3.465,  0.412
 66300,  5.212, 12.335, 20.165,  3.475,  0.491
 66360,  5.112, 12.425, 20.389,  3.513,  0.434
 66420,  5.079, 12.526, 20.741,  3.483,  0.432
 66480,  5.190, 12.051, 20.918,  3.354,  0.490
 66540,  5.286, 11.412, 20.695,  3.466,  0.469
 66600,  5.268, 11.928, 20.168,  3.460,  0.438
 66660,  5.288, 13.201, 21.554,  3.500,  0.534
 66720,  5.433, 12.614, 20.646,  3.395,  0.533
 66780,  5.548, 12.818, 21.648,  3.489,  0.590
 66840,  5.610, 13.081, 22.723,  3.485,  0.621
 66900,  5.718, 13.281, 21.510,  3.583,  0.603
 66960,  5.811, 12.158, 20.627,  3.732,  0.543
 67020, -9999.000, -9999.000, -9999.000, -9999.000, -9999.000
 67080,  5.691, 12.332, 19.001,  3.372,  0.434
 67140,  5.787, 12.943, 21.411,  3.568,  0.458
 67200,  6.073, 14.479, 22.694,  3.852,  0.585
 67260,  6.099, 14.921, 23.789,  3.744,  0.552
 67320,  6.092, 15.237, 24.921,  3.566,  0.516
 67380,  5.847, 14.227, 26.638,  3.663,  0.513
 67440,  5.614, 13.466, 27.075,  3.570,  0.517
 67500,  5.662, 14.972, 27.978,  3.534,  0.483
 67560,  5.647, 13.738, 28.055,  3.613,  0.519
 67620,  5.525, 13.803, 28.573,  3.366,  0.453
 67680,  5.540, 13.964, 27.967,  3.483,  0.545
 67740,  5.173, 13.024, 27.709,  3.390,  0.515
 67800,  5.050, 13.196, 28.099,  3.334,  0.482
 67860,  5.187, 12.938, 29.278,  3.401,  0.457
 67920,  5.248, 14.365, 30.037,  3.310,  0.518
 67980,  5.326, 13.987, 29.607,  3.522,  0.462
 68040,  5.418, 14.267, 29.862,  3.681,  0.551
 68100,  5.499, 14.457, 29.945,  3.628,  0.515
 68160,  5.347, 13.249, 29.184,  3.455,  0.502
 68220,  5.078, 11.818, 27.466,  3.471,  0.482
 68280,  4.676, 11.219, 26.784,  3.474,  0.513
 68340,  4.183,  9.809, 25.330,  3.341,  0.486
 68400,  4.098,  9.783, 24.984,  3.290,  0.515
 68460,  4.098,  9.367, 24.256,  3.172,  0.494
 68520,  4.172,  9.382, 24.119,  3.250,  0.412
 68580,  4.307, 10.160, 25.183,  3.316,  0.541
 68640,  4.281, 11.116, 25.140,  3.179,  0.494
 68700,  4.175, 11.274, 25.959,  3.170,  0.525
 68760,  4.056, 10.041, 25.636,  3.123,  0.459
 68820,  4.082,  9.818, 25.014,  3.420,  0.453
 68880, -9999.000, -9999.000, -9999.000, -9999.000, -9999.000
 68940,  3.910,  9.921, 23.008,  3.222,  0.405
 69000,  3.739,  9.586, 23.266,  3.209,  0.334
 69060,  3.689,  9.651, 23.788,  3.079,  0.438
 69120,  3.639,  9.607, 22.666,  3.010,  0.386
 69180,  3.581, 10.048, 22.730,  2.973,  0.438
 69240,  3.685, 10.506, 23.826,  3.082,  0.429
 69300,  3.698, 10.306, 23.730,  3.285,  0.455
 69360,  3.540, 10.510, 24.804,  3.195,  0.462
 69420,  3.454, 10.505, 23.868,  3.173,  0.438
 69480,  3.566, 10.749, 24.842,  3.281,  0.421
 69540,  3.567, 10.553, 24.686,  3.041,  0.417
 69600,  3.567, 11.190, 25.033,  3.137,  0.417
 69660,  3.549, 11.227, 25.164,  3.152,  0.416
 69720,  3.524, 11.183, 25.248,  3.217,  0.431
 69780,  3.389, 10.986, 25.488,  3.353,  0.451
 69840,  3.428, 10.822, 23.658,  3.180,  0.381
 69900,  3.520, 10.712, 24.345,  3.295,  0.438
 69960,  3.632, 12.061, 24.155,  3.436,  0.462
 70020,  3.825, 12.400, 24.035,  3.387,  0.520
 70080,  4.091, 13.842, 26.701,  3.756,  0.488
 70140,  4.384, 15.052, 30.099,  4.056,  0.570
 70200,  4.273, 14.556, 28.576,  3.780,  0.568
 70260,  4.221, 14.131, 26.915,  3.734,  0.556
 70320,  4.006, 13.002, 26.378,  3.564,  0.500
 70380,  4.016, 13.377, 26.628,  3.580,  0.440
 70440,  4.040, 12.551, 25.136,  3.671,  0.462
 70500,  4.166, 12.899, 23.426,  3.506,  0.496
 70560,  4.217, 13.178, 23.476,  3.508,  0.435
 70620,  4.086, 12.890, 24.430,  3.502,  0.482
 70680,  4.040, 12.397, 24.481,  3.205,  0.534
 70740, -9999.000, -9999.000, -9999.000, -9999.000, -9999.000
 70800,  3.770, 10.352, 19.692,  3.500,  0.389
 70860,  3.855, 11.005, 20.928,  3.400,  0.461
 70920,  3.768, 10.103, 20.452,  3.468,  0.493
 70980,  3.771,  9.814, 20.067,  3.364,  0.512
 71040,  3.801, 10.718, 20.818,  3.359,  0.420
 71100,  3.673,  9.895, 19.736,  3.282,  0.455
 71160,  3.544,  8.166, 18.139,  3.277,  0.413
 71220,  3.496,  7.929, 18.662,  3.307,  0.432
 71280,  3.564,  8.166, 18.432,  3.237,  0.451
 71340,  3.507,  7.452, 18.692,  3.395,  0.449
 71400,  3.567,  8.489, 18.348,  3.441,  0.468
 71460,  3.703,  8.454, 17.707,  3.378,  0.379
 71520,  3.810,  8.631, 18.357,  3.387,  0.435
 71580,  3.890,  9.761, 18.748,  3.522,  0.469
 71640,  4.037, 10.182, 18.924,  3.517,  0.519
 71700,  4.299, 10.057, 20.552,  3.650,  0.488
 71760,  4.332, 10.831, 21.279,  3.618,  0.558
 71820,  4.353, 10.147, 21.154,  3.819,  0.495
 71880,  4.238, 10.111, 22.137,  3.774,  0.502
 71940,  4.131,  9.726, 22.342,  3.651,  0.491
 72000,  4.204,  9.527, 23.203,  3.810,  0.454
 72060,  4.192,  9.824, 23.817,  3.783,  0.506
 72120,  4.073,  9.318, 23.178,  3.672,  0.480
 72180,  3.930,  9.138, 24.108,  3.678,  0.438
 72240,  3.920,  9.205, 23.727,  3.653,  0.474
 72300,  3.794,  8.510, 23.344,  3.447,  0.443
 72360,  3.610,  8.006, 22.562,  3.410,  0.484
 72420,  3.629,  7.952, 22.715,  3.347,  0.457
 72480,  3.589,  8.052, 21.693,  3.308,  0.438
 72540,  3.402,  7.093, 20.057,  2.922,  0.426
 72600,  3.337,  7.656, 19.821,  3.023,  0.666
 72660,  3.327,  7.256, 19.280,  3.178,  0.475
 72720,  3.239,  6.552, 18.354,  3.153,  0.492
 72780,  3.205,  6.172, 17.632,  3.054,  0.392
 72840,  3.210,  6.066, 18.889,  3.171,  0.413
 72900,  3.294,  6.155, 17.981,  3.010,  0.362
 72960,  3.302,  6.248, 19.140,  3.227,  0.464
 73020,  3.320,  6.488, 20.207,  3.351,  0.439
 73080,  3.414,  6.470, 18.589,  3.289,  0.439
 73140,  3.489,  6.499, 19.851,  3.234,  0.428
 73200,  3.392,  6.545, 19.794,  3.219,  0.472
 73260,  3.403,  6.422, 19.816,  3.289,  0.434
 73320,  3.393,  6.456, 19.828,  3.079,  0.371
 73380,  3.217,  6.008, 19.363,  3.243,  0.475
 73440,  3.146,  6.046, 19.787,  3.083,  0.380
 73500,  3.170,  6.394, 19.623,  3.203,  0.469
 73560,  3.081,  6.314, 19.405,  3.113,  0.391
 73620,  3.077,  6.046, 19.246,  3.137,  0.462
 73680,  2.906,  5.512, 18.013,  2.947,  0.357
 73740,  2.852,  5.591, 18.413,  3.010,  0.442
 73800,  2.870,  5.499, 18.307,  2.921,  0.351
 73860,  3.001,  5.461, 18.789,  3.007,  0.382
 73920,  3.020,  5.743, 19.149,  2.802,  0.362
 73980,  3.007,  5.731, 18.622,  3.049,  0.327
 74040,  2.973,  5.500, 18.886,  3.125,  0.384
 74100,  2.976,  5.761, 19.253,  3.046,  0.303
 74160,  2.996,  5.595, 18.968,  3.080,  0.321
 74220,  3.010,  5.400, 19.456,  3.093,  0.319
 74280,  3.037,  5.650, 18.773,  2.997,  0.318
 74340,  2.994,  5.371, 19.110,  3.109,  0.305
 74400,  3.047,  5.406, 19.152,  3.289,  0.334
 74460,  2.733,  5.661, 16.789,  3.031,  0.240
 74520,  2.756,  5.179, 17.732,  3.127,  0.258
 74580,  2.715,  5.276, 19.392,  3.030,  0.310
 74640,  2.698,  4.846, 19.336,  3.042,  0.276
 74700,  2.703,  4.989, 19.326,  3.155,  0.304
 74760,  2.546,  5.281, 20.056,  2.894,  0.327
 74820,  2.667,  5.156, 19.937,  3.058,  0.252
 74880,  2.645,  4.914, 19.922,  2.800,  0.279
 74940,  2.646,  4.626, 19.823,  2.997,  0.280
 75000,  2.553,  4.418, 19.913,  2.840,  0.336
 75060,  2.216,  3.836, 18.641,  2.988,  0.277
 75120,  1.998,  3.122, 17.439,  2.535,  0.255
 75180,  1.907,  3.107, 16.932,  2.504,  0.216
 75240,  1.789,  2.850, 16.323,  2.435,  0.193
 75300,  1.777,  2.936, 16.082,  2.406,  0.221
 75360,  1.781,  2.497, 16.234,  2.428,  0.219
 75420,  1.730,  2.678, 16.761,  2.392,  0.186
 75480,  1.739,  2.754, 16.763,  2.365,  0.263
 75540,  1.702,  2.620, 16.259,  2.421,  0.255
 75600,  1.681,  2.633, 16.842,  2.290,  0.236
 75660,  1.643,  2.421, 16.357,  2.253,  0.219
 75720,  1.655,  2.335, 16.456,  2.243,  0.246
 75780,  1.594,  2.244, 15.749,  2.339,  0.216
 75840,  1.607,  2.232, 16.905,  2.356,  0.206
 75900,  1.682,  2.354, 17.593,  2.561,  0.273
 75960,  1.683,  2.191, 17.711,  2.524,  0.223
 76020,  1.746,  2.170, 18.260,  2.618,  0.247
 76080,  1.832,  2.437, 19.418,  2.742,  0.285
 76140,  1.832,  2.323, 20.734,  2.868,  0.293
 76200,  1.925,  2.313, 21.781,  3.173,  0.277
 76260,  1.857,  2.428, 21.128,  3.207,  0.285
 76320,  2.005,  2.325, 21.938,  3.199,  0.328
 76380,  2.076,  2.310, 23.455,  3.530,  0.372
 76440,  2.181,  2.693, 26.240,  3.674,  0.365
 76500,  2.157,  2.641, 27.991,  3.793,  0.445
 76560,  2.077,  2.672, 28.651,  3.715,  0.533
 76620,  1.958,  2.301, 26.560,  3.607,  0.560
 76680,  1.868,  2.197, 25.984,  3.459,  0.528
 76740,  1.939,  2.362, 25.802,  3.542,  0.437
 76800,  1.951,  2.596, 26.081,  3.549,  0.589
 76860,  1.924,  2.485, 25.710,  3.542,  0.722
 76920,  1.959,  2.432, 26.208,  3.507,  0.851
 76980,  1.850,  2.433, 24.679,  3.224,  0.669
 77040,  1.643,  2.269, 21.983,  2.796,  0.582
 77100,  1.465,  1.940, 19.148,  2.404,  0.442
 77160,  1.345,  1.904, 16.791,  2.075,  0.368
 77220,  1.275,  1.691, 15.475,  1.991,  0.325
 77280,  1.255,  1.864, 15.080,  1.920,  0.338
 77340,  1.231,  1.689, 14.990,  1.810,  0.446
 77400,  1.190,  1.731, 13.755,  1.636,  0.324
 77460,  1.060,  1.572, 11.957,  1.553,  0.323
 77520,  0.898,  1.518, 12.492,  1.324,  0.259
 77580,  0.858,  1.599, 12.956,  1.339,  0.293
 77640,  0.842,  1.664, 14.229,  1.298,  0.373
 77700,  0.805,  1.668, 12.950,  1.077,  0.304
 77760,  0.789,  1.729, 13.146,  1.111,  0.336
 77820,  0.771,  1.642, 12.408,  1.110,  0.345
 77880,  0.755,  1.733, 11.492,  1.210,  0.409
 77940,  0.827,  1.609, 12.903,  1.196,  0.388
 78000,  0.776,  1.714, 11.789,  1.092,  0.411
 78060,  0.722,  1.918, 10.502,  1.089,  0.408
 78120, -9999.000, -9999.000, -9999.000, -9999.000, -9999.000
 78180,  0.757,  1.716,  8.492,  0.961,  0.404
 78240,  0.734,  1.447,  8.099,  1.013,  0.348
 78300,  0.677,  1.642,  7.478,  1.117,  0.407
 78360,  0.647,  1.616,  6.580,  0.967,  0.485
 78420,  0.567,  1.794,  4.736,  0.809,  0.452
 78480,  0.467,  1.680,  3.887,  0.796,  0.458
 78540,  0.618,  1.611,  5.226,  0.941,  0.514
 78600,  0.755,  1.496,  6.204,  1.094,  0.498
 78660,  0.719,  1.546,  5.191,  1.214,  0.456
 78720,  0.792,  1.777,  5.722,  1.243,  0.552
 78780,  0.833,  1.765,  7.323,  1.303,  0.546
 78840,  0.800,  1.502,  6.920,  1.274,  0.505
 78900,  0.819,  1.589,  6.137,  1.304,  0.494
 78960,  0.772,  1.554,  5.514,  1.264,  0.480
 79020,  0.820,  1.556,  5.736,  1.301,  0.449
 79080,  0.767,  1.481,  5.816,  1.211,  0.408
 79140,  0.717,  1.634,  5.187,  1.121,  0.472
 79200,  0.699,  1.473,  4.425,  1.074,  0.379
 79260,  0.792,  1.725,  4.263,  1.224,  0.490
 79320,  0.859,  1.512,  6.028,  1.383,  0.491
 79380,  0.784,  1.516,  5.167,  1.384,  0.488
 79440,  0.795,  1.573,  5.082,  1.257,  0.472
 79500,  0.776,  1.526,  5.883,  1.367,  0.517
 79560,  0.769,  1.517,  5.782,  1.362,  0.483
 79620,  0.759,  1.479,  6.066,  1.349,  0.484
 79680,  0.689,  1.590,  5.399,  1.163,  0.391
 79740,  0.742,  1.367,  5.768,  1.220,  0.398
 79800,  0.783,  1.371,  6.723,  1.327,  0.390
 79860,  0.738,  1.438,  6.176,  1.281,  0.401
 79920,  0.770,  1.288,  6.294,  1.246,  0.334
 79980, -9999.000, -9999.000, -9999.000, -9999.000, -9999.000
 80040,  0.770,  1.604,  6.409,  1.186,  0.330
 80100,  0.758,  1.417,  6.930,  1.270,  0.421
 80160,  0.692,  1.421,  5.517,  1.187,  0.343
 80220,  0.678,  1.335,  5.501,  1.132,  0.346
 80280,  0.691,  1.291,  5.978,  1.193,  0.415
 80340,  0.743,  1.441,  6.416,  1.312,  0.430
 80400,  0.791,  1.349,  6.300,  1.303,  0.387
