CampaignData_and_Merges/R0/CSL_MobileLab_Parked/raw/20240812/USOS-jNO2_MobileLabGround_20240812_R0.ict
52,1001
Waxman, E.; Rollins, A.; Zuraski, K.; Chace, W.
NOAA Chemical Sciences Laboratory
jNO2 filter radiometer on CSL Mobile Lab
AMMBEC / USOS
1, 1
2024,08,12, 2025,04,01
60
Time_Start, seconds, number_of_seconds_since_0000_UTC
20
1, 1, 1, 1, 1, 1, 1, 1, 1, 1, 1, 1, 1, 1, 1, 1, 1, 1, 1, 1
-9999, -9999, -9999, -9999, -9999, -9999, -9999, -9999, -9999, -9999, -9999, -9999, -9999, -9999, -9999, -9999, -9999, -9999, -9999, -9999
Time_Stop, seconds, number_of_seconds_since_0000_UTC
jNO2_meas, per second, photolysis rate of NO2 measured using a filter radiometer.
jBrCl, per second, photolysis rate of BrCl -> Br + Cl calculated in TUV for cloud-free sky with local AOD
jBr2, per second, photolysis rate of Br2 -> Br + Br calculated in TUV for cloud-free sky with local AOD
jCCl4, per second, photolysis rate of CCl4 -> Products calcualted in TUV for cloud-free sky with local AOD
jCH2Oa, per second, photolysis rate of CH2O -> H + HCO calculated in TUV for cloud-free sky with local AOD
jCH2Ob, per second, photolysis rate of CH2O -> H2 + CO calculated in TUV for cloud-free sky with local AOD
jClNO2, per second, photolysis rate of ClNO2 -> Cl + NO2 calculated in TUV for cloud-free sky with local AOD
jClOa, per second, photolysis rate of ClO -> Cl + O(1D) calculated in TUV for cloud-free sky with local AOD
jClOb, per second, photolysis rate of ClO -> Cl + O(3P) calculated in TUV for cloud-free sky with local AOD
jCl2, per second, photolysis rate of Cl2 -> Cl + Cl calculated in TUV for cloud-free sky with local AOD
jHNO2, per second, photolysis rate of HNO2 -> OH + NO calculated in TUV for cloud-free sky with local AOD
jHNO3, per second, photolysis rate of HNO3 -> OH + NO2 calculated in TUV for cloud-free sky with local AOD
jI2, per second, photolysis rate of I2 -> I + I calculated in TUV for cloud-free sky with local AOD
jNO2, per second, photolysis rate of NO2 -> NO + O(3P) calculated in TUV for cloud-free sky with local AOD
jNO3a, per second, photolysis rate of NO3 -> NO + O2 calculated in TUV for cloud-free sky with local AOD
jNO3b, per second, photolysis rate of NO3 -> NO2 + O(3P) calculated in TUV for cloud-free sky with local AOD
jN2O5, per second, photolysis rate of N2O5 -> NO3 + NO + O(3P) calculated in TUV for cloud-free sky with local AOD
jO3, per second, photolysis rate of O3 -> O2 + O(1D) calculated in TUV for cloud-free sky with local AOD
AOD_500nm, unitless, UTC daily mean AOD at 500 nm from an AERONET station located at 40.178 N, -112.452 E
0
18
PI_CONTACT_INFO: eleanor.waxman@noaa.gov
PLATFORM: CSL Mobile Lab, at ground site
LOCATION: Salt Lake City, UT
ASSOCIATED_DATA:
INSTRUMENT_INFO: jNO2 filter radiometer.  TUV calculations are for mobile van lat/lon/altitude assuming clear sky (cloud AOD = 0) and daily mean AOD.
DATA_INFO:
UNCERTAINTY: Data uncertainties are +/- 20%.  These come from uncertainties in radiometer angular response, radiometer thermal response, local interferences from clouds/aerosols/shadows etc.
ULOD_FLAG: -7777
ULOD_VALUE: N/A
LLOD_FLAG: -8888
LLOD_VALUE: N/A
DM_CONTACT_INFO: eleanor.waxman@noaa.gov
PROJECT_INFO: USOS Project, July - August 2024
STIPULATIONS_ON_USE: Users are strongly encouraged to contact the PI for proper data usage.
OTHER_COMMENTS: 
REVISION: R0
R0: final data
Time_Start, Time_Stop, jNO2_meas, jBrCl, jBr2, jCCl4, jCH2Oa, jCH2Ob, jClNO2, jClOa, jClOb, jCl2, jHNO2, jHNO3, jI2, jNO2, jNO3a, jNO3b, jN2O5, jO3, AOD_500nm
[from data line 1152]
   69120,   69180,0.0027497,0.01043,0.03132,4.581e-22,3.217e-05,4.746e-05,0.0004676,2.215e-22,4.853e-05,0.002273,0.001477,5.872e-07,0.1109,0.009033,0.0213,0.1712,4.21e-05,3.196e-05,0.152
   69180,   69240,0.0025727,0.01043,0.03132,4.622e-22,3.218e-05,4.747e-05,0.0004677,2.236e-22,4.855e-05,0.002273,0.001477,5.874e-07,0.1109,0.009034,0.0213,0.1712,4.211e-05,3.198e-05,0.152
   69240,   69300,0.0024448,0.01043,0.03133,4.659e-22,3.219e-05,4.748e-05,0.0004678,2.253e-22,4.858e-05,0.002274,0.001477,5.876e-07,0.1109,0.009035,0.0213,0.1713,4.212e-05,3.199e-05,0.152
   69300,   69360,0.0023364,0.01043,0.03133,4.695e-22,3.219e-05,4.748e-05,0.0004679,2.271e-22,4.86e-05,0.002274,0.001477,5.878e-07,0.1109,0.009036,0.0213,0.1713,4.213e-05,3.201e-05,0.152
   69360,   69420,0.0022478,0.01043,0.03133,4.728e-22,3.22e-05,4.749e-05,0.000468,2.287e-22,4.862e-05,0.002274,0.001477,5.88e-07,0.1109,0.009037,0.0213,0.1713,4.214e-05,3.202e-05,0.152
   69420,   69480,0.0021935,0.01043,0.03133,4.758e-22,3.221e-05,4.75e-05,0.000468,2.302e-22,4.864e-05,0.002274,0.001478,5.882e-07,0.1109,0.009037,0.0213,0.1713,4.215e-05,3.204e-05,0.152
   69480,   69540,0.0021869,0.01043,0.03133,4.788e-22,3.221e-05,4.751e-05,0.0004681,2.316e-22,4.866e-05,0.002275,0.001478,5.884e-07,0.1109,0.009038,0.0213,0.1713,4.215e-05,3.205e-05,0.152
   69540,   69600,0.0022527,0.01043,0.03133,4.815e-22,3.222e-05,4.751e-05,0.0004682,2.33e-22,4.867e-05,0.002275,0.001478,5.885e-07,0.1109,0.009039,0.0213,0.1713,4.216e-05,3.206e-05,0.152
   69600,   69660,0.0023962,0.01043,0.03133,4.838e-22,3.222e-05,4.752e-05,0.0004682,2.341e-22,4.869e-05,0.002275,0.001478,5.886e-07,0.1109,0.009039,0.0213,0.1713,4.216e-05,3.207e-05,0.152
   69660,   69720,0.0026232,0.01043,0.03133,4.86e-22,3.223e-05,4.752e-05,0.0004683,2.352e-22,4.87e-05,0.002275,0.001478,5.888e-07,0.1109,0.00904,0.0213,0.1713,4.217e-05,3.208e-05,0.152
   69720,   69780,0.0029689,0.01043,0.03134,4.878e-22,3.223e-05,4.753e-05,0.0004683,2.361e-22,4.871e-05,0.002275,0.001478,5.889e-07,0.1109,0.00904,0.0213,0.1713,4.217e-05,3.209e-05,0.152
   69780,   69840,0.0040972,0.01043,0.03134,4.894e-22,3.224e-05,4.753e-05,0.0004683,2.368e-22,4.872e-05,0.002276,0.001478,5.889e-07,0.1109,0.009041,0.0213,0.1713,4.218e-05,3.209e-05,0.152
   69840,   69900,0.0063732,0.01043,0.03134,4.909e-22,3.224e-05,4.753e-05,0.0004684,2.375e-22,4.873e-05,0.002276,0.001478,5.89e-07,0.1109,0.009041,0.0213,0.1713,4.218e-05,3.21e-05,0.152
   69900,   69960,0.0086084,0.01043,0.03134,4.92e-22,3.224e-05,4.753e-05,0.0004684,2.381e-22,4.874e-05,0.002276,0.001478,5.891e-07,0.1109,0.009042,0.0213,0.1713,4.218e-05,3.211e-05,0.152
   69960,   70020,0.0080182,0.01043,0.03134,4.929e-22,3.224e-05,4.754e-05,0.0004684,2.385e-22,4.874e-05,0.002276,0.001478,5.891e-07,0.1109,0.009042,0.0213,0.1713,4.218e-05,3.211e-05,0.152
   70020,   70080,0.0099478,0.01043,0.03134,4.935e-22,3.225e-05,4.754e-05,0.0004684,2.389e-22,4.875e-05,0.002276,0.001478,5.892e-07,0.1109,0.009042,0.0213,0.1713,4.219e-05,3.211e-05,0.152
   70080,   70140,0.0082729,0.01044,0.03134,4.937e-22,3.225e-05,4.754e-05,0.0004684,2.39e-22,4.875e-05,0.002276,0.001478,5.892e-07,0.1109,0.009042,0.0213,0.1713,4.219e-05,3.211e-05,0.152
   70140,   70200,0.0093995,0.01044,0.03134,4.938e-22,3.225e-05,4.754e-05,0.0004684,2.39e-22,4.875e-05,0.002276,0.001478,5.892e-07,0.1109,0.009042,0.02131,0.1713,4.219e-05,3.211e-05,0.152
   70200,   70260,0.0059532,0.01044,0.03134,4.937e-22,3.225e-05,4.754e-05,0.0004684,2.389e-22,4.875e-05,0.002276,0.001478,5.892e-07,0.1109,0.009042,0.0213,0.1713,4.219e-05,3.211e-05,0.152
   70260,   70320,0.0062523,0.01043,0.03134,4.933e-22,3.224e-05,4.754e-05,0.0004684,2.387e-22,4.875e-05,0.002276,0.001478,5.892e-07,0.1109,0.009042,0.0213,0.1713,4.219e-05,3.211e-05,0.152
   70320,   70380,0.0058819,0.01043,0.03134,4.926e-22,3.224e-05,4.754e-05,0.0004684,2.384e-22,4.874e-05,0.002276,0.001478,5.891e-07,0.1109,0.009042,0.0213,0.1713,4.218e-05,3.211e-05,0.152
   70380,   70440,0.0059744,0.01043,0.03134,4.915e-22,3.224e-05,4.753e-05,0.0004684,2.379e-22,4.874e-05,0.002276,0.001478,5.891e-07,0.1109,0.009041,0.0213,0.1713,4.218e-05,3.21e-05,0.152
   70440,   70500,0.0076743,0.01043,0.03134,4.903e-22,3.224e-05,4.753e-05,0.0004684,2.373e-22,4.873e-05,0.002276,0.001478,5.89e-07,0.1109,0.009041,0.0213,0.1713,4.218e-05,3.21e-05,0.152
   70500,   70560,0.0074168,0.01043,0.03134,4.889e-22,3.224e-05,4.753e-05,0.0004683,2.366e-22,4.872e-05,0.002276,0.001478,5.889e-07,0.1109,0.009041,0.0213,0.1713,4.218e-05,3.209e-05,0.152
   70560,   70620,0.0046804,0.01043,0.03134,4.871e-22,3.223e-05,4.752e-05,0.0004683,2.357e-22,4.871e-05,0.002275,0.001478,5.888e-07,0.1109,0.00904,0.0213,0.1713,4.217e-05,3.209e-05,0.152
   70620,   70680,0.0055313,0.01043,0.03133,4.851e-22,3.223e-05,4.752e-05,0.0004682,2.347e-22,4.87e-05,0.002275,0.001478,5.887e-07,0.1109,0.00904,0.0213,0.1713,4.217e-05,3.208e-05,0.152
   70680,   70740,0.0039827,0.01043,0.03133,4.83e-22,3.222e-05,4.751e-05,0.0004682,2.337e-22,4.868e-05,0.002275,0.001478,5.886e-07,0.1109,0.009039,0.0213,0.1713,4.216e-05,3.207e-05,0.152
   70740,   70800,0.0039894,0.01043,0.03133,4.803e-22,3.222e-05,4.751e-05,0.0004681,2.324e-22,4.867e-05,0.002275,0.001478,5.885e-07,0.1109,0.009039,0.0213,0.1713,4.216e-05,3.206e-05,0.152
   70800,   70860,0.0043287,0.01043,0.03133,4.775e-22,3.221e-05,4.75e-05,0.0004681,2.31e-22,4.865e-05,0.002275,0.001478,5.883e-07,0.1109,0.009038,0.0213,0.1713,4.215e-05,3.204e-05,0.152
   70860,   70920,0.0052258,0.01043,0.03133,4.747e-22,3.221e-05,4.75e-05,0.000468,2.297e-22,4.863e-05,0.002274,0.001477,5.881e-07,0.1109,0.009037,0.0213,0.1713,4.214e-05,3.203e-05,0.152
   70920,   70980,0.0050866,0.01043,0.03133,4.715e-22,3.22e-05,4.749e-05,0.0004679,2.281e-22,4.861e-05,0.002274,0.001477,5.88e-07,0.1109,0.009036,0.0213,0.1713,4.214e-05,3.202e-05,0.152
   70980,   71040,0.0035316,0.01043,0.03133,4.68e-22,3.219e-05,4.748e-05,0.0004679,2.264e-22,4.859e-05,0.002274,0.001477,5.878e-07,0.1109,0.009035,0.0213,0.1713,4.213e-05,3.2e-05,0.152
   71040,   71100,0.0036927,0.01043,0.03132,4.645e-22,3.218e-05,4.747e-05,0.0004678,2.247e-22,4.857e-05,0.002273,0.001477,5.876e-07,0.1109,0.009034,0.0213,0.1713,4.212e-05,3.199e-05,0.152
   71100,   71160,0.0036927,0.01043,0.03132,4.605e-22,3.217e-05,4.746e-05,0.0004677,2.227e-22,4.854e-05,0.002273,0.001477,5.873e-07,0.1109,0.009033,0.0213,0.1712,4.211e-05,3.197e-05,0.152
   71160,   71220,0.0039233,0.01043,0.03132,4.563e-22,3.216e-05,4.745e-05,0.0004676,2.207e-22,4.851e-05,0.002273,0.001477,5.871e-07,0.1109,0.009032,0.0213,0.1712,4.21e-05,3.195e-05,0.152
   71220,   71280,0.0068126,0.01043,0.03132,4.522e-22,3.216e-05,4.744e-05,0.0004675,2.187e-22,4.849e-05,0.002272,0.001476,5.869e-07,0.1109,0.009031,0.0213,0.1712,4.209e-05,3.193e-05,0.152
   71280,   71340,0.0064841,0.01042,0.03132,4.477e-22,3.215e-05,4.743e-05,0.0004674,2.165e-22,4.846e-05,0.002272,0.001476,5.866e-07,0.1108,0.00903,0.0213,0.1712,4.208e-05,3.191e-05,0.152
   71340,   71400,0.0090491,0.01042,0.03131,4.43e-22,3.213e-05,4.742e-05,0.0004673,2.141e-22,4.843e-05,0.002272,0.001476,5.863e-07,0.1108,0.009028,0.0213,0.1712,4.206e-05,3.189e-05,0.152
   71400,   71460,0.008721,0.01042,0.03131,4.382e-22,3.212e-05,4.741e-05,0.0004672,2.118e-22,4.839e-05,0.002271,0.001476,5.86e-07,0.1108,0.009027,0.0213,0.1712,4.205e-05,3.187e-05,0.152
   71460,   71520,0.0091768,0.01042,0.03131,4.331e-22,3.211e-05,4.74e-05,0.000467,2.093e-22,4.836e-05,0.002271,0.001475,5.857e-07,0.1108,0.009026,0.0213,0.1712,4.204e-05,3.184e-05,0.152
   71520,   71580,0.009153,0.01042,0.03131,4.278e-22,3.21e-05,4.738e-05,0.0004669,2.067e-22,4.832e-05,0.00227,0.001475,5.854e-07,0.1108,0.009024,0.02129,0.1712,4.203e-05,3.182e-05,0.152
   71580,   71640,0.0078129,0.01042,0.0313,4.227e-22,3.209e-05,4.737e-05,0.0004668,2.042e-22,4.829e-05,0.00227,0.001475,5.851e-07,0.1108,0.009023,0.02129,0.1712,4.201e-05,3.179e-05,0.152
   71640,   71700,0.0075809,0.01042,0.0313,4.17e-22,3.207e-05,4.736e-05,0.0004666,2.015e-22,4.825e-05,0.002269,0.001475,5.847e-07,0.1108,0.009021,0.02129,0.1712,4.2e-05,3.177e-05,0.152
   71700,   71760,0.0072188,0.01042,0.0313,4.113e-22,3.206e-05,4.734e-05,0.0004665,1.987e-22,4.82e-05,0.002269,0.001474,5.844e-07,0.1108,0.009019,0.02129,0.1712,4.198e-05,3.174e-05,0.152
   71760,   71820,0.0060954,0.01041,0.03129,4.056e-22,3.204e-05,4.733e-05,0.0004663,1.959e-22,4.816e-05,0.002268,0.001474,5.84e-07,0.1108,0.009017,0.02129,0.1712,4.197e-05,3.171e-05,0.152
   71820,   71880,0.0049314,0.01041,0.03129,3.996e-22,3.203e-05,4.731e-05,0.0004662,1.929e-22,4.812e-05,0.002267,0.001474,5.836e-07,0.1108,0.009015,0.02129,0.1711,4.195e-05,3.168e-05,0.152
   71880,   71940,0.0032327,0.01041,0.03129,3.934e-22,3.201e-05,4.729e-05,0.000466,1.899e-22,4.807e-05,0.002267,0.001473,5.832e-07,0.1108,0.009014,0.02129,0.1711,4.193e-05,3.165e-05,0.152
   71940,   72000,0.0029956,0.01041,0.03128,3.875e-22,3.2e-05,4.728e-05,0.0004658,1.871e-22,4.803e-05,0.002266,0.001473,5.828e-07,0.1108,0.009012,0.02129,0.1711,4.191e-05,3.162e-05,0.152
   72000,   72060,0.0029168,0.01041,0.03128,3.811e-22,3.198e-05,4.726e-05,0.0004657,1.839e-22,4.798e-05,0.002265,0.001472,5.823e-07,0.1108,0.009009,0.02129,0.1711,4.19e-05,3.158e-05,0.152
   72060,   72120,0.0029087,0.01041,0.03128,3.745e-22,3.196e-05,4.724e-05,0.0004655,1.807e-22,4.793e-05,0.002265,0.001472,5.819e-07,0.1108,0.009007,0.02128,0.1711,4.188e-05,3.155e-05,0.152
   72120,   72180,0.002881,0.0104,0.03127,3.683e-22,3.194e-05,4.722e-05,0.0004653,1.777e-22,4.788e-05,0.002264,0.001472,5.815e-07,0.1107,0.009005,0.02128,0.1711,4.186e-05,3.151e-05,0.152
   72180,   72240,0.0028359,0.0104,0.03127,3.616e-22,3.193e-05,4.72e-05,0.0004651,1.744e-22,4.782e-05,0.002263,0.001471,5.81e-07,0.1107,0.009003,0.02128,0.1711,4.184e-05,3.148e-05,0.152
   72240,   72300,0.002778,0.0104,0.03126,3.549e-22,3.191e-05,4.718e-05,0.0004649,1.712e-22,4.777e-05,0.002262,0.001471,5.805e-07,0.1107,0.009,0.02128,0.1711,4.182e-05,3.144e-05,0.152
   72300,   72360,0.0027301,0.0104,0.03126,3.485e-22,3.189e-05,4.716e-05,0.0004647,1.68e-22,4.771e-05,0.002262,0.00147,5.8e-07,0.1107,0.008998,0.02128,0.171,4.18e-05,3.14e-05,0.152
   72360,   72420,0.0026616,0.0104,0.03126,3.417e-22,3.187e-05,4.714e-05,0.0004645,1.647e-22,4.765e-05,0.002261,0.00147,5.795e-07,0.1107,0.008996,0.02128,0.171,4.177e-05,3.136e-05,0.152
   72420,   72480,0.0025955,0.01039,0.03125,3.346e-22,3.185e-05,4.712e-05,0.0004643,1.613e-22,4.759e-05,0.00226,0.001469,5.789e-07,0.1107,0.008993,0.02128,0.171,4.175e-05,3.132e-05,0.152
   72480,   72540,0.002528,0.01039,0.03125,3.281e-22,3.183e-05,4.709e-05,0.0004641,1.581e-22,4.753e-05,0.002259,0.001469,5.784e-07,0.1107,0.00899,0.02127,0.171,4.173e-05,3.128e-05,0.152
   72540,   72600,0.0024622,0.01039,0.03124,3.211e-22,3.18e-05,4.707e-05,0.0004638,1.547e-22,4.747e-05,0.002258,0.001469,5.778e-07,0.1107,0.008988,0.02127,0.171,4.17e-05,3.123e-05,0.152
   72600,   72660,0.0023867,0.01039,0.03124,3.141e-22,3.178e-05,4.705e-05,0.0004636,1.513e-22,4.741e-05,0.002257,0.001468,5.773e-07,0.1107,0.008985,0.02127,0.171,4.168e-05,3.119e-05,0.152
   72660,   72720,0.0023002,0.01038,0.03123,3.075e-22,3.176e-05,4.702e-05,0.0004634,1.481e-22,4.734e-05,0.002257,0.001468,5.767e-07,0.1106,0.008982,0.02127,0.1709,4.165e-05,3.115e-05,0.152
   72720,   72780,0.0022123,0.01038,0.03123,3.005e-22,3.174e-05,4.7e-05,0.0004631,1.446e-22,4.728e-05,0.002256,0.001467,5.761e-07,0.1106,0.008979,0.02127,0.1709,4.163e-05,3.11e-05,0.152
   72780,   72840,0.0021379,0.01038,0.03122,2.934e-22,3.171e-05,4.697e-05,0.0004629,1.412e-22,4.72e-05,0.002255,0.001466,5.755e-07,0.1106,0.008976,0.02126,0.1709,4.16e-05,3.105e-05,0.152
   72840,   72900,0.0020518,0.01038,0.03122,2.868e-22,3.169e-05,4.695e-05,0.0004626,1.38e-22,4.714e-05,0.002254,0.001466,5.749e-07,0.1106,0.008973,0.02126,0.1709,4.158e-05,3.101e-05,0.152
   72900,   72960,0.0019904,0.01037,0.03121,2.798e-22,3.166e-05,4.692e-05,0.0004624,1.345e-22,4.706e-05,0.002253,0.001465,5.742e-07,0.1106,0.00897,0.02126,0.1709,4.155e-05,3.096e-05,0.152
   72960,   73020,0.0019546,0.01037,0.0312,2.728e-22,3.164e-05,4.689e-05,0.0004621,1.311e-22,4.699e-05,0.002252,0.001465,5.736e-07,0.1106,0.008967,0.02126,0.1708,4.152e-05,3.09e-05,0.152
   73020,   73080,0.0019372,0.01037,0.0312,2.662e-22,3.161e-05,4.687e-05,0.0004618,1.28e-22,4.692e-05,0.002251,0.001464,5.729e-07,0.1106,0.008964,0.02126,0.1708,4.149e-05,3.086e-05,0.152
   73080,   73140,0.0019205,0.01037,0.03119,2.592e-22,3.158e-05,4.684e-05,0.0004615,1.246e-22,4.684e-05,0.00225,0.001464,5.722e-07,0.1105,0.00896,0.02125,0.1708,4.146e-05,3.08e-05,0.152
   73140,   73200,0.0019153,0.01036,0.03119,2.524e-22,3.155e-05,4.681e-05,0.0004612,1.212e-22,4.676e-05,0.002248,0.001463,5.715e-07,0.1105,0.008957,0.02125,0.1708,4.143e-05,3.075e-05,0.152
   73200,   73260,0.0019055,0.01036,0.03118,2.459e-22,3.153e-05,4.678e-05,0.000461,1.181e-22,4.669e-05,0.002247,0.001462,5.709e-07,0.1105,0.008953,0.02125,0.1708,4.14e-05,3.07e-05,0.152
   73260,   73320,0.0018962,0.01036,0.03117,2.392e-22,3.15e-05,4.675e-05,0.0004607,1.148e-22,4.66e-05,0.002246,0.001462,5.701e-07,0.1105,0.00895,0.02125,0.1707,4.137e-05,3.064e-05,0.152
   73320,   73380,0.0018728,0.01035,0.03117,2.325e-22,3.147e-05,4.672e-05,0.0004604,1.115e-22,4.652e-05,0.002245,0.001461,5.694e-07,0.1105,0.008946,0.02125,0.1707,4.134e-05,3.058e-05,0.152
   73380,   73440,0.0018344,0.01035,0.03116,2.262e-22,3.144e-05,4.669e-05,0.0004601,1.085e-22,4.644e-05,0.002244,0.00146,5.687e-07,0.1105,0.008943,0.02124,0.1707,4.131e-05,3.053e-05,0.152
   73440,   73500,0.0017817,0.01035,0.03115,2.195e-22,3.141e-05,4.665e-05,0.0004597,1.052e-22,4.635e-05,0.002243,0.00146,5.679e-07,0.1104,0.008939,0.02124,0.1707,4.127e-05,3.047e-05,0.152
   73500,   73560,0.0017077,0.01034,0.03115,2.13e-22,3.138e-05,4.662e-05,0.0004594,1.021e-22,4.626e-05,0.002241,0.001459,5.671e-07,0.1104,0.008935,0.02124,0.1706,4.124e-05,3.041e-05,0.152
   73560,   73620,0.0015973,0.01034,0.03114,2.07e-22,3.135e-05,4.659e-05,0.0004591,9.915e-23,4.618e-05,0.00224,0.001458,5.663e-07,0.1104,0.008931,0.02124,0.1706,4.121e-05,3.035e-05,0.152
   73620,   73680,0.0014802,0.01034,0.03113,2.007e-22,3.132e-05,4.655e-05,0.0004588,9.608e-23,4.609e-05,0.002239,0.001458,5.655e-07,0.1104,0.008927,0.02123,0.1706,4.117e-05,3.029e-05,0.152
   73680,   73740,0.0013597,0.01033,0.03112,1.944e-22,3.128e-05,4.652e-05,0.0004584,9.305e-23,4.6e-05,0.002238,0.001457,5.647e-07,0.1104,0.008923,0.02123,0.1706,4.113e-05,3.022e-05,0.152
   73740,   73800,0.0012633,0.01033,0.03112,1.886e-22,3.125e-05,4.648e-05,0.0004581,9.023e-23,4.591e-05,0.002236,0.001456,5.639e-07,0.1104,0.008919,0.02123,0.1705,4.11e-05,3.016e-05,0.152
   73800,   73860,0.0011749,0.01033,0.03111,1.825e-22,3.122e-05,4.645e-05,0.0004577,8.726e-23,4.581e-05,0.002235,0.001455,5.63e-07,0.1103,0.008914,0.02122,0.1705,4.106e-05,3.01e-05,0.152
   73860,   73920,0.0010864,0.01032,0.0311,1.765e-22,3.118e-05,4.641e-05,0.0004574,8.437e-23,4.571e-05,0.002233,0.001454,5.621e-07,0.1103,0.00891,0.02122,0.1705,4.102e-05,3.003e-05,0.152
   73920,   73980,0.0009989,0.01032,0.03109,1.71e-22,3.115e-05,4.637e-05,0.000457,8.17e-23,4.562e-05,0.002232,0.001454,5.613e-07,0.1103,0.008906,0.02122,0.1705,4.099e-05,2.997e-05,0.152
   73980,   74040,0.00093065,0.01032,0.03108,1.653e-22,3.111e-05,4.634e-05,0.0004566,7.891e-23,4.552e-05,0.002231,0.001453,5.604e-07,0.1103,0.008901,0.02122,0.1704,4.095e-05,2.99e-05,0.152
   74040,   74100,0.00086722,0.01031,0.03108,1.597e-22,3.108e-05,4.63e-05,0.0004562,7.618e-23,4.542e-05,0.002229,0.001452,5.595e-07,0.1103,0.008897,0.02121,0.1704,4.091e-05,2.983e-05,0.152
   74100,   74160,0.0008182,0.01031,0.03107,1.544e-22,3.104e-05,4.626e-05,0.0004559,7.363e-23,4.532e-05,0.002228,0.001451,5.586e-07,0.1102,0.008892,0.02121,0.1704,4.087e-05,2.976e-05,0.152
   74160,   74220,0.00077685,0.0103,0.03106,1.49e-22,3.101e-05,4.622e-05,0.0004555,7.101e-23,4.522e-05,0.002226,0.00145,5.577e-07,0.1102,0.008887,0.02121,0.1703,4.083e-05,2.969e-05,0.152
