CampaignData_and_Merges/R0/CSL_MobileLab_Parked/raw/20240812/USOS-PTR_MobileLabGround_20240812_RA.ict
58, 1001
Matthew Coggon, Kelvin Bates, Chelsea Stockwell, Carsten Warneke
NOAA ESRL Chemical Sciences Division
NOAA PTR-ToF-MS
USOS
1,1 
2024, 08, 12, 2024, 08, 13
0
Time_Start, seconds, number of seconds from 00:00 UTC 
22
1, 1, 1, 1, 1, 1, 1, 1, 1, 1, 1, 1, 1, 1, 1, 1, 1, 1, 1, 1, 1, 1
-9999, -9999, -9999, -9999, -9999, -9999, -9999, -9999, -9999, -9999, -9999, -9999, -9999, -9999, -9999, -9999, -9999, -9999, -9999, -9999, -9999, -9999
CH3OH_NOAAPTR_ppbv,  ppbv, Gas_CH3OH_InSitu_S_AVMR, (CH3OH) methanol
CH3CN_NOAAPTR_ppbv,  ppbv, Gas_CH3CN_InSitu_S_AVMR, (CH3CN) acetonitrile
CH3CHO_NOAAPTR_ppbv,  ppbv, Gas_CH3CHO_InSitu_S_AVMR, (CH3CHO) acetaldehyde plus contributions from ethylene glycol and ethylene oxide. Interference from ethanol has been subtracted out.
C2H5OH_NOAAPTR_ppbv,  ppbv, Gas_C2H5OH_InSitu_S_AVMR, (C2H5OH) ethanol
CH3SH_NOAAPTR_ppbv,  ppbv, Gas_CH3SH_InSitu_S_AVMR, (CH3SH) methanethiol, using calibration factor for DMS
Acrolein_NOAAPTR_ppbv,  ppbv, Gas_Acrolein_InSitu_S_AVMR, (C3H4O) acrolein
AcetonePropanal_NOAAPTR_ppbv,  ppbv, Gas_AcetoneAndPropanal_InSitu_S_AVMR, (C3H6O) sum of acetone (dominant isomer) and propanal, using calibration factor for acetone
DMS_NOAAPTR_ppbv,  ppbv, Gas_DMS_InSitu_S_AVMR, (C2H6S) dimethyl sulfide with possible small contributions from ethanethiol
C5H8_NOAAPTR_ppbv,  ppbv, Gas_Isoprene_InSitu_S_AVMR, (C5H8) isoprene and possible fragments from cycloalkanes and aldehydes. Interferences have been subtracted following methods described by Coggon et al (2023)
MVKMAC_NOAAPTR_ppbv,  ppbv, Gas_MVKAndMAC_InSitu_S_AVMR, (C4H6O) sum of methyl vinyl ketone, methacrolein, and small amounts of crotonaldehyde, using weighted calibration factor for MVK (0.637) and MACR (0.363)
Benzene_NOAAPTR_ppbv,  ppbv, Gas_Benzene_InSitu_S_AVMR, (C6H6) benzene
Toluene_NOAAPTR_ppbv,  ppbv, Gas_Toluene_InSitu_S_AVMR, (C7H8) toluene with possible small contributions of fragments from ethyltoluene
Styrene_NOAAPTR_ppbv,  ppbv, Gas_Styrene_InSitu_S_AVMR, (C8H8) styrene
Benzaldehyde_NOAAPTR_ppbv,  ppbv, Gas_Benzaldehyde_InSitu_S_AVMR, (C7H6O) benzaldehyde
C8Aromatics_NOAAPTR_ppbv,  ppbv, Gas_C8Aromatics_InSitu_M_AVMR, (C8H10) sum of m-xylene, p-xylene, o-xylene, and ethyl benzene
C9Aromatics_NOAAPTR_ppbv,  ppbv, Gas_C9Aromatics_InSitu_M_AVMR, (C9H12) sum of C9 aromatics
Naphthalene_NOAAPTR_ppbv,  ppbv, Gas_Naphthalene_InSitu_S_AVMR, (C10H8) naphthalene
Octanal_NOAAPTR_ppbv,  ppbv, Gas_Octanal_InSitu_S_AVMR, (C8H16O) octanal and small amounts of octanone
Monoterpenes_NOAAPTR_ppbv,  ppbv, Gas_Monoterpenes_InSitu_M_AVMR, (C10H16) sum of monoterpenes and possible contributions from fragments of oxygenated monoterpenoids such as eucalyptol.
Nonanal_NOAAPTR_ppbv,  ppbv, Gas_Nonanal_InSitu_M_AVMR, (C9H18O) nonanal and small amounts of nonanone
C7H4ClF3_NOAAPTR_ppbv,  ppbv, Gas_C7H4ClF3_InSitu_S_AVMR, (C7H4ClF3) parachlorobenzotrifluoride
C10H30O5Si5_NOAAPTR_ppbv,  ppbv, Gas_C10H30O5Si5_InSitu_S_AVMR, (C10H30O5Si5) decamethylcyclopentasiloxane
1
SPECIAL COMMENTS:N/A
21
PI_CONTACT_INFO: NOAA ESRL Chemical Sciences Division, Tropospheric Chemistry Group. 325 Broadway, R/CSD7, Boulder, CO 80305
PLATFORM: Mobile Laboratory.
LOCATION: Salt Lake City, UT
ASSOCIATED_DATA: N/A
INSTRUMENT_INFO: NOAA PTR-ToF-MS measurements on NOAA CSL Mobile Lab
DATA_INFO: Units: ppbv
UNCERTAINTY: See OTHER_COMMENTS
ULOD_FLAG: -7777
ULOD_VALUE: N/A
LLOD_FLAG: -8888
LLOD_VALUE: N/A.
DM_CONTACT_INFO: Data Managers: Matt Coggon, Kelvin Bates, Chelsea Stockwell; email: matthew.m.coggon@noaa.gov and kelvin.bates@colorado.edu
PROJECT_INFO: USOS Deployment July-August, 2024
STIPULATIONS_ON_USE: Use of these data require prior OK from PI.
OTHER_COMMENTS: Uncertainties:
CH3OH_NOAAPTR_ppbv:30%; CH3CN_NOAAPTR_ppbv:30%; CH3CHO_NOAAPTR_ppbv:30%; C2H5OH_NOAAPTR_ppbv:30%; CH3SH_NOAAPTR_ppbv:50%; Acrolein_NOAAPTR_ppbv:30%; AcetonePropanal_NOAAPTR_ppbv:30%; DMS_NOAAPTR_ppbv:30%; C5H8_NOAAPTR_ppbv:30%; MVKMAC_NOAAPTR_ppbv:30%; 
Benzene_NOAAPTR_ppbv:30%; Toluene_NOAAPTR_ppbv:30%; Styrene_NOAAPTR_ppbv:30%; Benzaldehyde_NOAAPTR_ppbv:30%; C8Aromatics_NOAAPTR_ppbv:30%; C9Aromatics_NOAAPTR_ppbv:30%; Naphthalene_NOAAPTR_ppbv:30%; Octanal_NOAAPTR_ppbv:30%; Monoterpenes_NOAAPTR_ppbv:30%; Nonanal_NOAAPTR_ppbv:30%; 
C7H4ClF3_NOAAPTR_ppbv:30%; C10H30O5Si5_NOAAPTR_ppbv:30%; 
REVISION: RA
RA: Field Data
Time_Start, CH3OH_NOAAPTR_ppbv, CH3CN_NOAAPTR_ppbv, CH3CHO_NOAAPTR_ppbv, C2H5OH_NOAAPTR_ppbv, CH3SH_NOAAPTR_ppbv, Acrolein_NOAAPTR_ppbv, AcetonePropanal_NOAAPTR_ppbv, DMS_NOAAPTR_ppbv, C5H8_NOAAPTR_ppbv, MVKMAC_NOAAPTR_ppbv, Benzene_NOAAPTR_ppbv, Toluene_NOAAPTR_ppbv, Styrene_NOAAPTR_ppbv, Benzaldehyde_NOAAPTR_ppbv, C8Aromatics_NOAAPTR_ppbv, C9Aromatics_NOAAPTR_ppbv, Naphthalene_NOAAPTR_ppbv, Octanal_NOAAPTR_ppbv, Monoterpenes_NOAAPTR_ppbv, Nonanal_NOAAPTR_ppbv, C7H4ClF3_NOAAPTR_ppbv, C10H30O5Si5_NOAAPTR_ppbv
[from data line 1185]
71100.0, 5.96898, 0.15948, 0.74789, 1.46987, 0.00224, 0.10972, 2.46529, 0.01115, 0.29246, 0.21911, 0.02782, 0.08217, 0.01416, 0.01863, 0.04079, 0.02135, -0.00184, 0.00871, 0.06604, 0.01079, 0.00166, 0.00159 
71160.0, 6.00475, 0.15868, 0.63992, 1.13310, -0.00084, 0.12560, 2.49204, 0.01104, 0.21175, 0.20636, 0.01937, 0.07711, 0.00328, 0.00473, 0.03781, 0.01727, -0.00183, 0.00743, 0.05500, 0.00527, 0.00573, 0.00181 
71220.0, 6.67579, 0.15287, 0.67941, 1.15405, 0.00137, 0.06870, 2.50698, 0.00510, 0.23822, 0.18100, 0.01510, 0.08864, -0.00137, 0.00247, 0.04211, 0.01006, -0.00183, 0.01920, 0.07171, 0.01581, 0.00603, 0.00361 
71280.0, 6.39340, 0.15545, 0.68594, 1.43227, 0.00118, 0.10013, 2.43588, 0.01245, 0.24253, 0.19368, 0.02351, 0.09326, 0.00990, 0.02218, 0.04289, 0.01402, -0.00183, 0.00611, 0.05241, 0.00972, 0.00780, 0.00169 
71340.0, 5.63423, 0.15428, 0.67092, 1.04129, 0.00235, 0.09773, 2.52648, -0.00081, 0.21295, 0.17899, 0.02653, 0.06929, 0.00386, 0.00824, 0.03794, 0.01408, 0.00875, 0.01639, 0.05320, 0.02551, 0.00695, 0.00240 
71400.0, 6.26709, 0.16135, 0.71500, 1.20762, -0.00086, 0.10948, 2.49010, -0.00081, 0.22611, 0.19999, -0.00454, 0.08895, 0.00231, 0.00459, 0.04494, 0.01573, 0.00821, 0.00787, 0.06207, 0.02558, 0.00513, 0.00102 
71460.0, 6.88528, 0.15578, 0.71843, 1.50330, 0.00121, 0.08667, 2.59633, 0.00634, 0.23170, 0.21997, 0.04203, 0.08434, 0.01452, 0.02181, 0.04473, 0.02093, 0.00907, 0.01913, 0.07172, 0.02421, 0.00776, 0.00133 
71520.0, 6.77527, 0.14992, 0.77112, 1.73834, 0.00571, 0.10087, 3.18289, 0.01063, 0.24414, 0.22835, 0.05575, 0.09160, 0.00881, 0.01504, 0.05947, 0.03101, 0.00268, 0.01347, 0.07651, 0.01282, 0.00787, 0.00315 
71580.0, 6.88519, 0.16551, 0.82118, 1.56938, -0.00086, 0.13650, 2.82507, 0.00840, 0.39108, 0.23995, 0.03742, 0.09305, 0.00653, 0.01235, 0.05938, 0.02835, -0.00182, 0.03048, 0.05755, 0.02156, 0.00809, 0.00202 
71640.0, 7.11915, 0.14844, 0.92499, 1.85248, 0.00173, 0.11498, 2.75675, 0.00715, 0.35528, 0.23502, 0.00701, 0.10794, 0.00706, 0.00978, 0.05091, 0.02736, 0.00603, 0.02078, 0.08597, 0.01866, 0.00404, 0.00224 
71700.0, 6.24938, 0.15492, 0.71431, 1.37202, 0.00075, 0.10580, 2.76676, 0.02000, 0.29396, 0.21983, 0.03976, 0.06983, 0.00039, 0.00675, 0.04429, 0.01958, -0.00089, 0.01708, 0.08256, 0.02132, 0.00635, 0.00184 
71760.0, 7.40799, 0.15188, 1.01489, 1.77979, 0.00040, 0.13517, 2.80787, 0.01106, 0.44272, 0.27963, 0.00453, 0.11995, 0.00727, -0.00246, 0.05126, 0.01849, -0.00172, 0.03897, 0.10241, 0.04431, 0.00409, 0.00130 
71820.0, 8.03838, 0.17692, 0.85479, 1.49573, 0.00075, 0.15338, 2.58613, 0.01290, 0.28906, 0.23789, 0.02436, 0.07873, 0.00522, 0.00808, 0.04164, 0.01279, -0.00156, 0.01482, 0.06697, 0.01701, 0.00553, 0.00042 
71880.0, 7.17114, 0.14555, 0.80552, 1.61369, 0.00182, 0.13224, 2.62340, 0.01623, 0.31881, 0.22320, 0.01349, 0.06323, 0.01177, 0.01037, 0.03800, 0.00927, 0.00510, 0.01691, 0.07944, 0.01765, 0.00495, 0.00202 
71940.0, 6.73909, 0.16414, 0.86490, 1.80135, 0.00173, 0.13972, 2.64872, 0.00238, 0.32980, 0.22907, 0.06177, 0.09324, 0.02050, -0.00244, 0.03575, 0.02200, -0.00181, 0.02030, 0.08450, 0.01910, 0.00216, 0.00298 
72000.0, 6.68577, 0.15489, 0.65379, 1.31946, -0.00010, 0.12024, 2.50636, 0.00454, 0.14213, 0.19436, 0.03466, 0.06853, 0.00117, 0.02517, 0.04274, 0.01408, 0.00225, 0.01821, 0.04961, 0.01419, 0.00391, 0.00132 
72060.0, 7.17372, 0.15569, 0.83946, 1.72130, 0.00051, 0.12655, 2.60178, 0.00224, 0.23225, 0.22096, 0.00500, 0.06414, 0.00312, 0.00958, 0.04720, 0.01812, 0.00487, 0.02282, 0.07420, 0.01802, 0.00609, 0.00068 
72120.0, 6.24713, 0.15873, 0.81295, 1.51575, 0.00002, 0.14562, 2.57928, 0.01183, 0.25240, 0.24166, 0.02400, 0.08598, 0.01003, 0.00922, 0.05270, 0.01481, -0.00181, 0.01292, 0.06533, 0.02307, 0.00563, 0.00065 
72180.0, 6.64034, 0.15748, 0.73870, 1.42594, 0.00182, 0.10090, 2.45995, 0.00531, 0.20982, 0.24114, 0.03151, 0.07990, 0.01279, 0.00280, 0.03132, 0.01243, -0.00180, 0.02500, 0.06918, 0.01762, 0.00590, 0.00269 
72240.0, 6.31199, 0.14173, 0.82387, 1.58038, -0.00086, 0.11774, 2.58929, 0.00317, 0.32784, 0.22184, 0.02325, 0.11540, 0.01492, 0.02449, 0.05898, 0.01450, -0.00170, 0.01704, 0.05764, 0.03086, 0.00735, 0.00145 
72300.0, 6.19934, 0.14152, 0.69683, 1.03927, 0.00216, 0.10302, 2.45018, 0.00860, 0.18270, 0.17485, 0.01203, 0.07263, 0.00552, 0.00535, 0.03801, 0.01931, -0.00180, 0.01938, 0.05024, 0.01688, 0.00423, 0.00333 
72360.0, 6.67440, 0.15344, 0.78207, 1.46859, 0.00267, 0.11232, 2.47294, -0.00084, 0.21926, 0.20747, 0.05086, 0.09361, 0.00943, 0.00182, 0.03940, 0.02271, -0.00180, 0.01495, 0.08304, 0.01609, 0.00622, 0.00321 
72420.0, 6.03741, 0.16405, 0.81008, 1.52748, 0.00199, 0.13083, 2.50231, 0.00278, 0.22713, 0.19950, 0.00142, 0.08874, 0.00648, 0.02598, 0.04858, 0.01867, -0.00048, 0.02623, 0.08483, 0.01820, 0.00954, 0.00169 
72480.0, 6.43154, 0.16251, 0.87908, 1.74385, -0.00086, 0.07558, 2.52735, 0.00058, 0.27269, 0.20265, 0.04279, 0.08767, 0.00293, 0.01057, 0.05165, 0.01837, -0.00179, 0.01286, 0.06945, 0.01067, 0.00849, 0.00078 
72540.0, 6.44862, 0.15632, 0.74235, 1.04421, 0.00387, 0.11171, 2.48443, 0.00871, 0.25975, 0.17963, 0.02618, 0.09106, 0.01743, 0.01417, 0.05386, 0.01868, -0.00179, 0.01797, 0.06864, 0.01943, 0.00568, 0.00479 
72600.0, 6.96575, 0.15229, 0.82589, 1.54310, 0.00306, 0.08924, 2.52654, -0.00084, 0.22464, 0.20683, 0.04592, 0.10686, 0.01238, 0.01427, 0.05261, 0.03137, -0.00075, 0.02273, 0.06053, 0.02755, 0.00885, -0.00007 
72660.0, 7.30326, 0.15578, 0.72238, 1.21849, 0.00472, 0.09213, 2.52768, 0.00505, 0.16437, 0.15215, 0.03581, 0.10061, 0.00442, 0.03216, 0.07645, 0.02572, 0.00253, 0.00313, 0.07576, 0.01818, 0.00289, 0.00081 
72720.0, 6.25748, 0.15587, 0.76915, 1.37376, 0.00162, 0.09786, 2.52171, 0.00275, 0.22231, 0.16696, 0.01672, 0.09173, 0.00312, 0.00944, 0.06010, 0.02004, 0.00234, 0.00749, 0.05369, 0.01477, 0.00875, 0.00059 
72780.0, 6.78876, 0.15260, 0.74985, 1.56310, 0.00227, 0.10341, 2.60412, -0.00085, 0.20656, 0.17357, 0.03829, 0.10164, 0.00654, 0.01022, 0.07717, 0.02792, -0.00179, 0.01360, 0.06207, 0.01686, 0.00388, 0.00243 
72840.0, 7.79910, 0.15257, 0.85321, 2.03045, 0.00118, 0.10974, 2.67508, 0.00802, 0.21138, 0.15782, 0.08046, 0.12712, 0.00703, 0.01333, 0.08021, 0.02439, -0.00178, 0.02329, 0.05245, 0.01859, 0.01108, 0.00287 
72900.0, 7.59003, 0.16296, 0.87590, 1.58357, 0.00043, 0.12170, 2.65954, 0.01064, 0.18430, 0.14279, 0.03631, 0.11371, 0.01045, 0.00819, 0.07802, 0.02627, 0.00219, 0.01865, 0.07706, 0.01402, 0.01431, 0.00223 
72960.0, 8.65352, 0.14232, 1.00845, 2.07103, -0.00041, 0.11967, 2.80240, 0.00344, 0.22097, 0.20498, 0.07240, 0.12700, 0.02442, 0.01919, 0.08527, 0.03410, 0.00278, 0.03918, 0.06826, 0.02251, 0.02174, 0.00088 
73020.0, 8.34764, 0.16941, 0.89701, 2.02478, 0.00277, 0.11051, 2.84690, 0.00269, 0.17068, 0.17325, 0.04386, 0.14419, -0.00174, 0.02199, 0.09936, 0.03570, -0.00178, 0.01957, 0.05895, 0.02897, 0.01147, 0.00260 
73080.0, 8.54441, 0.15586, 0.91454, 2.59715, -0.00087, 0.14384, 3.04458, -0.00085, 0.13219, 0.17894, 0.05515, 0.14641, 0.02037, -0.00230, 0.09866, 0.03651, -0.00178, 0.03584, 0.06004, 0.02383, 0.01892, 0.00419 
73140.0, 8.07040, 0.15864, 1.04443, 2.70910, 0.00281, 0.11629, 3.12076, 0.01960, 0.19894, 0.17392, 0.05299, 0.17422, 0.01448, 0.01741, 0.12023, 0.03399, -0.00178, 0.03454, 0.06970, 0.02227, 0.02378, 0.00328 
73200.0, 8.07404, 0.15950, 1.06741, 2.69069, -0.00029, 0.09943, 3.23267, 0.00604, 0.19566, 0.16797, 0.04122, 0.19605, 0.02006, 0.01067, 0.11749, 0.04295, 0.00634, 0.02410, 0.07683, 0.02548, 0.02280, 0.00058 
73260.0, 7.81373, 0.15901, 0.98893, 2.42789, 0.00101, 0.11251, 3.38639, -0.00086, 0.15394, 0.16889, 0.09638, 0.20416, 0.02790, 0.01963, 0.14236, 0.04107, 0.00104, 0.03166, 0.07250, 0.01854, 0.02292, 0.00300 
73320.0, 7.31958, 0.14535, 1.06881, 1.78892, 0.00053, 0.12130, 3.31377, -0.00086, 0.13640, 0.16004, 0.05387, 0.19162, 0.02827, 0.00334, 0.14305, 0.04745, 0.00793, 0.01786, 0.07308, 0.02687, 0.02398, 0.00245 
73380.0, 7.70903, 0.16486, 1.03552, 2.27682, 0.00111, 0.11993, 3.22866, 0.00628, 0.14332, 0.16383, 0.05057, 0.19059, 0.01512, -0.00226, 0.14641, 0.05207, 0.00118, 0.01785, 0.06168, 0.02293, 0.02651, 0.00154 
73440.0, 7.35960, 0.16421, 0.93768, 2.23589, 0.00025, 0.11652, 3.24444, 0.00941, 0.15089, 0.15628, 0.08578, 0.19042, 0.01584, 0.01442, 0.13396, 0.04324, -0.00177, 0.02145, 0.06602, 0.01445, 0.02806, 0.00478 
73500.0, 8.66497, 0.14454, 1.04192, 2.86995, -0.00040, 0.11941, 3.31895, 0.01276, 0.15816, 0.16389, 0.07424, 0.22136, 0.01619, 0.00155, 0.16880, 0.05109, -0.00176, 0.01852, 0.08443, 0.01977, 0.03674, 0.00178 
73560.0, 9.08801, 0.16194, -9999.00000, 2.59379, 0.00260, 0.11984, 3.30095, 0.00438, -9999.00000, 0.16203, 0.06485, 0.27716, 0.04311, 0.01505, 0.20580, 0.07424, 0.01131, 0.01097, 0.10862, 0.01640, 0.03085, 0.00136 
73620.0, -9999.00000, -9999.00000, -9999.00000, -9999.00000, -9999.00000, -9999.00000, -9999.00000, -9999.00000, -9999.00000, -9999.00000, -9999.00000, -9999.00000, -9999.00000, -9999.00000, -9999.00000, -9999.00000, -9999.00000, -9999.00000, -9999.00000, -9999.00000, -9999.00000, -9999.00000 
73680.0, -9999.00000, -9999.00000, -9999.00000, -9999.00000, -9999.00000, -9999.00000, -9999.00000, -9999.00000, -9999.00000, -9999.00000, -9999.00000, -9999.00000, -9999.00000, -9999.00000, -9999.00000, -9999.00000, -9999.00000, -9999.00000, -9999.00000, -9999.00000, -9999.00000, -9999.00000 
73740.0, -9999.00000, -9999.00000, -9999.00000, -9999.00000, -9999.00000, -9999.00000, -9999.00000, -9999.00000, -9999.00000, -9999.00000, -9999.00000, -9999.00000, -9999.00000, -9999.00000, -9999.00000, -9999.00000, -9999.00000, -9999.00000, -9999.00000, -9999.00000, -9999.00000, -9999.00000 
73800.0, -9999.00000, -9999.00000, -9999.00000, -9999.00000, -9999.00000, -9999.00000, -9999.00000, -9999.00000, -9999.00000, -9999.00000, -9999.00000, -9999.00000, -9999.00000, -9999.00000, -9999.00000, -9999.00000, -9999.00000, -9999.00000, -9999.00000, -9999.00000, -9999.00000, -9999.00000 
73860.0, -9999.00000, -9999.00000, -9999.00000, -9999.00000, -9999.00000, -9999.00000, -9999.00000, -9999.00000, -9999.00000, -9999.00000, -9999.00000, -9999.00000, -9999.00000, -9999.00000, -9999.00000, -9999.00000, -9999.00000, -9999.00000, -9999.00000, -9999.00000, -9999.00000, -9999.00000 
73920.0, -9999.00000, -9999.00000, -9999.00000, -9999.00000, -9999.00000, -9999.00000, -9999.00000, -9999.00000, -9999.00000, -9999.00000, -9999.00000, -9999.00000, -9999.00000, -9999.00000, -9999.00000, -9999.00000, -9999.00000, -9999.00000, -9999.00000, -9999.00000, -9999.00000, -9999.00000 
73980.0, -9999.00000, -9999.00000, -9999.00000, -9999.00000, -9999.00000, -9999.00000, -9999.00000, -9999.00000, -9999.00000, -9999.00000, -9999.00000, -9999.00000, -9999.00000, -9999.00000, -9999.00000, -9999.00000, -9999.00000, -9999.00000, -9999.00000, -9999.00000, -9999.00000, -9999.00000 
74040.0, -9999.00000, -9999.00000, -9999.00000, -9999.00000, -9999.00000, -9999.00000, -9999.00000, -9999.00000, -9999.00000, -9999.00000, -9999.00000, -9999.00000, -9999.00000, -9999.00000, -9999.00000, -9999.00000, -9999.00000, -9999.00000, -9999.00000, -9999.00000, -9999.00000, -9999.00000 
74100.0, -9999.00000, -9999.00000, -9999.00000, -9999.00000, -9999.00000, -9999.00000, -9999.00000, -9999.00000, -9999.00000, -9999.00000, -9999.00000, -9999.00000, -9999.00000, -9999.00000, -9999.00000, -9999.00000, -9999.00000, -9999.00000, -9999.00000, -9999.00000, -9999.00000, -9999.00000 
74160.0, -9999.00000, -9999.00000, -9999.00000, -9999.00000, -9999.00000, -9999.00000, -9999.00000, -9999.00000, -9999.00000, -9999.00000, -9999.00000, -9999.00000, -9999.00000, -9999.00000, -9999.00000, -9999.00000, -9999.00000, -9999.00000, -9999.00000, -9999.00000, -9999.00000, -9999.00000 
74220.0, -9999.00000, -9999.00000, -9999.00000, -9999.00000, -9999.00000, -9999.00000, -9999.00000, -9999.00000, -9999.00000, -9999.00000, -9999.00000, -9999.00000, -9999.00000, -9999.00000, -9999.00000, -9999.00000, -9999.00000, -9999.00000, -9999.00000, -9999.00000, -9999.00000, -9999.00000 
74280.0, 7.18329, 0.18349, -9999.00000, 2.68488, -0.00027, 0.11460, 3.00599, -0.00016, -9999.00000, 0.16430, 0.06336, 0.18804, -0.00172, 0.02409, 0.13476, 0.05370, 0.00090, 0.01395, 0.06907, 0.02047, 0.04668, 0.00601 
74340.0, 6.51676, 0.16430, 0.83920, 2.47093, -0.00087, 0.13872, 2.83112, -0.00075, 0.15925, 0.15088, 0.03276, 0.18465, 0.01489, 0.01995, 0.10509, 0.05049, 0.00464, 0.01188, 0.06712, 0.02928, 0.04792, 0.00341 
74400.0, 6.81075, 0.16050, 0.81372, 1.72248, 0.00011, 0.08333, 2.68108, 0.00586, 0.16277, 0.14120, 0.03816, 0.15021, 0.01607, 0.01111, 0.09501, 0.03783, 0.01292, 0.01276, 0.05020, 0.01667, 0.02131, 0.00390 
74460.0, 6.71178, 0.15978, 0.82978, 1.99339, 0.00333, 0.08403, 2.58189, 0.00365, 0.14468, 0.15354, 0.01962, 0.16503, -0.00172, 0.00197, 0.09628, 0.03880, -0.00028, 0.01588, 0.05720, 0.02356, 0.01932, 0.00237 
74520.0, 6.03716, 0.16712, 0.66589, 1.90329, 0.00194, 0.11604, 2.45822, 0.00979, 0.13885, 0.13151, 0.01737, 0.10623, 0.01398, -0.00208, 0.06426, 0.02833, -0.00173, 0.02362, 0.06316, 0.02121, 0.01861, 0.00405 
74580.0, 7.20583, 0.15389, 0.66816, 1.77778, -0.00054, 0.12198, 2.70448, 0.01047, 0.15757, 0.14146, 0.06489, 0.14337, 0.00645, 0.01649, 0.09008, 0.04111, 0.00446, 0.01938, 0.06368, 0.01024, 0.00607, 0.00373 
74640.0, 7.04114, 0.17218, 0.75530, 2.16956, -0.00034, 0.09606, 2.76956, 0.00971, 0.14280, 0.14450, 0.03494, 0.15988, 0.01576, 0.01083, 0.09454, 0.04926, 0.00191, 0.02108, 0.08295, 0.01881, 0.01271, 0.00659 
74700.0, 7.91603, 0.16141, 0.76869, 2.57218, 0.00236, 0.10439, 2.71893, 0.00074, 0.16937, 0.14684, 0.02651, 0.14940, 0.00005, -0.00205, 0.10306, 0.03336, 0.00985, 0.01589, 0.06409, 0.02631, 0.01158, 0.00667 
74760.0, 6.78655, 0.16015, 0.72564, 2.30416, 0.00349, 0.10409, 2.68736, 0.00244, 0.17133, 0.13384, 0.03907, 0.18088, 0.01780, 0.02205, 0.11433, 0.04299, 0.00720, 0.01543, 0.08172, 0.01326, 0.01223, 0.00416 
74820.0, 7.57223, 0.15837, 0.92552, 2.67455, 0.00321, 0.12334, 2.75280, 0.00919, 0.18240, 0.14011, 0.01485, 0.17125, 0.00874, -0.00203, 0.12703, 0.04865, -0.00172, 0.01116, 0.07897, 0.02224, 0.02040, 0.00357 
74880.0, 9.17734, 0.16462, 0.93500, 2.90898, -0.00037, 0.12529, 2.86196, -0.00085, 0.18120, 0.16646, 0.08636, 0.21441, 0.01496, 0.00162, 0.16607, 0.05120, 0.00073, 0.02296, 0.07038, 0.01996, 0.03200, 0.00221 
74940.0, 14.24558, 0.14993, 1.04034, 3.00863, 0.00383, 0.13440, 3.00760, 0.00914, 0.13254, 0.15460, 0.04504, 0.23019, 0.02358, 0.00173, 0.17532, 0.05221, 0.00620, 0.02616, 0.07958, 0.03109, 0.03526, 0.00217 
75000.0, 7.84703, 0.16275, 1.08985, 2.58448, 0.00375, 0.11624, 3.20855, 0.00251, 0.14270, 0.14396, 0.09873, 0.23590, 0.02413, 0.02205, 0.16537, 0.04923, -0.00131, 0.01998, 0.07219, 0.02888, 0.05358, 0.00246 
75060.0, 6.72501, 0.17761, 0.92690, 2.25209, 0.00109, 0.10821, 2.67871, 0.00811, 0.10394, 0.10579, 0.06453, 0.15893, 0.01988, -0.00199, 0.10550, 0.03042, 0.00044, 0.01758, 0.06206, 0.03030, 0.02349, 0.00061 
75120.0, 8.27910, 0.15204, 0.86080, 2.20490, -0.00037, 0.09698, 2.55919, -0.00084, 0.12200, 0.11704, 0.05667, 0.15913, 0.02504, 0.00031, 0.10396, 0.03082, -0.00171, 0.01327, 0.05887, 0.02165, 0.01427, 0.00245 
75180.0, 6.19848, 0.15471, 0.81100, 2.12977, 0.00208, 0.11811, 3.20477, 0.00591, 0.12012, 0.10735, 0.03052, 0.27351, 0.01125, 0.01318, 0.09058, 0.03618, 0.00139, 0.02202, 0.06515, 0.03458, 0.23064, 0.00227 
75240.0, 6.58493, 0.16979, 0.77919, 2.42948, -0.00016, 0.08242, 2.49751, 0.00828, 0.11670, 0.09884, 0.01965, 0.15524, 0.00218, 0.00554, 0.07872, 0.03321, 0.00597, 0.01487, 0.06256, 0.02992, 0.05556, 0.00454 
75300.0, 7.71589, 0.17008, 0.83146, 2.43212, 0.00271, 0.13276, 2.48041, 0.00111, 0.08193, 0.11506, 0.04775, 0.15986, -0.00171, 0.02066, 0.09540, 0.03590, 0.00294, 0.02608, 0.06313, 0.02265, 0.02590, 0.00413 
