CampaignData_and_Merges/R0/CSL_MobileLab_Parked/raw/20240812/USOS-MetNav_MobileLabGround_20240812_R0.ict
44, 1001
Carrie Womack, Nate Howard, Mike Zucker
NOAA Chemical Sciences Laboratory
Mobile Lab MetNav Station
USOS
1, 1
2024, 08, 12, 2024, 12, 21
60
Time_Start, seconds_past_midnight, Seconds from midnight UTC
11
1, 1, 1, 1, 1, 1, 1, 1, 1, 1, 1
-9999, -9999, -9999, -9999, -9999, -9999, -9999, -9999, -9999, -9999, -9999
GPS_Alt_m, meters, Altitude from Differential GPS
GPS_Course_deg, degrees, Course from Differential GPS
GPS_GndSpd_m_s, m/s, Ground Speed from Differential GPS
GPS_Heading_deg, degrees, Heading from Differential GPS
GPS_Lat_deg, degrees, Latitude from Differential GPS
GPS_Lon_deg, degrees, Longitude from Differential GPS
AirTemp_C, Celsius, Air Temperature from Airmar
RelHumidity_pct, percent, Relative Humidity from Airmar
Pressure_mb, millibars, Pressure from Honeywell
WindDir_calc_deg, degrees, Wind Direction from Airmar corrected for van movement
WindSpd_calc_m_s, m/s, Wind Speed from Airmar corrected for van movement
1
SPECIAL COMMENTS:
18
PI_CONTACT_INFO: Address: 325 Broadway R/CSL7, Boulder, CO, 80305
PLATFORM: CSL Mobile Lab
LOCATION: Salt Lake City, UT
ASSOCIATED_DATA: N/A
INSTRUMENT_INFO: N/A
DATA_INFO: Units:
UNCERTAINTY: N/A
ULOD_FLAG: -7777
ULOD_VALUE: N/A
LLOD_FLAG: -8888
LLOD_VALUE: N/A
DM_CONTACT_INFO: Data Manager: Nate Howard
PROJECT_INFO: 
STIPULATIONS_ON_USE: Use of these data require prior ok from PI.
OTHER_COMMENTS: 
REVISION: R0
R0: Final data. Fixed bug in wind averaging code. RA: Preliminary Data. For in-field use only. 
Time_Start, GPS_Alt_m, GPS_Course_deg, GPS_GndSpd_m_s, GPS_Heading_deg, GPS_Lat_deg, GPS_Lon_deg, AirTemp_C, RelHumidity_pct, Pressure_mb, WindDir_calc_deg, WindSpd_calc_m_s
[from data line 419]
25140.0,1306.9,2.09,0.05,2.09,40.73435,-111.87210,23.7,41.0,876.8,172.42,4.1
25200.0,1307.0,2.16,0.05,2.16,40.73435,-111.87210,23.7,41.0,876.8,176.79,4.4
25260.0,1306.9,2.39,0.05,2.39,40.73435,-111.87210,23.7,41.5,876.8,144.89,4.7
25320.0,1306.9,2.76,0.05,2.76,40.73435,-111.87210,23.7,41.8,876.7,147.27,3.9
25380.0,1307.0,2.16,0.05,2.16,40.73435,-111.87210,23.6,42.0,876.7,143.78,4.1
25440.0,1307.1,1.85,0.04,1.85,40.73435,-111.87210,23.5,42.5,876.7,147.67,4.0
25500.0,1307.0,2.82,0.04,2.82,40.73435,-111.87210,23.4,43.1,876.7,129.51,3.9
25560.0,1307.0,2.98,0.05,2.98,40.73435,-111.87210,23.4,42.8,876.6,133.17,2.8
25620.0,1307.0,2.74,0.05,2.74,40.73435,-111.87210,23.3,43.6,876.7,132.59,4.2
25680.0,1307.1,2.23,0.05,2.23,40.73435,-111.87210,23.3,43.4,876.7,160.20,4.0
25740.0,1307.1,2.26,0.05,2.26,40.73435,-111.87210,23.3,43.7,876.6,149.17,3.7
25800.0,1307.3,2.43,0.04,2.43,40.73435,-111.87210,23.2,44.1,876.6,138.63,2.6
25860.0,1307.3,1.46,0.05,1.46,40.73435,-111.87210,23.3,44.0,876.7,165.37,3.3
25920.0,1307.5,1.66,0.05,1.66,40.73435,-111.87210,23.3,44.1,876.7,177.50,3.4
25980.0,1307.8,1.35,0.05,1.35,40.73435,-111.87210,23.3,44.1,876.7,171.68,3.4
26040.0,1307.8,1.65,0.04,1.65,40.73435,-111.87210,23.3,44.4,876.7,160.24,4.6
26100.0,1307.8,1.73,0.05,1.73,40.73435,-111.87210,23.2,44.7,876.7,171.99,4.7
26160.0,1307.8,1.95,0.05,1.95,40.73435,-111.87210,23.2,44.9,876.6,170.74,3.4
26220.0,1307.9,1.85,0.05,1.85,40.73435,-111.87210,23.2,45.0,876.6,167.43,2.7
26280.0,1308.0,1.43,0.05,1.43,40.73435,-111.87210,23.2,45.0,876.6,159.98,3.4
26340.0,1308.3,1.50,0.05,1.50,40.73435,-111.87210,23.1,45.0,876.5,149.74,4.7
26400.0,1308.4,1.70,0.05,1.70,40.73435,-111.87211,23.0,44.7,876.5,161.23,5.2
26460.0,1308.4,1.46,0.05,1.46,40.73435,-111.87211,23.0,44.5,876.6,157.17,4.8
26520.0,1308.4,1.45,0.05,1.45,40.73435,-111.87211,23.1,44.6,876.6,162.65,3.4
26580.0,1308.5,1.32,0.04,1.32,40.73435,-111.87211,23.1,44.7,876.6,155.13,3.8
26640.0,1308.5,1.14,0.04,1.14,40.73435,-111.87211,23.0,45.0,876.6,160.09,4.5
26700.0,1308.5,1.41,0.05,1.41,40.73435,-111.87211,23.0,45.1,876.6,164.33,4.0
26760.0,1308.5,1.43,0.05,1.43,40.73435,-111.87211,23.1,45.0,876.5,155.75,3.1
26820.0,1308.5,1.85,0.05,1.85,40.73435,-111.87211,23.0,45.3,876.6,140.94,4.1
26880.0,1308.4,1.49,0.04,1.49,40.73435,-111.87211,23.0,45.2,876.6,169.62,4.0
26940.0,1308.3,1.32,0.05,1.32,40.73435,-111.87211,23.0,45.5,876.6,141.43,3.2
27000.0,1308.2,1.41,0.05,1.41,40.73435,-111.87211,23.0,45.2,876.5,147.72,1.7
27060.0,1308.2,1.87,0.04,1.87,40.73435,-111.87211,23.1,45.3,876.3,115.32,1.2
27120.0,1308.3,2.36,0.04,2.36,40.73435,-111.87211,23.0,45.1,876.4,132.84,2.5
27180.0,1308.2,2.08,0.04,2.08,40.73435,-111.87211,23.0,45.5,876.4,125.11,2.1
27240.0,1308.3,1.71,0.05,1.71,40.73435,-111.87211,22.9,45.2,876.4,113.66,2.4
27300.0,1308.2,2.27,0.04,2.27,40.73435,-111.87211,22.9,44.9,876.2,66.70,1.6
27360.0,1308.2,2.50,0.05,2.50,40.73435,-111.87211,22.9,43.0,876.3,126.86,2.1
27420.0,1308.2,3.03,0.05,3.03,40.73435,-111.87211,22.9,44.9,876.4,160.77,2.5
27480.0,1308.2,2.46,0.05,2.46,40.73435,-111.87211,23.0,43.6,876.4,141.18,1.9
27540.0,1308.1,2.44,0.05,2.44,40.73436,-111.87211,23.0,43.8,876.4,123.47,1.4
27600.0,1307.9,2.54,0.04,2.54,40.73436,-111.87211,23.0,43.8,876.4,126.12,1.0
27660.0,1308.0,2.44,0.04,2.44,40.73436,-111.87211,23.1,41.6,876.5,172.69,2.2
27720.0,1308.1,2.21,0.04,2.21,40.73436,-111.87211,23.2,41.6,876.5,177.07,2.2
27780.0,1308.1,2.37,0.05,2.37,40.73436,-111.87211,23.1,40.9,876.5,127.64,4.1
27840.0,1308.2,2.35,0.05,2.35,40.73436,-111.87211,23.2,43.0,876.4,130.97,1.7
27900.0,1308.1,2.03,0.05,2.03,40.73436,-111.87211,23.1,42.7,876.4,109.69,2.3
27960.0,1307.9,2.47,0.04,2.47,40.73436,-111.87211,23.1,41.0,876.4,117.69,2.2
28020.0,1307.9,2.80,0.05,2.80,40.73436,-111.87211,23.0,40.1,876.3,105.95,2.9
28080.0,1308.0,2.71,0.05,2.71,40.73436,-111.87211,23.0,39.2,876.3,107.81,2.9
28140.0,1308.0,2.84,0.05,2.84,40.73436,-111.87211,23.1,38.7,876.3,118.80,2.7
28200.0,1308.2,2.89,0.04,2.89,40.73436,-111.87211,23.0,38.7,876.3,101.76,2.7
28260.0,1308.4,2.06,0.05,2.06,40.73436,-111.87211,23.0,39.3,876.2,96.88,1.9
28320.0,1308.5,2.33,0.04,2.33,40.73436,-111.87211,23.1,39.8,876.3,110.73,2.0
28380.0,1308.5,1.88,0.04,1.88,40.73436,-111.87211,23.1,40.1,876.3,124.07,1.7
28440.0,1308.7,2.16,0.04,2.16,40.73436,-111.87211,23.2,40.0,876.4,164.26,2.4
28500.0,1308.9,2.02,0.05,2.02,40.73436,-111.87211,23.4,39.9,876.4,157.25,1.0
28560.0,1309.1,2.10,0.05,2.10,40.73436,-111.87211,23.3,40.0,876.4,106.13,1.5
28620.0,1309.2,1.66,0.04,1.66,40.73436,-111.87211,23.4,40.0,876.4,113.85,1.7
28680.0,1309.4,1.79,0.04,1.79,40.73436,-111.87211,23.3,40.4,876.4,119.58,2.0
28740.0,1309.4,1.62,0.04,1.62,40.73436,-111.87210,23.4,40.1,876.2,105.44,1.0
28800.0,1309.6,1.46,0.05,1.46,40.73436,-111.87210,23.5,40.4,876.2,139.98,1.5
28860.0,1310.0,1.36,0.04,1.36,40.73436,-111.87210,23.6,39.8,876.2,120.90,0.7
28920.0,1310.4,1.36,0.05,1.36,40.73436,-111.87210,23.7,39.9,876.2,188.29,1.4
28980.0,1310.9,1.81,0.04,1.81,40.73436,-111.87210,23.9,39.3,876.2,140.87,0.6
29040.0,1311.2,1.76,0.05,1.76,40.73436,-111.87210,23.9,39.5,876.3,199.10,2.3
29100.0,1311.2,0.97,0.05,0.97,40.73436,-111.87210,23.9,39.8,876.4,183.98,3.0
29160.0,1310.8,0.67,0.05,0.67,40.73436,-111.87210,23.9,39.3,876.4,162.01,3.4
29220.0,1310.3,0.82,0.04,0.82,40.73436,-111.87210,24.0,38.8,876.4,137.54,2.1
29280.0,1310.5,1.05,0.05,1.05,40.73435,-111.87210,24.1,38.4,876.5,168.78,3.1
29340.0,1310.5,1.21,0.05,1.21,40.73435,-111.87210,24.0,37.7,876.5,179.48,3.9
29400.0,1310.6,1.62,0.04,1.62,40.73435,-111.87210,24.2,37.0,876.5,166.74,4.0
29460.0,1310.8,1.66,0.05,1.66,40.73435,-111.87210,24.1,36.0,876.5,140.33,5.8
29520.0,1310.6,1.15,0.05,1.15,40.73435,-111.87209,24.2,35.3,876.4,154.25,4.1
29580.0,1310.6,1.05,0.05,1.05,40.73435,-111.87209,24.3,34.9,876.5,158.20,5.5
29640.0,1310.5,1.57,0.05,1.57,40.73435,-111.87209,24.6,34.5,876.3,192.50,3.2
29700.0,1310.8,1.35,0.05,1.35,40.73435,-111.87210,24.6,34.6,876.3,142.13,3.3
29760.0,1310.7,0.89,0.06,0.89,40.73435,-111.87210,24.6,34.7,876.3,140.49,3.4
29820.0,1311.0,1.70,0.04,1.70,40.73435,-111.87210,24.6,34.4,876.3,139.38,4.4
29880.0,1310.8,2.20,0.05,2.20,40.73436,-111.87210,24.5,34.6,876.2,130.70,4.5
29940.0,1310.6,1.64,0.05,1.64,40.73436,-111.87210,24.6,34.8,876.2,163.25,2.4
30000.0,1310.6,2.02,0.05,2.02,40.73436,-111.87210,24.6,34.5,876.2,140.04,2.3
30060.0,1310.5,2.41,0.05,2.41,40.73436,-111.87210,24.6,34.4,876.2,170.39,2.1
30120.0,1310.3,2.24,0.05,2.24,40.73436,-111.87210,24.6,34.6,876.2,151.69,4.6
30180.0,1310.3,2.34,0.04,2.34,40.73436,-111.87210,24.5,34.7,876.3,149.75,5.5
30240.0,1310.2,2.56,0.05,2.56,40.73436,-111.87210,24.6,34.6,876.3,185.23,3.6
30300.0,1310.1,2.35,0.05,2.35,40.73436,-111.87210,24.6,34.6,876.2,187.65,3.1
30360.0,1310.0,2.73,0.05,2.73,40.73436,-111.87210,24.6,34.8,876.1,159.43,4.7
30420.0,1309.7,2.59,0.05,2.59,40.73436,-111.87210,24.5,35.0,876.1,161.13,4.3
30480.0,1309.4,2.62,0.05,2.62,40.73436,-111.87210,24.5,35.1,876.0,186.01,4.1
30540.0,1309.6,2.76,0.05,2.76,40.73435,-111.87210,24.4,35.3,876.0,148.50,4.6
30600.0,1309.8,2.58,0.05,2.58,40.73435,-111.87210,24.3,35.2,876.0,162.70,5.7
30660.0,1309.8,2.69,0.04,2.69,40.73435,-111.87210,24.3,35.2,876.0,153.62,5.6
30720.0,1309.9,2.76,0.04,2.76,40.73435,-111.87210,24.3,35.0,876.0,167.51,4.3
30780.0,1309.8,2.80,0.05,2.80,40.73435,-111.87210,24.3,35.0,876.1,156.12,4.7
30840.0,1309.8,2.97,0.05,2.97,40.73435,-111.87210,24.2,35.1,876.1,168.57,3.7
30900.0,1309.7,2.50,0.05,2.50,40.73435,-111.87210,24.3,35.0,876.0,164.78,3.4
30960.0,1309.6,2.54,0.05,2.54,40.73435,-111.87210,24.2,35.3,876.0,146.81,4.0
31020.0,1309.6,2.88,0.05,2.88,40.73435,-111.87210,24.2,35.3,876.1,156.83,3.8
31080.0,1309.5,3.14,0.05,3.14,40.73435,-111.87210,24.1,35.4,876.1,156.83,4.6
31140.0,1309.4,3.22,0.05,3.22,40.73435,-111.87210,24.1,35.3,876.2,159.80,4.8
31200.0,1309.3,2.83,0.05,2.83,40.73435,-111.87210,24.2,35.3,876.2,187.07,3.4
31260.0,1309.2,2.43,0.04,2.43,40.73435,-111.87210,24.4,35.1,876.2,193.13,2.6
31320.0,1309.2,2.76,0.04,2.76,40.73435,-111.87210,24.3,35.4,876.2,171.91,4.3
31380.0,1309.2,3.13,0.05,3.13,40.73435,-111.87210,24.2,35.4,876.2,173.31,5.3
31440.0,1309.3,2.09,0.04,2.09,40.73435,-111.87210,24.2,35.5,876.3,189.25,3.4
31500.0,1309.4,2.05,0.05,2.05,40.73435,-111.87210,24.2,35.3,876.3,190.87,4.8
31560.0,1309.4,1.93,0.05,1.93,40.73435,-111.87210,24.3,35.4,876.2,174.97,3.7
31620.0,1309.4,1.90,0.05,1.90,40.73435,-111.87211,24.4,35.3,876.2,181.05,2.6
31680.0,1309.4,2.05,0.05,2.05,40.73435,-111.87211,24.4,35.5,876.2,166.89,4.2
31740.0,1309.3,1.86,0.05,1.86,40.73435,-111.87211,24.4,35.8,876.3,190.17,3.8
31800.0,1309.1,1.23,0.05,1.23,40.73435,-111.87210,24.3,36.1,876.2,157.24,3.9
31860.0,1309.0,1.76,0.04,1.76,40.73435,-111.87210,24.2,36.6,876.2,164.30,3.6
31920.0,1308.7,2.12,0.04,2.12,40.73435,-111.87210,24.0,36.9,876.2,165.24,4.6
31980.0,1308.6,2.64,0.04,2.64,40.73435,-111.87210,24.0,36.7,876.2,185.21,3.9
32040.0,1308.6,2.82,0.04,2.82,40.73435,-111.87210,23.8,37.1,876.1,150.27,4.7
32100.0,1308.5,2.21,0.05,2.21,40.73435,-111.87210,23.8,37.3,876.0,151.33,3.0
32160.0,1308.4,2.59,0.05,2.59,40.73435,-111.87210,23.7,37.4,876.0,167.97,4.7
32220.0,1308.1,2.63,0.06,2.63,40.73435,-111.87210,23.7,37.7,876.0,165.31,3.7
32280.0,1307.4,2.62,0.06,2.62,40.73435,-111.87210,23.8,38.0,876.0,191.63,2.3
32340.0,1307.7,2.24,0.05,2.24,40.73435,-111.87210,23.7,38.5,876.0,180.42,2.8
32400.0,1308.0,1.98,0.05,1.98,40.73435,-111.87210,23.7,39.0,876.0,175.69,2.5
32460.0,1308.0,2.12,0.04,2.12,40.73435,-111.87210,23.7,39.4,876.1,188.80,2.7
32520.0,1308.0,2.16,0.05,2.16,40.73435,-111.87210,23.7,39.6,876.1,202.37,1.8
32580.0,1308.1,1.88,0.04,1.88,40.73435,-111.87210,23.7,40.1,876.1,197.93,2.0
32640.0,1307.8,1.68,0.04,1.68,40.73435,-111.87210,23.7,40.8,876.1,184.40,2.0
32700.0,1307.7,2.27,0.05,2.27,40.73435,-111.87210,23.6,41.1,876.1,200.42,1.7
32760.0,1307.0,2.30,0.05,2.30,40.73436,-111.87209,23.4,42.4,876.1,203.73,2.0
32820.0,1306.7,2.35,0.05,2.35,40.73436,-111.87209,23.3,43.4,876.2,211.16,4.7
32880.0,1306.5,2.69,0.06,2.69,40.73436,-111.87209,23.2,43.7,876.1,194.19,3.4
32940.0,1306.3,1.99,0.06,1.99,40.73436,-111.87209,23.0,44.2,876.1,183.96,2.9
33000.0,1306.3,1.67,0.05,1.67,40.73436,-111.87209,23.1,44.4,876.1,206.89,3.2
33060.0,1306.3,1.46,0.05,1.46,40.73436,-111.87209,22.9,44.6,876.0,197.78,4.0
33120.0,1306.7,1.51,0.05,1.51,40.73436,-111.87209,22.8,44.9,876.0,174.00,2.5
33180.0,1306.9,1.77,0.05,1.77,40.73436,-111.87209,22.7,45.3,876.0,188.58,2.4
33240.0,1306.8,0.72,0.05,0.72,40.73436,-111.87209,22.7,45.4,876.0,211.59,1.4
33300.0,1306.5,0.79,0.06,0.79,40.73436,-111.87210,22.7,45.2,876.0,187.81,1.2
33360.0,1306.7,0.86,0.05,0.86,40.73436,-111.87210,22.7,45.3,876.0,198.74,1.9
33420.0,1306.7,0.81,0.05,0.81,40.73436,-111.87210,22.6,45.5,876.1,205.85,3.1
33480.0,1306.8,0.88,0.05,0.88,40.73436,-111.87210,22.6,45.4,876.0,196.89,1.8
33540.0,1306.3,0.96,0.05,0.96,40.73436,-111.87210,22.5,45.7,876.0,189.50,2.0
33600.0,1306.3,0.92,0.06,0.92,40.73436,-111.87210,22.5,45.7,876.0,192.80,1.2
33660.0,1306.1,1.40,0.05,1.40,40.73436,-111.87210,22.5,45.5,876.0,183.17,1.4
33720.0,1305.8,1.74,0.06,1.74,40.73436,-111.87210,22.5,45.6,876.1,187.31,1.7
33780.0,1305.9,1.93,0.06,1.93,40.73436,-111.87210,22.4,45.5,876.1,175.69,3.3
33840.0,1306.0,2.26,0.06,2.26,40.73436,-111.87210,22.3,45.7,876.0,145.44,1.6
33900.0,1306.6,2.27,0.06,2.27,40.73436,-111.87210,22.1,45.9,876.0,144.27,3.5
33960.0,1306.7,1.98,0.05,1.98,40.73436,-111.87210,22.0,46.0,876.0,138.58,2.0
34020.0,1306.9,2.17,0.05,2.17,40.73436,-111.87210,22.0,46.2,876.0,116.93,1.7
34080.0,1306.9,2.27,0.06,2.27,40.73436,-111.87210,22.0,46.1,876.0,112.41,2.2
34140.0,1306.6,2.06,0.05,2.06,40.73436,-111.87210,21.8,45.9,876.1,111.99,3.0
34200.0,1307.1,2.06,0.06,2.06,40.73436,-111.87210,21.8,45.9,876.1,106.97,1.8
34260.0,1306.6,1.89,0.05,1.89,40.73437,-111.87210,21.7,45.8,876.2,111.15,1.7
34320.0,1306.4,1.85,0.05,1.85,40.73437,-111.87210,21.8,45.5,876.2,73.01,0.5
34380.0,1306.0,1.88,0.06,1.88,40.73437,-111.87210,21.9,45.3,876.2,104.12,0.6
34440.0,1306.3,1.53,0.05,1.53,40.73437,-111.87210,21.9,45.5,876.2,102.33,1.3
34500.0,1307.5,1.36,0.05,1.36,40.73436,-111.87210,21.9,45.7,876.1,98.16,1.1
34560.0,1307.8,1.87,0.05,1.87,40.73436,-111.87210,21.9,45.7,876.1,105.95,1.3
34620.0,1308.5,1.89,0.05,1.89,40.73436,-111.87210,21.8,46.1,876.1,115.72,1.6
34680.0,1308.7,1.91,0.06,1.91,40.73436,-111.87210,21.8,46.6,876.1,115.29,1.9
34740.0,1309.0,2.14,0.05,2.14,40.73436,-111.87210,21.7,47.1,876.0,94.95,1.1
34800.0,1308.2,2.19,0.05,2.19,40.73436,-111.87210,21.8,47.8,876.0,131.11,0.7
34860.0,1307.7,2.28,0.05,2.28,40.73436,-111.87210,21.8,47.5,876.0,95.30,0.8
34920.0,1307.8,2.23,0.05,2.23,40.73436,-111.87210,21.9,48.2,876.0,172.02,0.4
34980.0,1307.9,1.95,0.05,1.95,40.73436,-111.87210,21.8,48.8,876.0,64.04,0.7
35040.0,1308.1,1.76,0.05,1.76,40.73436,-111.87209,21.8,48.3,875.9,102.27,1.2
35100.0,1307.9,1.43,0.06,1.43,40.73436,-111.87210,21.7,47.6,875.9,110.25,1.7
35160.0,1308.0,1.49,0.06,1.49,40.73436,-111.87210,21.7,47.5,876.0,109.71,1.3
35220.0,1307.4,1.31,0.05,1.31,40.73436,-111.87209,21.6,49.2,876.0,127.08,1.8
35280.0,1307.3,1.06,0.05,1.06,40.73436,-111.87209,21.6,49.1,876.0,111.67,1.1
35340.0,1307.3,0.86,0.05,0.86,40.73436,-111.87209,21.6,47.9,876.0,126.67,1.6
35400.0,1307.2,1.18,0.05,1.18,40.73436,-111.87209,21.6,47.5,876.0,112.24,1.1
35460.0,1307.3,2.28,0.04,2.28,40.73436,-111.87209,21.6,47.0,876.1,128.65,1.7
35520.0,1307.4,2.28,0.04,2.28,40.73436,-111.87209,21.7,46.0,876.1,119.87,1.2
35580.0,1307.6,2.03,0.04,2.03,40.73436,-111.87209,21.7,46.1,876.2,131.49,1.8
35640.0,1308.1,2.64,0.05,2.64,40.73435,-111.87210,21.8,46.2,876.2,145.57,1.9
35700.0,1308.2,2.50,0.05,2.50,40.73435,-111.87210,21.9,45.5,876.3,161.87,2.2
35760.0,1308.5,2.17,0.05,2.17,40.73435,-111.87210,22.0,46.5,876.4,169.76,1.4
35820.0,1308.4,2.04,0.05,2.04,40.73435,-111.87210,22.1,46.6,876.3,203.87,0.2
35880.0,1308.5,2.10,0.05,2.10,40.73435,-111.87210,22.1,46.6,876.3,155.48,0.2
35940.0,1307.9,2.38,0.04,2.38,40.73435,-111.87210,22.1,45.9,876.3,200.04,0.9
36000.0,1307.8,1.76,0.04,1.76,40.73435,-111.87210,22.1,45.0,876.4,161.87,2.6
36060.0,1308.5,1.60,0.06,1.60,40.73435,-111.87210,22.1,43.7,876.3,201.71,3.2
36120.0,1308.7,1.34,0.05,1.34,40.73435,-111.87210,22.2,43.9,876.3,159.27,2.6
36180.0,1308.6,0.65,0.05,0.65,40.73435,-111.87210,22.1,44.9,876.3,112.46,3.8
36240.0,1308.6,0.34,0.04,0.34,40.73435,-111.87210,22.0,44.3,876.3,142.04,2.1
36300.0,1308.7,0.70,0.04,0.70,40.73435,-111.87210,22.0,44.4,876.2,93.30,1.6
36360.0,1308.7,0.88,0.05,0.88,40.73435,-111.87210,22.0,44.7,876.2,91.73,1.7
36420.0,1308.8,1.27,0.05,1.27,40.73435,-111.87210,21.9,44.4,876.2,106.81,2.3
36480.0,1309.0,1.51,0.05,1.51,40.73435,-111.87210,21.9,44.3,876.2,129.08,2.7
36540.0,1308.9,1.25,0.05,1.25,40.73435,-111.87210,21.9,44.3,876.2,128.19,2.1
36600.0,1308.6,1.34,0.05,1.34,40.73435,-111.87210,21.9,44.3,876.2,124.26,1.6
36660.0,1308.0,1.64,0.05,1.64,40.73435,-111.87210,22.0,44.0,876.3,119.87,0.4
36720.0,1308.2,1.18,0.05,1.18,40.73435,-111.87210,22.1,43.5,876.3,58.06,0.2
36780.0,1308.6,0.93,0.05,0.93,40.73435,-111.87210,22.3,43.3,876.4,104.09,0.4
36840.0,1308.7,0.99,0.04,0.99,40.73435,-111.87210,22.3,43.2,876.4,128.04,0.8
36900.0,1308.7,1.16,0.05,1.16,40.73435,-111.87210,22.3,44.1,876.4,119.86,1.1
36960.0,1308.8,1.36,0.05,1.36,40.73435,-111.87210,22.3,43.9,876.4,104.95,0.8
37020.0,1308.6,1.85,0.05,1.85,40.73435,-111.87210,22.3,43.3,876.4,76.86,0.5
37080.0,1308.5,2.01,0.05,2.01,40.73435,-111.87210,22.3,43.1,876.4,65.04,0.5
37140.0,1308.1,1.73,0.05,1.73,40.73435,-111.87210,22.3,43.1,876.5,101.12,0.7
37200.0,1307.8,1.25,0.06,1.25,40.73435,-111.87210,22.3,43.5,876.4,108.93,0.8
37260.0,1307.7,1.27,0.05,1.27,40.73435,-111.87210,22.3,42.8,876.4,100.95,0.7
37320.0,1307.6,1.75,0.04,1.75,40.73435,-111.87210,22.3,42.5,876.4,112.65,1.9
37380.0,1307.7,1.59,0.05,1.59,40.73435,-111.87210,22.2,41.8,876.5,118.19,2.1
37440.0,1307.6,1.49,0.05,1.49,40.73435,-111.87210,22.3,41.5,876.4,99.54,0.8
37500.0,1307.6,1.58,0.06,1.58,40.73435,-111.87210,22.3,41.4,876.5,70.93,0.5
