CampaignData_and_Merges/R0/CSL_MobileLab_Parked/raw/20240812/USOS-NOy-LIF_MobileLabGround_20240812_R0.ict
39,1001
Rollins, A.; Waxman, E.; Zuraski, K.; Chace, W.
NOAA Chemical Sciences Laboratory
LIF NO/NOx/NOy on CSL Mobile Lab
AMMBEC / USOS
1, 1
2024,08,12, 2025,01,06
1
Time_Start, seconds, number_of_seconds_since_0000_UTC
7
1, 1, 1, 1, 1, 1, 1
-9999, -9999, -9999, -9999, -9999, -9999, -9999
Time_Stop, seconds, number_of_seconds_since_0000_UTC
NO_LIF, pptv, Gas_NO_InSitu_S_AVMR, volume mixing ratio of nitric oxide in air
NO2_LIF, pptv, Gas_NO2_InSitu_S_AVMR, volume mixing ratio of nitrogen dioxide in air
NOy_LIF, pptv, Gas_NOy_InSitu_S_AVMR, volume mixing ratio of total oxidized nitrogen in air
NO_LIF_1SigmaAccuracy, pptv, Gas_NO_InSitu_S_AVMR, volume mixing ratio of nitric oxide in air
NO2_LIF_1SigmaAccuracy, pptv, Gas_NO2_InSitu_S_AVMR, volume mixing ratio of nitrogen dioxide in air
NOy_LIF_1SigmaAccuracy, pptv, Gas_NOy_InSitu_S_AVMR, volume mixing ratio of total oxidized nitrogen in air
0
18
PI_CONTACT_INFO: andrew.rollins@noaa.gov
PLATFORM: CSL Mobile Lab
LOCATION: Salt Lake City, UT
ASSOCIATED_DATA:
INSTRUMENT_INFO: NO detection by laser induced fluorescence. NO2 detection by photolytic conversion to NO. NOy detection by catalytic conversion to NO on gold surface
DATA_INFO:
UNCERTAINTY: Included 1 Sigma Accuracy waves represent the combined calibration uncertainties (±6%, ±9%, ±10%) and zero uncertainties (3 ppt, 20 ppt, 100 ppt) for NO, NO2, and NOy, respectively.
ULOD_FLAG: -7777
ULOD_VALUE: N/A
LLOD_FLAG: -8888
LLOD_VALUE: N/A
DM_CONTACT_INFO: andrew.rollins@noaa.gov
PROJECT_INFO: USOS Project, July - August 2024
STIPULATIONS_ON_USE: Users are strongly encouraged to contact the PI for proper data usage.
OTHER_COMMENTS:
REVISION: R0
R0: final data
Time_Start, Time_Stop, NO_LIF, NO2_LIF, NOy_LIF, NO_LIF_1SigmaAccuracy, NO2_LIF_1SigmaAccuracy, NOy_LIF_1SigmaAccuracy
[from data line 789]
   47340,   47400,208.99,1635.4,2800.7,15.54, 167.19, 380.07
   47400,   47460,394.16,1653,2315.3,26.65, 168.77, 331.53
   47460,   47520,1461.7,2449.3,3670.8,90.704, 240.43, 467.08
   47520,   47580,1949.6,3059.3,5791.2,119.97, 295.34, 679.12
   47580,   47640,167.47,1366.8,2500.5,13.048, 143.01, 350.05
   47640,   47700,1062.4,1858.1,2748.7,66.744, 187.23, 374.87
   47700,   47760,1157.5,2370,4676.6,72.452, 233.3, 567.66
   47760,   47820,754.22,2350,3185.4,48.253, 231.5, 418.54
   47820,   47880,1881.7,3812.8,6542,115.9, 363.15, 754.2
   47880,   47940,332.37,1936,3571.4,22.942, 194.24, 457.14
   47940,   48000,379.64,1895.2,2628.6,25.778, 190.57, 362.86
   48000,   48060,655.89,2424.6,3551.4,42.353, 238.21, 455.14
   48060,   48120,430.62,2030.2,3459.3,28.837, 202.72, 445.93
   48120,   48180,168.17,1332.8,2056.2,13.09, 139.95, 305.62
   48180,   48240,1042.9,2149,3441.6,65.575, 213.41, 444.16
   48240,   48300,247.2,1560.4,2422.3,17.832, 160.43, 342.23
   48300,   48360,203.38,1539,2292.1,15.203, 158.51, 329.21
   48360,   48420,192.65,1480,2050.5,14.559, 153.2, 305.05
   48420,   48480,743.85,2409.4,3568.3,47.631, 236.85, 456.83
   48480,   48540,1928.6,2827.4,6860.2,118.72, 274.46, 786.02
   48540,   48600,633.11,2032,3483.4,40.987, 202.88, 448.34
   48600,   48660,198.7,1525.7,2502.5,14.922, 157.31, 350.25
   48660,   48720,583.95,2114.7,3162.7,38.037, 210.32, 416.27
   48720,   48780,440.33,1800.6,2895.5,29.42, 182.05, 389.55
   48780,   48840,211.68,1500.3,2315.2,15.701, 155.02, 331.52
   48840,   48900,764.75,2226.2,2965.4,48.885, 220.36, 396.54
   48900,   48960,1332.4,2965.1,5436.9,82.946, 286.86, 643.69
   48960,   49020,1602.8,2970.4,5414.6,99.168, 287.34, 641.46
   49020,   49080,836.59,2960.6,5076.2,53.195, 286.45, 607.62
   49080,   49140,2551,6058.1,9902.5,156.06, 565.23, 1090.3
   49140,   49200,2151.9,5285.5,8118.8,132.11, 495.69, 911.88
   49200,   49260,1580.5,5453.8,8355.6,97.828, 510.85, 935.56
   49260,   49320,1028.6,4776,7544,64.718, 449.84, 854.4
   49320,   49380,309.18,1863.8,3090.7,21.551, 187.74, 409.07
   49380,   49440,735.02,2636.1,3820,47.101, 257.25, 482
   49440,   49500,349.97,2256.2,3447.3,23.998, 223.06, 444.73
   49500,   49560,3618.9,5982.1,9531.7,220.13, 558.39, 1053.2
   49560,   49620,2764.9,4645.2,7688.9,168.89, 438.07, 868.89
   49620,   49680,950.72,4421,5918,60.043, 417.89, 691.8
   49680,   49740,1305.6,6486,8653,81.338, 603.74, 965.3
   49740,   49800,1490.2,7499.5,9918.2,92.41, 694.95, 1091.8
   49800,   49860,1183.2,5293.8,6916.3,73.993, 496.44, 791.63
   49860,   49920,1691.2,6322.5,7998.8,104.47, 589.02, 899.88
   49920,   49980,1547.4,6037.8,9336.4,95.846, 563.4, 1033.6
   49980,   50040,1813.2,7109.4,9494.4,111.79, 659.85, 1049.4
   50040,   50100,1631.1,6847.4,9506.3,100.86, 636.26, 1050.6
   50100,   50160,2520.6,8413,11129,154.23, 777.17, 1212.9
   50160,   50220,3310.5,9080.7,12743,201.63, 837.26, 1374.3
   50220,   50280,3090.1,9288.1,13415,188.41, 855.93, 1441.5
   50280,   50340,1545.2,6127.5,10543,95.714, 571.48, 1154.3
   50340,   50400,2199.9,7284.9,9313.6,134.99, 675.64, 1031.4
   50400,   50460,2392.4,8302.8,12352,146.54, 767.26, 1335.2
   50460,   50520,1640,7502.3,9751.6,101.4, 695.21, 1075.2
   50520,   50580,1094.7,5805.3,7515.8,68.68, 542.47, 851.58
   50580,   50640,906.44,5317,6941.7,57.387, 498.53, 794.17
   50640,   50700,818.59,4855.7,6135.9,52.115, 457.01, 713.59
   50700,   50760,861.5,5142.1,6619.9,54.69, 482.79, 761.99
   50760,   50820,959.37,4886.8,6668.6,60.562, 459.81, 766.86
   50820,   50880,495.76,2994.9,4069.4,32.745, 289.54, 506.94
   50880,   50940,353.61,2403.3,3362,24.216, 236.3, 436.2
   50940,   51000,301.81,2186.9,2926.9,21.109, 216.82, 392.69
   51000,   51060,403.11,2545.2,3334.7,27.186, 249.07, 433.47
   51060,   51120,506.61,3041.2,3911.9,33.397, 293.71, 491.19
   51120,   51180,789.1,3763.3,4980.6,50.346, 358.7, 598.06
   51180,   51240,639.39,3328.8,4826.7,41.363, 319.6, 582.67
   51240,   51300,1495.1,4510.6,4935.4,92.705, 425.96, 593.54
   51300,   51360,1315.5,5677.5,8445.8,81.928, 530.98, 944.58
   51360,   51420,1434.8,6088.1,8921.5,89.087, 567.92, 992.15
   51420,   51480,1138.4,4918.3,6775.6,71.306, 462.65, 777.56
   51480,   51540,580.28,3039.7,5375.7,37.817, 293.57, 637.57
   51540,   51600,833.05,3032.9,4485.3,52.983, 292.96, 548.53
   51600,   51660,1406,4638.2,5320.2,87.362, 437.44, 632.02
   51660,   51720,2222.3,7300.5,11929,136.34, 677.04, 1292.9
   51720,   51780,2133.5,8767.5,11509,131.01, 809.07, 1250.9
   51780,   51840,1842.3,8507.7,11166,113.54, 785.69, 1216.6
   51840,   51900,2508.8,10061,14003,153.53, 925.5, 1500.3
   51900,   51960,1977,9166.6,12545,121.62, 844.99, 1354.5
   51960,   52020,1326.9,6505.3,8610.4,82.614, 605.48, 961.04
   52020,   52080,694.26,4261,5584,44.656, 403.49, 658.4
   52080,   52140,814.88,4745.4,6001.3,51.893, 447.08, 700.13
   52140,   52200,1300.9,6573.8,8748.4,81.052, 611.64, 974.84
   52200,   52260,1781.5,5964.6,7480.4,109.89, 556.82, 848.04
   52260,   52320,2602,8213.1,10717,159.12, 759.18, 1171.7
   52320,   52380,1114.4,3832.1,7226.8,69.865, 364.89, 822.68
   52380,   52440,3011.8,5607.9,6093.6,183.71, 524.71, 709.36
   52440,   52500,5672.9,8303.5,16232,343.38, 767.31, 1723.2
   52500,   52560,4325.6,7540.9,10323,262.54, 698.68, 1132.3
   52560,   52620,2057.7,5320.9,10340,126.46, 498.88, 1134
   52620,   52680,3096,6941.2,9489.5,188.76, 644.71, 1048.9
   52680,   52740,4052.3,8896.2,13445,246.14, 820.66, 1444.5
   52740,   52800,1983.7,4477,10088,122.02, 422.93, 1108.8
   52800,   52860,1215,3271.2,5716.8,75.9, 314.4, 671.68
   52860,   52920,1095.2,3048.5,4584.6,68.712, 294.36, 558.46
   52920,   52980,2724.6,4527.4,6520,166.48, 427.47, 752
   52980,   53040,2422,4189.8,8198.5,148.32, 397.08, 919.85
   53040,   53100,590.99,2153.4,4493.3,38.459, 213.81, 549.33
   53100,   53160,-9999,-9999,-9999,-9999, -9999, -9999
   53160,   53220,-9999,-9999,-9999,-9999, -9999, -9999
   53220,   53280,-9999,-9999,-9999,-9999, -9999, -9999
   53280,   53340,-9999,-9999,-9999,-9999, -9999, -9999
   53340,   53400,-9999,-9999,-9999,-9999, -9999, -9999
   53400,   53460,-9999,-9999,-9999,-9999, -9999, -9999
   53460,   53520,-9999,-9999,-9999,-9999, -9999, -9999
   53520,   53580,580.85,2720.7,3795.9,37.851, 264.86, 479.59
   53580,   53640,633.36,2302.4,3382.8,41.002, 227.22, 438.28
   53640,   53700,819.41,2277.2,3475.3,52.165, 224.95, 447.53
   53700,   53760,962.07,2582.9,4093.3,60.724, 252.46, 509.33
   53760,   53820,1497.7,3824.5,5492.9,92.865, 364.21, 649.29
   53820,   53880,880.38,2650.1,4154.3,55.823, 258.51, 515.43
   53880,   53940,8321.9,8146.5,13072,502.31, 753.19, 1407.2
   53940,   54000,2332,4890.8,6292.7,142.92, 460.17, 729.27
   54000,   54060,1052.8,3471.6,5206.5,66.168, 332.44, 620.65
   54060,   54120,923.03,2980.6,4325.5,58.382, 288.25, 532.55
   54120,   54180,1870.8,3893.2,6488.6,115.25, 370.39, 748.86
   54180,   54240,2103.9,4637.3,7083.3,129.23, 437.35, 808.33
   54240,   54300,2555.7,5307.1,8652.8,156.34, 497.64, 965.28
   54300,   54360,1974.9,4556.1,6644.1,121.5, 430.05, 764.41
   54360,   54420,2472.7,5070.5,9245.8,151.36, 476.34, 1024.6
   54420,   54480,3038.5,6376.3,10433,185.31, 593.87, 1143.3
   54480,   54540,2557.5,5790,8940,156.45, 541.1, 994
   54540,   54600,2139.6,4773.9,7646.2,131.38, 449.65, 864.62
   54600,   54660,1749.9,4038.7,6215.9,107.99, 383.49, 721.59
   54660,   54720,1448.6,3470,5319.9,89.917, 332.3, 631.99
   54720,   54780,1453,3390.2,5403.4,90.183, 325.12, 640.34
   54780,   54840,1088.5,2390.2,4266.7,68.308, 235.12, 526.67
   54840,   54900,5308.2,5210.3,6846.7,321.49, 488.93, 784.67
   54900,   54960,4175.4,4366.5,11861,253.52, 412.98, 1286.1
   54960,   55020,472.88,1240.6,2250.2,31.373, 131.65, 325.02
   55020,   55080,526.26,1408,2457.5,34.576, 146.72, 345.75
   55080,   55140,689.05,1711.8,3052,44.343, 174.06, 405.2
   55140,   55200,451.98,1257.3,2399.2,30.119, 133.15, 339.92
   55200,   55260,499.35,1243.4,2270.8,32.961, 131.91, 327.08
   55260,   55320,619.99,1432,2652.2,40.199, 148.88, 365.22
   55320,   55380,585.31,1619.6,2715.3,38.119, 165.76, 371.53
   55380,   55440,1627,2756.8,4311.8,100.62, 268.11, 531.18
   55440,   55500,610.89,1928.4,3897.1,39.654, 193.55, 489.71
   55500,   55560,814.51,2230.3,3531,51.87, 220.72, 453.1
   55560,   55620,627.42,1753.7,3227.2,40.645, 177.83, 422.72
   55620,   55680,1631.5,3072.6,3627.9,100.89, 296.53, 462.79
   55680,   55740,1235.9,2965.1,5067.3,77.154, 286.86, 606.73
   55740,   55800,1640.2,2513.5,6166,101.41, 246.21, 716.6
   55800,   55860,530.58,1462.3,3053.8,34.835, 151.61, 405.38
   55860,   55920,703.27,1551.4,3107.8,45.196, 159.63, 410.78
   55920,   55980,698.54,1620.3,2631.9,44.913, 165.83, 363.19
   55980,   56040,669.57,1650.6,2905,43.174, 168.55, 390.5
   56040,   56100,1144.4,1966.9,3724.4,71.663, 197.02, 472.44
   56100,   56160,1191.4,2609.8,4711.9,74.486, 254.88, 571.19
   56160,   56220,684.87,1791.6,3172.9,44.092, 181.24, 417.29
   56220,   56280,6007,6988.6,7640.5,363.42, 648.97, 864.05
   56280,   56340,3092.8,5099,11587,188.57, 478.91, 1258.7
   56340,   56400,3058.3,5872,9411,186.5, 548.48, 1041.1
   56400,   56460,1732.4,3772.3,6680.2,106.95, 359.51, 768.02
   56460,   56520,1334.4,2702.2,4154.2,83.062, 263.19, 515.42
   56520,   56580,3308.3,4075,6008.7,201.5, 386.75, 700.87
   56580,   56640,-9999,-9999,-9999,-9999, -9999, -9999
   56640,   56700,-9999,-9999,-9999,-9999, -9999, -9999
   56700,   56760,-9999,-9999,-9999,-9999, -9999, -9999
   56760,   56820,-9999,-9999,-9999,-9999, -9999, -9999
   56820,   56880,-9999,-9999,-9999,-9999, -9999, -9999
   56880,   56940,-9999,-9999,-9999,-9999, -9999, -9999
   56940,   57000,-9999,-9999,-9999,-9999, -9999, -9999
   57000,   57060,-9999,-9999,-9999,-9999, -9999, -9999
   57060,   57120,-9999,-9999,-9999,-9999, -9999, -9999
   57120,   57180,-9999,-9999,-9999,-9999, -9999, -9999
   57180,   57240,-9999,-9999,-9999,-9999, -9999, -9999
   57240,   57300,-9999,-9999,-9999,-9999, -9999, -9999
   57300,   57360,-9999,-9999,-9999,-9999, -9999, -9999
   57360,   57420,-9999,-9999,-9999,-9999, -9999, -9999
   57420,   57480,-9999,-9999,-9999,-9999, -9999, -9999
   57480,   57540,-9999,-9999,-9999,-9999, -9999, -9999
   57540,   57600,-9999,-9999,-9999,-9999, -9999, -9999
   57600,   57660,1611.9,2947.2,4739.7,99.716, 285.25, 573.97
   57660,   57720,2731.9,4107.1,-9999,166.92, 389.64, -9999
   57720,   57780,1151.5,2871.1,-9999,72.093, 278.4, -9999
   57780,   57840,-9999,-9999,-9999,-9999, -9999, -9999
   57840,   57900,-9999,-9999,-9999,-9999, -9999, -9999
   57900,   57960,-9999,-9999,-9999,-9999, -9999, -9999
   57960,   58020,-9999,-9999,-9999,-9999, -9999, -9999
   58020,   58080,-9999,-9999,-9999,-9999, -9999, -9999
   58080,   58140,-9999,-9999,-9999,-9999, -9999, -9999
   58140,   58200,-9999,-9999,-9999,-9999, -9999, -9999
   58200,   58260,-9999,-9999,-9999,-9999, -9999, -9999
   58260,   58320,-9999,-9999,-9999,-9999, -9999, -9999
   58320,   58380,-9999,-9999,-9999,-9999, -9999, -9999
   58380,   58440,4687.3,6290.3,-9999,284.24, 586.13, -9999
   58440,   58500,8419.6,8076.9,36099,508.17, 746.92, 3709.9
   58500,   58560,14268,10677,29938,859.07, 980.97, 3093.8
   58560,   58620,4839.4,6200.7,22963,293.36, 578.07, 2396.3
   58620,   58680,5878.9,6122.7,12124,355.73, 571.04, 1312.4
   58680,   58740,10393,8204.8,24838,626.56, 758.43, 2583.8
   58740,   58800,2892.6,4884.9,9157.1,176.56, 459.64, 1015.7
   58800,   58860,5345,6537.4,9818.2,323.7, 608.37, 1081.8
   58860,   58920,1062.1,2553.8,4415.4,66.726, 249.84, 541.54
   58920,   58980,1117.7,2700.2,4543.5,70.059, 263.02, 554.35
   58980,   59040,1440,3212.1,5354.3,89.398, 309.09, 635.43
   59040,   59100,2170.8,3940,7019.2,133.25, 374.6, 801.92
   59100,   59160,1640.8,3165.6,6267,101.45, 304.91, 726.7
   59160,   59220,1286,2765.8,4765.2,80.161, 268.92, 576.52
   59220,   59280,1013.2,2513.3,4456.3,63.79, 246.19, 545.63
   59280,   59340,1169.1,2876.3,4852.2,73.147, 278.86, 585.22
   59340,   59400,1142.9,3021.2,5520.4,71.572, 291.9, 652.04
   59400,   59460,1299.2,3387.4,5446.7,80.95, 324.86, 644.67
   59460,   59520,1725.3,3460.4,7052.9,106.52, 331.44, 805.29
   59520,   59580,1157.6,2633.3,4716.7,72.455, 256.99, 571.67
   59580,   59640,759.15,2104.2,3776.9,48.549, 209.38, 477.69
   59640,   59700,998.97,2311.8,3966.4,62.938, 228.06, 496.64
   59700,   59760,1087.3,2275.4,4157.3,68.239, 224.79, 515.73
   59760,   59820,1688.1,3217.2,5627.9,104.28, 309.54, 662.79
   59820,   59880,1980.7,3267.5,5887.2,121.84, 314.08, 688.72
   59880,   59940,1693,2635.6,5306.1,104.58, 257.21, 630.61
   59940,   60000,736.47,1877.5,3225.1,47.188, 188.98, 422.51
   60000,   60060,1002.1,2196.8,3755.6,63.128, 217.72, 475.56
   60060,   60120,917.9,2079.3,3416.6,58.074, 207.13, 441.66
   60120,   60180,3367,4423.4,7521.4,205.02, 418.1, 852.14
   60180,   60240,1551,2975.1,6984,96.063, 287.76, 798.4
   60240,   60300,1188.1,2258.7,4305.5,74.284, 223.28, 530.55
   60300,   60360,1244.7,2399.1,4418.2,77.679, 235.92, 541.82
   60360,   60420,3031.7,3055.5,7420.5,184.9, 295, 842.05
   60420,   60480,1428.4,2461.6,4603.4,88.704, 241.55, 560.34
   60480,   60540,1814.5,2841.4,5462.4,111.87, 275.73, 646.24
   60540,   60600,3896,4533.8,10360,236.76, 428.04, 1136
   60600,   60660,1477.1,3087.3,5959.3,91.624, 297.86, 695.93
   60660,   60720,1068.1,2537.1,4267.1,67.087, 248.34, 526.71
   60720,   60780,1274.3,2412.1,4183.2,79.46, 237.09, 518.32
   60780,   60840,601.21,1308.5,2699.6,39.073, 137.77, 369.96
   60840,   60900,544.81,1364.5,2397.6,35.689, 142.8, 339.76
   60900,   60960,881.06,2023,3239.3,55.863, 202.07, 423.93
   60960,   61020,936.42,2205.3,3819,59.185, 218.47, 481.9
   61020,   61080,539.79,1612.5,2716.8,35.388, 165.13, 371.68
   61080,   61140,631.58,1639,2728.1,40.895, 167.51, 372.81
   61140,   61200,534.96,1422.4,2467.5,35.098, 148.01, 346.75
   61200,   61260,1645.5,2368.3,4029.5,101.73, 233.14, 502.95
   61260,   61320,993.88,2122.9,3494.8,62.633, 211.06, 449.48
   61320,   61380,2395.3,3392.5,5652,146.72, 325.33, 665.2
   61380,   61440,892.98,2079.8,3513.7,56.579, 207.18, 451.37
   61440,   61500,542.98,1464.3,2511.3,35.579, 151.79, 351.13
   61500,   61560,629.24,1600.9,2671.3,40.754, 164.08, 367.13
   61560,   61620,561.81,1377.7,2419.3,36.709, 143.99, 341.93
   61620,   61680,1199.9,1811.8,2873.2,74.991, 183.06, 387.32
   61680,   61740,1774.1,2813.3,6577.3,109.45, 273.2, 757.73
   61740,   61800,919.26,1955.2,3343,58.156, 195.97, 434.3
   61800,   61860,998.84,1826.5,3415.2,62.931, 184.39, 441.52
   61860,   61920,544.59,1446,2483,35.676, 150.14, 348.3
   61920,   61980,405.77,1141.8,1961.7,27.346, 122.76, 296.17
   61980,   62040,580.61,1461.4,2364.7,37.836, 151.53, 336.47
   62040,   62100,718.78,1459.7,2962.3,46.127, 151.37, 396.23
   62100,   62160,938.91,1872.8,3139.1,59.335, 188.55, 413.91
   62160,   62220,638.68,1461.6,2749.8,41.321, 151.54, 374.98
   62220,   62280,1208,2065.4,4045.8,75.478, 205.88, 504.58
   62280,   62340,1022.8,1375.5,2879.8,64.37, 143.8, 387.98
   62340,   62400,740.78,1527.2,2640.8,47.447, 157.45, 364.08
   62400,   62460,1513.1,2124.3,4943.4,93.789, 211.19, 594.34
   62460,   62520,617.9,1175,2405.6,40.074, 125.75, 340.56
   62520,   62580,1072.1,1627,3119.7,67.327, 166.43, 411.97
   62580,   62640,1306.8,2274.5,4056.1,81.408, 224.71, 505.61
   62640,   62700,1611.3,2307.3,3842.4,99.678, 227.66, 484.24
   62700,   62760,1658,2632.5,4913.9,102.48, 256.93, 591.39
   62760,   62820,1473.1,2491,4660.2,91.385, 244.19, 566.02
   62820,   62880,631.94,1431,2654.2,40.916, 148.79, 365.42
   62880,   62940,325.52,913.02,1704.8,22.531, 102.17, 270.48
   62940,   63000,301.78,857.97,1604.4,21.107, 97.218, 260.44
   63000,   63060,475.41,1085.8,1986.9,31.525, 117.72, 298.69
   63060,   63120,1812.7,2712.1,5149.9,111.76, 264.08, 614.99
   63120,   63180,2559.9,3048.9,5922.6,156.59, 294.4, 692.26
   63180,   63240,745.3,1532.5,3443.6,47.718, 157.93, 444.36
