CampaignData_and_Merges/R0/CSL_MobileLab_Parked/raw/20240812/USOS-jNO2_MobileLabGround_20240812_R0.ict
52,1001
Waxman, E.; Rollins, A.; Zuraski, K.; Chace, W.
NOAA Chemical Sciences Laboratory
jNO2 filter radiometer on CSL Mobile Lab
AMMBEC / USOS
1, 1
2024,08,12, 2025,04,01
60
Time_Start, seconds, number_of_seconds_since_0000_UTC
20
1, 1, 1, 1, 1, 1, 1, 1, 1, 1, 1, 1, 1, 1, 1, 1, 1, 1, 1, 1
-9999, -9999, -9999, -9999, -9999, -9999, -9999, -9999, -9999, -9999, -9999, -9999, -9999, -9999, -9999, -9999, -9999, -9999, -9999, -9999
Time_Stop, seconds, number_of_seconds_since_0000_UTC
jNO2_meas, per second, photolysis rate of NO2 measured using a filter radiometer.
jBrCl, per second, photolysis rate of BrCl -> Br + Cl calculated in TUV for cloud-free sky with local AOD
jBr2, per second, photolysis rate of Br2 -> Br + Br calculated in TUV for cloud-free sky with local AOD
jCCl4, per second, photolysis rate of CCl4 -> Products calcualted in TUV for cloud-free sky with local AOD
jCH2Oa, per second, photolysis rate of CH2O -> H + HCO calculated in TUV for cloud-free sky with local AOD
jCH2Ob, per second, photolysis rate of CH2O -> H2 + CO calculated in TUV for cloud-free sky with local AOD
jClNO2, per second, photolysis rate of ClNO2 -> Cl + NO2 calculated in TUV for cloud-free sky with local AOD
jClOa, per second, photolysis rate of ClO -> Cl + O(1D) calculated in TUV for cloud-free sky with local AOD
jClOb, per second, photolysis rate of ClO -> Cl + O(3P) calculated in TUV for cloud-free sky with local AOD
jCl2, per second, photolysis rate of Cl2 -> Cl + Cl calculated in TUV for cloud-free sky with local AOD
jHNO2, per second, photolysis rate of HNO2 -> OH + NO calculated in TUV for cloud-free sky with local AOD
jHNO3, per second, photolysis rate of HNO3 -> OH + NO2 calculated in TUV for cloud-free sky with local AOD
jI2, per second, photolysis rate of I2 -> I + I calculated in TUV for cloud-free sky with local AOD
jNO2, per second, photolysis rate of NO2 -> NO + O(3P) calculated in TUV for cloud-free sky with local AOD
jNO3a, per second, photolysis rate of NO3 -> NO + O2 calculated in TUV for cloud-free sky with local AOD
jNO3b, per second, photolysis rate of NO3 -> NO2 + O(3P) calculated in TUV for cloud-free sky with local AOD
jN2O5, per second, photolysis rate of N2O5 -> NO3 + NO + O(3P) calculated in TUV for cloud-free sky with local AOD
jO3, per second, photolysis rate of O3 -> O2 + O(1D) calculated in TUV for cloud-free sky with local AOD
AOD_500nm, unitless, UTC daily mean AOD at 500 nm from an AERONET station located at 40.178 N, -112.452 E
0
18
PI_CONTACT_INFO: eleanor.waxman@noaa.gov
PLATFORM: CSL Mobile Lab, at ground site
LOCATION: Salt Lake City, UT
ASSOCIATED_DATA:
INSTRUMENT_INFO: jNO2 filter radiometer.  TUV calculations are for mobile van lat/lon/altitude assuming clear sky (cloud AOD = 0) and daily mean AOD.
DATA_INFO:
UNCERTAINTY: Data uncertainties are +/- 20%.  These come from uncertainties in radiometer angular response, radiometer thermal response, local interferences from clouds/aerosols/shadows etc.
ULOD_FLAG: -7777
ULOD_VALUE: N/A
LLOD_FLAG: -8888
LLOD_VALUE: N/A
DM_CONTACT_INFO: eleanor.waxman@noaa.gov
PROJECT_INFO: USOS Project, July - August 2024
STIPULATIONS_ON_USE: Users are strongly encouraged to contact the PI for proper data usage.
OTHER_COMMENTS: 
REVISION: R0
R0: final data
Time_Start, Time_Stop, jNO2_meas, jBrCl, jBr2, jCCl4, jCH2Oa, jCH2Ob, jClNO2, jClOa, jClOb, jCl2, jHNO2, jHNO3, jI2, jNO2, jNO3a, jNO3b, jN2O5, jO3, AOD_500nm
[from data line 813]
   48780,   48840,0.00098874,0.002682,0.009942,3.804e-26,2.323e-06,5.591e-06,5.923e-05,1.421e-26,8.68e-07,0.0003668,0.0002584,2.627e-08,0.04301,0.001758,0.009532,0.06986,4.643e-06,5.619e-07,0.152
   48840,   48900,0.0010215,0.002746,0.01016,3.872e-26,2.398e-06,5.75e-06,6.088e-05,1.446e-26,9.038e-07,0.0003766,0.0002653,2.718e-08,0.04384,0.001804,0.009692,0.07115,4.776e-06,5.836e-07,0.152
   48900,   48960,0.001053,0.002805,0.01036,3.936e-26,2.471e-06,5.901e-06,6.246e-05,1.469e-26,9.386e-07,0.0003858,0.0002718,2.805e-08,0.04461,0.001847,0.009841,0.07235,4.902e-06,6.047e-07,0.152
   48960,   49020,0.00109,0.002869,0.01058,4.005e-26,2.549e-06,6.065e-06,6.416e-05,1.494e-26,9.767e-07,0.0003958,0.0002788,2.9e-08,0.04542,0.001894,0.009996,0.0736,5.038e-06,6.276e-07,0.152
   49020,   49080,0.0011327,0.002932,0.01079,4.075e-26,2.628e-06,6.23e-06,6.588e-05,1.519e-26,1.016e-06,0.0004058,0.0002859,2.996e-08,0.04622,0.001941,0.01015,0.07484,5.176e-06,6.512e-07,0.152
   49080,   49140,0.0011767,0.002992,0.01099,4.141e-26,2.703e-06,6.387e-06,6.75e-05,1.542e-26,1.053e-06,0.0004152,0.0002925,3.087e-08,0.04695,0.001985,0.01029,0.07597,5.306e-06,6.736e-07,0.152
   49140,   49200,0.0012285,0.003051,0.01119,4.207e-26,2.782e-06,6.547e-06,6.916e-05,1.566e-26,1.093e-06,0.0004247,0.0002992,3.185e-08,0.04771,0.002029,0.01043,0.07716,5.44e-06,6.98e-07,0.152
   49200,   49260,0.0012902,0.003114,0.01139,4.279e-26,2.866e-06,6.718e-06,7.092e-05,1.592e-26,1.136e-06,0.0004349,0.0003064,3.287e-08,0.04847,0.002076,0.01058,0.07834,5.582e-06,7.236e-07,0.152
   49260,   49320,0.0013491,0.003173,0.01159,4.347e-26,2.945e-06,6.881e-06,7.26e-05,1.616e-26,1.177e-06,0.0004446,0.0003132,3.386e-08,0.04919,0.002121,0.01072,0.07945,5.718e-06,7.485e-07,0.152
   49320,   49380,0.00143,0.003236,0.01179,4.424e-26,3.032e-06,7.056e-06,7.441e-05,1.647e-26,1.222e-06,0.0004549,0.0003204,3.492e-08,0.04995,0.002169,0.01086,0.08062,5.863e-06,7.755e-07,0.152
   49380,   49440,0.0015527,0.003298,0.012,4.459e-26,3.119e-06,7.233e-06,7.622e-05,1.656e-26,1.268e-06,0.0004653,0.0003277,3.601e-08,0.05069,0.002216,0.011,0.08177,6.01e-06,8.028e-07,0.152
   49440,   49500,0.0015255,0.003357,0.01219,4.567e-26,3.203e-06,7.402e-06,7.795e-05,1.696e-26,1.314e-06,0.0004751,0.0003346,3.706e-08,0.05139,0.002261,0.01113,0.08284,6.15e-06,8.31e-07,0.152
   49500,   49560,0.0015722,0.00342,0.01239,4.632e-26,3.297e-06,7.588e-06,7.985e-05,1.716e-26,1.366e-06,0.0004858,0.0003421,3.824e-08,0.05214,0.00231,0.01127,0.084,6.304e-06,8.615e-07,0.152
   49560,   49620,0.0017024,0.003485,0.0126,4.725e-26,3.392e-06,7.778e-06,8.18e-05,1.751e-26,1.417e-06,0.0004969,0.0003499,3.943e-08,0.05289,0.002361,0.01141,0.08515,6.462e-06,8.923e-07,0.152
   49620,   49680,0.001974,0.003544,0.01279,4.798e-26,3.48e-06,7.952e-06,8.357e-05,1.777e-26,1.467e-06,0.0005068,0.0003568,4.054e-08,0.05356,0.002406,0.01154,0.08619,6.606e-06,9.218e-07,0.152
   49680,   49740,0.0021891,0.003605,0.01299,4.877e-26,3.574e-06,8.138e-06,8.546e-05,1.806e-26,1.52e-06,0.0005175,0.0003643,4.174e-08,0.05427,0.002454,0.01167,0.08727,6.76e-06,9.537e-07,0.152
   49740,   49800,0.002557,0.003666,0.01318,4.957e-26,3.67e-06,8.326e-06,8.737e-05,1.834e-26,1.575e-06,0.0005282,0.0003718,4.296e-08,0.05497,0.002503,0.0118,0.08834,6.916e-06,9.865e-07,0.152
   49800,   49860,0.0026744,0.003724,0.01337,5.033e-26,3.761e-06,8.504e-06,8.918e-05,1.861e-26,1.627e-06,0.0005382,0.0003788,4.412e-08,0.05561,0.002548,0.01192,0.08933,7.063e-06,1.018e-06,0.152
   49860,   49920,0.0027658,0.003784,0.01356,5.114e-26,3.86e-06,8.694e-06,9.111e-05,1.89e-26,1.685e-06,0.000549,0.0003863,4.538e-08,0.0563,0.002596,0.01204,0.09037,7.221e-06,1.052e-06,0.152
   49920,   49980,0.0028341,0.003845,0.01375,5.197e-26,3.959e-06,8.887e-06,9.306e-05,1.92e-26,1.744e-06,0.0005598,0.0003938,4.666e-08,0.05697,0.002645,0.01217,0.0914,7.38e-06,1.088e-06,0.152
   49980,   50040,0.0028741,0.003902,0.01393,5.276e-26,4.054e-06,9.069e-06,9.49e-05,1.948e-26,1.801e-06,0.00057,0.0004009,4.788e-08,0.05759,0.00269,0.01228,0.09236,7.531e-06,1.122e-06,0.152
   50040,   50100,0.0029166,0.003961,0.01411,5.36e-26,4.157e-06,9.265e-06,9.687e-05,1.978e-26,1.863e-06,0.0005808,0.0004085,4.921e-08,0.05825,0.002738,0.0124,0.09336,7.693e-06,1.159e-06,0.152
   50100,   50160,0.0029603,0.004021,0.0143,5.447e-26,4.26e-06,9.461e-06,9.885e-05,2.008e-26,1.926e-06,0.0005917,0.000416,5.055e-08,0.0589,0.002787,0.01252,0.09435,7.855e-06,1.197e-06,0.152
   50160,   50220,0.0029894,0.004077,0.01447,5.529e-26,4.358e-06,9.647e-06,0.0001007,2.037e-26,1.987e-06,0.0006019,0.0004231,5.184e-08,0.0595,0.002832,0.01263,0.09527,8.008e-06,1.233e-06,0.152
   50220,   50280,0.0028956,0.004136,0.01465,5.617e-26,4.463e-06,9.845e-06,0.0001027,2.068e-26,2.053e-06,0.0006128,0.0004307,5.321e-08,0.06013,0.00288,0.01275,0.09623,8.172e-06,1.273e-06,0.152
   50280,   50340,0.0023105,0.004194,0.01484,5.706e-26,4.57e-06,1.005e-05,0.0001047,2.1e-26,2.121e-06,0.0006237,0.0004382,5.462e-08,0.06076,0.002928,0.01286,0.09718,8.338e-06,1.314e-06,0.152
   50340,   50400,0.0019751,0.004249,0.015,5.792e-26,4.671e-06,1.024e-05,0.0001066,2.13e-26,2.187e-06,0.000634,0.0004454,5.596e-08,0.06134,0.002973,0.01297,0.09807,8.495e-06,1.353e-06,0.152
   50400,   50460,0.0019656,0.004307,0.01518,5.883e-26,4.781e-06,1.044e-05,0.0001086,2.163e-26,2.257e-06,0.000645,0.0004529,5.741e-08,0.06195,0.003021,0.01308,0.099,8.662e-06,1.396e-06,0.152
   50460,   50520,0.0019575,0.004365,0.01536,5.976e-26,4.89e-06,1.064e-05,0.0001107,2.196e-26,2.33e-06,0.0006559,0.0004605,5.887e-08,0.06255,0.003069,0.01318,0.09991,8.83e-06,1.439e-06,0.152
   50520,   50580,0.0019653,0.004419,0.01552,6.065e-26,4.995e-06,1.083e-05,0.0001126,2.227e-26,2.399e-06,0.0006662,0.0004676,6.026e-08,0.06311,0.003114,0.01329,0.1008,8.989e-06,1.481e-06,0.152
   50580,   50640,0.0019973,0.004476,0.01569,6.16e-26,5.106e-06,1.104e-05,0.0001146,2.261e-26,2.475e-06,0.0006772,0.0004752,6.176e-08,0.0637,0.003161,0.01339,0.1017,9.158e-06,1.526e-06,0.152
   50640,   50700,0.0021583,0.004532,0.01587,6.257e-26,5.22e-06,1.124e-05,0.0001167,2.295e-26,2.552e-06,0.0006882,0.0004827,6.33e-08,0.06428,0.003209,0.0135,0.1025,9.329e-06,1.573e-06,0.152
   50700,   50760,0.0023021,0.004585,0.01603,6.349e-26,5.326e-06,1.144e-05,0.0001186,2.327e-26,2.626e-06,0.0006985,0.0004898,6.474e-08,0.06482,0.003253,0.01359,0.1034,9.49e-06,1.617e-06,0.152
   50760,   50820,0.0020329,0.004641,0.01619,6.448e-26,5.442e-06,1.165e-05,0.0001207,2.363e-26,2.707e-06,0.0007095,0.0004973,6.631e-08,0.06539,0.0033,0.0137,0.1042,9.662e-06,1.665e-06,0.152
   50820,   50880,0.0020561,0.004696,0.01636,6.549e-26,5.558e-06,1.185e-05,0.0001227,2.398e-26,2.789e-06,0.0007204,0.0005048,6.79e-08,0.06595,0.003347,0.0138,0.1051,9.834e-06,1.715e-06,0.152
   50880,   50940,0.0021233,0.004748,0.01651,6.645e-26,5.669e-06,1.205e-05,0.0001247,2.432e-26,2.867e-06,0.0007308,0.0005119,6.941e-08,0.06647,0.003392,0.01389,0.1058,9.998e-06,1.762e-06,0.152
   50940,   51000,0.00219,0.004803,0.01668,6.75e-26,5.785e-06,1.226e-05,0.0001268,2.469e-26,2.952e-06,0.0007417,0.0005194,7.102e-08,0.06701,0.003438,0.01399,0.1067,1.017e-05,1.813e-06,0.152
   51000,   51060,0.0023867,0.004858,0.01684,6.855e-26,5.901e-06,1.247e-05,0.0001288,2.506e-26,3.037e-06,0.0007526,0.0005269,7.261e-08,0.06756,0.003485,0.01408,0.1075,1.034e-05,1.865e-06,0.152
   51060,   51120,0.002397,0.004908,0.01699,6.956e-26,6.015e-06,1.267e-05,0.0001308,2.541e-26,3.121e-06,0.000763,0.000534,7.42e-08,0.06806,0.003529,0.01417,0.1083,1.051e-05,1.916e-06,0.152
   51120,   51180,0.0022484,0.004962,0.01715,7.064e-26,6.127e-06,1.287e-05,0.0001328,2.579e-26,3.211e-06,0.0007736,0.0005413,7.58e-08,0.06859,0.003575,0.01427,0.109,1.068e-05,1.969e-06,0.152
   51180,   51240,0.0022218,0.005011,0.0173,7.174e-26,6.257e-06,1.308e-05,0.0001348,2.618e-26,3.303e-06,0.0007838,0.0005478,7.756e-08,0.06911,0.003615,0.01436,0.1098,1.085e-05,2.025e-06,0.152
   51240,   51300,0.0022157,0.005063,0.01745,7.279e-26,6.372e-06,1.33e-05,0.0001369,2.655e-26,3.391e-06,0.0007949,0.0005556,7.918e-08,0.06959,0.003662,0.01444,0.1106,1.103e-05,2.078e-06,0.152
   51300,   51360,0.0022058,0.005117,0.0176,7.393e-26,6.492e-06,1.351e-05,0.000139,2.694e-26,3.484e-06,0.0008057,0.0005629,8.088e-08,0.07009,0.003709,0.01453,0.1113,1.12e-05,2.135e-06,0.152
   51360,   51420,0.0021782,0.00517,0.01776,7.508e-26,6.616e-06,1.372e-05,0.0001411,2.735e-26,3.581e-06,0.0008168,0.0005706,8.263e-08,0.07059,0.003755,0.01462,0.1121,1.138e-05,2.194e-06,0.152
   51420,   51480,0.0021624,0.005219,0.0179,7.618e-26,6.734e-06,1.392e-05,0.0001431,2.773e-26,3.674e-06,0.000827,0.0005776,8.43e-08,0.07106,0.003798,0.0147,0.1128,1.155e-05,2.25e-06,0.152
   51480,   51540,0.0021546,0.00527,0.01805,7.736e-26,6.859e-06,1.413e-05,0.0001452,2.815e-26,3.773e-06,0.0008379,0.0005847,8.607e-08,0.07155,0.003843,0.01479,0.1135,1.173e-05,2.31e-06,0.152
   51540,   51600,0.0021478,0.005321,0.0182,7.856e-26,6.984e-06,1.435e-05,0.0001473,2.857e-26,3.874e-06,0.0008487,0.0005921,8.787e-08,0.07204,0.003888,0.01487,0.1142,1.19e-05,2.372e-06,0.152
   51600,   51660,0.0021335,0.005369,0.01834,7.971e-26,7.103e-06,1.455e-05,0.0001493,2.898e-26,3.971e-06,0.0008588,0.000599,8.957e-08,0.0725,0.00393,0.01495,0.1149,1.207e-05,2.431e-06,0.152
   51660,   51720,0.0020916,0.005419,0.01848,8.095e-26,7.229e-06,1.477e-05,0.0001514,2.941e-26,4.075e-06,0.0008696,0.0006063,9.14e-08,0.07296,0.003975,0.01504,0.1156,1.225e-05,2.494e-06,0.152
   51720,   51780,0.0020351,0.005469,0.01862,8.221e-26,7.357e-06,1.498e-05,0.0001535,2.985e-26,4.181e-06,0.0008804,0.0006135,9.324e-08,0.07343,0.004019,0.01512,0.1163,1.243e-05,2.559e-06,0.152
   51780,   51840,0.0020041,0.005515,0.01876,8.342e-26,7.477e-06,1.518e-05,0.0001555,3.027e-26,4.283e-06,0.0008904,0.0006203,9.499e-08,0.07386,0.004061,0.01519,0.117,1.26e-05,2.621e-06,0.152
   51840,   51900,0.0019925,0.005565,0.0189,8.471e-26,7.605e-06,1.54e-05,0.0001576,3.073e-26,4.392e-06,0.0009011,0.0006274,9.686e-08,0.07431,0.004104,0.01527,0.1177,1.278e-05,2.687e-06,0.152
   51900,   51960,0.001987,0.005613,0.01904,8.605e-26,7.734e-06,1.561e-05,0.0001597,3.119e-26,4.502e-06,0.0009118,0.0006346,9.875e-08,0.07477,0.004148,0.01535,0.1183,1.296e-05,2.755e-06,0.152
   51960,   52020,0.0020101,0.005659,0.01917,8.732e-26,7.856e-06,1.582e-05,0.0001616,3.163e-26,4.608e-06,0.0009218,0.0006413,1.005e-07,0.07518,0.004189,0.01542,0.119,1.313e-05,2.82e-06,0.152
   52020,   52080,0.0020483,0.005707,0.01931,8.868e-26,7.987e-06,1.603e-05,0.0001637,3.211e-26,4.722e-06,0.0009324,0.0006484,1.025e-07,0.07562,0.004232,0.0155,0.1196,1.331e-05,2.89e-06,0.152
   52080,   52140,0.0021058,0.005755,0.01944,9.008e-26,8.117e-06,1.625e-05,0.0001658,3.26e-26,4.838e-06,0.000943,0.0006555,1.044e-07,0.07606,0.004275,0.01558,0.1203,1.349e-05,2.961e-06,0.152
   52140,   52200,0.0021679,0.005799,0.01957,9.141e-26,8.241e-06,1.645e-05,0.0001678,3.306e-26,4.949e-06,0.0009529,0.0006621,1.062e-07,0.07646,0.004316,0.01565,0.1209,1.366e-05,3.029e-06,0.152
   52200,   52260,0.0022342,0.005846,0.0197,9.284e-26,8.372e-06,1.666e-05,0.0001699,3.356e-26,5.067e-06,0.0009634,0.0006691,1.082e-07,0.07689,0.004358,0.01572,0.1215,1.383e-05,3.102e-06,0.152
   52260,   52320,0.0022773,0.005893,0.01983,9.43e-26,8.504e-06,1.688e-05,0.000172,3.407e-26,5.188e-06,0.0009738,0.0006761,1.102e-07,0.07731,0.0044,0.01579,0.1221,1.402e-05,3.176e-06,0.152
   52320,   52380,0.0023347,0.005936,0.01995,9.57e-26,8.628e-06,1.708e-05,0.0001739,3.456e-26,5.302e-06,0.0009837,0.0006826,1.121e-07,0.0777,0.00444,0.01586,0.1227,1.418e-05,3.246e-06,0.152
   52380,   52440,0.0024889,0.005982,0.02008,9.721e-26,8.761e-06,1.73e-05,0.000176,3.509e-26,5.426e-06,0.0009941,0.0006895,1.141e-07,0.0781,0.004482,0.01593,0.1233,1.437e-05,3.323e-06,0.152
   52440,   52500,0.002511,0.006027,0.02021,9.875e-26,8.894e-06,1.751e-05,0.0001781,3.562e-26,5.551e-06,0.001004,0.0006964,1.161e-07,0.07851,0.004523,0.016,0.1239,1.455e-05,3.4e-06,0.152
   52500,   52560,0.002821,0.00607,0.02033,1.002e-25,9.02e-06,1.771e-05,0.0001801,3.613e-26,5.67e-06,0.001014,0.0007028,1.18e-07,0.07888,0.004562,0.01607,0.1245,1.471e-05,3.473e-06,0.152
   52560,   52620,0.0032873,0.006115,0.02045,1.018e-25,9.153e-06,1.793e-05,0.0001821,3.669e-26,5.798e-06,0.001024,0.0007097,1.2e-07,0.07928,0.004603,0.01613,0.1251,1.489e-05,3.553e-06,0.152
   52620,   52680,0.0026756,0.006159,0.02058,1.034e-25,9.288e-06,1.814e-05,0.0001842,3.725e-26,5.928e-06,0.001035,0.0007165,1.221e-07,0.07967,0.004644,0.0162,0.1257,1.508e-05,3.633e-06,0.152
   52680,   52740,0.0032321,0.0062,0.02069,1.05e-25,9.414e-06,1.834e-05,0.0001862,3.779e-26,6.052e-06,0.001044,0.0007228,1.24e-07,0.08003,0.004683,0.01626,0.1262,1.524e-05,3.71e-06,0.152
   52740,   52800,0.0029036,0.006244,0.02081,1.067e-25,9.549e-06,1.855e-05,0.0001882,3.837e-26,6.185e-06,0.001054,0.0007295,1.261e-07,0.08042,0.004723,0.01633,0.1268,1.542e-05,3.792e-06,0.152
   52800,   52860,0.002789,0.006288,0.02093,1.084e-25,9.684e-06,1.877e-05,0.0001903,3.897e-26,6.319e-06,0.001065,0.0007362,1.282e-07,0.08079,0.004763,0.01639,0.1273,1.56e-05,3.876e-06,0.152
   52860,   52920,0.0029627,0.006328,0.02105,1.1e-25,9.811e-06,1.897e-05,0.0001922,3.954e-26,6.447e-06,0.001074,0.0007425,1.302e-07,0.08114,0.004801,0.01645,0.1279,1.577e-05,3.955e-06,0.152
   52920,   52980,0.0026428,0.006371,0.02116,1.118e-25,9.946e-06,1.918e-05,0.0001943,4.015e-26,6.584e-06,0.001084,0.0007491,1.323e-07,0.08151,0.00484,0.01652,0.1284,1.595e-05,4.041e-06,0.152
   52980,   53040,0.002775,0.006413,0.02128,1.136e-25,1.008e-05,1.939e-05,0.0001963,4.078e-26,6.723e-06,0.001094,0.0007557,1.344e-07,0.08188,0.00488,0.01658,0.129,1.613e-05,4.127e-06,0.152
   53040,   53100,0.0026987,0.006452,0.02139,1.153e-25,1.021e-05,1.959e-05,0.0001983,4.138e-26,6.855e-06,0.001104,0.0007618,1.365e-07,0.08222,0.004917,0.01664,0.1295,1.63e-05,4.21e-06,0.152
   53100,   53160,0.0027416,0.006494,0.0215,1.172e-25,1.035e-05,1.98e-05,0.0002003,4.203e-26,6.997e-06,0.001113,0.0007683,1.386e-07,0.08257,0.004956,0.0167,0.13,1.648e-05,4.298e-06,0.152
   53160,   53220,0.0028312,0.006535,0.02161,1.191e-25,1.048e-05,2.001e-05,0.0002023,4.269e-26,7.14e-06,0.001123,0.0007748,1.408e-07,0.08292,0.004994,0.01676,0.1305,1.666e-05,4.388e-06,0.152
   53220,   53280,0.0028957,0.006574,0.02172,1.209e-25,1.061e-05,2.021e-05,0.0002042,4.332e-26,7.276e-06,0.001133,0.0007808,1.428e-07,0.08325,0.00503,0.01681,0.131,1.683e-05,4.473e-06,0.152
   53280,   53340,0.0030417,0.006614,0.02183,1.229e-25,1.075e-05,2.042e-05,0.0002063,4.401e-26,7.423e-06,0.001142,0.0007872,1.45e-07,0.08359,0.005069,0.01687,0.1315,1.7e-05,4.564e-06,0.152
   53340,   53400,0.0027404,0.006654,0.02194,1.249e-25,1.088e-05,2.063e-05,0.0002083,4.471e-26,7.57e-06,0.001152,0.0007936,1.472e-07,0.08393,0.005107,0.01693,0.132,1.718e-05,4.657e-06,0.152
   53400,   53460,0.0027541,0.006692,0.02204,1.269e-25,1.101e-05,2.082e-05,0.0002102,4.538e-26,7.711e-06,0.001161,0.0007996,1.493e-07,0.08425,0.005142,0.01699,0.1325,1.735e-05,4.745e-06,0.152
   53460,   53520,0.00286,0.006732,0.02215,1.29e-25,1.115e-05,2.103e-05,0.0002122,4.611e-26,7.861e-06,0.001171,0.0008059,1.515e-07,0.08458,0.00518,0.01704,0.133,1.753e-05,4.839e-06,0.152
   53520,   53580,0.0028052,0.006771,0.02226,1.311e-25,1.129e-05,2.124e-05,0.0002142,4.685e-26,8.013e-06,0.001181,0.0008121,1.537e-07,0.08491,0.005217,0.0171,0.1335,1.77e-05,4.935e-06,0.152
   53580,   53640,0.0028396,0.006807,0.02236,1.332e-25,1.142e-05,2.143e-05,0.0002161,4.757e-26,8.157e-06,0.00119,0.000818,1.558e-07,0.08522,0.005252,0.01715,0.1339,1.787e-05,5.025e-06,0.152
   53640,   53700,0.0029986,0.006846,0.02246,1.354e-25,1.155e-05,2.164e-05,0.0002181,4.834e-26,8.312e-06,0.001199,0.0008242,1.58e-07,0.08554,0.005288,0.0172,0.1344,1.805e-05,5.123e-06,0.152
   53700,   53760,0.0030243,0.006884,0.02256,1.377e-25,1.169e-05,2.185e-05,0.00022,4.912e-26,8.468e-06,0.001209,0.0008303,1.603e-07,0.08585,0.005325,0.01726,0.1349,1.822e-05,5.221e-06,0.152
