CampaignData_and_Merges/R0/CSL_MobileLab_Parked/raw/20240812/USOS-NOAAIodideCIMS-OrgNitrs_MobileLabGround_20240812_RA.ict
37, 1001
Michael A Robinson, Chris Jernigan, Subi Thakali
NOAA ESRL Chemical Sciences Laboratory and CIRES, U. of Colorado
NOAA Iodide CIMS Instrument
USOS
1, 1
2024, 08, 12, 2024, 08, 13
1
starttime_UTC, seconds_past_midnight, seconds_of_day_since_00:00:00_UTC
5
1, 1, 1, 1, 1
-9999, -9999, -9999, -9999, -9999
C4H7NO5_NOAACIMS, pptv, Gas_C4H7NO5_InSitu_S_AVMR, 
ISOPN_NOAACIMS, pptv, Gas_ISOPN_InSitu_S_AVMR, 
C5H10O3_NOAACIMS, pptv, Gas_C5H10O3_InSitu_S_AVMR, 
C5H9NO5_NOAACIMS, pptv, Gas_C5H9NO5_InSitu_S_AVMR, 
C10H17NO4_NOAACIMS, pptv, Gas_C10H17NO4_InSitu_S_AVMR, 
0
18
PI_CONTACT_INFO: 325 Broadway, R/CSD 7, Boulder, Colorado 80305; michael.a.robinson@noaa.gov; chris.jernigan@noaa.gov;
PLATFORM: NOAA CSL Mobile Lab
LOCATION: SLC, Utah
ASSOCIATED_DATA: 1Hz data also available on request.
INSTRUMENT_INFO: NOAA I- ToF CIMS
DATA_INFO: All data in parts per trillion by volume (pptv). 1 Hz data is available upon request.
UNCERTAINTY: TBD
ULOD_FLAG: -7777
ULOD_VALUE: N/A
LLOD_FLAG: -8888
LLOD_VALUE: N/A
DM_CONTACT_INFO: Nathan Howard; nathan.h.howard@noaa.gov
PROJECT_INFO: USOS, summer 2024. https://csl.noaa.gov/groups/csl7/measurements/2024usos/
STIPULATIONS_ON_USE: Users are strongly encouraged to contact the PI for proper data usage.
OTHER_COMMENTS: 
REVISION: RA
RA: Preliminary Data; For in-field use only
starttime_UTC, C4H7NO5_NOAACIMS, ISOPN_NOAACIMS, C5H10O3_NOAACIMS, C5H9NO5_NOAACIMS, C10H17NO4_NOAACIMS
     0, -9999.000, -9999.000, -9999.000, -9999.000, -9999.000
    60, -9999.000, -9999.000, -9999.000, -9999.000, -9999.000
   120, -9999.000, -9999.000, -9999.000, -9999.000, -9999.000
   180, -9999.000, -9999.000, -9999.000, -9999.000, -9999.000
   240,  6.437,  7.062, 37.226,  4.647,  0.230
   300,  6.269,  7.197, 39.117,  4.635,  0.204
   360,  6.247,  6.924, 38.947,  4.997,  0.220
   420,  6.342,  6.987, 39.444,  4.896,  0.230
   480,  6.168,  6.266, 38.986,  4.835,  0.237
   540,  6.219,  5.453, 36.665,  4.352,  0.122
   600, -9999.000, -9999.000, -9999.000, -9999.000, -9999.000
   660,  6.148,  6.605, 33.989,  4.793,  0.243
   720,  6.267,  7.973, 37.564,  4.708,  0.194
   780,  6.316,  7.446, 38.961,  4.905,  0.216
   840,  6.342,  7.721, 37.951,  4.750,  0.244
   900,  6.513,  8.709, 40.689,  4.821,  0.284
   960,  6.445,  9.620, 42.305,  4.647,  0.199
  1020,  6.489,  8.664, 41.615,  4.631,  0.266
  1080,  6.415,  8.288, 43.565,  4.815,  0.193
  1140,  6.468,  8.383, 40.468,  4.519,  0.218
  1200,  6.428,  8.116, 42.537,  4.613,  0.275
  1260,  6.421,  8.053, 42.164,  4.439,  0.265
  1320,  6.412,  8.523, 41.715,  4.585,  0.164
  1380,  6.524,  8.336, 42.246,  4.550,  0.219
  1440,  6.293,  8.324, 42.470,  4.622,  0.212
  1500,  6.435,  7.916, 42.664,  4.388,  0.190
  1560,  6.321,  8.816, 44.738,  4.441,  0.217
  1620,  6.471,  8.984, 42.029,  4.496,  0.203
  1680,  6.512,  8.691, 42.686,  4.395,  0.247
  1740,  6.373,  8.609, 43.634,  4.631,  0.174
  1800,  6.536,  8.766, 44.449,  4.611,  0.215
  1860,  6.562,  8.610, 44.910,  4.431,  0.217
  1920,  6.481,  8.608, 46.628,  4.266,  0.181
  1980,  6.417,  9.270, 45.973,  4.197,  0.174
  2040,  6.535,  8.684, 45.962,  4.380,  0.119
  2100,  6.425,  8.380, 45.831,  4.391,  0.116
  2160,  6.499,  8.580, 46.900,  4.314,  0.198
  2220,  6.566,  8.984, 45.330,  4.149,  0.132
  2280,  6.629,  9.056, 48.502,  4.467,  0.213
  2340,  6.538,  8.652, 45.965,  4.441,  0.165
  2400,  6.517,  9.453, 47.714,  4.103,  0.232
  2460,  6.510,  8.912, 39.604,  4.621,  0.279
  2520,  6.706,  8.654, 42.665,  4.314,  0.184
  2580,  6.759,  8.746, 43.019,  4.316,  0.140
  2640,  6.716,  8.903, 44.909,  4.571,  0.215
  2700,  6.599,  9.632, 45.371,  4.435,  0.217
  2760,  6.584,  9.530, 45.919,  4.317,  0.213
  2820,  6.713,  9.467, 46.073,  4.472,  0.210
  2880,  6.834,  9.382, 44.585,  4.516,  0.172
  2940,  6.899,  8.650, 44.154,  4.613,  0.142
  3000,  7.064,  8.800, 43.443,  4.739,  0.188
  3060,  7.056,  9.156, 42.621,  4.856,  0.174
  3120,  7.069,  9.256, 45.849,  4.738,  0.238
  3180,  7.012,  9.638, 48.260,  4.858,  0.210
  3240,  7.018,  9.353, 47.326,  4.726,  0.247
  3300,  6.960,  9.598, 47.069,  4.802,  0.184
  3360,  6.883,  9.785, 50.628,  4.872,  0.260
  3420,  6.955,  9.754, 49.898,  4.790,  0.247
  3480,  6.824,  9.653, 49.295,  4.524,  0.276
  3540,  6.780, 10.162, 50.061,  4.885,  0.247
  3600,  6.778,  9.957, 49.384,  4.771,  0.275
  3660,  6.599,  8.808, 48.412,  4.412,  0.205
  3720,  6.411,  8.622, 45.639,  4.465,  0.181
  3780,  6.499,  8.303, 43.811,  4.404,  0.159
  3840,  6.402,  8.466, 43.562,  4.399,  0.161
  3900,  6.428,  8.573, 42.972,  4.281,  0.183
  3960,  6.331,  8.272, 43.190,  4.340,  0.168
  4020,  6.442,  8.301, 43.354,  4.268,  0.201
  4080,  6.400,  8.475, 43.407,  4.307,  0.223
  4140,  6.492,  8.771, 43.413,  4.370,  0.132
  4200,  6.636,  9.266, 46.654,  4.436,  0.178
  4260, -9999.000, -9999.000, -9999.000, -9999.000, -9999.000
  4320,  6.398,  9.462, 41.027,  4.214,  0.267
  4380,  6.619,  9.538, 42.861,  4.469,  0.175
  4440,  6.650,  9.797, 46.445,  4.571,  0.220
  4500,  6.872,  9.969, 47.299,  4.403,  0.171
  4560,  6.706, 10.174, 48.970,  4.610,  0.115
  4620,  6.664,  9.973, 48.894,  4.495,  0.164
  4680,  6.631, 10.233, 49.446,  4.463,  0.156
  4740,  6.754, 10.167, 50.548,  4.495,  0.162
  4800,  6.741, 10.189, 50.920,  4.439,  0.198
  4860,  6.807, 10.851, 50.186,  4.426,  0.198
  4920,  6.703,  9.989, 52.014,  4.457,  0.237
  4980,  6.716, 10.368, 51.114,  4.488,  0.205
  5040,  6.781, 10.726, 51.539,  4.652,  0.237
  5100,  6.767, 11.192, 52.926,  4.510,  0.219
  5160,  6.883, 11.065, 53.081,  4.591,  0.201
  5220,  6.789, 10.509, 54.493,  4.642,  0.244
  5280,  6.747, 11.097, 52.659,  4.511,  0.272
  5340,  6.685, 10.680, 53.306,  4.397,  0.237
  5400,  6.587, 10.700, 55.340,  4.660,  0.231
  5460,  6.628, 10.969, 52.789,  4.578,  0.217
  5520,  6.664, 10.463, 53.261,  4.422,  0.194
  5580,  6.478, 10.504, 52.078,  4.271,  0.220
  5640,  6.537, 10.897, 51.968,  4.530,  0.249
  5700,  6.491, 10.158, 52.767,  4.458,  0.179
  5760,  6.675, 10.665, 51.947,  4.431,  0.291
  5820,  6.695, 10.644, 52.546,  4.494,  0.290
  5880,  6.565, 10.846, 52.293,  4.249,  0.188
  5940,  6.703, 10.738, 52.750,  4.386,  0.224
  6000,  6.808, 10.531, 51.988,  4.219,  0.236
  6060,  6.779, 10.934, 54.975,  4.450,  0.260
  6120, -9999.000, -9999.000, -9999.000, -9999.000, -9999.000
  6180,  6.429, 10.610, 49.642,  4.077,  0.264
  6240,  6.425, 10.929, 50.118,  4.314,  0.254
  6300,  6.498, 11.323, 52.454,  4.567,  0.212
  6360,  6.610, 11.327, 54.179,  4.341,  0.294
  6420,  6.543, 11.580, 53.738,  4.232,  0.297
  6480,  6.552, 10.818, 51.487,  4.444,  0.299
  6540,  6.670, 11.139, 51.897,  4.234,  0.260
  6600,  6.729, 10.879, 52.132,  4.540,  0.239
  6660,  6.777, 10.902, 53.657,  4.495,  0.222
  6720,  6.810, 11.260, 54.634,  4.539,  0.206
  6780,  6.780, 11.374, 55.531,  4.420,  0.252
  6840,  6.924, 11.283, 53.633,  4.537,  0.182
  6900,  6.763, 11.415, 55.522,  4.571,  0.210
  6960,  6.595, 10.733, 55.038,  4.410,  0.280
  7020,  6.622, 11.137, 55.585,  4.501,  0.237
  7080,  6.561, 11.176, 54.081,  4.322,  0.239
  7140,  6.365, 11.249, 53.458,  4.308,  0.254
  7200,  6.500, 11.304, 54.282,  4.425,  0.341
  7260,  6.324, 11.291, 53.850,  4.358,  0.282
  7320,  6.447, 11.361, 51.785,  4.435,  0.284
  7380,  6.358, 11.352, 52.746,  4.232,  0.334
  7440,  6.535, 11.581, 52.473,  4.390,  0.268
  7500,  6.542, 11.608, 52.781,  4.293,  0.275
  7560,  6.577, 11.988, 52.709,  4.473,  0.233
  7620,  6.577, 11.802, 54.275,  4.469,  0.313
  7680,  6.539, 11.746, 51.608,  4.557,  0.284
  7740,  6.660, 11.780, 53.506,  4.510,  0.253
  7800,  6.303, 11.111, 54.040,  4.392,  0.252
  7860,  6.508, 11.404, 54.648,  4.307,  0.292
  7920,  6.441, 12.001, 53.505,  4.326,  0.347
  7980, -9999.000, -9999.000, -9999.000, -9999.000, -9999.000
  8040,  6.120, 11.097, 46.325,  4.095,  0.322
  8100,  6.236, 10.891, 47.646,  4.405,  0.341
  8160,  6.228, 11.681, 50.162,  4.314,  0.367
  8220,  6.192, 12.142, 51.417,  4.631,  0.415
  8280,  6.289, 11.157, 50.319,  4.590,  0.459
  8340,  6.217, 11.322, 51.796,  4.529,  0.386
  8400,  6.255, 11.797, 52.936,  4.666,  0.424
  8460,  6.181, 11.831, 53.431,  4.814,  0.444
  8520,  6.262, 11.556, 53.680,  4.806,  0.406
  8580,  6.255, 11.745, 53.658,  4.860,  0.533
  8640,  6.224, 11.765, 54.706,  4.847,  0.526
  8700,  6.243, 11.649, 54.456,  4.934,  0.551
  8760,  6.327, 11.653, 53.777,  5.051,  0.534
  8820,  6.234, 11.732, 54.107,  5.102,  0.636
  8880,  6.171, 11.544, 54.627,  5.014,  0.638
  8940,  6.308, 12.734, 56.412,  5.099,  0.671
  9000,  6.381, 12.738, 54.457,  5.330,  0.697
  9060,  6.217, 12.819, 56.449,  5.262,  0.671
  9120,  6.220, 12.717, 56.782,  5.285,  0.638
  9180,  6.239, 13.317, 58.145,  5.703,  0.769
  9240,  6.284, 14.268, 62.417,  6.250,  0.755
  9300,  6.196, 12.967, 58.772,  5.998,  0.839
  9360,  5.450, 12.570, 57.361,  6.028,  0.663
  9420,  4.152, 11.303, 51.224,  5.510,  0.571
  9480,  3.902, 10.055, 46.190,  5.007,  0.453
  9540,  3.457,  8.581, 43.937,  4.456,  0.488
  9600,  2.844,  6.808, 41.112,  4.088,  0.314
  9660,  2.549,  5.897, 37.846,  3.779,  0.312
  9720,  2.295,  4.374, 35.869,  3.609,  0.308
  9780,  2.096,  3.952, 34.067,  3.416,  0.253
  9840,  1.915,  3.689, 29.403,  3.023,  0.300
  9900,  1.953,  3.216, 29.239,  3.299,  0.206
  9960,  1.924,  3.197, 29.325,  3.090,  0.226
 10020,  1.902,  3.163, 28.711,  3.216,  0.228
 10080,  1.942,  3.278, 28.494,  3.140,  0.153
 10140,  1.960,  3.196, 29.091,  3.113,  0.229
 10200,  1.955,  3.228, 28.125,  3.203,  0.204
 10260,  1.930,  3.096, 28.963,  3.094,  0.224
 10320,  1.893,  3.108, 28.928,  3.022,  0.212
 10380,  1.841,  2.948, 28.765,  3.020,  0.257
 10440,  1.787,  2.705, 26.950,  3.087,  0.239
 10500,  1.784,  2.686, 27.881,  3.107,  0.225
 10560,  1.721,  2.529, 27.646,  2.963,  0.253
 10620,  1.703,  2.249, 27.250,  2.922,  0.226
 10680,  1.588,  2.221, 26.728,  2.861,  0.274
 10740,  1.586,  2.287, 26.244,  2.765,  0.280
 10800,  1.505,  2.049, 25.214,  2.788,  0.227
 10860,  1.562,  1.600, 25.683,  2.743,  0.250
 10920,  1.539,  1.894, 24.558,  2.782,  0.242
 10980,  1.480,  1.705, 23.886,  2.821,  0.257
 11040,  1.495,  1.779, 23.918,  2.785,  0.244
 11100,  1.496,  1.869, 23.913,  2.720,  0.272
 11160,  1.518,  1.853, 23.560,  2.784,  0.220
 11220,  1.481,  2.032, 23.857,  2.913,  0.280
 11280,  1.525,  1.900, 23.707,  2.872,  0.179
 11340,  1.546,  2.077, 24.028,  2.721,  0.263
 11400,  1.509,  2.052, 24.220,  2.769,  0.268
 11460,  1.521,  2.040, 24.410,  2.773,  0.253
 11520,  1.508,  1.928, 23.806,  2.651,  0.253
 11580,  1.526,  2.256, 25.261,  2.859,  0.279
 11640, -9999.000, -9999.000, -9999.000, -9999.000, -9999.000
 11700,  1.437,  1.732, 21.338,  2.508,  0.251
 11760,  1.436,  2.139, 21.552,  2.717,  0.294
 11820,  1.470,  1.939, 22.277,  2.686,  0.318
 11880,  1.480,  1.807, 22.367,  2.702,  0.282
 11940,  1.444,  1.996, 21.346,  2.655,  0.282
 12000,  1.447,  1.793, 23.870,  2.622,  0.331
 12060,  1.495,  1.875, 23.384,  2.766,  0.276
 12120,  1.471,  1.816, 23.015,  2.775,  0.315
 12180,  1.486,  1.701, 23.104,  2.754,  0.363
 12240,  1.432,  1.801, 22.758,  2.824,  0.333
 12300,  1.440,  1.820, 23.356,  2.807,  0.323
 12360,  1.441,  1.697, 22.432,  2.879,  0.327
 12420,  1.456,  2.019, 23.101,  2.851,  0.374
 12480,  1.432,  1.732, 22.183,  2.833,  0.317
 12540,  1.388,  1.547, 22.489,  2.741,  0.229
 12600,  1.399,  1.725, 22.018,  2.612,  0.334
 12660,  1.421,  1.872, 22.371,  2.880,  0.299
 12720,  1.378,  1.759, 22.857,  2.881,  0.311
 12780,  1.423,  1.978, 22.667,  2.888,  0.300
 12840,  1.430,  1.905, 22.614,  2.801,  0.403
 12900,  1.423,  1.616, 22.229,  2.972,  0.303
 12960,  1.413,  1.857, 23.200,  2.783,  0.219
 13020,  1.467,  1.994, 23.933,  2.980,  0.305
 13080,  1.475,  1.897, 23.864,  2.966,  0.315
 13140,  1.473,  2.108, 24.855,  2.940,  0.364
 13200,  1.485,  1.989, 23.818,  3.057,  0.353
 13260,  1.521,  2.327, 24.634,  3.084,  0.424
 13320,  1.509,  2.321, 23.972,  3.043,  0.362
 13380,  1.570,  2.392, 26.194,  3.204,  0.440
 13440,  1.547,  2.764, 26.183,  3.277,  0.419
 13500,  1.695,  2.411, 25.694,  3.381,  0.755
 13560,  1.481,  2.502, 24.557,  3.227,  0.413
 13620,  1.487,  2.511, 24.280,  3.234,  0.418
 13680,  1.490,  2.801, 25.655,  3.124,  0.413
 13740,  1.463,  2.670, 25.337,  3.167,  0.394
 13800,  1.509,  2.616, 25.219,  3.182,  0.392
 13860,  1.463,  2.742, 25.693,  3.177,  0.390
 13920,  1.442,  2.717, 25.058,  3.099,  0.325
 13980,  1.491,  2.951, 25.800,  3.172,  0.320
 14040,  1.517,  2.645, 25.713,  3.224,  0.333
 14100,  1.529,  3.345, 25.790,  3.381,  0.350
 14160,  1.608,  3.555, 27.143,  3.503,  0.367
 14220,  1.634,  3.652, 28.885,  3.572,  0.370
 14280,  1.663,  3.901, 29.036,  3.683,  0.389
 14340,  1.677,  4.035, 29.974,  3.607,  0.331
 14400,  1.748,  4.267, 33.051,  3.938,  0.393
 14460,  1.772,  4.582, 34.122,  3.889,  0.365
 14520,  1.752,  4.274, 33.709,  3.899,  0.400
 14580,  1.770,  4.561, 34.610,  3.981,  0.431
 14640,  1.797,  4.519, 33.861,  4.079,  0.411
 14700,  1.821,  4.451, 34.969,  3.845,  0.422
 14760,  1.802,  4.493, 34.377,  3.991,  0.362
 14820,  1.767,  4.452, 34.135,  3.893,  0.391
 14880,  1.742,  4.039, 32.450,  3.900,  0.398
 14940,  1.706,  4.102, 32.763,  3.840,  0.403
 15000,  1.689,  3.725, 33.457,  3.923,  0.416
 15060,  1.635,  3.618, 31.489,  3.677,  0.381
 15120,  1.575,  3.399, 30.227,  3.802,  0.352
 15180,  1.522,  3.361, 29.230,  3.793,  0.364
 15240,  1.517,  3.215, 28.229,  3.777,  0.364
 15300,  1.510,  2.776, 28.235,  3.712,  0.434
 15360, -9999.000, -9999.000, -9999.000, -9999.000, -9999.000
 15420,  1.391,  2.649, 22.743,  3.495,  0.392
 15480,  1.422,  2.513, 22.491,  3.504,  0.335
 15540,  1.392,  2.510, 23.006,  3.485,  0.328
 15600,  1.390,  2.545, 22.626,  3.394,  0.371
 15660,  1.351,  2.376, 21.673,  3.403,  0.331
 15720,  1.403,  2.722, 23.783,  3.337,  0.367
 15780,  1.335,  2.309, 22.132,  3.288,  0.394
 15840,  1.291,  2.071, 21.260,  3.113,  0.362
 15900,  1.222,  1.942, 20.453,  2.932,  0.324
 15960,  1.226,  2.006, 18.920,  2.913,  0.340
 16020,  1.222,  1.978, 18.640,  2.771,  0.297
 16080,  1.231,  1.946, 18.293,  2.667,  0.345
 16140,  1.194,  1.715, 18.116,  2.745,  0.310
 16200,  1.175,  1.854, 17.271,  2.644,  0.303
 16260,  1.188,  1.622, 16.861,  2.689,  0.355
 16320,  1.194,  1.867, 18.907,  2.868,  0.349
 16380,  1.182,  1.866, 18.203,  2.680,  0.379
 16440,  1.210,  1.738, 17.619,  2.844,  0.389
 16500,  1.213,  1.763, 18.542,  2.864,  0.435
 16560,  1.227,  1.648, 17.808,  2.788,  0.364
 16620,  1.192,  1.701, 18.060,  2.775,  0.419
 16680,  1.204,  2.004, 18.807,  2.977,  0.493
 16740,  1.229,  2.011, 18.271,  3.108,  0.469
 16800,  1.279,  2.235, 20.727,  3.174,  0.567
 16860,  1.288,  2.074, 21.081,  3.208,  0.556
 16920,  1.321,  2.159, 21.585,  3.493,  0.563
 16980,  1.351,  2.247, 21.869,  3.241,  0.561
 17040,  1.323,  2.325, 21.808,  3.360,  0.536
 17100,  1.331,  2.288, 23.319,  3.363,  0.592
 17160,  1.356,  2.487, 22.085,  3.406,  0.652
 17220,  1.305,  2.396, 22.410,  3.533,  0.673
 17280,  1.300,  2.188, 20.965,  3.453,  0.612
 17340,  1.334,  2.294, 21.729,  3.343,  0.633
 17400,  1.374,  2.159, 22.501,  3.446,  0.657
 17460,  1.307,  2.189, 22.798,  3.397,  0.703
 17520,  1.316,  2.346, 21.640,  3.394,  0.686
 17580,  1.329,  2.413, 22.304,  3.438,  0.643
 17640,  1.330,  2.095, 22.113,  3.252,  0.682
 17700,  1.311,  2.128, 21.950,  3.269,  0.633
 17760,  1.242,  2.356, 21.758,  3.184,  0.698
 17820,  1.271,  2.090, 21.043,  3.166,  0.603
 17880,  1.266,  1.908, 21.742,  3.071,  0.632
 17940,  1.281,  2.171, 21.909,  3.051,  0.621
 18000,  1.266,  1.901, 21.945,  3.217,  0.671
 18060,  1.296,  2.152, 22.074,  3.023,  0.628
 18120,  1.244,  2.182, 21.363,  3.047,  0.650
 18180,  1.245,  2.213, 21.991,  3.067,  0.696
 18240,  1.255,  2.085, 21.275,  2.969,  0.654
 18300,  1.282,  2.159, 21.428,  3.142,  0.592
 18360,  1.309,  1.958, 20.950,  2.992,  0.640
 18420,  1.302,  2.180, 21.165,  3.049,  0.657
 18480,  1.267,  2.334, 22.247,  3.175,  0.722
 18540,  1.251,  2.260, 21.746,  3.180,  0.746
 18600,  1.339,  2.250, 21.854,  3.236,  0.660
 18660,  1.281,  2.261, 21.985,  3.185,  0.688
 18720,  1.288,  2.268, 20.917,  3.231,  0.590
 18780,  1.331,  2.458, 21.391,  3.226,  0.684
 18840,  1.304,  2.368, 21.742,  3.266,  0.690
 18900,  1.246,  2.082, 20.898,  3.111,  0.561
 18960,  1.322,  2.446, 22.301,  3.129,  0.663
 19020,  1.269,  2.466, 24.307,  3.393,  0.387
 19080,  1.227,  2.237, 17.597,  2.703,  0.518
 19140,  1.269,  2.628, 19.653,  3.271,  0.494
 19200,  1.285,  2.504, 20.223,  3.325,  0.617
 19260,  1.339,  2.497, 20.611,  3.363,  0.605
 19320,  1.282,  2.554, 21.366,  3.205,  0.643
 19380,  1.340,  2.533, 22.124,  3.241,  0.594
 19440,  1.302,  2.592, 22.197,  3.225,  0.621
 19500,  1.310,  2.606, 23.023,  3.237,  0.634
 19560,  1.303,  2.480, 22.026,  3.347,  0.615
 19620,  1.366,  2.606, 22.580,  3.426,  0.725
 19680,  1.335,  2.566, 22.603,  3.220,  0.650
 19740,  1.309,  2.498, 22.109,  3.330,  0.716
 19800,  1.331,  2.473, 22.504,  3.366,  0.738
 19860,  1.279,  2.476, 22.782,  3.256,  0.618
 19920,  1.327,  2.587, 23.338,  3.205,  0.758
 19980,  1.271,  2.265, 23.307,  3.048,  0.808
 20040,  1.208,  2.055, 21.904,  2.853,  0.684
 20100,  1.258,  2.129, 22.025,  2.770,  0.690
 20160,  1.200,  1.911, 20.843,  2.803,  0.664
