CampaignData_and_Merges/R0/CSL_MobileLab_Parked/raw/20240812/USOS-MetNav_MobileLabGround_20240812_R0.ict
44, 1001
Carrie Womack, Nate Howard, Mike Zucker
NOAA Chemical Sciences Laboratory
Mobile Lab MetNav Station
USOS
1, 1
2024, 08, 12, 2024, 12, 21
60
Time_Start, seconds_past_midnight, Seconds from midnight UTC
11
1, 1, 1, 1, 1, 1, 1, 1, 1, 1, 1
-9999, -9999, -9999, -9999, -9999, -9999, -9999, -9999, -9999, -9999, -9999
GPS_Alt_m, meters, Altitude from Differential GPS
GPS_Course_deg, degrees, Course from Differential GPS
GPS_GndSpd_m_s, m/s, Ground Speed from Differential GPS
GPS_Heading_deg, degrees, Heading from Differential GPS
GPS_Lat_deg, degrees, Latitude from Differential GPS
GPS_Lon_deg, degrees, Longitude from Differential GPS
AirTemp_C, Celsius, Air Temperature from Airmar
RelHumidity_pct, percent, Relative Humidity from Airmar
Pressure_mb, millibars, Pressure from Honeywell
WindDir_calc_deg, degrees, Wind Direction from Airmar corrected for van movement
WindSpd_calc_m_s, m/s, Wind Speed from Airmar corrected for van movement
1
SPECIAL COMMENTS:
18
PI_CONTACT_INFO: Address: 325 Broadway R/CSL7, Boulder, CO, 80305
PLATFORM: CSL Mobile Lab
LOCATION: Salt Lake City, UT
ASSOCIATED_DATA: N/A
INSTRUMENT_INFO: N/A
DATA_INFO: Units:
UNCERTAINTY: N/A
ULOD_FLAG: -7777
ULOD_VALUE: N/A
LLOD_FLAG: -8888
LLOD_VALUE: N/A
DM_CONTACT_INFO: Data Manager: Nate Howard
PROJECT_INFO: 
STIPULATIONS_ON_USE: Use of these data require prior ok from PI.
OTHER_COMMENTS: 
REVISION: R0
R0: Final data. Fixed bug in wind averaging code. RA: Preliminary Data. For in-field use only. 
Time_Start, GPS_Alt_m, GPS_Course_deg, GPS_GndSpd_m_s, GPS_Heading_deg, GPS_Lat_deg, GPS_Lon_deg, AirTemp_C, RelHumidity_pct, Pressure_mb, WindDir_calc_deg, WindSpd_calc_m_s
0.0,1308.8,2.36,0.05,2.36,40.73434,-111.87211,36.0,18.7,874.3,85.82,0.9
60.0,1308.7,1.99,0.04,1.99,40.73434,-111.87211,35.9,19.1,874.3,76.27,1.0
120.0,1308.6,1.88,0.05,1.88,40.73434,-111.87211,35.7,18.8,874.3,66.35,0.9
180.0,1308.7,1.57,0.05,1.57,40.73434,-111.87211,35.7,18.8,874.3,77.68,0.8
240.0,1308.7,1.72,0.04,1.72,40.73434,-111.87211,35.8,18.6,874.2,91.28,0.9
300.0,1308.6,1.42,0.04,1.42,40.73434,-111.87211,35.8,19.2,874.2,100.20,1.0
360.0,1308.5,1.68,0.05,1.68,40.73434,-111.87211,35.9,18.7,874.2,107.28,1.4
420.0,1308.5,2.25,0.05,2.25,40.73434,-111.87211,35.9,18.6,874.2,82.31,0.9
480.0,1308.4,2.36,0.05,2.36,40.73434,-111.87211,35.9,19.7,874.2,93.97,1.0
540.0,1308.3,1.75,0.05,1.75,40.73434,-111.87211,35.9,18.9,874.1,111.35,1.3
600.0,1308.2,1.48,0.05,1.48,40.73434,-111.87211,35.9,19.0,874.1,111.59,1.6
660.0,1308.1,1.21,0.05,1.21,40.73434,-111.87211,35.9,18.4,874.1,112.43,1.5
720.0,1308.1,1.14,0.05,1.14,40.73434,-111.87211,36.0,19.0,874.1,111.49,1.3
780.0,1308.1,1.02,0.05,1.02,40.73434,-111.87211,36.0,19.8,874.1,103.69,1.2
840.0,1308.3,1.45,0.05,1.45,40.73434,-111.87211,36.0,18.8,874.1,107.53,1.3
900.0,1308.4,2.18,0.05,2.18,40.73434,-111.87211,35.7,18.4,874.1,110.98,2.5
960.0,1308.4,1.91,0.06,1.91,40.73434,-111.87211,35.6,18.8,874.1,111.52,2.0
1020.0,1308.6,2.12,0.05,2.12,40.73434,-111.87211,35.5,19.6,874.0,112.96,1.9
1080.0,1308.6,2.30,0.05,2.30,40.73434,-111.87211,35.4,19.6,874.0,109.48,1.2
1140.0,1308.6,2.24,0.05,2.24,40.73434,-111.87211,35.5,19.7,874.0,86.39,0.8
1200.0,1308.5,1.97,0.05,1.97,40.73434,-111.87211,35.4,19.4,874.0,90.80,0.9
1260.0,1308.5,2.03,0.06,2.03,40.73434,-111.87211,35.6,19.7,873.9,103.14,1.0
1320.0,1308.9,2.43,0.05,2.43,40.73433,-111.87211,35.6,18.7,873.9,105.64,1.0
1380.0,1308.9,2.75,0.05,2.75,40.73433,-111.87211,35.6,18.9,873.9,109.14,1.5
1440.0,1308.7,2.59,0.05,2.59,40.73433,-111.87211,35.6,19.8,873.9,108.96,1.5
1500.0,1309.2,2.54,0.05,2.54,40.73433,-111.87211,35.7,19.7,873.9,87.20,0.8
1560.0,1309.4,2.52,0.05,2.52,40.73433,-111.87211,35.7,20.6,873.9,92.66,1.0
1620.0,1309.5,2.44,0.05,2.44,40.73433,-111.87211,35.5,18.9,874.0,113.87,2.4
1680.0,1309.4,2.19,0.05,2.19,40.73433,-111.87211,35.3,18.4,874.0,111.35,1.8
1740.0,1309.2,2.27,0.05,2.27,40.73433,-111.87211,35.2,19.2,874.0,108.68,1.3
1800.0,1309.2,2.52,0.05,2.52,40.73433,-111.87211,35.3,18.8,874.0,97.10,0.9
1860.0,1309.4,2.69,0.04,2.69,40.73433,-111.87211,35.2,18.8,874.0,80.24,0.8
1920.0,1309.4,2.68,0.05,2.68,40.73433,-111.87211,35.2,19.0,874.0,97.89,0.9
1980.0,1309.4,1.75,0.05,1.75,40.73433,-111.87211,35.2,19.1,873.9,110.84,1.4
2040.0,1309.4,1.78,0.05,1.78,40.73433,-111.87211,35.2,19.3,873.9,96.26,0.9
2100.0,1309.5,2.17,0.06,2.17,40.73433,-111.87211,35.2,19.2,873.8,109.98,1.3
2160.0,1309.4,2.21,0.05,2.21,40.73433,-111.87211,35.2,19.0,873.8,108.40,1.2
2220.0,1309.5,2.38,0.06,2.38,40.73433,-111.87211,35.2,18.5,873.8,119.77,1.3
2280.0,1309.5,2.07,0.05,2.07,40.73433,-111.87211,35.1,19.1,873.8,114.08,2.3
2340.0,1309.5,1.73,0.06,1.73,40.73433,-111.87211,35.1,19.5,873.8,111.52,1.6
2400.0,1309.7,1.96,0.05,1.96,40.73433,-111.87211,35.0,19.7,873.8,116.19,1.9
2460.0,1309.7,2.44,0.05,2.44,40.73433,-111.87211,34.9,19.7,873.8,120.66,2.1
2520.0,1309.6,2.33,0.06,2.33,40.73433,-111.87211,34.9,19.7,873.8,117.98,2.2
2580.0,1309.3,2.61,0.05,2.61,40.73433,-111.87211,34.8,19.3,873.8,115.62,2.0
2640.0,1309.2,2.75,0.05,2.75,40.73433,-111.87211,34.8,19.8,873.8,117.00,1.8
2700.0,1309.2,3.02,0.05,3.02,40.73433,-111.87211,34.7,20.2,873.8,119.22,2.1
2760.0,1309.2,3.30,0.05,3.30,40.73433,-111.87211,34.6,21.2,873.8,124.56,2.1
2820.0,1309.2,2.91,0.05,2.91,40.73433,-111.87211,34.6,20.0,873.8,119.79,2.5
2880.0,1309.6,3.07,0.04,3.07,40.73433,-111.87210,34.4,20.2,873.8,120.18,3.1
2940.0,1310.0,3.42,0.05,3.42,40.73433,-111.87210,34.3,20.2,873.8,133.29,3.3
3000.0,1309.5,3.10,0.05,3.10,40.73433,-111.87210,34.3,20.7,873.8,124.41,2.8
3060.0,1309.7,2.75,0.06,2.75,40.73433,-111.87210,34.2,21.0,873.8,121.05,2.3
3120.0,1309.8,2.51,0.06,2.51,40.73433,-111.87210,34.2,20.3,873.8,125.37,1.9
3180.0,1309.7,2.70,0.06,2.70,40.73433,-111.87210,34.2,20.1,873.8,113.69,1.4
3240.0,1309.7,2.28,0.06,2.28,40.73434,-111.87210,34.2,19.8,873.8,120.50,1.5
3300.0,1309.7,2.74,0.07,2.74,40.73434,-111.87210,34.3,20.2,873.7,134.88,2.0
3360.0,1309.3,2.58,0.06,2.58,40.73434,-111.87210,34.4,20.5,873.7,134.07,2.0
3420.0,1309.3,2.70,0.06,2.70,40.73433,-111.87210,34.4,20.0,873.7,144.59,2.0
3480.0,1309.1,2.63,0.05,2.63,40.73433,-111.87210,34.5,20.4,873.7,137.38,2.0
3540.0,1308.8,2.31,0.06,2.31,40.73433,-111.87210,34.5,20.9,873.7,146.10,2.4
3600.0,1308.6,2.25,0.07,2.25,40.73433,-111.87210,34.5,21.5,873.7,133.03,2.2
3660.0,1308.3,2.35,0.05,2.35,40.73433,-111.87210,34.4,21.3,873.7,124.07,2.4
3720.0,1308.0,2.45,0.06,2.45,40.73433,-111.87210,34.3,21.7,873.7,108.84,1.5
3780.0,1307.9,3.05,0.06,3.05,40.73433,-111.87210,34.2,20.8,873.7,116.22,1.5
3840.0,1308.0,2.85,0.06,2.85,40.73433,-111.87210,34.2,20.8,873.7,121.04,1.5
3900.0,1308.1,2.74,0.06,2.74,40.73433,-111.87210,34.2,20.2,873.7,121.68,1.2
3960.0,1308.2,2.70,0.05,2.70,40.73433,-111.87210,34.3,20.8,873.7,117.50,1.3
4020.0,1308.3,3.03,0.05,3.03,40.73433,-111.87210,34.3,20.4,873.7,118.52,1.3
4080.0,1308.0,2.48,0.06,2.48,40.73433,-111.87211,34.4,20.7,873.7,107.25,1.1
4140.0,1308.3,2.19,0.06,2.19,40.73433,-111.87211,34.4,20.3,873.7,114.40,1.2
4200.0,1308.2,2.56,0.06,2.56,40.73433,-111.87211,34.5,19.8,873.7,121.65,1.3
4260.0,1308.1,2.42,0.05,2.42,40.73433,-111.87211,34.5,20.2,873.7,116.07,1.6
4320.0,1308.0,2.33,0.05,2.33,40.73433,-111.87211,34.4,21.8,873.7,121.91,1.8
4380.0,1307.9,2.79,0.05,2.79,40.73433,-111.87211,34.5,20.7,873.8,122.48,1.5
4440.0,1308.2,2.46,0.06,2.46,40.73433,-111.87211,34.4,20.8,873.8,124.38,1.8
4500.0,1308.3,1.92,0.06,1.92,40.73433,-111.87211,34.5,20.2,873.8,112.17,1.2
4560.0,1308.1,1.51,0.06,1.51,40.73433,-111.87211,34.6,20.6,873.8,114.41,1.2
4620.0,1308.0,1.68,0.05,1.68,40.73433,-111.87211,34.7,20.4,873.9,125.72,1.3
4680.0,1307.7,1.51,0.06,1.51,40.73433,-111.87211,34.7,20.5,873.7,117.39,1.2
4740.0,1307.7,1.51,0.05,1.51,40.73433,-111.87211,34.8,19.7,873.7,138.40,1.5
4800.0,1307.4,1.79,0.05,1.79,40.73433,-111.87211,35.0,20.3,873.7,109.20,1.0
4860.0,1307.5,1.56,0.05,1.56,40.73433,-111.87211,35.0,20.2,873.7,122.30,1.0
4920.0,1307.6,1.44,0.05,1.44,40.73433,-111.87211,35.0,20.8,873.7,96.05,0.9
4980.0,1307.9,1.35,0.04,1.35,40.73433,-111.87211,34.9,20.6,873.8,96.37,0.9
5040.0,1308.0,1.41,0.04,1.41,40.73433,-111.87212,34.9,20.0,873.8,110.23,1.1
5100.0,1308.1,1.16,0.05,1.16,40.73433,-111.87212,34.9,19.8,873.8,113.00,1.1
5160.0,1308.1,0.90,0.05,0.90,40.73433,-111.87212,34.9,20.5,873.7,115.11,1.3
5220.0,1308.3,1.35,0.06,1.35,40.73433,-111.87212,34.9,20.4,873.7,102.41,0.8
5280.0,1308.2,1.41,0.05,1.41,40.73433,-111.87211,35.0,20.0,873.8,107.87,1.0
5340.0,1308.2,1.76,0.05,1.76,40.73433,-111.87211,34.9,20.1,873.8,119.05,1.4
5400.0,1308.2,1.65,0.05,1.65,40.73433,-111.87211,34.8,20.2,873.9,108.00,1.1
5460.0,1308.3,1.22,0.05,1.22,40.73433,-111.87211,34.7,20.7,873.9,110.48,1.1
5520.0,1308.5,1.31,0.05,1.31,40.73433,-111.87211,34.7,20.7,873.8,112.39,1.1
5580.0,1308.7,1.42,0.06,1.42,40.73433,-111.87211,34.6,20.5,873.8,114.94,1.2
5640.0,1308.4,1.43,0.06,1.43,40.73433,-111.87212,34.5,20.5,873.8,116.94,1.5
5700.0,1308.1,1.49,0.06,1.49,40.73433,-111.87212,34.4,20.8,873.8,112.12,1.4
5760.0,1308.4,1.42,0.05,1.42,40.73433,-111.87211,34.1,20.2,873.8,114.68,2.4
5820.0,1308.8,1.63,0.06,1.63,40.73433,-111.87211,34.0,20.0,873.8,110.32,1.6
5880.0,1308.7,1.89,0.05,1.89,40.73433,-111.87211,33.9,20.1,873.8,116.83,1.7
5940.0,1308.3,2.12,0.06,2.12,40.73433,-111.87211,33.9,20.1,873.8,118.33,1.7
6000.0,1308.4,2.53,0.06,2.53,40.73433,-111.87211,33.8,19.9,873.8,112.79,1.4
6060.0,1308.8,2.66,0.06,2.66,40.73433,-111.87211,33.7,20.1,873.8,111.88,1.2
6120.0,1308.9,2.84,0.06,2.84,40.73433,-111.87211,33.7,20.1,873.8,116.59,1.4
6180.0,1308.9,2.52,0.05,2.52,40.73433,-111.87211,33.7,20.2,873.8,111.74,1.0
6240.0,1308.8,2.23,0.06,2.23,40.73433,-111.87211,33.7,20.6,873.8,119.37,1.2
6300.0,1308.3,2.36,0.05,2.36,40.73433,-111.87211,33.6,20.5,873.8,120.78,1.4
6360.0,1307.9,2.79,0.06,2.79,40.73433,-111.87211,33.6,20.7,873.8,122.04,1.3
6420.0,1308.1,3.27,0.05,3.27,40.73434,-111.87211,33.6,20.7,873.8,123.48,1.4
6480.0,1308.1,3.21,0.06,3.21,40.73434,-111.87211,33.5,21.4,873.9,124.25,1.6
6540.0,1308.2,3.25,0.06,3.25,40.73434,-111.87211,33.4,21.3,873.9,129.98,1.6
6600.0,1308.2,3.15,0.06,3.15,40.73434,-111.87211,33.4,20.8,873.9,140.05,1.9
6660.0,1308.7,3.16,0.05,3.16,40.73434,-111.87211,33.3,20.9,873.9,129.53,1.7
6720.0,1308.5,3.05,0.05,3.05,40.73434,-111.87211,33.2,21.0,873.9,128.47,1.6
6780.0,1308.3,2.85,0.05,2.85,40.73434,-111.87212,33.2,21.0,873.9,131.35,1.5
6840.0,1308.4,2.60,0.05,2.60,40.73434,-111.87212,33.2,20.7,873.9,136.83,1.6
6900.0,1308.3,3.21,0.05,3.21,40.73433,-111.87212,33.2,20.8,873.9,139.57,1.5
6960.0,1308.2,3.14,0.05,3.14,40.73433,-111.87212,33.1,22.1,873.9,125.80,1.6
7020.0,1308.4,3.01,0.05,3.01,40.73433,-111.87212,33.0,22.6,873.8,125.64,1.3
7080.0,1308.6,3.39,0.06,3.39,40.73433,-111.87212,33.0,21.8,873.8,124.40,1.2
7140.0,1308.6,3.34,0.05,3.34,40.73434,-111.87212,32.9,22.7,873.8,122.95,1.2
7200.0,1308.6,2.97,0.05,2.97,40.73434,-111.87212,32.8,22.6,873.7,122.31,1.2
7260.0,1308.2,2.71,0.05,2.71,40.73433,-111.87212,32.8,22.9,873.7,119.18,1.1
7320.0,1308.1,3.14,0.05,3.14,40.73433,-111.87212,32.7,23.1,873.7,121.33,1.2
7380.0,1308.3,3.21,0.04,3.21,40.73433,-111.87211,32.6,22.9,873.7,118.26,1.2
7440.0,1308.4,2.75,0.04,2.75,40.73433,-111.87211,32.5,22.8,873.7,124.35,1.3
7500.0,1308.5,2.37,0.05,2.37,40.73433,-111.87211,32.4,22.9,873.7,125.59,1.4
7560.0,1308.8,2.69,0.05,2.69,40.73433,-111.87211,32.4,22.8,873.7,125.53,1.4
7620.0,1309.1,2.53,0.05,2.53,40.73433,-111.87211,32.3,22.8,873.7,127.81,1.4
7680.0,1309.0,2.36,0.05,2.36,40.73433,-111.87211,32.3,22.8,873.7,131.62,1.3
7740.0,1309.0,2.62,0.05,2.62,40.73433,-111.87211,32.2,22.8,873.7,133.50,1.3
7800.0,1308.8,2.65,0.04,2.65,40.73433,-111.87211,32.2,23.2,873.7,125.12,1.2
7860.0,1308.9,2.77,0.05,2.77,40.73433,-111.87211,32.1,23.0,873.7,125.41,1.3
7920.0,1309.0,2.92,0.05,2.92,40.73433,-111.87211,32.0,23.2,873.7,120.48,1.1
7980.0,1309.1,2.81,0.06,2.81,40.73433,-111.87211,32.0,23.2,873.7,119.94,1.0
8040.0,1309.0,2.65,0.05,2.65,40.73433,-111.87211,31.9,23.5,873.7,108.95,0.8
8100.0,1309.1,2.69,0.05,2.69,40.73433,-111.87211,31.7,24.1,873.7,94.88,0.7
8160.0,1309.1,2.45,0.05,2.45,40.73433,-111.87211,31.6,24.0,873.6,101.64,0.7
8220.0,1309.2,2.28,0.06,2.28,40.73433,-111.87211,31.5,24.1,873.6,103.92,0.8
8280.0,1309.2,2.26,0.05,2.26,40.73433,-111.87211,31.3,24.1,873.6,103.70,0.9
8340.0,1309.1,2.40,0.06,2.40,40.73433,-111.87211,31.2,24.1,873.6,109.44,0.9
8400.0,1309.2,2.30,0.05,2.30,40.73433,-111.87211,31.1,24.1,873.6,109.08,0.8
8460.0,1309.2,2.68,0.05,2.68,40.73433,-111.87211,31.0,24.3,873.6,119.50,1.0
8520.0,1309.4,2.20,0.05,2.20,40.73433,-111.87211,30.9,24.5,873.6,112.63,0.9
8580.0,1309.4,2.53,0.05,2.53,40.73433,-111.87211,30.9,24.6,873.6,99.21,0.8
8640.0,1309.3,2.32,0.05,2.32,40.73433,-111.87211,30.7,24.7,873.6,87.46,0.6
8700.0,1309.1,2.46,0.05,2.46,40.73433,-111.87211,30.7,24.9,873.6,85.80,0.5
8760.0,1309.0,2.77,0.04,2.77,40.73433,-111.87211,30.7,24.9,873.6,89.59,0.5
8820.0,1309.0,2.54,0.05,2.54,40.73433,-111.87211,30.7,25.0,873.7,84.96,0.6
8880.0,1309.0,3.09,0.04,3.09,40.73433,-111.87211,30.6,25.2,873.7,96.46,0.8
8940.0,1309.0,3.04,0.05,3.04,40.73433,-111.87211,30.5,25.2,873.7,108.47,0.7
9000.0,1308.9,2.97,0.05,2.97,40.73433,-111.87211,30.3,25.1,873.8,94.05,0.7
9060.0,1308.8,2.74,0.04,2.74,40.73433,-111.87211,30.2,25.3,873.8,90.88,0.7
9120.0,1308.7,2.85,0.04,2.85,40.73433,-111.87211,30.1,25.8,873.9,106.76,0.8
9180.0,1308.7,2.80,0.05,2.80,40.73433,-111.87211,30.1,26.0,873.9,103.18,0.7
9240.0,1308.8,2.69,0.05,2.69,40.73433,-111.87211,30.0,25.9,874.0,116.53,0.9
9300.0,1308.8,2.77,0.05,2.77,40.73433,-111.87211,30.0,26.2,874.1,149.19,0.8
9360.0,1308.8,3.22,0.05,3.22,40.73433,-111.87211,30.0,26.0,874.2,198.97,1.1
9420.0,1308.8,3.02,0.06,3.02,40.73433,-111.87211,30.0,26.3,874.2,238.85,1.8
9480.0,1308.8,2.82,0.05,2.82,40.73433,-111.87211,29.9,26.5,874.3,162.49,3.2
9540.0,1309.1,2.57,0.05,2.57,40.73433,-111.87211,29.9,26.6,874.4,193.07,3.3
9600.0,1309.0,2.33,0.04,2.33,40.73433,-111.87211,29.7,27.0,874.3,156.35,5.4
9660.0,1308.8,2.18,0.04,2.18,40.73433,-111.87211,29.3,27.6,874.3,144.76,5.3
9720.0,1308.8,2.21,0.05,2.21,40.73433,-111.87211,29.4,27.8,874.4,189.93,3.7
9780.0,1308.8,2.38,0.05,2.38,40.73433,-111.87211,29.3,28.0,874.4,178.37,3.6
9840.0,1308.9,2.30,0.05,2.30,40.73433,-111.87211,29.1,28.3,874.5,168.75,3.5
9900.0,1308.9,2.33,0.05,2.33,40.73433,-111.87211,28.9,28.5,874.5,171.37,5.1
9960.0,1308.8,2.78,0.05,2.78,40.73433,-111.87211,28.9,28.8,874.5,167.81,3.0
10020.0,1308.9,2.88,0.05,2.88,40.73433,-111.87211,28.8,29.0,874.5,169.07,3.9
10080.0,1308.8,2.64,0.04,2.64,40.73433,-111.87211,28.6,29.1,874.5,168.21,4.2
10140.0,1308.7,2.38,0.05,2.38,40.73433,-111.87211,28.6,29.2,874.5,163.93,3.5
10200.0,1308.5,2.27,0.05,2.27,40.73433,-111.87211,28.4,29.5,874.6,172.62,4.8
10260.0,1308.7,2.13,0.05,2.13,40.73433,-111.87211,28.3,29.8,874.6,166.02,4.1
10320.0,1308.7,2.24,0.05,2.24,40.73433,-111.87211,28.4,29.9,874.6,194.26,3.4
10380.0,1308.7,2.55,0.05,2.55,40.73433,-111.87211,28.3,30.0,874.6,187.51,2.8
10440.0,1308.6,2.46,0.05,2.46,40.73433,-111.87211,28.2,30.2,874.7,162.01,4.8
10500.0,1308.4,2.45,0.05,2.45,40.73433,-111.87211,28.2,30.3,874.7,187.89,2.9
10560.0,1308.0,2.22,0.05,2.22,40.73433,-111.87211,28.1,30.4,874.8,171.18,5.0
10620.0,1307.9,2.09,0.04,2.09,40.73433,-111.87211,28.0,30.6,874.7,160.04,4.4
10680.0,1307.8,2.47,0.05,2.47,40.73433,-111.87211,27.7,30.8,874.8,166.58,5.6
10740.0,1307.7,3.15,0.05,3.15,40.73433,-111.87211,27.6,30.8,874.7,170.41,4.1
10800.0,1307.5,3.31,0.05,3.31,40.73433,-111.87211,27.6,30.8,874.8,172.32,4.3
10860.0,1307.4,3.10,0.05,3.10,40.73434,-111.87211,27.5,30.6,874.9,175.93,4.0
10920.0,1307.4,3.28,0.05,3.28,40.73434,-111.87211,27.6,30.3,874.9,198.44,4.5
10980.0,1307.4,3.32,0.06,3.32,40.73434,-111.87211,27.4,30.3,874.9,176.00,6.2
11040.0,1307.4,2.89,0.06,2.89,40.73434,-111.87211,27.4,30.2,874.8,179.66,4.7
11100.0,1307.5,2.45,0.05,2.45,40.73434,-111.87211,27.3,30.2,874.9,153.12,5.5
11160.0,1307.5,2.43,0.05,2.43,40.73434,-111.87211,27.1,29.7,874.9,162.94,6.6
11220.0,1307.5,2.65,0.05,2.65,40.73434,-111.87211,27.2,29.6,874.9,171.69,5.0
11280.0,1307.8,3.07,0.05,3.07,40.73434,-111.87211,27.2,29.3,874.9,171.90,4.5
11340.0,1308.6,3.59,0.05,3.59,40.73433,-111.87211,27.2,29.4,874.8,150.07,4.8
11400.0,1308.6,3.64,0.05,3.64,40.73433,-111.87211,27.4,29.3,874.8,192.06,2.6
11460.0,1308.3,3.27,0.06,3.27,40.73433,-111.87211,27.4,29.2,874.9,161.22,3.7
11520.0,1308.3,3.28,0.05,3.28,40.73433,-111.87211,27.6,29.0,874.8,186.77,1.7
11580.0,1308.4,3.00,0.06,3.00,40.73433,-111.87211,27.5,28.9,874.8,149.37,3.2
11640.0,1307.9,3.05,0.06,3.05,40.73433,-111.87211,27.5,29.0,874.8,153.53,4.0
11700.0,1307.8,3.05,0.05,3.05,40.73433,-111.87211,27.5,28.9,874.8,175.04,2.5
11760.0,1307.8,3.00,0.06,3.00,40.73433,-111.87211,27.4,29.0,874.8,156.36,3.6
11820.0,1307.6,2.79,0.05,2.79,40.73433,-111.87211,27.5,29.0,874.9,173.60,2.8
11880.0,1307.4,2.21,0.05,2.21,40.73433,-111.87211,27.5,29.0,874.9,162.62,3.2
11940.0,1307.5,1.93,0.05,1.93,40.73433,-111.87211,27.4,29.1,874.9,149.58,4.8
12000.0,1307.4,2.10,0.05,2.10,40.73433,-111.87211,27.3,29.2,874.9,163.68,4.4
12060.0,1307.4,2.21,0.06,2.21,40.73432,-111.87211,27.2,29.4,874.9,158.80,4.6
12120.0,1307.7,2.04,0.05,2.04,40.73432,-111.87211,27.2,29.6,874.9,189.23,3.7
12180.0,1307.8,2.14,0.05,2.14,40.73432,-111.87212,27.3,29.7,874.9,176.63,3.5
12240.0,1308.4,2.08,0.06,2.08,40.73432,-111.87211,27.3,29.9,875.0,165.31,3.2
12300.0,1308.4,1.81,0.06,1.81,40.73432,-111.87211,27.2,30.1,875.0,172.56,4.1
12360.0,1308.5,2.15,0.06,2.15,40.73432,-111.87212,27.3,30.2,875.0,172.97,2.7
12420.0,1309.1,1.75,0.05,1.75,40.73432,-111.87211,27.2,30.4,875.0,142.53,2.8
12480.0,1309.1,2.09,0.05,2.09,40.73432,-111.87211,27.2,30.3,875.0,143.73,2.6
12540.0,1308.4,2.52,0.05,2.52,40.73431,-111.87212,27.1,30.6,875.0,129.78,2.1
