CampaignData_and_Merges/R0/CSL_MobileLab_Parked/raw/20240812/USOS-O3_MobileLabGround_20240812_R0.ict
34, 1001
Carrie Womack
NOAA Chemical Sciences Laboratory
2B Tech O3 UV Analyzer
USOS
1, 1
2024, 08, 12, 2024, 12, 21
60
Time_Start, seconds_past_midnight, Seconds from midnight UTC
1
1
-9999
O3_ppb, ppb, Ozone from 2B Tech UV Analyzer
1
SPECIAL COMMENTS:
18
PI_CONTACT_INFO: Address: 325 Broadway R/CSL7, Boulder, CO, 80305
PLATFORM: CSL Mobile Lab
LOCATION: Salt Lake City, UT
ASSOCIATED_DATA: N/A
INSTRUMENT_INFO: N/A
DATA_INFO: Units:
UNCERTAINTY: N/A
ULOD_FLAG: -7777
ULOD_VALUE: N/A
LLOD_FLAG: -8888
LLOD_VALUE: N/A
DM_CONTACT_INFO: Data Manager: Nate Howard
PROJECT_INFO: 
STIPULATIONS_ON_USE: Use of these data require prior ok from PI.
OTHER_COMMENTS: N/A
REVISION: R0
R0: Final data. RA: Preliminary Data.  For in-field use only.
Time_Start, O3_ppb
0.0,59.5
60.0,56.5
120.0,59.3
180.0,58.0
240.0,59.5
300.0,59.3
360.0,59.1
420.0,59.8
480.0,55.4
540.0,58.4
600.0,57.2
660.0,60.0
720.0,58.2
780.0,57.1
840.0,59.1
900.0,59.8
960.0,58.1
1020.0,56.8
1080.0,58.0
1140.0,56.8
1200.0,58.1
1260.0,58.3
1320.0,58.2
1380.0,59.5
1440.0,57.7
1500.0,57.3
1560.0,56.6
1620.0,58.2
1680.0,60.5
1740.0,59.4
1800.0,59.1
1860.0,58.9
1920.0,59.1
1980.0,58.0
2040.0,57.6
2100.0,57.5
2160.0,58.3
2220.0,59.1
2280.0,58.3
2340.0,57.9
2400.0,57.2
2460.0,57.9
2520.0,57.3
2580.0,60.3
2640.0,58.8
2700.0,57.2
2760.0,56.0
2820.0,57.9
2880.0,57.5
2940.0,59.6
3000.0,61.4
3060.0,61.2
3120.0,56.7
3180.0,58.5
3240.0,59.7
3300.0,58.9
3360.0,59.1
3420.0,59.6
3480.0,59.0
3540.0,58.0
3600.0,55.2
3660.0,57.4
3720.0,55.0
3780.0,57.2
3840.0,58.3
3900.0,59.1
3960.0,58.7
4020.0,57.3
4080.0,56.6
4140.0,58.2
4200.0,58.2
4260.0,58.6
4320.0,57.5
4380.0,57.9
4440.0,56.7
4500.0,58.1
4560.0,57.3
4620.0,57.3
4680.0,57.1
4740.0,58.4
4800.0,58.7
4860.0,55.8
4920.0,54.8
4980.0,52.3
5040.0,57.1
5100.0,57.0
5160.0,57.3
5220.0,55.5
5280.0,57.5
5340.0,55.4
5400.0,55.3
5460.0,51.0
5520.0,53.0
5580.0,51.9
5640.0,52.4
5700.0,52.4
5760.0,56.7
5820.0,58.0
5880.0,57.1
5940.0,57.9
6000.0,58.4
6060.0,56.4
6120.0,56.6
6180.0,57.5
6240.0,57.3
6300.0,56.4
6360.0,55.7
6420.0,55.0
6480.0,52.6
6540.0,51.4
6600.0,53.3
6660.0,58.2
6720.0,58.1
6780.0,56.0
6840.0,58.6
6900.0,58.6
6960.0,48.0
7020.0,50.0
7080.0,52.8
7140.0,50.1
7200.0,51.8
7260.0,47.9
7320.0,45.0
7380.0,45.6
7440.0,47.9
7500.0,50.8
7560.0,45.7
7620.0,46.5
7680.0,46.9
7740.0,50.7
7800.0,50.1
7860.0,50.3
7920.0,49.2
7980.0,47.7
8040.0,45.6
8100.0,46.1
8160.0,45.5
8220.0,43.5
8280.0,45.3
8340.0,47.2
8400.0,48.6
8460.0,47.4
8520.0,46.8
8580.0,46.1
8640.0,46.2
8700.0,45.0
8760.0,43.2
8820.0,44.3
8880.0,44.3
8940.0,42.9
9000.0,43.2
9060.0,38.1
9120.0,36.8
9180.0,39.1
9240.0,40.2
9300.0,40.4
9360.0,41.8
9420.0,44.5
9480.0,45.4
9540.0,44.7
9600.0,45.8
9660.0,45.0
9720.0,45.0
9780.0,45.8
9840.0,44.7
9900.0,44.2
9960.0,44.8
10020.0,44.6
10080.0,44.3
10140.0,45.4
10200.0,44.5
10260.0,44.5
10320.0,44.5
10380.0,44.9
10440.0,44.6
10500.0,44.0
10560.0,44.8
10620.0,43.3
10680.0,43.5
10740.0,44.4
10800.0,44.1
10860.0,43.6
10920.0,44.9
10980.0,44.3
11040.0,44.6
11100.0,44.1
11160.0,44.8
11220.0,45.4
11280.0,45.4
11340.0,45.1
11400.0,44.6
11460.0,44.4
11520.0,45.3
11580.0,44.3
11640.0,43.4
11700.0,44.7
11760.0,44.7
11820.0,44.7
11880.0,44.2
11940.0,43.8
12000.0,43.5
12060.0,43.4
12120.0,43.6
12180.0,43.1
12240.0,43.6
12300.0,43.5
12360.0,42.5
12420.0,41.1
12480.0,41.8
12540.0,41.4
12600.0,41.5
12660.0,41.8
12720.0,42.4
12780.0,40.6
12840.0,40.1
12900.0,41.1
12960.0,41.0
13020.0,42.0
13080.0,41.5
13140.0,41.3
13200.0,40.7
13260.0,40.7
13320.0,40.6
13380.0,41.1
13440.0,41.2
13500.0,40.5
13560.0,40.5
13620.0,40.2
13680.0,41.9
13740.0,40.8
13800.0,42.2
13860.0,40.6
13920.0,41.2
13980.0,41.0
14040.0,40.6
14100.0,42.9
14160.0,42.6
14220.0,42.7
14280.0,43.1
14340.0,41.9
14400.0,43.1
14460.0,43.1
14520.0,42.3
14580.0,41.8
14640.0,41.5
14700.0,42.0
14760.0,41.4
14820.0,41.0
14880.0,42.0
14940.0,41.6
15000.0,41.4
15060.0,40.7
15120.0,40.7
15180.0,40.1
15240.0,40.1
15300.0,40.7
15360.0,40.3
15420.0,39.9
15480.0,40.0
15540.0,40.7
15600.0,40.0
15660.0,39.8
15720.0,39.9
15780.0,40.5
15840.0,40.6
15900.0,41.1
15960.0,41.3
16020.0,41.7
16080.0,40.5
16140.0,41.3
16200.0,41.3
16260.0,41.6
16320.0,40.3
16380.0,39.4
16440.0,38.3
16500.0,39.6
16560.0,38.4
16620.0,38.5
16680.0,38.6
16740.0,38.1
16800.0,39.7
16860.0,39.7
16920.0,39.0
16980.0,39.4
17040.0,37.7
17100.0,38.7
17160.0,38.6
17220.0,39.2
17280.0,38.3
17340.0,37.8
17400.0,38.2
17460.0,38.4
17520.0,39.4
17580.0,37.5
17640.0,37.7
17700.0,37.4
17760.0,38.0
17820.0,38.4
17880.0,38.2
17940.0,36.6
18000.0,37.0
18060.0,36.6
18120.0,37.3
18180.0,37.1
18240.0,37.5
18300.0,36.3
18360.0,36.2
18420.0,37.5
18480.0,36.6
18540.0,37.2
18600.0,37.0
18660.0,36.4
18720.0,37.6
18780.0,39.0
18840.0,38.1
18900.0,37.8
18960.0,38.5
19020.0,37.1
19080.0,38.2
19140.0,38.9
19200.0,38.3
19260.0,38.4
19320.0,36.8
19380.0,34.7
19440.0,35.7
19500.0,36.9
19560.0,38.0
19620.0,37.2
19680.0,36.7
19740.0,37.4
19800.0,37.9
19860.0,37.7
19920.0,37.1
19980.0,37.9
20040.0,38.1
20100.0,37.3
20160.0,37.4
20220.0,36.4
20280.0,37.2
20340.0,37.5
20400.0,38.8
20460.0,38.0
20520.0,37.6
20580.0,37.8
20640.0,38.4
20700.0,37.8
20760.0,37.4
20820.0,38.1
20880.0,38.0
20940.0,37.9
21000.0,38.8
21060.0,38.1
21120.0,37.3
21180.0,37.9
21240.0,37.8
21300.0,37.8
21360.0,37.5
21420.0,37.2
21480.0,37.6
21540.0,37.9
21600.0,38.5
21660.0,37.1
21720.0,37.3
21780.0,37.6
21840.0,38.0
21900.0,38.0
21960.0,38.2
22020.0,37.0
22080.0,37.6
22140.0,38.8
22200.0,38.3
22260.0,38.8
22320.0,38.5
22380.0,38.8
22440.0,38.5
22500.0,38.7
22560.0,37.7
22620.0,37.8
22680.0,37.5
22740.0,38.1
22800.0,38.1
22860.0,38.2
22920.0,37.9
22980.0,39.1
23040.0,38.7
23100.0,38.4
23160.0,38.3
23220.0,37.9
23280.0,37.5
23340.0,37.5
23400.0,37.3
23460.0,38.0
23520.0,38.3
23580.0,38.0
23640.0,37.8
23700.0,38.1
23760.0,38.4
23820.0,36.7
23880.0,38.1
23940.0,37.4
24000.0,36.7
24060.0,37.9
24120.0,36.7
24180.0,37.8
24240.0,36.2
24300.0,37.5
24360.0,37.1
24420.0,37.8
24480.0,37.3
24540.0,37.9
24600.0,38.0
24660.0,37.9
24720.0,37.1
24780.0,37.9
24840.0,38.1
24900.0,38.2
24960.0,37.9
25020.0,38.1
25080.0,37.6
25140.0,38.1
25200.0,37.5
25260.0,37.9
25320.0,36.9
25380.0,36.4
25440.0,36.4
25500.0,36.6
25560.0,36.5
25620.0,36.8
25680.0,35.7
25740.0,36.0
25800.0,34.9
25860.0,36.2
25920.0,35.6
25980.0,36.3
26040.0,35.7
26100.0,35.8
26160.0,36.8
26220.0,35.8
26280.0,36.4
26340.0,36.3
26400.0,36.2
26460.0,36.3
26520.0,36.5
26580.0,36.3
26640.0,36.3
26700.0,36.0
26760.0,36.5
26820.0,36.0
26880.0,35.9
26940.0,36.0
27000.0,35.6
27060.0,35.4
27120.0,34.5
27180.0,34.6
27240.0,36.0
27300.0,37.0
27360.0,37.3
27420.0,35.6
27480.0,35.2
27540.0,35.5
27600.0,34.8
27660.0,35.4
27720.0,34.0
27780.0,35.4
27840.0,34.7
27900.0,34.8
27960.0,33.9
28020.0,35.1
28080.0,35.9
28140.0,35.3
28200.0,33.7
28260.0,36.0
28320.0,36.2
28380.0,36.4
28440.0,36.1
28500.0,35.0
28560.0,35.1
28620.0,36.7
28680.0,37.0
28740.0,36.8
28800.0,37.1
28860.0,35.6
28920.0,36.5
28980.0,36.3
29040.0,36.4
29100.0,37.4
29160.0,37.1
29220.0,38.6
29280.0,38.2
29340.0,38.7
29400.0,39.6
29460.0,40.7
29520.0,42.0
29580.0,42.4
29640.0,43.9
29700.0,43.3
29760.0,41.7
29820.0,41.5
29880.0,41.5
29940.0,42.0
30000.0,42.8
30060.0,42.4
30120.0,41.5
30180.0,42.9
30240.0,41.9
30300.0,42.9
30360.0,42.4
30420.0,42.5
30480.0,41.8
30540.0,41.7
30600.0,42.8
30660.0,42.9
30720.0,42.2
30780.0,43.2
30840.0,41.7
30900.0,42.3
30960.0,42.6
31020.0,42.5
31080.0,42.2
31140.0,42.6
31200.0,42.7
31260.0,43.0
31320.0,42.6
31380.0,43.4
31440.0,42.4
31500.0,42.8
31560.0,43.2
31620.0,43.1
31680.0,41.9
31740.0,41.9
31800.0,42.0
31860.0,41.8
31920.0,41.2
31980.0,42.3
32040.0,43.0
32100.0,41.8
32160.0,42.2
32220.0,41.7
32280.0,40.8
32340.0,41.0
32400.0,40.8
32460.0,39.6
32520.0,39.7
32580.0,38.8
32640.0,37.6
32700.0,36.7
32760.0,34.7
32820.0,34.3
32880.0,34.8
32940.0,35.0
33000.0,34.6
33060.0,34.6
33120.0,35.4
33180.0,35.1
33240.0,34.3
33300.0,35.3
33360.0,34.8
33420.0,34.3
33480.0,34.4
33540.0,34.9
33600.0,34.8
33660.0,34.9
33720.0,35.9
33780.0,36.0
33840.0,35.7
33900.0,35.6
33960.0,36.0
34020.0,34.8
34080.0,35.1
34140.0,36.4
34200.0,36.0
34260.0,35.0
34320.0,36.0
34380.0,35.8
34440.0,34.8
34500.0,35.6
34560.0,34.4
34620.0,34.3
34680.0,34.2
34740.0,34.1
34800.0,34.3
34860.0,32.8
34920.0,32.8
34980.0,32.3
35040.0,32.2
35100.0,33.1
35160.0,33.7
35220.0,33.0
35280.0,32.8
35340.0,34.8
35400.0,34.4
35460.0,35.1
35520.0,36.6
35580.0,35.9
35640.0,38.4
35700.0,37.7
35760.0,36.3
35820.0,34.5
35880.0,34.8
35940.0,35.8
36000.0,37.3
36060.0,39.0
36120.0,38.0
36180.0,36.5
36240.0,38.4
36300.0,38.0
36360.0,36.6
36420.0,36.7
36480.0,38.1
36540.0,39.2
36600.0,38.1
36660.0,35.7
36720.0,38.0
36780.0,38.8
36840.0,38.0
36900.0,37.2
36960.0,35.4
37020.0,36.0
37080.0,36.7
37140.0,35.8
37200.0,34.8
37260.0,36.5
37320.0,36.1
37380.0,38.4
37440.0,39.0
37500.0,37.8
37560.0,38.2
37620.0,36.8
37680.0,37.9
37740.0,37.8
37800.0,38.9
37860.0,39.4
37920.0,39.1
37980.0,39.7
38040.0,39.3
38100.0,39.4
38160.0,39.8
38220.0,38.7
38280.0,38.1
38340.0,38.2
38400.0,38.6
38460.0,39.0
38520.0,39.4
38580.0,38.5
38640.0,38.2
38700.0,38.4
38760.0,39.1
38820.0,37.6
38880.0,38.2
38940.0,38.2
39000.0,38.5
39060.0,37.6
39120.0,38.5
39180.0,38.5
39240.0,38.2
39300.0,38.5
39360.0,38.8
39420.0,39.2
39480.0,37.6
39540.0,37.0
39600.0,38.3
39660.0,37.9
39720.0,38.0
39780.0,37.5
39840.0,37.2
39900.0,37.8
39960.0,38.1
40020.0,37.9
40080.0,36.9
40140.0,37.2
40200.0,37.8
40260.0,38.7
40320.0,37.5
40380.0,37.7
40440.0,38.4
40500.0,37.1
40560.0,37.3
40620.0,37.1
40680.0,37.4
40740.0,37.3
40800.0,37.8
40860.0,36.8
40920.0,37.3
40980.0,36.4
41040.0,36.7
41100.0,38.0
41160.0,36.6
41220.0,36.2
41280.0,37.3
41340.0,37.0
41400.0,36.2
41460.0,36.4
41520.0,34.7
41580.0,36.5
41640.0,35.3
41700.0,36.3
41760.0,36.4
41820.0,35.4
41880.0,34.2
41940.0,34.9
42000.0,34.4
42060.0,34.9
42120.0,33.6
42180.0,35.2
42240.0,35.4
42300.0,35.7
42360.0,35.2
42420.0,35.5
42480.0,34.6
42540.0,35.4
42600.0,35.1
42660.0,34.9
42720.0,34.1
42780.0,34.7
42840.0,34.5
42900.0,33.5
42960.0,34.8
43020.0,34.4
43080.0,34.4
43140.0,34.0
43200.0,35.4
43260.0,34.5
43320.0,34.5
43380.0,34.7
43440.0,34.2
43500.0,34.9
43560.0,33.5
43620.0,33.4
43680.0,33.9
43740.0,33.0
43800.0,32.2
43860.0,30.2
43920.0,30.9
43980.0,32.2
44040.0,31.7
44100.0,31.6
44160.0,31.9
44220.0,31.2
44280.0,31.7
44340.0,31.9
44400.0,30.9
44460.0,31.4
44520.0,31.6
44580.0,32.0
44640.0,30.5
44700.0,31.8
44760.0,31.5
44820.0,28.5
44880.0,31.5
44940.0,29.6
45000.0,29.8
45060.0,28.5
45120.0,29.4
45180.0,30.2
45240.0,29.5
45300.0,30.5
45360.0,29.6
45420.0,27.3
45480.0,27.3
45540.0,29.5
45600.0,29.3
45660.0,31.0
45720.0,30.7
45780.0,30.4
45840.0,30.0
45900.0,29.3
45960.0,28.2
46020.0,32.5
46080.0,28.7
46140.0,29.3
46200.0,27.2
46260.0,30.6
46320.0,32.6
46380.0,32.8
46440.0,33.0
46500.0,31.9
46560.0,31.3
46620.0,28.2
46680.0,30.2
46740.0,31.8
46800.0,30.4
46860.0,33.1
46920.0,32.6
46980.0,33.4
47040.0,32.0
47100.0,30.3
47160.0,32.0
47220.0,33.7
47280.0,33.4
47340.0,33.9
47400.0,33.7
47460.0,33.5
47520.0,33.1
47580.0,34.9
47640.0,33.8
47700.0,33.7
47760.0,33.0
47820.0,31.7
47880.0,33.6
47940.0,33.5
48000.0,33.2
48060.0,34.1
48120.0,34.8
48180.0,34.9
48240.0,34.8
48300.0,35.1
48360.0,34.4
48420.0,33.0
48480.0,33.3
48540.0,33.6
48600.0,33.9
48660.0,33.0
48720.0,34.8
48780.0,33.9
48840.0,33.7
48900.0,32.4
48960.0,33.1
49020.0,32.8
49080.0,29.6
49140.0,30.1
49200.0,30.4
49260.0,30.6
49320.0,34.6
49380.0,33.3
49440.0,33.6
49500.0,30.1
49560.0,31.3
49620.0,30.4
49680.0,29.1
49740.0,28.2
49800.0,31.2
49860.0,28.7
49920.0,30.1
49980.0,28.1
50040.0,27.5
50100.0,27.6
50160.0,25.6
50220.0,25.4
50280.0,30.0
50340.0,28.3
50400.0,27.5
50460.0,28.6
50520.0,30.9
50580.0,30.6
50640.0,31.0
50700.0,30.2
50760.0,30.3
50820.0,33.3
50880.0,35.5
50940.0,35.2
51000.0,35.0
51060.0,33.7
51120.0,32.8
51180.0,33.1
51240.0,31.9
51300.0,31.9
51360.0,30.5
51420.0,32.4
51480.0,34.2
51540.0,34.9
51600.0,32.9
51660.0,29.0
51720.0,26.9
51780.0,27.7
51840.0,26.1
51900.0,26.4
51960.0,30.4
52020.0,32.7
52080.0,31.6
52140.0,29.6
52200.0,30.0
52260.0,27.7
52320.0,32.1
52380.0,30.4
52440.0,27.9
52500.0,28.4
52560.0,30.4
52620.0,28.5
52680.0,26.1
52740.0,33.1
52800.0,33.9
52860.0,33.8
52920.0,32.4
52980.0,33.5
53040.0,34.3
53100.0,34.0
53160.0,34.8
53220.0,33.2
53280.0,32.1
53340.0,34.4
53400.0,34.0
53460.0,32.0
53520.0,33.5
53580.0,34.1
53640.0,33.4
53700.0,33.4
53760.0,32.2
53820.0,33.1
53880.0,28.1
53940.0,31.7
54000.0,32.6
54060.0,33.4
54120.0,33.8
54180.0,31.0
54240.0,30.8
54300.0,32.8
54360.0,31.8
54420.0,30.4
54480.0,30.4
54540.0,31.8
54600.0,32.9
54660.0,33.7
54720.0,33.9
54780.0,33.6
54840.0,32.2
54900.0,33.1
54960.0,35.8
55020.0,36.0
55080.0,34.6
55140.0,34.7
55200.0,35.0
55260.0,35.7
55320.0,34.6
55380.0,34.6
55440.0,36.8
55500.0,35.0
55560.0,-9999.0
55620.0,-9999.0
55680.0,-9999.0
55740.0,-9999.0
55800.0,-9999.0
55860.0,-9999.0
55920.0,-9999.0
55980.0,-9999.0
56040.0,-9999.0
56100.0,-9999.0
56160.0,-9999.0
56220.0,31.4
56280.0,34.1
56340.0,31.5
56400.0,34.8
56460.0,35.6
56520.0,36.4
56580.0,34.3
56640.0,36.8
56700.0,38.0
56760.0,36.9
56820.0,36.3
56880.0,34.6
56940.0,32.8
57000.0,36.0
57060.0,35.6
57120.0,35.4
57180.0,33.0
57240.0,38.3
57300.0,36.2
57360.0,34.0
57420.0,33.1
57480.0,35.6
57540.0,37.0
57600.0,36.8
57660.0,34.8
57720.0,36.4
57780.0,36.5
57840.0,36.2
57900.0,37.0
57960.0,35.3
58020.0,36.9
58080.0,35.3
58140.0,38.0
58200.0,39.2
58260.0,37.8
58320.0,34.3
58380.0,36.8
58440.0,32.2
58500.0,32.1
58560.0,35.7
58620.0,36.2
58680.0,34.5
58740.0,35.3
58800.0,34.5
58860.0,39.5
58920.0,40.0
58980.0,37.3
59040.0,37.5
59100.0,39.6
59160.0,40.2
59220.0,40.9
59280.0,40.8
59340.0,39.9
59400.0,38.0
59460.0,39.2
59520.0,39.4
59580.0,40.8
59640.0,39.8
59700.0,39.8
59760.0,38.3
59820.0,39.4
59880.0,39.9
59940.0,40.4
60000.0,39.3
60060.0,40.3
60120.0,38.3
60180.0,39.8
60240.0,40.9
60300.0,40.6
60360.0,39.9
60420.0,40.3
60480.0,40.6
60540.0,39.0
60600.0,40.2
60660.0,41.1
60720.0,40.5
60780.0,42.3
60840.0,41.8
60900.0,40.4
60960.0,40.0
61020.0,40.8
61080.0,40.9
61140.0,40.4
61200.0,39.8
61260.0,40.6
61320.0,38.1
61380.0,40.6
61440.0,41.8
61500.0,42.0
61560.0,41.5
61620.0,41.1
61680.0,39.8
61740.0,40.6
61800.0,41.7
61860.0,40.8
61920.0,41.4
61980.0,41.2
62040.0,41.0
62100.0,40.4
62160.0,41.5
62220.0,40.7
62280.0,41.9
62340.0,40.7
62400.0,40.8
62460.0,41.9
62520.0,41.2
62580.0,40.0
62640.0,40.3
62700.0,41.0
62760.0,40.2
62820.0,41.9
62880.0,43.6
62940.0,42.9
63000.0,42.4
63060.0,41.0
63120.0,39.8
63180.0,42.3
63240.0,40.4
63300.0,42.5
63360.0,42.3
63420.0,42.7
63480.0,42.1
63540.0,43.3
63600.0,42.6
63660.0,41.4
63720.0,42.8
63780.0,41.7
63840.0,41.7
63900.0,42.4
63960.0,42.3
64020.0,43.3
64080.0,44.4
64140.0,42.8
64200.0,43.0
64260.0,43.1
64320.0,43.6
64380.0,43.1
64440.0,41.2
64500.0,43.6
64560.0,42.5
64620.0,43.0
64680.0,43.5
64740.0,44.1
64800.0,43.7
64860.0,44.3
64920.0,44.3
64980.0,43.6
65040.0,43.8
65100.0,44.3
65160.0,44.6
65220.0,44.9
65280.0,45.0
65340.0,44.4
65400.0,43.6
65460.0,45.4
65520.0,45.0
65580.0,44.6
65640.0,44.9
65700.0,44.9
65760.0,44.4
65820.0,44.0
65880.0,45.4
65940.0,44.7
66000.0,45.6
66060.0,45.1
66120.0,45.9
66180.0,45.1
66240.0,44.9
66300.0,45.3
66360.0,46.3
66420.0,45.8
66480.0,44.6
66540.0,45.7
66600.0,45.7
66660.0,45.0
66720.0,43.8
66780.0,45.1
66840.0,44.2
66900.0,45.4
66960.0,44.9
67020.0,47.3
67080.0,46.6
67140.0,46.8
67200.0,45.4
67260.0,46.0
67320.0,45.8
67380.0,44.8
67440.0,46.7
67500.0,45.1
67560.0,45.5
67620.0,47.0
67680.0,43.7
67740.0,44.9
67800.0,45.3
67860.0,45.1
67920.0,46.2
67980.0,45.3
68040.0,45.5
68100.0,45.5
68160.0,45.3
68220.0,46.4
68280.0,46.1
68340.0,44.9
68400.0,45.2
68460.0,45.6
68520.0,45.5
68580.0,46.4
68640.0,45.1
68700.0,46.2
68760.0,45.2
68820.0,45.6
68880.0,46.7
68940.0,46.3
69000.0,45.6
69060.0,45.3
69120.0,44.7
69180.0,44.2
69240.0,44.3
69300.0,44.5
69360.0,45.8
69420.0,44.9
69480.0,45.8
69540.0,45.0
69600.0,45.0
69660.0,45.7
69720.0,46.5
69780.0,44.9
69840.0,45.6
69900.0,44.9
69960.0,44.8
70020.0,44.6
70080.0,44.8
70140.0,44.2
70200.0,44.6
70260.0,45.7
70320.0,45.5
70380.0,45.0
70440.0,44.4
70500.0,45.3
70560.0,45.1
70620.0,45.2
70680.0,44.8
70740.0,45.1
70800.0,45.6
70860.0,45.4
70920.0,45.5
70980.0,46.0
71040.0,44.4
71100.0,44.2
71160.0,45.4
71220.0,45.2
71280.0,46.0
71340.0,45.6
71400.0,47.0
71460.0,45.9
71520.0,45.0
71580.0,44.8
71640.0,44.9
71700.0,44.6
71760.0,45.2
71820.0,44.1
71880.0,45.8
71940.0,44.3
72000.0,44.5
72060.0,44.6
72120.0,44.8
72180.0,44.9
72240.0,43.5
72300.0,43.7
72360.0,44.3
72420.0,43.8
72480.0,44.0
72540.0,44.8
72600.0,43.4
72660.0,43.4
72720.0,43.9
72780.0,44.1
72840.0,43.4
72900.0,43.4
72960.0,43.7
73020.0,43.2
73080.0,44.2
73140.0,43.6
73200.0,42.9
73260.0,42.7
73320.0,41.6
73380.0,41.9
73440.0,42.4
73500.0,41.9
73560.0,41.8
73620.0,40.3
73680.0,40.7
73740.0,41.5
73800.0,41.5
73860.0,41.6
73920.0,42.6
73980.0,41.0
74040.0,40.9
74100.0,42.0
74160.0,41.3
74220.0,41.6
74280.0,40.7
74340.0,41.3
74400.0,41.0
74460.0,42.5
74520.0,42.3
74580.0,41.5
74640.0,41.8
74700.0,41.3
74760.0,40.7
74820.0,41.5
74880.0,41.0
74940.0,40.1
75000.0,39.4
75060.0,39.2
75120.0,41.2
75180.0,41.8
75240.0,41.0
75300.0,40.8
75360.0,40.8
75420.0,40.9
75480.0,40.5
75540.0,40.9
75600.0,41.5
75660.0,40.5
75720.0,40.2
75780.0,39.9
75840.0,41.0
75900.0,40.9
75960.0,40.4
76020.0,39.6
76080.0,40.2
76140.0,40.8
76200.0,40.9
76260.0,40.5
76320.0,41.1
76380.0,40.2
76440.0,39.0
76500.0,36.9
76560.0,36.4
76620.0,36.5
76680.0,37.2
76740.0,38.2
76800.0,38.2
76860.0,36.8
76920.0,36.6
76980.0,37.7
77040.0,35.7
77100.0,33.9
77160.0,34.1
77220.0,33.9
77280.0,33.5
77340.0,33.5
77400.0,33.1
77460.0,33.4
77520.0,32.3
77580.0,32.4
77640.0,32.7
77700.0,30.8
77760.0,31.7
77820.0,31.6
77880.0,29.7
77940.0,29.4
78000.0,29.8
78060.0,27.7
78120.0,27.4
78180.0,27.3
78240.0,27.8
78300.0,25.2
78360.0,21.6
78420.0,20.1
78480.0,16.9
78540.0,19.2
78600.0,20.7
78660.0,21.1
78720.0,21.6
78780.0,22.2
78840.0,22.4
78900.0,24.4
78960.0,23.8
79020.0,22.5
79080.0,24.3
79140.0,24.3
79200.0,22.5
79260.0,24.3
79320.0,25.8
79380.0,24.9
79440.0,25.4
79500.0,23.2
79560.0,23.4
79620.0,23.2
79680.0,23.3
79740.0,24.6
79800.0,25.9
79860.0,25.1
79920.0,26.1
79980.0,25.7
80040.0,25.0
80100.0,24.8
80160.0,23.9
80220.0,23.4
80280.0,24.7
80340.0,23.3
80400.0,25.2
80460.0,25.8
80520.0,20.8
80580.0,23.0
80640.0,24.0
80700.0,22.9
80760.0,22.6
80820.0,20.4
80880.0,19.4
80940.0,19.6
81000.0,20.5
81060.0,23.2
81120.0,23.1
81180.0,23.4
81240.0,24.7
81300.0,23.9
81360.0,25.4
81420.0,23.5
81480.0,24.8
81540.0,22.2
81600.0,23.7
81660.0,26.4
81720.0,24.7
81780.0,21.1
81840.0,24.7
81900.0,22.7
81960.0,24.4
82020.0,25.9
82080.0,25.9
82140.0,25.5
82200.0,25.4
82260.0,22.6
82320.0,24.5
82380.0,26.0
82440.0,25.4
82500.0,26.0
82560.0,26.7
82620.0,26.2
82680.0,26.0
82740.0,28.8
82800.0,28.2
82860.0,27.3
82920.0,27.9
82980.0,25.7
83040.0,27.0
83100.0,25.9
83160.0,27.3
83220.0,28.8
83280.0,29.0
83340.0,28.8
83400.0,27.5
83460.0,27.5
83520.0,27.7
83580.0,27.4
83640.0,29.1
83700.0,26.5
83760.0,26.4
83820.0,27.1
83880.0,27.8
83940.0,27.8
84000.0,28.2
84060.0,27.9
84120.0,28.7
84180.0,28.6
84240.0,27.7
84300.0,26.8
84360.0,26.7
84420.0,23.1
84480.0,26.3
84540.0,26.4
84600.0,27.4
84660.0,25.5
84720.0,24.9
84780.0,26.0
84840.0,25.9
84900.0,25.4
84960.0,26.9
85020.0,26.6
85080.0,26.9
85140.0,25.1
85200.0,26.3
85260.0,27.1
85320.0,27.4
85380.0,26.4
85440.0,26.4
85500.0,26.6
85560.0,27.5
85620.0,27.0
85680.0,26.4
85740.0,25.0
85800.0,27.7
85860.0,26.3
85920.0,26.6
85980.0,26.8
86040.0,27.2
86100.0,26.3
86160.0,27.7
86220.0,28.4
86280.0,28.1
86340.0,26.1
