CampaignData_and_Merges/R0/CSL_MobileLab_Parked/raw/20240812/USOS-NOAAIodideCIMS-Halogens_MobileLabGround_20240812_RA.ict
38, 1001
Michael A Robinson, Chris Jernigan, Subi Thakali
NOAA ESRL Chemical Sciences Laboratory and CIRES, U. of Colorado
NOAA Iodide CIMS Instrument
USOS
1, 1
2024, 08, 12, 2024, 08, 13
1
starttime_UTC, seconds_past_midnight, seconds_of_day_since_00:00:00_UTC
6
1, 1, 1, 1, 1, 1
-9999, -9999, -9999, -9999, -9999, -9999
Br2_NOAACIMS, pptv, Gas_Br2_InSitu_S_AVMR, 
BrO_NOAACIMS, pptv, Gas_BrO_InSitu_S_AVMR, 
Cl2_NOAACIMS, pptv, Gas_Cl2_InSitu_S_AVMR, 
ClNO2_NOAACIMS, pptv, Gas_ClNO2_InSitu_S_AVMR, 
BrCl_NOAACIMS, pptv, Gas_BrCl_InSitu_S_AVMR, 
NCl3_NOAACIMS, pptv, Gas_NCl3_InSitu_S_AVMR, 
0
18
PI_CONTACT_INFO: 325 Broadway, R/CSD 7, Boulder, Colorado 80305; michael.a.robinson@noaa.gov; chris.jernigan@noaa.gov;
PLATFORM: NOAA CSL Mobile Lab
LOCATION: SLC, Utah
ASSOCIATED_DATA: 1Hz data also available on request.
INSTRUMENT_INFO: NOAA I- ToF CIMS
DATA_INFO: All data in parts per trillion by volume (pptv). 1 Hz data is available upon request.
UNCERTAINTY: TBD
ULOD_FLAG: -7777
ULOD_VALUE: N/A
LLOD_FLAG: -8888
LLOD_VALUE: N/A
DM_CONTACT_INFO: Nathan Howard; nathan.h.howard@noaa.gov
PROJECT_INFO: USOS, summer 2024. https://csl.noaa.gov/groups/csl7/measurements/2024usos/
STIPULATIONS_ON_USE: Users are strongly encouraged to contact the PI for proper data usage.
OTHER_COMMENTS: 
REVISION: RA
RA: Preliminary Data; For in-field use only
starttime_UTC, Br2_NOAACIMS, BrO_NOAACIMS, Cl2_NOAACIMS, ClNO2_NOAACIMS, BrCl_NOAACIMS, NCl3_NOAACIMS
[from data line 570]
 34200,  0.578, -9999.000,  0.452,  0.250,  0.126,  1.405
 34260,  0.637, -9999.000,  0.386,  0.242,  0.131,  1.255
 34320,  0.596, -9999.000,  0.414,  0.266,  0.146,  1.535
 34380,  0.497, -9999.000,  0.362,  0.269,  0.120,  1.422
 34440,  0.502, -9999.000,  0.324,  0.337,  0.158,  1.776
 34500,  0.592, -9999.000,  0.387,  0.371,  0.146,  2.024
 34560,  0.601, -9999.000,  0.394,  0.359,  0.090,  2.103
 34620,  0.570, -9999.000,  0.345,  0.381,  0.122,  1.878
 34680,  0.553, -9999.000,  0.333,  0.334,  0.117,  2.370
 34740,  0.499, -9999.000,  0.365,  0.434,  0.117,  2.315
 34800,  0.557, -9999.000,  0.379,  0.333,  0.124,  2.508
 34860,  0.565, -9999.000,  0.358,  0.401,  0.097,  2.562
 34920,  0.571, -9999.000,  0.440,  0.340,  0.077,  2.542
 34980,  0.413, -9999.000,  0.378,  0.366,  0.116,  3.011
 35040,  0.478, -9999.000,  0.398,  0.371,  0.110,  2.927
 35100,  0.453, -9999.000,  0.347,  0.382,  0.125,  2.885
 35160,  0.473, -9999.000,  0.366,  0.352,  0.106,  2.890
 35220,  0.568, -9999.000,  0.354,  0.350,  0.085,  2.885
 35280,  0.437, -9999.000,  0.263,  0.381,  0.104,  2.650
 35340,  0.480, -9999.000,  0.348,  0.340,  0.092,  2.724
 35400,  0.541, -9999.000,  0.311,  0.354,  0.086,  2.556
 35460,  0.595, -9999.000,  0.376,  0.313,  0.120,  2.332
 35520,  0.548, -9999.000,  0.381,  0.278,  0.078,  2.310
 35580,  0.517, -9999.000,  0.326,  0.303,  0.091,  2.561
 35640,  0.614, -9999.000,  0.296,  0.208,  0.102,  2.484
 35700,  0.484, -9999.000,  0.307,  0.228,  0.077,  2.273
 35760,  0.459, -9999.000,  0.270,  0.307,  0.107,  2.648
 35820,  0.481, -9999.000,  0.324,  0.396,  0.096,  3.325
 35880,  0.478, -9999.000,  0.315,  0.427,  0.111,  3.537
 35940,  0.512, -9999.000,  0.361,  0.337,  0.120,  2.349
 36000,  0.501, -9999.000,  0.351,  0.260,  0.116,  1.848
 36060,  0.486, -9999.000,  0.360,  0.291,  0.085,  2.035
 36120,  0.518, -9999.000,  0.392,  0.279,  0.078,  2.126
 36180,  0.540, -9999.000,  0.332,  0.337,  0.140,  1.941
 36240,  0.571, -9999.000,  0.335,  0.379,  0.096,  1.793
 36300,  0.476, -9999.000,  0.284,  0.320,  0.119,  1.996
 36360,  0.532, -9999.000,  0.293,  0.356,  0.108,  2.031
 36420,  0.662, -9999.000,  0.306,  0.346,  0.055,  1.860
 36480,  0.610, -9999.000,  0.257,  0.359,  0.087,  2.011
 36540,  0.604, -9999.000,  0.327,  0.330,  0.073,  2.025
 36600,  0.542, -9999.000,  0.282,  0.274,  0.128,  1.986
 36660,  0.754, -9999.000,  0.404,  0.393,  0.086,  1.912
 36720,  0.640, -9999.000,  0.352,  0.345,  0.078,  1.899
 36780,  0.612, -9999.000,  0.322,  0.430,  0.095,  2.323
 36840,  0.666, -9999.000,  0.370,  0.377,  0.106,  2.042
 36900,  0.490, -9999.000,  0.334,  0.375,  0.120,  1.975
 36960,  0.617, -9999.000,  0.282,  0.371,  0.100,  1.880
 37020,  0.547, -9999.000,  0.327,  0.359,  0.093,  2.181
 37080,  0.563, -9999.000,  0.345,  0.399,  0.101,  2.128
 37140,  0.595, -9999.000,  0.534,  0.286,  0.118,  1.930
 37200,  0.612, -9999.000,  0.330,  0.340,  0.083,  1.937
 37260,  0.662, -9999.000,  0.343,  0.286,  0.098,  2.004
 37320,  0.695, -9999.000,  0.304,  0.299,  0.090,  2.091
 37380,  0.639, -9999.000,  0.363,  0.353,  0.108,  1.928
 37440,  0.549, -9999.000,  0.303,  0.319,  0.070,  2.000
 37500, -9999.000, -9999.000, -9999.000, -9999.000, -9999.000, -9999.000
 37560,  0.475, -9999.000,  0.321,  0.287,  0.083,  1.779
 37620,  0.613, -9999.000,  0.308,  0.301,  0.091,  1.989
 37680,  0.626, -9999.000,  0.294,  0.313,  0.067,  2.316
 37740,  0.617, -9999.000,  0.377,  0.324,  0.136,  2.289
 37800,  0.688, -9999.000,  0.335,  0.256,  0.112,  2.421
 37860,  0.663, -9999.000,  0.362,  0.338,  0.109,  2.423
 37920,  0.809, -9999.000,  0.363,  0.433,  0.103,  2.162
 37980,  0.717, -9999.000,  0.360,  0.454,  0.103,  2.319
 38040,  0.659, -9999.000,  0.346,  0.418,  0.129,  2.604
 38100,  0.751, -9999.000,  0.459,  0.330,  0.118,  2.162
 38160,  0.853, -9999.000,  0.557,  0.324,  0.110,  1.830
 38220,  0.857, -9999.000,  0.477,  0.327,  0.092,  1.914
 38280,  0.804, -9999.000,  0.488,  0.285,  0.122,  1.941
 38340,  0.734, -9999.000,  0.667,  0.377,  0.119,  1.721
 38400,  0.923, -9999.000,  0.911,  0.496,  0.192,  6.864
 38460,  0.726, -9999.000,  0.754,  0.468,  0.174,  6.290
 38520,  0.865, -9999.000,  0.774,  0.312,  0.087,  2.972
 38580,  0.805, -9999.000,  0.705,  0.403,  0.103,  2.117
 38640,  0.829, -9999.000,  0.786,  0.337,  0.131,  3.152
 38700,  0.805, -9999.000,  0.646,  0.333,  0.133,  2.366
 38760,  0.876, -9999.000,  0.621,  0.282,  0.103,  1.793
 38820,  0.912, -9999.000,  0.541,  0.372,  0.126,  1.684
 38880,  0.902, -9999.000,  0.494,  0.325,  0.112,  1.552
 38940,  0.800,  0.030,  0.541,  0.431,  0.090,  1.350
 39000,  0.950,  0.045,  0.643,  0.405,  0.099,  1.503
 39060,  0.922,  0.146,  0.421,  0.483,  0.113,  1.741
 39120,  0.948,  0.077,  0.445,  0.488,  0.096,  1.785
 39180,  0.972,  0.086,  0.439,  0.507,  0.078,  1.665
 39240,  0.985,  0.040,  0.394,  0.500,  0.137,  1.591
 39300,  1.025,  0.078,  0.409,  0.459,  0.114,  1.708
 39360,  1.363,  0.104,  0.254,  0.498,  0.139,  1.587
 39420,  1.016,  0.081,  0.356,  0.525,  0.154,  1.611
 39480,  0.924,  0.092,  0.396,  0.439,  0.068,  1.644
 39540,  0.866,  0.070,  0.417,  0.387,  0.064,  1.856
 39600,  1.046,  0.087,  0.389,  0.411,  0.086,  2.131
 39660,  0.875,  0.142,  0.375,  0.308,  0.080,  2.076
 39720,  0.895,  0.062,  0.365,  0.361,  0.078,  2.293
 39780,  0.854,  0.072,  0.380,  0.291,  0.106,  2.227
 39840,  0.781,  0.128,  0.345,  0.316,  0.127,  1.928
 39900,  0.945,  0.035,  0.346,  0.282,  0.117,  1.877
 39960,  0.914,  0.063,  0.369,  0.289,  0.079,  1.918
 40020,  0.808,  0.044,  0.401,  0.288,  0.078,  1.808
 40080,  0.768,  0.107,  0.375,  0.234,  0.096,  2.187
 40140,  0.876,  0.091,  0.394,  0.261,  0.064,  1.963
 40200,  0.920,  0.067,  0.393,  0.265,  0.087,  1.670
 40260,  0.826,  0.070,  0.362,  0.259,  0.061,  1.831
 40320,  0.893,  0.069,  0.415,  0.280,  0.057,  1.918
 40380,  0.931,  0.075,  0.463,  0.241,  0.078,  1.788
 40440,  0.815,  0.088,  0.420,  0.232,  0.117,  1.775
 40500,  0.758,  0.119,  0.520,  0.245,  0.083,  1.671
 40560,  0.873,  0.070,  0.473,  0.285,  0.084,  1.799
 40620,  0.805,  0.071,  0.552,  0.324,  0.036,  1.836
 40680,  0.930,  0.084,  0.547,  0.254,  0.098,  1.758
 40740,  0.773,  0.087,  0.539,  0.270,  0.059,  1.672
 40800,  0.896,  0.072,  0.452,  0.321,  0.065,  1.773
 40860,  0.789,  0.062,  0.548,  0.325,  0.055,  1.674
 40920,  0.793,  0.042,  0.587,  0.335,  0.071,  1.698
 40980,  0.918,  0.085,  0.412,  0.358,  0.039,  1.741
 41040,  0.804,  0.063,  0.543,  0.315,  0.050,  1.611
 41100,  0.673,  0.111,  0.469,  0.397,  0.097,  1.861
 41160,  0.779,  0.038,  0.430,  0.297,  0.072,  1.863
 41220, -9999.000, -9999.000, -9999.000, -9999.000, -9999.000, -9999.000
 41280,  0.794,  0.090,  0.378,  0.341,  0.060,  2.043
 41340,  0.791,  0.038,  0.440,  0.394,  0.089,  1.818
 41400,  0.663,  0.093,  0.412,  0.319,  0.046,  1.860
 41460,  0.765,  0.042,  0.400,  0.388,  0.035,  1.899
 41520,  0.730,  0.026,  0.438,  0.421,  0.074,  2.060
 41580,  0.937,  0.063,  0.396,  0.401,  0.054,  2.140
 41640,  0.651,  0.066,  0.456,  0.412,  0.050,  2.034
 41700,  0.668,  0.114,  0.397,  0.374,  0.049,  1.913
 41760,  0.688,  0.101,  0.413,  0.356,  0.069,  1.793
 41820,  0.632,  0.070,  0.337,  0.311,  0.074,  1.750
 41880,  0.613,  0.035,  0.489,  0.380,  0.056,  1.658
 41940,  0.736,  0.058,  0.357,  0.383,  0.074,  1.678
 42000,  0.691,  0.053,  0.408,  0.321,  0.089,  1.664
 42060,  0.682,  0.066,  0.367,  0.366,  0.057,  1.449
 42120,  0.683,  0.038,  0.348,  0.348,  0.056,  1.524
 42180,  0.755,  0.026,  0.370,  0.399,  0.030,  1.553
 42240,  0.685,  0.040,  0.327,  0.438,  0.052,  1.711
 42300,  0.727,  0.080,  0.378,  0.418,  0.054,  1.651
 42360,  0.680,  0.089,  0.331,  0.394,  0.047,  1.669
 42420,  0.607,  0.081,  0.340,  0.284,  0.059,  1.422
 42480,  0.655,  0.019,  0.371,  0.378,  0.066,  1.491
 42540,  0.650,  0.074,  0.334,  0.307,  0.046,  1.300
 42600,  0.655,  0.030,  0.360,  0.325,  0.063,  1.485
 42660,  0.619,  0.044,  0.385,  0.284,  0.055,  1.399
 42720,  0.579,  0.021,  0.346,  0.307,  0.073,  1.573
 42780,  0.711,  0.090,  0.314,  0.299,  0.068,  1.771
 42840,  0.637,  0.018,  0.345,  0.289,  0.091,  1.433
 42900,  0.688,  0.048,  0.405,  0.372,  0.087,  1.484
 42960,  0.731,  0.050,  0.295,  0.388,  0.055,  1.600
 43020,  0.594,  0.109,  0.326,  0.346,  0.097,  1.696
 43080,  0.326, -0.054,  0.360,  0.306,  0.053,  1.360
 43140,  0.707,  0.003,  0.361,  0.317,  0.069,  1.016
 43200,  0.677,  0.015,  0.333,  0.339,  0.040,  1.337
 43260,  0.671,  0.053,  0.335,  0.282,  0.088,  1.462
 43320,  0.635,  0.049,  0.319,  0.262,  0.087,  1.366
 43380,  0.620,  0.054,  0.346,  0.311,  0.055,  1.408
 43440,  0.654,  0.027,  0.308,  0.366,  0.087,  1.492
 43500,  0.646,  0.002,  0.408,  0.323,  0.059,  1.696
 43560,  0.628,  0.015,  0.344,  0.337,  0.024,  1.265
 43620,  0.715,  0.092,  0.405,  0.413,  0.089,  1.224
 43680,  0.651,  0.026,  0.351,  0.352,  0.117,  1.082
 43740,  0.606,  0.059,  0.372,  0.338,  0.075,  1.269
 43800,  0.735, -0.018,  0.336,  0.276,  0.064,  1.209
 43860,  0.684,  0.010,  0.327,  0.304,  0.064,  1.194
 43920,  0.630,  0.075,  0.334,  0.390,  0.099,  1.338
 43980,  0.724,  0.012,  0.343,  0.417,  0.071,  1.550
 44040,  0.636,  0.015,  0.370,  0.440,  0.098,  1.503
 44100,  0.591,  0.029,  0.354,  0.454,  0.109,  1.504
 44160,  0.588, -0.007,  0.348,  0.382,  0.090,  1.438
 44220,  0.514,  0.009,  0.336,  0.389,  0.082,  1.323
 44280,  0.648,  0.049,  0.293,  0.504,  0.085,  1.296
 44340,  0.685,  0.047,  0.317,  0.408,  0.075,  1.376
 44400,  0.502,  0.010,  0.330,  0.434,  0.083,  1.511
 44460,  0.658, -0.030,  0.360,  0.490,  0.105,  1.701
 44520,  0.667,  0.031,  0.266,  0.508,  0.061,  1.553
 44580,  0.713,  0.035,  0.331,  0.426,  0.084,  1.699
 44640,  0.580, -0.008,  0.343,  0.487,  0.100,  1.723
 44700,  0.658,  0.041,  0.380,  0.554,  0.127,  2.061
 44760,  0.609,  0.006,  0.372,  0.431,  0.125,  2.179
 44820,  0.590,  0.050,  0.310,  0.590,  0.127,  2.044
 44880,  0.482, -0.021,  0.300,  0.648,  0.122,  1.919
 44940,  1.124, -0.106,  0.337,  0.419,  0.192,  2.967
 45000,  0.528,  0.006,  0.255,  0.492,  0.100,  2.117
 45060,  0.594, -0.008,  0.299,  0.491,  0.099,  2.123
 45120,  0.613, -0.045,  0.343,  0.573,  0.116,  2.277
 45180,  0.427,  0.010,  0.416,  0.655,  0.104,  2.298
 45240,  0.652,  0.007,  0.374,  0.636,  0.103,  2.471
 45300,  0.531,  0.011,  0.375,  0.573,  0.078,  2.355
 45360,  0.682,  0.051,  0.387,  0.419,  0.123,  2.414
 45420,  0.553,  0.067,  0.386,  0.445,  0.075,  2.255
 45480,  0.547, -0.018,  0.423,  0.582,  0.099,  2.652
 45540,  0.673,  0.051,  0.378,  0.535,  0.122,  2.396
 45600,  0.592, -0.034,  0.389,  0.555,  0.071,  2.369
 45660,  0.592,  0.076,  0.429,  0.657,  0.077,  2.488
 45720,  0.603,  0.023,  0.451,  0.706,  0.088,  2.391
 45780,  0.433,  0.013,  0.379,  0.669,  0.116,  2.392
 45840,  0.432, -0.000,  0.343,  0.495,  0.100,  2.804
 45900,  0.540,  0.000,  0.394,  0.603,  0.053,  4.059
 45960,  0.557,  0.081,  0.380,  0.487,  0.119,  2.656
 46020,  0.490,  0.042,  0.330,  0.535,  0.080,  2.464
 46080,  0.479,  0.035,  0.477,  0.536,  0.126,  4.099
 46140,  0.520,  0.079,  0.420,  0.595,  0.096,  6.895
 46200,  0.635,  0.069,  0.361,  0.572,  0.054,  3.264
 46260,  0.469,  0.025,  0.361,  0.523,  0.101,  4.519
 46320,  0.500,  0.012,  0.291,  0.454,  0.068,  2.127
 46380,  0.529,  0.055,  0.267,  0.441,  0.130,  1.722
 46440,  0.509,  0.083,  0.269,  0.376,  0.062,  1.516
 46500,  0.546,  0.085,  0.317,  0.378,  0.073,  1.305
 46560,  0.454,  0.016,  0.283,  0.421,  0.058,  1.710
 46620,  0.626,  0.064,  0.403,  0.402,  0.078,  1.760
 46680,  0.505,  0.055,  0.375,  0.377,  0.088,  1.619
 46740,  0.748,  0.108,  0.528,  0.346,  0.091,  1.212
 46800,  0.554,  0.057,  0.333,  0.379,  0.040,  1.669
 46860,  0.390,  0.060,  0.395,  0.372,  0.072,  1.644
 46920,  0.517,  0.071,  0.501,  0.321,  0.091,  1.350
 46980,  0.513,  0.073,  0.499,  0.270,  0.049,  1.387
 47040,  0.471,  0.094,  0.464,  0.306,  0.107,  1.331
 47100,  0.587,  0.102,  0.460,  0.331,  0.088,  1.521
 47160,  0.524,  0.090,  0.434,  0.325,  0.050,  1.200
 47220,  0.588,  0.079,  0.452,  0.335,  0.105,  1.189
 47280,  0.636,  0.093,  0.383,  0.267,  0.064,  1.202
 47340,  0.557,  0.083,  0.455,  0.279,  0.113,  1.570
 47400,  0.577,  0.050,  0.435,  0.316,  0.078,  1.100
 47460,  0.619,  0.071,  0.328,  0.304,  0.072,  1.237
 47520,  0.595,  0.060,  0.390,  0.288,  0.076,  1.343
 47580,  0.580,  0.087,  0.327,  0.301,  0.122,  1.342
 47640,  0.544,  0.069,  0.326,  0.281,  0.096,  1.145
 47700,  0.542,  0.108,  0.335,  0.295,  0.078,  1.152
 47760,  0.564,  0.070,  0.309,  0.274,  0.076,  1.053
 47820,  0.706,  0.077,  0.356,  0.297,  0.053,  1.130
 47880,  0.680,  0.089,  0.331,  0.251,  0.141,  1.094
 47940,  0.634,  0.093,  0.320,  0.273,  0.099,  1.214
 48000,  0.663,  0.131,  0.387,  0.263,  0.071,  0.925
 48060,  0.567,  0.131,  0.437,  0.233,  0.098,  1.470
 48120,  0.724,  0.109,  0.340,  0.239,  0.102,  0.909
 48180,  0.559,  0.049,  0.329,  0.220,  0.062,  0.871
 48240,  0.721,  0.143,  0.308,  0.217,  0.074,  0.909
 48300,  0.757,  0.110,  0.343,  0.268,  0.077,  0.902
 48360,  0.589,  0.064,  0.321,  0.240,  0.116,  0.784
 48420,  0.694,  0.097,  0.285,  0.204,  0.074,  0.757
 48480,  0.638,  0.094,  0.343,  0.230,  0.105,  0.888
 48540,  0.722,  0.081,  0.336,  0.254,  0.083,  0.781
 48600, -9999.000, -9999.000, -9999.000, -9999.000, -9999.000, -9999.000
 48660,  0.686,  0.077,  0.293,  0.243,  0.098,  0.623
 48720,  0.690,  0.073,  0.436,  0.234,  0.174,  3.398
 48780,  0.595,  0.058,  0.391,  0.208,  0.096,  0.530
 48840,  0.557,  0.068,  0.330,  0.206,  0.091,  0.553
 48900,  0.707, -9999.000,  0.307,  0.191,  0.093,  0.588
 48960,  0.720, -9999.000,  0.442,  0.186,  0.107,  0.744
 49020,  0.659, -9999.000,  0.400,  0.255,  0.102,  0.799
 49080,  0.643, -9999.000,  0.425,  0.251,  0.138,  1.272
 49140,  0.693, -9999.000,  0.386,  0.255,  0.094,  1.504
 49200,  0.631, -9999.000,  0.389,  0.293,  0.110,  1.639
 49260,  0.774, -9999.000,  0.312,  0.276,  0.078,  0.969
 49320,  0.679, -9999.000,  0.294,  0.242,  0.090,  1.058
 49380,  0.636, -9999.000,  0.298,  0.242,  0.096,  0.994
 49440,  0.755, -9999.000,  0.363,  0.296,  0.050,  0.668
 49500,  0.603, -9999.000,  0.347,  0.226,  0.101,  0.836
 49560,  0.576, -9999.000,  0.394,  0.291,  0.095,  0.887
 49620,  0.619, -9999.000,  0.340,  0.279,  0.088,  1.090
 49680,  0.583, -9999.000,  0.410,  0.314,  0.095,  1.051
 49740,  0.709, -9999.000,  0.367,  0.318,  0.084,  0.891
 49800,  0.604, -9999.000,  0.383,  0.328,  0.075,  0.770
 49860,  0.672, -9999.000,  0.336,  0.339,  0.144,  0.659
 49920,  0.622, -9999.000,  0.420,  0.276,  0.107,  0.630
 49980,  0.762, -9999.000,  0.362,  0.356,  0.131,  0.778
 50040,  0.646, -9999.000,  0.434,  0.372,  0.135,  0.677
 50100,  0.532, -9999.000,  0.413,  0.308,  0.102,  0.582
 50160,  0.598, -9999.000,  0.348,  0.345,  0.104,  0.426
 50220,  0.519, -9999.000,  0.363,  0.346,  0.104,  0.442
 50280,  0.657, -9999.000,  0.388,  0.347,  0.092,  1.198
 50340,  0.528, -9999.000,  0.315,  0.311,  0.101,  0.456
 50400,  0.490, -9999.000,  0.282,  0.313,  0.134,  0.474
 50460, -9999.000, -9999.000, -9999.000, -9999.000, -9999.000, -9999.000
 50520,  0.771, -9999.000,  0.318,  0.378,  0.068,  0.328
 50580,  0.532, -9999.000,  0.389,  0.283,  0.105,  0.277
 50640,  0.570, -9999.000,  0.355,  0.337,  0.155,  0.381
 50700,  0.661, -9999.000,  0.321,  0.306,  0.140,  0.270
 50760,  0.649, -9999.000,  0.315,  0.280,  0.138,  0.238
 50820,  0.606, -9999.000,  0.336,  0.281,  0.110,  0.220
 50880,  0.541, -9999.000,  0.304,  0.250,  0.078,  0.251
 50940,  0.612, -9999.000,  0.299,  0.273,  0.112,  0.180
 51000,  0.659, -9999.000,  0.330,  0.269,  0.119,  0.163
 51060,  0.642, -9999.000,  0.284,  0.260,  0.152,  0.209
