CampaignData_and_Merges/R0/CSL_MobileLab_Parked/raw/20240812/USOS-MetNav_MobileLabGround_20240812_R0.ict
44, 1001
Carrie Womack, Nate Howard, Mike Zucker
NOAA Chemical Sciences Laboratory
Mobile Lab MetNav Station
USOS
1, 1
2024, 08, 12, 2024, 12, 21
60
Time_Start, seconds_past_midnight, Seconds from midnight UTC
11
1, 1, 1, 1, 1, 1, 1, 1, 1, 1, 1
-9999, -9999, -9999, -9999, -9999, -9999, -9999, -9999, -9999, -9999, -9999
GPS_Alt_m, meters, Altitude from Differential GPS
GPS_Course_deg, degrees, Course from Differential GPS
GPS_GndSpd_m_s, m/s, Ground Speed from Differential GPS
GPS_Heading_deg, degrees, Heading from Differential GPS
GPS_Lat_deg, degrees, Latitude from Differential GPS
GPS_Lon_deg, degrees, Longitude from Differential GPS
AirTemp_C, Celsius, Air Temperature from Airmar
RelHumidity_pct, percent, Relative Humidity from Airmar
Pressure_mb, millibars, Pressure from Honeywell
WindDir_calc_deg, degrees, Wind Direction from Airmar corrected for van movement
WindSpd_calc_m_s, m/s, Wind Speed from Airmar corrected for van movement
1
SPECIAL COMMENTS:
18
PI_CONTACT_INFO: Address: 325 Broadway R/CSL7, Boulder, CO, 80305
PLATFORM: CSL Mobile Lab
LOCATION: Salt Lake City, UT
ASSOCIATED_DATA: N/A
INSTRUMENT_INFO: N/A
DATA_INFO: Units:
UNCERTAINTY: N/A
ULOD_FLAG: -7777
ULOD_VALUE: N/A
LLOD_FLAG: -8888
LLOD_VALUE: N/A
DM_CONTACT_INFO: Data Manager: Nate Howard
PROJECT_INFO: 
STIPULATIONS_ON_USE: Use of these data require prior ok from PI.
OTHER_COMMENTS: 
REVISION: R0
R0: Final data. Fixed bug in wind averaging code. RA: Preliminary Data. For in-field use only. 
Time_Start, GPS_Alt_m, GPS_Course_deg, GPS_GndSpd_m_s, GPS_Heading_deg, GPS_Lat_deg, GPS_Lon_deg, AirTemp_C, RelHumidity_pct, Pressure_mb, WindDir_calc_deg, WindSpd_calc_m_s
[from data line 1042]
62520.0,1309.0,1.99,0.04,1.99,40.73433,-111.87211,30.6,28.4,877.9,165.51,4.6
62580.0,1309.0,2.09,0.05,2.09,40.73433,-111.87211,30.6,28.7,877.9,158.00,3.7
62640.0,1309.1,2.85,0.05,2.85,40.73433,-111.87211,30.6,28.6,877.9,167.34,4.2
62700.0,1309.1,2.83,0.05,2.83,40.73433,-111.87211,30.7,29.1,877.9,153.03,3.2
62760.0,1309.3,2.13,0.04,2.13,40.73433,-111.87211,30.9,28.6,877.9,160.96,2.6
62820.0,1309.5,2.02,0.04,2.02,40.73433,-111.87211,31.0,28.1,877.9,180.02,3.2
62880.0,1309.5,2.28,0.04,2.28,40.73433,-111.87211,30.9,27.6,877.9,174.47,4.3
62940.0,1309.5,2.29,0.04,2.29,40.73433,-111.87211,30.8,27.7,877.9,176.97,3.5
63000.0,1309.5,1.94,0.04,1.94,40.73433,-111.87211,30.9,28.5,877.9,154.08,3.5
63060.0,1309.4,1.53,0.04,1.53,40.73433,-111.87211,30.9,28.6,877.8,139.16,2.9
63120.0,1309.6,1.38,0.04,1.38,40.73434,-111.87211,30.9,28.6,877.8,149.46,3.9
63180.0,1309.8,1.66,0.05,1.66,40.73434,-111.87211,30.8,29.0,877.8,134.55,3.6
63240.0,1309.9,1.65,0.04,1.65,40.73434,-111.87211,30.8,29.5,877.8,126.07,3.4
63300.0,1310.0,1.49,0.05,1.49,40.73434,-111.87211,30.7,28.8,877.8,137.21,4.6
63360.0,1310.1,1.96,0.05,1.96,40.73434,-111.87211,30.4,29.1,877.8,141.09,5.4
63420.0,1310.1,2.26,0.05,2.26,40.73434,-111.87211,30.9,28.3,877.8,201.59,1.9
63480.0,1310.1,2.11,0.06,2.11,40.73434,-111.87211,31.2,27.9,877.8,180.49,2.5
63540.0,1310.0,1.90,0.06,1.90,40.73434,-111.87211,31.2,27.6,877.8,166.09,3.2
63600.0,1309.7,2.26,0.05,2.26,40.73434,-111.87211,31.3,28.5,877.8,137.34,3.3
63660.0,1309.8,2.24,0.05,2.24,40.73434,-111.87211,31.2,28.3,877.8,152.80,4.1
63720.0,1310.0,2.21,0.05,2.21,40.73434,-111.87211,31.4,27.7,877.8,195.56,2.7
63780.0,1309.9,2.20,0.05,2.20,40.73434,-111.87211,31.3,28.3,877.8,154.86,4.5
63840.0,1309.7,1.80,0.04,1.80,40.73434,-111.87211,31.1,28.2,877.8,154.57,5.4
63900.0,1309.6,2.41,0.04,2.41,40.73434,-111.87211,31.1,28.3,877.8,166.16,2.4
63960.0,1309.6,2.43,0.04,2.43,40.73434,-111.87211,30.8,28.3,877.8,164.14,4.4
64020.0,1309.7,2.27,0.05,2.27,40.73434,-111.87211,30.4,28.4,877.9,167.68,5.6
64080.0,1309.7,2.11,0.05,2.11,40.73434,-111.87211,30.1,28.7,877.8,164.21,4.6
64140.0,1309.7,1.86,0.05,1.86,40.73434,-111.87211,30.2,30.0,877.8,148.02,3.2
64200.0,1309.5,1.86,0.05,1.86,40.73434,-111.87211,30.3,29.8,877.8,151.23,4.0
64260.0,1309.4,1.84,0.04,1.84,40.73434,-111.87211,30.2,29.3,877.8,163.02,4.4
64320.0,1309.4,1.78,0.06,1.78,40.73434,-111.87211,30.0,29.2,877.9,167.69,4.6
64380.0,1309.4,2.77,0.05,2.77,40.73434,-111.87211,30.0,29.6,877.8,154.62,3.5
64440.0,1309.4,3.39,0.04,3.39,40.73434,-111.87211,30.0,29.9,877.8,162.73,2.4
64500.0,1309.5,3.18,0.05,3.18,40.73434,-111.87211,30.0,30.0,877.8,172.17,2.2
64560.0,1309.4,3.26,0.05,3.26,40.73434,-111.87211,30.2,30.1,877.7,178.49,1.9
64620.0,1309.4,3.41,0.04,3.41,40.73434,-111.87211,30.2,30.1,877.8,176.70,3.2
64680.0,1309.6,2.92,0.05,2.92,40.73434,-111.87211,30.3,29.7,877.7,197.55,2.3
64740.0,1309.6,2.64,0.04,2.64,40.73433,-111.87211,30.4,29.9,877.7,173.25,2.3
64800.0,1309.7,2.38,0.04,2.38,40.73433,-111.87211,30.2,30.1,877.7,156.49,4.2
64860.0,1309.8,2.27,0.05,2.27,40.73433,-111.87211,30.3,29.9,877.7,171.83,3.5
64920.0,1309.9,2.30,0.05,2.30,40.73433,-111.87211,30.6,29.8,877.7,174.67,2.4
64980.0,1310.3,2.40,0.05,2.40,40.73433,-111.87211,30.8,29.7,877.7,186.74,3.0
65040.0,1310.3,1.91,0.04,1.91,40.73433,-111.87211,30.8,29.6,877.7,177.19,3.0
65100.0,1310.2,1.25,0.04,1.25,40.73433,-111.87211,30.7,29.5,877.7,172.87,3.8
65160.0,1309.6,0.65,0.05,0.65,40.73433,-111.87211,30.8,29.6,877.7,170.54,4.1
65220.0,1309.3,1.07,0.04,1.07,40.73433,-111.87211,30.9,29.3,877.6,171.06,2.7
65280.0,1309.4,0.71,0.05,0.71,40.73433,-111.87211,31.1,29.3,877.6,171.97,3.4
65340.0,1309.2,0.84,0.05,0.84,40.73433,-111.87211,31.0,29.5,877.6,149.83,3.7
65400.0,1309.1,1.21,0.04,1.21,40.73433,-111.87211,30.9,29.3,877.6,162.09,4.0
65460.0,1308.9,1.28,0.05,1.28,40.73433,-111.87211,30.7,29.2,877.6,179.40,3.4
65520.0,1309.1,1.21,0.04,1.21,40.73434,-111.87211,30.5,29.2,877.6,192.67,4.2
65580.0,1309.6,0.98,0.05,0.98,40.73434,-111.87211,30.4,29.5,877.6,187.79,3.4
65640.0,1309.8,1.16,0.05,1.16,40.73434,-111.87211,30.2,29.5,877.6,177.85,3.8
65700.0,1309.7,1.72,0.06,1.72,40.73434,-111.87211,30.2,29.8,877.6,184.06,2.7
65760.0,1309.7,1.83,0.05,1.83,40.73434,-111.87211,30.1,30.0,877.5,175.64,3.5
65820.0,1310.0,1.58,0.05,1.58,40.73434,-111.87211,29.9,30.1,877.5,168.07,4.9
65880.0,1310.0,1.53,0.05,1.53,40.73434,-111.87211,29.7,30.4,877.5,170.73,4.1
65940.0,1310.1,1.54,0.05,1.54,40.73434,-111.87211,29.8,30.6,877.5,175.50,3.4
66000.0,1310.1,1.69,0.05,1.69,40.73434,-111.87211,29.6,30.7,877.5,153.87,4.6
66060.0,1310.0,2.07,0.05,2.07,40.73434,-111.87211,29.6,31.2,877.5,164.07,2.9
66120.0,1309.9,1.86,0.05,1.86,40.73434,-111.87211,29.6,30.8,877.5,185.66,3.7
66180.0,1309.8,1.99,0.05,1.99,40.73434,-111.87211,29.7,30.9,877.5,184.10,3.7
66240.0,1309.9,2.14,0.04,2.14,40.73434,-111.87211,29.7,31.0,877.4,161.20,3.4
66300.0,1309.8,2.00,0.04,2.00,40.73434,-111.87211,30.0,30.9,877.4,168.27,3.4
66360.0,1309.7,1.86,0.04,1.86,40.73434,-111.87211,30.1,31.0,877.4,168.14,4.2
66420.0,1309.7,2.14,0.04,2.14,40.73434,-111.87211,30.0,30.9,877.3,158.23,5.2
66480.0,1309.6,2.51,0.04,2.51,40.73434,-111.87211,30.1,31.1,877.3,175.11,2.7
66540.0,1309.5,2.66,0.05,2.66,40.73434,-111.87211,30.4,30.3,877.2,181.36,2.2
66600.0,1309.4,2.17,0.04,2.17,40.73434,-111.87211,30.4,30.1,877.2,174.58,2.4
66660.0,1309.4,2.12,0.05,2.12,40.73434,-111.87211,30.5,31.0,877.1,122.00,3.8
66720.0,1309.5,1.93,0.04,1.93,40.73434,-111.87211,30.4,31.1,877.1,126.89,4.7
66780.0,1309.3,2.21,0.05,2.21,40.73434,-111.87211,30.8,30.5,877.0,141.12,2.2
66840.0,1309.1,2.13,0.05,2.13,40.73434,-111.87211,30.6,30.8,877.0,118.01,3.0
66900.0,1309.0,1.89,0.05,1.89,40.73434,-111.87211,30.9,29.7,877.1,171.40,2.9
66960.0,1309.0,1.76,0.05,1.76,40.73434,-111.87210,31.1,29.3,877.1,179.81,3.4
67020.0,1308.9,2.07,0.05,2.07,40.73434,-111.87210,31.2,28.8,877.1,183.05,4.5
67080.0,1308.8,2.10,0.05,2.10,40.73434,-111.87210,31.3,29.0,877.0,183.11,3.4
67140.0,1308.8,1.84,0.04,1.84,40.73434,-111.87210,31.4,29.0,877.0,184.93,2.6
67200.0,1308.7,2.01,0.05,2.01,40.73434,-111.87210,31.7,29.7,877.0,140.83,2.6
67260.0,1308.7,2.33,0.05,2.33,40.73434,-111.87210,31.9,28.9,877.0,162.89,2.6
67320.0,1308.8,2.45,0.05,2.45,40.73434,-111.87210,32.1,28.4,877.0,168.98,2.9
67380.0,1308.7,2.49,0.05,2.49,40.73434,-111.87210,32.2,28.7,877.0,159.52,4.0
67440.0,1308.5,2.36,0.04,2.36,40.73434,-111.87210,31.9,28.6,876.9,148.48,5.1
67500.0,1308.5,2.12,0.05,2.12,40.73434,-111.87210,31.9,29.1,876.9,147.09,3.3
67560.0,1308.4,2.11,0.05,2.11,40.73434,-111.87210,32.2,28.4,876.9,182.46,2.4
67620.0,1308.4,2.22,0.05,2.22,40.73434,-111.87210,32.1,28.4,876.9,166.41,2.7
67680.0,1308.4,2.35,0.05,2.35,40.73434,-111.87210,32.5,28.6,876.8,155.97,2.4
67740.0,1308.4,2.52,0.04,2.52,40.73434,-111.87210,32.7,27.7,876.8,184.22,2.5
67800.0,1308.5,2.14,0.04,2.14,40.73434,-111.87210,32.6,27.8,876.8,163.42,2.7
67860.0,1308.5,1.39,0.04,1.39,40.73434,-111.87210,32.3,27.8,876.8,166.41,4.0
67920.0,1308.5,1.35,0.05,1.35,40.73434,-111.87210,32.3,28.2,876.8,160.76,2.7
67980.0,1308.5,1.35,0.04,1.35,40.73434,-111.87210,32.2,28.5,876.8,159.78,3.9
68040.0,1308.5,0.93,0.05,0.93,40.73434,-111.87210,32.5,28.4,876.7,175.31,2.9
68100.0,1308.5,1.00,0.05,1.00,40.73434,-111.87211,32.6,28.4,876.7,175.67,2.8
68160.0,1308.5,1.53,0.05,1.53,40.73433,-111.87211,32.5,28.3,876.6,154.63,3.0
68220.0,1308.5,1.81,0.04,1.81,40.73433,-111.87211,32.5,28.2,876.6,169.41,3.5
68280.0,1308.6,1.92,0.05,1.92,40.73433,-111.87211,32.5,28.5,876.6,178.77,4.0
68340.0,1308.6,1.56,0.06,1.56,40.73433,-111.87211,32.5,28.6,876.6,157.30,4.0
68400.0,1308.6,1.52,0.05,1.52,40.73433,-111.87211,32.4,28.4,876.6,143.91,4.0
68460.0,1308.6,2.15,0.05,2.15,40.73433,-111.87211,32.6,28.6,876.6,164.23,2.4
68520.0,1308.6,1.98,0.05,1.98,40.73433,-111.87211,32.7,27.7,876.6,164.24,3.6
68580.0,1308.4,1.78,0.04,1.78,40.73433,-111.87211,32.7,28.0,876.5,150.41,3.0
68640.0,1308.5,1.81,0.05,1.81,40.73433,-111.87211,32.7,28.0,876.5,183.25,2.2
68700.0,1308.6,1.80,0.05,1.80,40.73433,-111.87211,32.6,28.1,876.6,195.15,2.7
68760.0,1308.8,2.07,0.05,2.07,40.73433,-111.87211,32.5,28.1,876.6,190.35,2.0
68820.0,1308.8,2.53,0.05,2.53,40.73433,-111.87211,32.5,28.2,876.6,191.43,2.4
68880.0,1308.9,2.22,0.05,2.22,40.73433,-111.87211,32.4,28.1,876.6,177.64,2.2
68940.0,1308.9,2.04,0.05,2.04,40.73433,-111.87211,32.1,28.5,876.6,157.15,4.1
69000.0,1309.0,2.07,0.05,2.07,40.73433,-111.87211,31.8,28.6,876.6,172.58,3.7
69060.0,1309.0,2.21,0.05,2.21,40.73433,-111.87211,31.5,29.0,876.6,145.47,4.3
69120.0,1309.1,1.87,0.06,1.87,40.73433,-111.87211,31.2,29.6,876.6,145.30,4.3
69180.0,1309.2,1.99,0.06,1.99,40.73433,-111.87211,31.0,29.8,876.6,168.22,3.9
69240.0,1309.0,2.09,0.05,2.09,40.73433,-111.87211,30.9,30.2,876.6,158.82,3.5
69300.0,1308.9,2.13,0.04,2.13,40.73434,-111.87211,30.8,30.1,876.6,168.51,3.0
69360.0,1309.3,1.68,0.06,1.68,40.73434,-111.87211,30.6,30.5,876.6,163.93,4.0
69420.0,1309.5,1.33,0.05,1.33,40.73434,-111.87211,30.5,30.6,876.6,160.05,2.7
69480.0,1309.5,1.49,0.05,1.49,40.73434,-111.87211,30.4,31.0,876.6,163.73,3.5
69540.0,1309.2,1.95,0.05,1.95,40.73434,-111.87211,30.4,30.9,876.5,177.41,2.5
69600.0,1309.2,1.62,0.05,1.62,40.73434,-111.87211,30.3,31.1,876.5,178.35,3.6
69660.0,1309.1,2.18,0.05,2.18,40.73434,-111.87211,30.2,31.2,876.5,175.26,2.9
69720.0,1309.2,2.23,0.05,2.23,40.73434,-111.87211,30.2,31.3,876.5,166.25,1.6
69780.0,1309.2,1.98,0.05,1.98,40.73434,-111.87211,30.2,31.3,876.5,138.86,2.2
69840.0,1309.3,2.27,0.05,2.27,40.73434,-111.87211,30.0,31.4,876.4,145.73,3.4
69900.0,1309.4,1.89,0.06,1.89,40.73434,-111.87211,30.3,31.3,876.4,165.33,2.0
69960.0,1309.5,1.88,0.05,1.88,40.73434,-111.87211,30.6,31.6,876.4,156.21,2.9
70020.0,1309.6,2.18,0.05,2.18,40.73434,-111.87211,30.8,31.3,876.4,157.91,2.1
70080.0,1309.8,1.97,0.05,1.97,40.73434,-111.87211,31.2,31.9,876.4,173.57,1.3
70140.0,1309.8,2.41,0.05,2.41,40.73434,-111.87211,31.6,32.5,876.4,145.90,1.9
70200.0,1309.7,2.28,0.06,2.28,40.73434,-111.87211,31.8,31.4,876.4,161.65,2.9
70260.0,1309.6,2.07,0.05,2.07,40.73434,-111.87211,31.6,30.1,876.4,177.95,3.6
70320.0,1309.6,2.11,0.05,2.11,40.73434,-111.87211,31.5,29.9,876.4,179.09,4.4
70380.0,1309.6,2.11,0.05,2.11,40.73434,-111.87211,31.4,30.3,876.4,164.54,3.4
70440.0,1309.7,1.42,0.04,1.42,40.73434,-111.87211,31.2,30.3,876.4,160.31,4.3
70500.0,1309.6,1.26,0.05,1.26,40.73434,-111.87211,31.3,30.6,876.3,146.48,3.4
70560.0,1309.6,1.28,0.04,1.28,40.73434,-111.87211,31.4,30.1,876.3,174.66,2.2
70620.0,1309.6,1.63,0.05,1.63,40.73434,-111.87211,31.4,30.2,876.3,184.69,2.1
70680.0,1309.6,1.38,0.04,1.38,40.73434,-111.87211,31.5,30.0,876.3,189.64,3.0
70740.0,1309.7,1.63,0.05,1.63,40.73434,-111.87211,31.5,29.8,876.2,171.10,1.9
70800.0,1309.6,2.24,0.05,2.24,40.73434,-111.87211,31.4,29.8,876.2,173.48,2.5
70860.0,1309.4,2.59,0.05,2.59,40.73434,-111.87211,31.2,30.1,876.2,185.23,2.7
70920.0,1309.4,2.58,0.05,2.58,40.73434,-111.87211,31.3,30.0,876.2,195.48,2.3
70980.0,1309.5,2.57,0.05,2.57,40.73434,-111.87211,31.5,29.8,876.1,171.18,1.3
71040.0,1309.6,2.43,0.05,2.43,40.73434,-111.87211,31.5,29.9,876.1,175.35,1.2
71100.0,1310.0,2.04,0.04,2.04,40.73434,-111.87211,31.3,30.0,876.1,163.89,3.6
71160.0,1310.1,1.71,0.05,1.71,40.73434,-111.87211,31.0,30.1,876.1,166.69,4.1
71220.0,1309.9,1.67,0.04,1.67,40.73434,-111.87211,30.9,30.5,876.1,191.94,3.4
71280.0,1309.8,2.10,0.04,2.10,40.73434,-111.87211,30.7,30.7,876.0,176.93,3.9
71340.0,1309.8,2.64,0.05,2.64,40.73434,-111.87211,30.8,30.7,876.0,193.81,2.3
71400.0,1309.9,2.93,0.04,2.93,40.73434,-111.87211,30.8,30.9,875.9,163.10,4.2
71460.0,1310.1,2.46,0.04,2.46,40.73434,-111.87211,30.9,30.6,875.9,184.06,4.0
71520.0,1310.2,2.39,0.05,2.39,40.73434,-111.87211,30.9,30.6,875.8,155.14,4.0
71580.0,1309.9,2.60,0.04,2.60,40.73434,-111.87211,31.1,30.6,875.8,183.72,3.3
71640.0,1309.9,2.45,0.04,2.45,40.73434,-111.87211,31.2,30.5,875.8,173.51,2.5
71700.0,1310.0,2.45,0.04,2.45,40.73434,-111.87211,31.1,30.2,875.8,162.21,4.2
71760.0,1310.0,1.90,0.05,1.90,40.73434,-111.87211,31.2,30.9,875.7,160.61,2.9
71820.0,1309.9,1.25,0.04,1.25,40.73434,-111.87211,31.3,30.8,875.7,166.80,2.1
71880.0,1310.1,1.17,0.04,1.17,40.73434,-111.87211,31.4,30.5,875.8,165.80,2.5
71940.0,1310.1,1.45,0.04,1.45,40.73434,-111.87211,31.2,30.5,875.8,170.86,2.8
72000.0,1310.0,1.43,0.04,1.43,40.73434,-111.87211,31.0,30.8,875.8,159.97,3.8
72060.0,1309.9,1.54,0.05,1.54,40.73434,-111.87211,31.0,31.0,875.8,178.15,2.2
72120.0,1309.9,1.55,0.04,1.55,40.73434,-111.87211,30.9,31.2,875.8,186.52,2.9
72180.0,1309.9,2.26,0.05,2.26,40.73434,-111.87211,30.8,31.4,875.8,165.22,1.9
72240.0,1309.8,2.77,0.05,2.77,40.73434,-111.87211,30.8,31.5,875.8,160.36,1.7
72300.0,1309.9,2.51,0.04,2.51,40.73434,-111.87211,30.7,31.3,875.8,157.58,3.2
72360.0,1309.9,2.31,0.05,2.31,40.73434,-111.87211,30.3,31.6,875.8,146.87,4.8
72420.0,1309.7,2.33,0.05,2.33,40.73434,-111.87211,30.3,31.7,875.7,162.44,2.1
72480.0,1309.7,2.18,0.04,2.18,40.73434,-111.87211,30.4,31.7,875.7,173.18,1.8
72540.0,1309.7,2.11,0.05,2.11,40.73434,-111.87211,30.3,31.4,875.7,172.41,2.1
72600.0,1309.8,2.25,0.04,2.25,40.73435,-111.87211,30.3,31.8,875.7,172.15,2.5
72660.0,1309.8,1.96,0.05,1.96,40.73435,-111.87211,30.3,31.8,875.7,192.91,1.5
72720.0,1309.7,1.84,0.04,1.84,40.73435,-111.87211,30.1,31.8,875.8,180.38,3.5
72780.0,1309.5,2.21,0.04,2.21,40.73435,-111.87211,30.0,32.0,875.8,166.84,3.7
72840.0,1309.6,1.75,0.04,1.75,40.73435,-111.87211,29.9,32.5,875.8,164.59,3.0
72900.0,1310.0,1.70,0.05,1.70,40.73434,-111.87211,30.0,32.3,875.8,198.94,1.4
72960.0,1310.1,2.13,0.04,2.13,40.73434,-111.87211,30.0,32.5,875.8,149.95,1.6
73020.0,1310.0,2.47,0.04,2.47,40.73434,-111.87211,30.1,32.2,875.7,171.78,1.3
73080.0,1309.9,2.78,0.04,2.78,40.73434,-111.87211,30.0,32.0,875.7,196.70,2.4
73140.0,1309.9,2.60,0.04,2.60,40.73434,-111.87211,30.1,31.9,875.7,169.80,0.7
73200.0,1309.9,2.23,0.04,2.23,40.73434,-111.87211,30.1,31.9,875.7,166.64,2.1
73260.0,1309.8,1.81,0.04,1.81,40.73434,-111.87211,30.0,31.7,875.6,175.73,1.8
73320.0,1309.7,1.76,0.04,1.76,40.73434,-111.87211,30.1,31.7,875.6,189.15,0.6
73380.0,1309.7,1.81,0.04,1.81,40.73434,-111.87211,30.1,31.6,875.6,183.04,1.0
73440.0,1309.5,2.38,0.04,2.38,40.73434,-111.87211,30.0,31.4,875.6,199.12,2.4
73500.0,1309.5,2.24,0.04,2.24,40.73434,-111.87211,30.0,31.5,875.7,190.07,2.0
73560.0,1309.5,2.40,0.03,2.40,40.73434,-111.87211,30.0,31.7,875.7,199.95,2.3
73620.0,1309.5,2.43,0.04,2.43,40.73434,-111.87211,30.0,31.8,875.7,187.00,2.0
73680.0,1309.6,2.81,0.04,2.81,40.73434,-111.87211,29.8,31.8,875.8,187.57,3.9
73740.0,1309.7,2.82,0.05,2.82,40.73434,-111.87211,29.8,31.8,875.7,188.26,2.0
73800.0,1309.8,2.89,0.04,2.89,40.73434,-111.87211,29.7,31.9,875.7,182.87,2.2
73860.0,1309.9,2.64,0.04,2.64,40.73434,-111.87211,29.7,31.9,875.7,200.51,2.4
73920.0,1310.0,2.49,0.05,2.49,40.73434,-111.87211,29.7,32.0,875.7,185.62,1.8
73980.0,1310.1,2.68,0.04,2.68,40.73434,-111.87211,29.7,32.0,875.7,182.84,1.3
74040.0,1310.2,2.79,0.05,2.79,40.73434,-111.87211,29.6,32.0,875.7,167.68,3.8
74100.0,1310.2,2.36,0.04,2.36,40.73434,-111.87211,29.5,32.3,875.7,180.40,2.7
74160.0,1310.2,1.92,0.05,1.92,40.73434,-111.87211,29.3,32.3,875.6,171.35,3.2
74220.0,1310.0,1.73,0.06,1.73,40.73434,-111.87210,29.2,32.6,875.6,168.49,2.9
74280.0,1309.8,1.90,0.04,1.90,40.73434,-111.87210,29.0,32.7,875.5,181.78,4.1
74340.0,1309.7,2.39,0.04,2.39,40.73434,-111.87210,28.9,33.0,875.5,166.50,3.0
74400.0,1309.7,2.70,0.05,2.70,40.73434,-111.87210,28.8,32.9,875.5,187.97,3.1
74460.0,1309.5,2.84,0.05,2.84,40.73434,-111.87210,28.7,32.8,875.5,189.95,2.6
74520.0,1309.4,2.84,0.05,2.84,40.73434,-111.87210,28.6,32.8,875.5,180.59,2.6
74580.0,1309.4,2.74,0.05,2.74,40.73434,-111.87210,28.5,32.9,875.6,180.07,3.5
74640.0,1309.3,3.09,0.05,3.09,40.73434,-111.87210,28.7,33.1,875.6,191.60,1.4
74700.0,1309.3,2.71,0.05,2.71,40.73434,-111.87210,28.6,32.7,875.7,182.08,2.0
74760.0,1309.3,2.96,0.05,2.96,40.73434,-111.87210,28.7,32.4,875.8,194.44,1.9
74820.0,1309.3,3.39,0.04,3.39,40.73434,-111.87210,28.7,32.4,875.9,193.21,2.6
74880.0,1309.2,3.10,0.05,3.10,40.73434,-111.87210,28.5,32.7,875.9,167.38,3.6
