CampaignData_and_Merges/R0/CSL_MobileLab_Parked/raw/20240812/USOS-Picarro-CO2-CH4-CO-H2O_MobileLabGround_20240812_R0.ict
38, 1001
Ilana Pollack, Nell Schafer, and Jeff Peischl
NOAA Chemical Sciences Laboratory
Picarro 2401-m CO2/CH4/CO/H2O Analyzer
USOS
1, 1
2024, 08, 12, 2024, 11, 20
0
StartTime_UTC, seconds_past_midnight, seconds past midnight
5
1, 1, 1, 1, 1
-9999, -9999, -9999, -9999, -9999
StopTime_UTC, seconds_past_midnight, seconds past midnight
CO2_ppm_1min, ppm, Gas_CO2_InSitu_S_DMF, carbon dioxide mixing ratio
CH4_ppb_1min, ppb, Gas_CH4_InSitu_S_DMF, methane mixing ratio
CO_ppb_1min, ppb, Gas_CO_InSitu_S_DMF, carbon monoxide mixing ratio
H2O_ppmv_1min, ppmv, Met_H2OMRV_InSitu_S_AVMR, water vapor mixing ratio
1
SPECIAL COMMENTS: N/A
18
PI_CONTACT_INFO: Address: NOAA Chemical Sciences Laboratory, Mail Stop CSL7, 325 Broadway, Boulder, CO 80305; Email: Ilana.Pollack@noaa.gov
PLATFORM: NOAA CSL Mobile Laboratory
LOCATION: The mobile lab was stationed in Salt Lake City, Utah.
ASSOCIATED_DATA: N/A
INSTRUMENT_INFO: CO2, CH4, and CO are reported as dry air mole fractions using a commercial wavelength-scanned cavity ring-down analyzer (Picarro 2401-m). An in-field calibration gas standard of 432±0.07 ppm CO2, 2095±1 ppb CH4, and 183±1 ppb CO, calibrated in the Boulder laboratories before and after the field project using primary CO2, CH4, and CO standard tanks tied to the WMO standard (X2019, X2004A, and X2014A, respectively) from the Global Monitoring Laboratory (GML), was delivered to the inlet every 2-3 days to evaluate instrument sensitivity. A H2O measurement was calibrated before the project with a Dew Point Mirror 373 hygrometer. The water correction calculated from these calibrations was applied to the H2O measurement for the entire campaign. Species are measured at 0.5 Hz and reported as 1-minute averages for stationary measurements.
DATA_INFO: Units: CO2, ppm, dry air mole fraction; CH4, ppb, dry air mole fraction; CO, ppb, dry air mole fraction; H2O, ppmv
UNCERTAINTY: Total uncertainties are estimated as ±0.1 ppm for CO2, ±1 ppb for CH4, ±5 ppb for CO, and ±(50 ppm + 4%) for H2O.
ULOD_FLAG: -7777
ULOD_VALUE: N/A
LLOD_FLAG: -8888
LLOD_VALUE: N/A
DM_CONTACT_INFO: Data Manager: Nathan Howard; nathan.h.howard@noaa.gov
PROJECT_INFO: USOS Dates of Study: July – August 2024
STIPULATIONS_ON_USE: Use of these data require prior ok from PI.
OTHER_COMMENTS: Data are averaged to 1 minute intervals. Stationary data collected from a 10 ft tower on top of the mobile van.
REVISION: R0
R0: Final Data
StartTime_UTC, StopTime_UTC, CO2_ppm_1min, CH4_ppb_1min, CO_ppb_1min, H2O_ppmv_1min
[from data line 395]
23700,23760,431.25,1961.3,121.4,18210.2148
23760,23820,432.16,1963.1,121.7,18421.0195
23820,23880,431.81,1963.8,117.9,18312.9609
23880,23940,431.62,1964.8,119.4,18235.6855
23940,24000,433.24,1964.7,121.0,18224.6348
24000,24060,433.15,1964.8,123.9,17757.9180
24060,24120,432.51,1965.2,119.8,17687.6133
24120,24180,433.67,1965.6,121.2,17591.0527
24180,24240,435.28,1966.1,124.5,17252.0000
24240,24300,435.89,1966.1,124.9,17348.5410
24300,24360,434.85,1965.3,124.9,17435.0098
24360,24420,433.03,1964.5,122.1,17504.4922
24420,24480,434.13,1964.9,123.7,17630.0957
24480,24540,432.00,1961.0,117.2,17481.1055
24540,24600,430.70,1959.3,114.9,17296.7402
24600,24660,431.95,1960.9,115.9,17403.8594
24660,24720,436.62,1967.1,124.5,17334.4043
24720,24780,432.74,1963.2,119.8,17185.3984
24780,24840,431.45,1960.7,117.9,17485.1855
24840,24900,430.18,1958.3,123.2,17452.2910
24900,24960,430.89,1959.4,121.1,17557.9531
24960,25020,430.63,1959.6,116.1,17627.8496
25020,25080,430.40,1959.4,115.9,17739.9883
25080,25140,430.30,1959.7,114.0,17796.2676
25140,25200,430.00,1959.5,117.5,17829.7793
25200,25260,429.82,1959.4,114.9,17893.9375
25260,25320,430.22,1960.1,117.4,18122.2188
25320,25380,430.50,1960.5,116.7,18198.6250
25380,25440,430.61,1960.7,116.0,18265.1660
25440,25500,431.70,1961.4,117.9,18502.5996
25500,25560,430.79,1961.7,117.4,18425.2227
25560,25620,432.02,1962.0,118.1,18603.9883
25620,25680,431.18,1962.3,118.4,18683.1230
25680,25740,430.79,1962.2,119.5,18690.7168
25740,25800,431.52,1962.7,119.6,18781.6348
25800,25860,431.30,1962.7,117.6,18832.1289
25860,25920,431.10,1962.8,116.3,18841.5508
25920,25980,431.26,1962.6,114.1,18896.4004
25980,26040,431.27,1962.6,116.5,18961.7813
26040,26100,431.80,1962.8,122.0,19068.5898
26100,26160,431.26,1962.5,117.0,19076.2305
26160,26220,431.40,1962.6,117.4,19151.5332
26220,26280,431.81,1963.0,116.5,19180.1602
26280,26340,431.77,1962.6,119.4,19149.9648
26340,26400,430.84,1960.9,113.0,18935.9238
26400,26460,431.07,1960.5,113.9,18772.7324
26460,26520,431.30,1960.1,111.7,18843.6563
26520,26580,431.03,1960.6,110.3,18852.6523
26580,26640,431.11,1960.3,111.1,18992.8691
26640,26700,430.78,1960.0,109.9,19046.7813
26700,26760,430.97,1960.3,109.9,19090.6270
26760,26820,430.74,1959.9,110.3,19117.8770
26820,26880,431.16,1959.9,111.1,19139.3086
26880,26940,431.14,1960.4,110.6,19062.0430
26940,27000,431.85,1960.6,111.6,19181.9941
27000,27060,431.49,1960.3,110.8,19158.8125
27060,27120,431.76,1959.6,109.9,19226.8574
27120,27180,431.43,1959.2,110.8,19119.0430
27180,27240,432.29,1958.8,113.8,19182.0215
27240,27300,431.28,1959.8,110.9,18974.1895
27300,27360,431.08,1958.7,111.6,18178.6992
27360,27420,432.50,1960.7,113.3,18506.3125
27420,27480,433.18,1962.9,116.9,18502.7910
27480,27540,435.08,1963.4,119.8,18356.5195
27540,27600,435.34,1963.9,118.6,18550.0820
27600,27660,437.59,1965.7,125.7,17740.1836
27660,27720,437.79,1966.6,129.9,17366.7930
27720,27780,437.31,1964.9,130.7,16872.5957
27780,27840,436.12,1963.7,123.2,17692.2461
27840,27900,434.87,1963.7,129.7,18392.3535
27900,27960,438.45,1966.3,135.7,17253.8184
27960,28020,440.00,1967.2,135.0,16916.8105
28020,28080,436.33,1960.9,131.1,16722.4141
28080,28140,439.15,1963.8,144.1,16131.5488
28140,28200,441.06,1965.5,141.2,16204.6406
28200,28260,438.44,1962.1,131.8,16332.5674
28260,28320,435.59,1960.9,126.2,16903.6055
28320,28380,435.76,1960.4,124.2,16908.8086
28380,28440,436.07,1961.2,123.3,16929.6055
28440,28500,436.79,1963.2,129.2,16914.4980
28500,28560,437.74,1964.4,129.1,17033.2188
28560,28620,436.17,1961.8,127.1,17062.6309
28620,28680,434.79,1959.9,123.1,17078.4199
28680,28740,435.59,1960.4,122.4,17271.4648
28740,28800,433.70,1959.2,121.8,17301.2012
28800,28860,433.94,1959.6,121.9,17298.2051
28860,28920,433.76,1960.3,122.6,17325.5898
28920,28980,433.02,1959.8,121.3,17335.8516
28980,29040,433.62,1961.8,120.6,17400.1523
29040,29100,432.54,1958.3,115.2,17420.3340
29100,29160,431.48,1956.8,114.3,17333.0293
29160,29220,430.21,1953.9,112.0,16879.6797
29220,29280,430.61,1954.0,111.8,16956.2129
29280,29340,429.34,1952.6,109.1,16523.8105
29340,29400,428.89,1951.7,109.2,16307.3525
29400,29460,428.27,1949.9,111.0,15931.6992
29460,29520,427.03,1946.9,109.3,15306.3154
29520,29580,427.30,1947.2,110.2,15299.9248
29580,29640,426.69,1946.4,111.0,15096.3955
29640,29700,427.13,1946.8,111.1,15156.5742
29700,29760,427.60,1947.4,110.2,15226.2100
29760,29820,427.94,1946.8,110.7,15305.3701
29820,29880,427.13,1946.4,109.0,15211.3252
29880,29940,427.56,1946.4,112.0,15321.1006
29940,30000,427.65,1947.3,112.6,15298.4551
30000,30060,427.45,1947.0,111.3,15374.8691
30060,30120,426.89,1946.5,111.6,15305.6006
30120,30180,426.99,1946.5,113.6,15407.2852
30180,30240,426.80,1946.6,114.2,15391.1563
30240,30300,426.60,1946.7,113.6,15430.5684
30300,30360,426.74,1946.8,112.2,15504.8857
30360,30420,426.76,1946.5,111.3,15569.9805
30420,30480,426.86,1947.1,111.5,15600.3457
30480,30540,426.81,1947.2,111.9,15620.1992
30540,30600,426.74,1947.0,114.3,15614.0938
30600,30660,426.51,1946.7,126.9,15518.2236
30660,30720,426.29,1945.8,118.2,15391.4297
30720,30780,426.33,1945.8,114.7,15355.6348
30780,30840,426.68,1946.0,116.3,15413.0518
30840,30900,426.33,1945.9,113.5,15362.8516
30900,30960,426.34,1945.7,112.0,15395.3037
30960,31020,426.70,1945.9,113.0,15467.4219
31020,31080,426.23,1945.6,111.3,15399.4404
31080,31140,426.50,1945.6,113.0,15419.0547
31140,31200,426.21,1945.8,114.3,15415.0752
31200,31260,426.16,1945.7,112.5,15421.0283
31260,31320,426.33,1946.3,111.0,15483.3359
31320,31380,426.61,1946.8,113.0,15589.7471
31380,31440,426.52,1947.1,112.0,15559.1992
31440,31500,426.21,1946.8,113.1,15498.5771
31500,31560,426.16,1946.6,111.8,15511.0439
31560,31620,426.38,1947.1,112.7,15578.2139
31620,31680,426.52,1947.3,113.9,15676.6621
31680,31740,426.63,1947.4,111.9,15775.7725
31740,31800,426.91,1947.8,112.1,15901.4102
31800,31860,427.30,1948.3,112.1,16039.3145
31860,31920,427.85,1948.1,113.1,16120.2275
31920,31980,427.17,1947.6,113.8,16057.0146
31980,32040,426.66,1946.4,111.3,16015.9824
32040,32100,427.25,1947.0,111.0,16138.4180
32100,32160,427.19,1947.3,111.6,16142.8623
32160,32220,427.31,1947.7,111.3,16262.0957
32220,32280,427.57,1948.4,109.5,16382.3643
32280,32340,427.76,1948.8,112.0,16548.1855
32340,32400,428.12,1949.4,111.1,16741.7500
32400,32460,428.90,1949.9,111.4,16943.0039
32460,32520,428.85,1951.2,112.6,17088.2852
32520,32580,429.48,1952.8,112.4,17279.5938
32580,32640,430.15,1954.7,112.4,17624.1289
32640,32700,430.71,1957.0,112.3,17748.6309
32700,32760,431.49,1960.0,113.9,18221.4766
32760,32820,431.63,1960.1,112.3,18511.3848
32820,32880,430.82,1959.0,112.0,18670.0117
32880,32940,430.94,1959.8,110.7,18779.5156
32940,33000,430.99,1960.2,110.1,18864.9746
33000,33060,430.84,1959.9,112.8,18871.4453
33060,33120,430.97,1960.3,110.1,18893.7441
33120,33180,431.15,1960.5,110.2,18906.7031
33180,33240,431.08,1960.0,109.5,18873.3848
33240,33300,431.15,1959.8,110.7,18860.3613
33300,33360,431.13,1959.9,109.6,18841.7754
33360,33420,430.92,1959.6,108.9,18838.3086
33420,33480,431.09,1960.0,111.7,18862.5391
33480,33540,430.81,1959.5,110.2,18840.5723
33540,33600,430.88,1959.5,110.2,18809.7422
33600,33660,430.68,1959.2,111.8,18754.1660
33660,33720,430.53,1958.7,110.9,18705.3984
33720,33780,430.22,1958.0,112.7,18630.3535
33780,33840,430.19,1957.7,114.4,18565.3867
33840,33900,430.56,1958.0,111.2,18614.3809
33900,33960,430.57,1957.3,111.1,18463.1914
33960,34020,431.77,1958.3,114.7,18604.9844
34020,34080,431.72,1958.5,115.1,18579.7012
34080,34140,431.39,1957.1,113.8,18331.7813
34140,34200,430.58,1957.0,112.5,18238.7617
34200,34260,431.49,1958.1,112.7,18393.5020
34260,34320,431.46,1958.3,113.4,18352.3945
34320,34380,431.31,1959.3,112.4,18460.6016
34380,34440,431.76,1959.9,111.2,18493.4512
34440,34500,432.23,1960.7,112.5,18560.4141
34500,34560,432.15,1962.0,112.9,18588.9590
34560,34620,432.70,1963.1,111.9,18677.1836
34620,34680,432.87,1961.8,112.8,18679.6055
34680,34740,433.68,1961.4,112.6,18752.5879
34740,34800,434.28,1962.5,114.8,19007.5332
34800,34860,434.26,1962.0,114.6,19188.0020
34860,34920,434.54,1962.7,113.2,19429.3457
34920,34980,435.74,1963.3,114.7,19685.9453
34980,35040,435.57,1964.4,113.8,19647.2598
35040,35100,434.62,1964.2,112.6,19465.0293
35100,35160,432.97,1961.0,113.9,18984.6992
35160,35220,435.30,1962.4,116.4,19352.0078
35220,35280,435.69,1965.3,115.5,19685.9395
35280,35340,434.10,1960.8,114.8,19136.4219
35340,35400,433.72,1959.5,128.8,18875.3125
35400,35460,432.77,1958.4,146.6,18613.8027
35460,35520,430.97,1955.3,116.1,17876.9805
35520,35580,431.92,1957.9,116.3,18220.2305
35580,35640,431.14,1956.4,115.1,17902.2617
35640,35700,430.83,1955.9,119.1,17936.7813
35700,35760,430.86,1957.3,116.5,18088.1992
35760,35820,432.00,1959.3,115.5,18688.1270
35820,35880,432.70,1964.3,115.7,18888.8984
35880,35940,432.40,1962.5,115.7,18723.2969
35940,36000,430.89,1956.8,115.4,18147.4258
36000,36060,429.39,1952.4,113.4,17427.1797
36060,36120,429.28,1952.2,113.1,17332.4980
36120,36180,430.80,1954.7,113.3,17840.9805
36180,36240,431.20,1955.6,114.1,17966.8242
36240,36300,430.15,1954.2,113.1,17622.7207
36300,36360,431.34,1956.7,115.5,17911.6465
36360,36420,431.47,1957.1,115.3,17874.0898
36420,36480,430.57,1955.1,113.9,17593.3047
36480,36540,431.02,1954.1,114.6,17574.5996
36540,36600,430.61,1955.0,115.5,17596.6621
36600,36660,431.44,1954.4,115.3,17702.5410
36660,36720,430.13,1954.1,113.9,17602.6191
36720,36780,430.07,1953.7,112.5,17593.6719
36780,36840,430.09,1954.2,115.0,17585.7168
36840,36900,431.65,1954.4,113.9,17717.7754
36900,36960,434.93,1955.2,114.3,17913.0547
36960,37020,434.36,1955.9,116.0,17885.2539
37020,37080,432.25,1956.2,114.3,17747.6348
37080,37140,433.35,1959.2,116.2,17755.6875
37140,37200,435.20,1963.8,116.4,17975.6582
37200,37260,433.11,1958.0,116.0,17665.3340
37260,37320,432.90,1957.0,115.0,17592.6719
37320,37380,431.16,1955.1,117.6,17099.1992
37380,37440,430.27,1954.2,118.7,16916.3945
37440,37500,431.21,1954.1,116.4,17004.5137
37500,37560,431.27,1953.7,115.3,16931.9961
37560,37620,431.48,1956.2,116.1,16972.4570
37620,37680,431.10,1955.4,115.5,16924.2012
37680,37740,430.62,1953.7,116.0,16779.7070
37740,37800,430.03,1953.8,122.8,16663.7695
37800,37860,430.15,1953.9,121.2,16708.1895
37860,37920,430.23,1953.5,117.3,16814.1055
37920,37980,429.26,1952.5,117.2,16753.5410
37980,38040,429.21,1952.5,115.5,16759.9434
38040,38100,429.64,1954.0,115.7,16870.0156
38100,38160,429.54,1952.9,114.1,17108.4219
38160,38220,430.46,1952.6,113.8,17329.8027
38220,38280,431.01,1954.1,119.2,17368.3613
38280,38340,430.88,1955.5,118.4,17418.2188
38340,38400,430.25,1953.3,113.4,17621.9863
38400,38460,430.39,1954.5,113.8,17843.4922
38460,38520,430.63,1954.6,114.6,17907.7617
38520,38580,430.87,1955.1,114.5,17838.6328
38580,38640,431.20,1954.4,112.5,17884.4199
38640,38700,431.57,1956.0,113.2,17981.2754
38700,38760,432.13,1954.5,117.6,17925.2910
38760,38820,432.11,1954.5,115.7,18005.6504
38820,38880,432.58,1955.3,114.3,18132.9785
38880,38940,432.50,1954.3,111.7,18200.6113
38940,39000,432.90,1954.1,118.2,18281.2754
39000,39060,433.24,1955.0,117.3,18256.2910
39060,39120,432.83,1954.7,114.3,18167.8281
39120,39180,432.30,1954.3,115.2,18159.7324
39180,39240,432.45,1954.4,114.9,18139.6250
39240,39300,433.22,1954.6,114.2,18227.7500
39300,39360,432.64,1954.8,114.4,18176.5996
39360,39420,432.14,1954.3,114.3,17987.9531
39420,39480,432.57,1954.9,116.7,17976.1875
39480,39540,434.67,1957.2,117.0,18240.4609
39540,39600,433.22,1955.6,114.8,18205.9043
39600,39660,433.02,1954.6,113.0,18335.2227
39660,39720,432.81,1955.1,114.2,18465.8379
39720,39780,433.06,1955.1,114.0,18564.6641
39780,39840,433.50,1955.4,115.5,18585.5273
39840,39900,433.21,1955.5,114.6,18549.2520
39900,39960,432.27,1954.9,115.4,18466.1387
39960,40020,433.15,1954.1,117.1,18508.9277
40020,40080,433.07,1954.7,117.5,18484.9258
40080,40140,434.09,1955.0,120.4,18506.2070
40140,40200,432.87,1953.6,128.7,18317.2188
40200,40260,431.38,1953.4,119.6,18310.7207
40260,40320,431.13,1953.8,119.0,18313.4961
40320,40380,431.41,1954.3,118.3,18325.4688
40380,40440,431.97,1953.9,120.1,18305.0059
40440,40500,432.01,1954.5,121.2,18300.9531
40500,40560,431.41,1953.8,116.2,18231.0527
40560,40620,431.66,1953.9,118.4,18307.5566
40620,40680,431.33,1953.4,117.2,18285.8418
40680,40740,432.21,1954.1,117.5,18389.1934
40740,40800,432.22,1954.2,116.8,18414.6016
40800,40860,431.68,1954.3,120.4,18423.9707
40860,40920,432.12,1954.6,120.7,18479.4082
40920,40980,431.81,1954.7,118.6,18415.3594
40980,41040,431.71,1954.3,117.6,18398.3965
41040,41100,431.67,1955.4,120.2,18454.7090
41100,41160,432.07,1955.5,122.1,18513.3438
41160,41220,433.13,1956.0,119.8,18543.0742
41220,41280,431.41,1954.6,115.0,18453.9844
41280,41340,432.57,1956.0,118.3,18609.3770
41340,41400,431.96,1955.9,122.0,18602.9902
41400,41460,432.52,1956.9,119.3,18640.7734
41460,41520,433.14,1957.0,122.8,18684.6328
41520,41580,433.02,1957.0,121.4,18734.2266
41580,41640,433.63,1957.6,118.8,18793.7598
41640,41700,433.39,1957.5,117.3,18821.8535
41700,41760,433.02,1958.9,117.6,18766.2559
41760,41820,433.01,1959.4,117.1,18728.8086
41820,41880,433.81,1959.4,119.2,18734.7559
41880,41940,433.24,1958.8,116.1,18674.1934
41940,42000,433.33,1958.8,121.7,18687.9688
42000,42060,433.44,1961.0,141.7,18747.4629
42060,42120,433.99,1959.9,118.8,18744.5117
42120,42180,432.74,1959.0,134.2,18595.9141
42180,42240,432.30,1959.3,114.6,18650.2891
42240,42300,432.58,1958.4,118.4,18590.6855
42300,42360,432.16,1958.3,123.1,18540.2988
42360,42420,431.93,1958.6,122.7,18513.8145
42420,42480,432.56,1959.3,122.8,18540.2949
42480,42540,432.46,1958.5,117.0,18514.9512
42540,42600,431.72,1957.9,115.1,18424.6406
42600,42660,432.25,1958.3,117.8,18444.5137
42660,42720,431.99,1957.7,118.5,18293.4551
42720,42780,431.72,1957.7,120.1,18326.2539
42780,42840,432.59,1959.0,148.5,18405.9102
42840,42900,432.87,1959.0,143.4,18377.1113
42900,42960,432.48,1958.8,122.4,18423.7051
42960,43020,432.24,1958.8,118.1,18408.2559
43020,43080,432.12,1958.7,118.6,18276.0469
43080,43140,433.41,1958.7,118.1,18260.2656
43140,43200,432.06,1958.4,117.6,18064.4238
43200,43260,432.26,1959.0,117.1,18101.8047
43260,43320,432.09,1959.4,118.1,18086.7930
43320,43380,432.05,1959.0,117.8,18080.7402
43380,43440,432.38,1960.0,129.8,18112.4805
43440,43500,432.23,1960.0,118.9,18122.4746
43500,43560,433.87,1960.2,122.9,18184.3359
43560,43620,433.35,1960.6,120.4,18114.4609
43620,43680,432.97,1960.5,119.5,18076.9863
43680,43740,433.36,1961.0,122.3,18071.9727
43740,43800,434.08,1961.8,124.1,18093.5430
43800,43860,437.55,1962.4,140.4,18174.5371
43860,43920,438.02,1962.7,138.0,18207.7148
43920,43980,434.34,1961.8,124.2,18153.0684
43980,44040,435.63,1963.4,131.1,18154.8711
44040,44100,434.24,1963.0,126.3,18144.0723
44100,44160,435.08,1963.2,128.2,18147.5977
44160,44220,440.18,1964.1,138.1,18271.3984
44220,44280,440.58,1963.8,165.5,18285.2813
44280,44340,435.24,1962.9,129.6,18232.0898
44340,44400,439.24,1964.3,142.2,18338.7773
44400,44460,436.56,1965.0,140.7,18282.4219
44460,44520,437.03,1964.3,152.7,18286.1172
44520,44580,436.89,1963.5,146.3,18279.9414
44580,44640,440.34,1963.9,146.5,18374.0449
44640,44700,437.30,1963.9,133.7,18365.5996
44700,44760,437.91,1964.8,134.1,18374.8809
44760,44820,443.38,1965.2,145.2,18435.1680
44820,44880,436.90,1965.9,135.8,18374.7188
44880,44940,437.24,1965.9,150.6,18373.5059
44940,45000,436.83,1966.0,176.3,18373.3223
45000,45060,438.50,1967.0,184.8,18398.4707
45060,45120,438.46,1968.7,147.7,18423.6699
45120,45180,439.12,1968.2,142.0,18432.9629
45180,45240,437.79,1967.4,141.7,18409.7656
45240,45300,437.71,1968.3,140.4,18423.8301
45300,45360,438.35,1969.8,141.7,18443.4570
45360,45420,440.55,1969.9,142.3,18442.4297
45420,45480,442.91,1970.8,146.1,18500.4219
45480,45540,438.80,1969.5,151.0,18470.0156
45540,45600,437.96,1967.8,140.5,18457.3574
45600,45660,437.57,1968.4,136.2,18475.8730
45660,45720,437.27,1968.6,137.4,18493.3184
45720,45780,437.17,1968.0,143.0,18445.8164
45780,45840,436.61,1966.2,143.6,18299.3438
45840,45900,439.64,1966.8,149.9,18325.0938
45900,45960,444.00,1970.0,163.5,18497.5078
