CampaignData_and_Merges/R0/CSL_MobileLab_Parked/raw/20240812/USOS-Picarro-CO2-CH4-CO-H2O_MobileLabGround_20240812_R0.ict
38, 1001
Ilana Pollack, Nell Schafer, and Jeff Peischl
NOAA Chemical Sciences Laboratory
Picarro 2401-m CO2/CH4/CO/H2O Analyzer
USOS
1, 1
2024, 08, 12, 2024, 11, 20
0
StartTime_UTC, seconds_past_midnight, seconds past midnight
5
1, 1, 1, 1, 1
-9999, -9999, -9999, -9999, -9999
StopTime_UTC, seconds_past_midnight, seconds past midnight
CO2_ppm_1min, ppm, Gas_CO2_InSitu_S_DMF, carbon dioxide mixing ratio
CH4_ppb_1min, ppb, Gas_CH4_InSitu_S_DMF, methane mixing ratio
CO_ppb_1min, ppb, Gas_CO_InSitu_S_DMF, carbon monoxide mixing ratio
H2O_ppmv_1min, ppmv, Met_H2OMRV_InSitu_S_AVMR, water vapor mixing ratio
1
SPECIAL COMMENTS: N/A
18
PI_CONTACT_INFO: Address: NOAA Chemical Sciences Laboratory, Mail Stop CSL7, 325 Broadway, Boulder, CO 80305; Email: Ilana.Pollack@noaa.gov
PLATFORM: NOAA CSL Mobile Laboratory
LOCATION: The mobile lab was stationed in Salt Lake City, Utah.
ASSOCIATED_DATA: N/A
INSTRUMENT_INFO: CO2, CH4, and CO are reported as dry air mole fractions using a commercial wavelength-scanned cavity ring-down analyzer (Picarro 2401-m). An in-field calibration gas standard of 432±0.07 ppm CO2, 2095±1 ppb CH4, and 183±1 ppb CO, calibrated in the Boulder laboratories before and after the field project using primary CO2, CH4, and CO standard tanks tied to the WMO standard (X2019, X2004A, and X2014A, respectively) from the Global Monitoring Laboratory (GML), was delivered to the inlet every 2-3 days to evaluate instrument sensitivity. A H2O measurement was calibrated before the project with a Dew Point Mirror 373 hygrometer. The water correction calculated from these calibrations was applied to the H2O measurement for the entire campaign. Species are measured at 0.5 Hz and reported as 1-minute averages for stationary measurements.
DATA_INFO: Units: CO2, ppm, dry air mole fraction; CH4, ppb, dry air mole fraction; CO, ppb, dry air mole fraction; H2O, ppmv
UNCERTAINTY: Total uncertainties are estimated as ±0.1 ppm for CO2, ±1 ppb for CH4, ±5 ppb for CO, and ±(50 ppm + 4%) for H2O.
ULOD_FLAG: -7777
ULOD_VALUE: N/A
LLOD_FLAG: -8888
LLOD_VALUE: N/A
DM_CONTACT_INFO: Data Manager: Nathan Howard; nathan.h.howard@noaa.gov
PROJECT_INFO: USOS Dates of Study: July – August 2024
STIPULATIONS_ON_USE: Use of these data require prior ok from PI.
OTHER_COMMENTS: Data are averaged to 1 minute intervals. Stationary data collected from a 10 ft tower on top of the mobile van.
REVISION: R0
R0: Final Data
StartTime_UTC, StopTime_UTC, CO2_ppm_1min, CH4_ppb_1min, CO_ppb_1min, H2O_ppmv_1min
0,60,-9999,-9999,-9999,-9999
60,120,-9999,-9999,-9999,-9999
120,180,-9999,-9999,-9999,-9999
180,240,-9999,-9999,-9999,-9999
240,300,-9999,-9999,-9999,-9999
300,360,-9999,-9999,-9999,-9999
360,420,-9999,-9999,-9999,-9999
420,480,-9999,-9999,-9999,-9999
480,540,-9999,-9999,-9999,-9999
540,600,-9999,-9999,-9999,-9999
600,660,-9999,-9999,-9999,-9999
660,720,-9999,-9999,-9999,-9999
720,780,-9999,-9999,-9999,-9999
780,840,-9999,-9999,-9999,-9999
840,900,-9999,-9999,-9999,-9999
900,960,-9999,-9999,-9999,-9999
960,1020,-9999,-9999,-9999,-9999
1020,1080,-9999,-9999,-9999,-9999
1080,1140,-9999,-9999,-9999,-9999
1140,1200,-9999,-9999,-9999,-9999
1200,1260,-9999,-9999,-9999,-9999
1260,1320,-9999,-9999,-9999,-9999
1320,1380,-9999,-9999,-9999,-9999
1380,1440,-9999,-9999,-9999,-9999
1440,1500,-9999,-9999,-9999,-9999
1500,1560,-9999,-9999,-9999,-9999
1560,1620,-9999,-9999,-9999,-9999
1620,1680,-9999,-9999,-9999,-9999
1680,1740,-9999,-9999,-9999,-9999
1740,1800,-9999,-9999,-9999,-9999
1800,1860,-9999,-9999,-9999,-9999
1860,1920,-9999,-9999,-9999,-9999
1920,1980,-9999,-9999,-9999,-9999
1980,2040,-9999,-9999,-9999,-9999
2040,2100,-9999,-9999,-9999,-9999
2100,2160,-9999,-9999,-9999,-9999
2160,2220,-9999,-9999,-9999,-9999
2220,2280,-9999,-9999,-9999,-9999
2280,2340,-9999,-9999,-9999,-9999
2340,2400,-9999,-9999,-9999,-9999
2400,2460,-9999,-9999,-9999,-9999
2460,2520,-9999,-9999,-9999,-9999
2520,2580,-9999,-9999,-9999,-9999
2580,2640,-9999,-9999,-9999,-9999
2640,2700,-9999,-9999,-9999,-9999
2700,2760,-9999,-9999,-9999,-9999
2760,2820,-9999,-9999,-9999,-9999
2820,2880,-9999,-9999,-9999,-9999
2880,2940,-9999,-9999,-9999,-9999
2940,3000,-9999,-9999,-9999,-9999
3000,3060,-9999,-9999,-9999,-9999
3060,3120,-9999,-9999,-9999,-9999
3120,3180,-9999,-9999,-9999,-9999
3180,3240,-9999,-9999,-9999,-9999
3240,3300,-9999,-9999,-9999,-9999
3300,3360,-9999,-9999,-9999,-9999
3360,3420,-9999,-9999,-9999,-9999
3420,3480,-9999,-9999,-9999,-9999
3480,3540,-9999,-9999,-9999,-9999
3540,3600,-9999,-9999,-9999,-9999
3600,3660,-9999,-9999,-9999,-9999
3660,3720,-9999,-9999,-9999,-9999
3720,3780,-9999,-9999,-9999,-9999
3780,3840,-9999,-9999,-9999,-9999
3840,3900,-9999,-9999,-9999,-9999
3900,3960,-9999,-9999,-9999,-9999
3960,4020,-9999,-9999,-9999,-9999
4020,4080,-9999,-9999,-9999,-9999
4080,4140,-9999,-9999,-9999,-9999
4140,4200,-9999,-9999,-9999,-9999
4200,4260,-9999,-9999,-9999,-9999
4260,4320,-9999,-9999,-9999,-9999
4320,4380,-9999,-9999,-9999,-9999
4380,4440,-9999,-9999,-9999,-9999
4440,4500,-9999,-9999,-9999,-9999
4500,4560,-9999,-9999,-9999,-9999
4560,4620,-9999,-9999,-9999,-9999
4620,4680,-9999,-9999,-9999,-9999
4680,4740,-9999,-9999,-9999,-9999
4740,4800,-9999,-9999,-9999,-9999
4800,4860,-9999,-9999,-9999,-9999
4860,4920,-9999,-9999,-9999,-9999
4920,4980,-9999,-9999,-9999,-9999
4980,5040,-9999,-9999,-9999,-9999
5040,5100,429.10,1959.5,170.3,14057.7109
5100,5160,429.25,1958.8,164.9,14105.2480
5160,5220,429.11,1958.6,159.7,14513.9756
5220,5280,427.58,1958.2,147.1,14082.6201
5280,5340,-9999,-9999,-9999,-9999
5340,5400,-9999,-9999,-9999,-9999
5400,5460,-9999,-9999,-9999,-9999
5460,5520,431.72,1959.1,142.5,14492.0859
5520,5580,431.67,1961.3,153.4,14814.9883
5580,5640,432.08,1960.6,167.0,14521.2109
5640,5700,432.30,1960.9,213.0,14588.8564
5700,5760,429.65,1959.6,165.3,14321.7490
5760,5820,429.37,1957.5,158.2,13861.7930
5820,5880,427.69,1957.4,152.9,13866.8730
5880,5940,428.32,1956.8,150.1,13691.2803
5940,6000,427.37,1954.9,142.6,13426.9492
6000,6060,427.16,1955.6,147.3,13530.7402
6060,6120,429.02,1956.3,166.4,13700.1289
6120,6180,428.40,1956.3,154.5,13665.2861
6180,6240,430.48,1957.0,164.0,13924.1689
6240,6300,431.43,1957.3,162.3,14189.7949
6300,6360,431.73,1958.6,168.4,14274.9766
6360,6420,431.28,1960.1,167.0,14305.1328
6420,6480,435.57,1958.7,191.5,14266.4844
6480,6540,433.52,1956.8,198.3,13896.5723
6540,6600,434.17,1957.1,200.6,13752.8848
6600,6660,427.21,1954.6,144.7,13362.6289
6660,6720,428.86,1954.8,148.7,13465.8350
6720,6780,430.79,1955.1,168.6,13557.9590
6780,6840,426.80,1955.1,145.4,13345.6563
6840,6900,427.10,1955.3,144.7,13392.8896
6900,6960,434.49,1957.3,198.0,13687.9141
6960,7020,437.74,1959.2,205.4,14010.9775
7020,7080,434.87,1959.2,180.0,14002.0078
7080,7140,440.01,1962.6,179.1,14451.6143
7140,7200,435.31,1967.4,198.5,14482.9922
7200,7260,437.90,1969.0,212.7,14834.3721
7260,7320,440.57,1967.2,247.9,14851.5391
7320,7380,442.74,1966.2,255.1,14770.7129
7380,7440,443.35,1964.3,234.5,14595.1680
7440,7500,438.62,1963.6,227.4,14231.9980
7500,7560,445.02,1964.1,271.2,14399.8525
7560,7620,445.13,1964.8,338.0,14279.6943
7620,7680,446.22,1965.7,280.2,14359.8809
7680,7740,438.17,1960.8,230.3,13957.9492
7740,7800,437.66,1960.8,214.6,14062.7656
7800,7860,444.05,1962.0,232.8,14392.1855
7860,7920,443.62,1963.5,256.4,14221.6465
7920,7980,447.01,1965.3,259.6,14452.2275
7980,8040,451.78,1967.6,250.6,14925.6162
8040,8100,444.63,1965.4,236.3,14687.3799
8100,8160,446.49,1970.0,268.9,15108.0420
8160,8220,448.54,1972.0,293.6,15085.7578
8220,8280,449.18,1973.9,254.0,15197.0352
8280,8340,449.95,1973.5,252.3,15138.2656
8340,8400,445.90,1972.3,235.9,15001.1211
8400,8460,444.41,1971.3,229.5,15027.3047
8460,8520,446.98,1974.7,252.9,15256.5859
8520,8580,445.64,1976.2,287.9,15263.2754
8580,8640,446.79,1976.6,281.5,15388.7402
8640,8700,446.26,1975.6,265.5,15347.4365
8700,8760,449.97,1975.0,262.3,15458.0234
8760,8820,448.62,1976.9,259.4,15390.4160
8820,8880,449.52,1978.1,253.8,15429.1553
8880,8940,449.32,1978.2,252.5,15557.7246
8940,9000,448.15,1975.7,265.2,15435.7383
9000,9060,451.60,1980.9,299.1,15611.2148
9060,9120,455.98,1983.0,328.6,15878.1504
9120,9180,455.29,1985.1,333.8,15970.6494
9180,9240,455.42,1984.9,323.2,15989.5791
9240,9300,444.60,1981.9,241.7,15571.5234
9300,9360,451.05,1989.6,261.6,15926.2441
9360,9420,439.43,1982.9,223.5,15748.4346
9420,9480,435.93,1976.2,192.7,15889.0117
9480,9540,436.22,1974.4,187.1,15909.0889
9540,9600,432.84,1966.9,159.7,15862.9004
9600,9660,431.36,1962.8,146.4,16014.4258
9660,9720,430.84,1961.3,145.1,16098.2773
9720,9780,429.29,1958.5,135.2,16102.6006
9780,9840,428.92,1957.5,134.1,16136.1523
9840,9900,429.31,1957.7,136.3,16147.1201
9900,9960,429.08,1957.5,130.5,16154.0859
9960,10020,429.72,1957.6,134.7,16194.6084
10020,10080,428.77,1957.1,129.5,16135.5859
10080,10140,428.97,1957.3,128.1,16123.3008
10140,10200,429.33,1958.1,131.2,16153.7051
10200,10260,428.85,1959.6,130.0,16218.4277
10260,10320,429.70,1962.8,133.0,16316.5479
10320,10380,428.93,1963.1,129.0,16342.3809
10380,10440,428.86,1962.5,126.9,16363.1387
10440,10500,429.44,1965.6,128.8,16431.2910
10500,10560,428.82,1963.4,128.2,16400.1719
10560,10620,428.92,1964.0,127.4,16394.7813
10620,10680,429.05,1963.8,127.5,16389.4766
10680,10740,428.87,1962.1,125.3,16323.5801
10740,10800,429.06,1961.5,127.5,16296.4336
10800,10860,428.78,1959.0,126.6,16101.9014
10860,10920,428.17,1957.1,124.2,15869.4863
10920,10980,428.40,1957.3,131.7,15839.5811
10980,11040,428.46,1957.7,125.9,15754.2900
11040,11100,428.50,1957.9,123.3,15645.1143
11100,11160,428.41,1956.0,123.2,15404.1123
11160,11220,428.10,1954.5,120.9,15151.2021
11220,11280,428.13,1954.2,120.1,15026.7949
11280,11340,428.32,1954.4,122.3,14979.6621
11340,11400,428.76,1954.8,126.8,15024.6729
11400,11460,428.98,1955.1,131.1,14986.0264
11460,11520,428.33,1954.8,125.2,14947.7207
11520,11580,428.32,1955.1,123.7,14942.7119
11580,11640,428.65,1955.9,125.2,14963.3613
11640,11700,429.33,1956.5,124.1,14973.1475
11700,11760,428.57,1956.0,121.4,14882.9346
11760,11820,428.95,1956.9,122.0,14921.7314
11820,11880,429.16,1957.7,124.9,14936.7383
11880,11940,428.84,1957.5,122.8,14905.0996
11940,12000,429.09,1957.9,124.4,14937.3945
12000,12060,428.87,1957.9,121.4,14945.7363
12060,12120,428.59,1958.7,126.9,15102.6582
12120,12180,428.81,1959.1,121.7,15139.5361
12180,12240,429.52,1959.9,126.0,15255.8242
12240,12300,429.15,1959.9,123.3,15329.8516
12300,12360,429.14,1960.4,122.5,15431.4844
12360,12420,430.55,1960.3,128.1,15481.4102
12420,12480,430.55,1960.7,124.7,15528.2920
12480,12540,432.12,1960.7,129.4,15580.9365
12540,12600,432.79,1960.6,130.6,15579.7871
12600,12660,430.85,1959.2,128.1,15382.2275
12660,12720,430.97,1959.1,130.2,15373.2695
12720,12780,431.38,1958.8,125.8,15377.2422
12780,12840,434.47,1958.7,142.4,15433.3350
12840,12900,431.39,1957.6,128.2,15359.2119
12900,12960,430.90,1958.2,131.4,15307.0361
12960,13020,430.42,1958.8,129.0,15377.8555
13020,13080,430.66,1959.1,130.2,15396.3848
13080,13140,431.65,1958.8,132.9,15659.7500
13140,13200,432.22,1958.7,135.5,15725.6797
13200,13260,431.10,1959.7,131.5,15732.7744
13260,13320,432.06,1961.3,142.5,15759.0957
13320,13380,431.63,1961.1,133.0,15872.7754
13380,13440,429.77,1959.3,126.0,15896.0820
13440,13500,431.91,1959.9,139.2,15943.3066
13500,13560,431.81,1959.7,135.5,16032.3428
13560,13620,433.75,1959.9,139.1,16325.4199
13620,13680,431.25,1958.0,137.3,15878.6260
13680,13740,430.66,1956.7,141.9,15576.1240
13740,13800,429.79,1955.3,130.1,15340.8672
13800,13860,430.41,1955.6,147.3,15304.4072
13860,13920,430.95,1954.7,139.6,15278.8447
13920,13980,431.68,1954.9,157.0,15451.5166
13980,14040,432.40,1954.7,152.1,15655.4814
14040,14100,429.81,1954.6,130.2,15172.5723
14100,14160,430.29,1954.4,130.3,15162.6211
14160,14220,428.51,1953.4,124.1,15072.5029
14220,14280,428.80,1953.8,124.9,15113.0918
14280,14340,429.91,1954.9,137.7,15195.2695
14340,14400,429.20,1954.7,126.5,15176.2852
14400,14460,429.25,1955.0,125.9,15196.5068
14460,14520,431.15,1955.8,131.3,15398.6045
14520,14580,430.12,1956.2,126.5,15273.9863
14580,14640,432.62,1956.0,130.8,15622.1699
14640,14700,431.54,1955.9,134.9,15429.1074
14700,14760,432.02,1956.5,131.5,15521.3984
14760,14820,433.69,1956.8,138.7,15422.7715
14820,14880,433.25,1957.0,135.4,15733.8291
14880,14940,431.69,1957.4,132.8,15570.0586
14940,15000,430.81,1957.6,130.7,15430.9424
15000,15060,432.29,1957.8,141.8,15522.6934
15060,15120,431.48,1958.6,158.7,15486.9785
15120,15180,431.51,1958.9,135.7,15561.7920
15180,15240,431.82,1958.7,136.7,15564.5684
15240,15300,432.73,1958.8,139.7,15629.6563
15300,15360,432.68,1959.4,141.1,15477.7432
15360,15420,431.50,1958.4,134.8,15321.2676
15420,15480,431.62,1957.8,134.5,15259.6621
15480,15540,432.94,1957.4,138.1,15331.8271
15540,15600,432.11,1957.0,136.1,15412.4131
15600,15660,431.21,1956.9,130.6,15155.1377
15660,15720,431.51,1957.0,128.4,15190.6904
15720,15780,430.71,1956.3,127.3,15092.6914
15780,15840,431.60,1955.8,127.6,14988.2949
15840,15900,430.97,1954.1,127.1,14708.4404
15900,15960,429.83,1952.7,121.4,14624.8848
15960,16020,429.43,1951.8,119.7,14550.4561
16020,16080,429.75,1952.5,120.5,14673.9512
16080,16140,430.22,1953.1,121.2,14644.6094
16140,16200,430.52,1953.1,123.4,14615.3691
16200,16260,430.16,1952.9,122.2,14568.3779
16260,16320,430.76,1952.9,121.3,14728.7988
16320,16380,431.42,1953.4,125.7,14758.9795
16380,16440,433.57,1954.1,150.1,14943.9902
16440,16500,431.45,1954.7,125.1,14875.7695
16500,16560,432.41,1954.9,130.3,14888.1211
16560,16620,433.25,1955.1,133.9,15005.5664
16620,16680,433.10,1955.5,131.0,15009.1084
16680,16740,432.31,1957.7,130.5,15162.7725
16740,16800,432.59,1957.9,130.5,15218.5820
16800,16860,432.69,1958.0,131.3,15292.5781
16860,16920,432.58,1959.6,133.6,15414.3369
16920,16980,432.39,1959.9,156.5,15677.8350
16980,17040,433.60,1960.4,152.3,15776.5615
17040,17100,433.08,1961.4,136.0,15917.0244
17100,17160,432.29,1961.6,130.9,16006.2959
17160,17220,431.55,1962.3,126.2,16090.4268
17220,17280,431.47,1963.1,126.7,16115.8779
17280,17340,431.69,1963.1,126.5,16193.2803
17340,17400,432.74,1963.8,131.0,16207.9980
17400,17460,431.04,1962.8,124.9,16343.0234
17460,17520,431.30,1963.8,124.2,16543.8320
17520,17580,431.80,1964.0,131.3,16652.6973
17580,17640,433.60,1964.6,139.3,16687.9629
17640,17700,431.99,1964.9,132.6,16682.7617
17700,17760,431.27,1964.2,134.3,16884.9863
17760,17820,432.88,1964.0,160.4,17052.4961
17820,17880,431.75,1964.4,132.4,17091.7969
17880,17940,433.19,1965.8,135.4,17186.1660
17940,18000,432.40,1970.4,133.1,17160.5254
18000,18060,432.95,1966.6,147.9,17213.4199
18060,18120,432.01,1964.0,133.4,17123.7422
18120,18180,432.99,1962.8,137.3,17272.2773
18180,18240,432.17,1962.8,130.6,17190.7852
18240,18300,432.46,1962.7,130.5,17216.6035
18300,18360,434.64,1963.8,137.3,17309.0781
18360,18420,433.04,1963.3,133.3,17340.8184
18420,18480,434.37,1963.6,134.4,17442.6016
18480,18540,432.49,1963.6,131.8,17148.6660
18540,18600,432.10,1963.0,128.5,17089.4473
18600,18660,433.75,1963.7,146.7,17157.8184
18660,18720,432.75,1961.2,148.3,16947.1680
18720,18780,432.42,1960.6,137.1,16914.9512
18780,18840,431.61,1961.1,127.1,16935.9492
18840,18900,432.21,1961.0,130.5,17008.7207
18900,18960,432.36,1961.6,124.3,17230.9883
18960,19020,432.40,1962.3,127.0,17103.6152
19020,19080,432.50,1962.3,133.6,17093.5703
19080,19140,430.88,1961.0,127.8,16959.7441
19140,19200,432.01,1961.6,124.2,17163.4727
19200,19260,431.95,1962.4,127.2,16962.7715
19260,19320,433.24,1962.8,129.6,17108.7617
19320,19380,434.01,1963.1,145.6,17193.4707
19380,19440,435.13,1963.6,145.0,17382.4258
19440,19500,433.99,1964.5,128.2,17374.5410
19500,19560,432.59,1963.9,130.4,17285.1563
19560,19620,433.20,1964.2,130.8,17314.7930
19620,19680,432.24,1966.5,127.0,17218.2246
19680,19740,432.03,1968.6,123.3,17417.7949
19740,19800,432.48,1969.7,128.0,17471.2559
19800,19860,432.84,1971.0,146.4,17586.8555
19860,19920,432.32,1970.7,127.3,17730.1152
19920,19980,431.98,1969.9,122.9,17659.2227
19980,20040,430.53,1965.9,119.5,17660.7031
20040,20100,430.12,1965.2,115.4,17581.3047
20100,20160,430.99,1965.7,117.6,17730.3438
20160,20220,430.96,1964.9,123.5,17664.7402
20220,20280,430.66,1964.5,117.6,17607.6563
20280,20340,430.79,1963.1,116.3,17764.6426
20340,20400,430.05,1962.5,116.8,17717.9258
20400,20460,429.87,1962.1,115.7,17663.7188
20460,20520,429.88,1961.7,115.8,17709.7305
20520,20580,429.94,1961.4,114.1,17737.9160
20580,20640,429.77,1960.3,113.5,17886.5313
20640,20700,430.40,1960.2,114.2,17977.9980
20700,20760,429.62,1959.9,111.5,17994.3496
20760,20820,429.71,1960.2,114.2,17983.8633
20820,20880,429.97,1960.4,114.3,17976.0684
20880,20940,430.74,1960.9,116.7,18081.1816
20940,21000,430.48,1960.9,116.8,18034.5859
21000,21060,430.46,1961.1,121.9,18035.5078
21060,21120,430.37,1961.0,115.5,18075.1035
21120,21180,430.29,1961.3,116.5,18040.2520
21180,21240,430.04,1961.0,114.4,18018.7656
21240,21300,429.97,1960.9,116.1,18035.2441
21300,21360,430.98,1961.5,117.8,18068.7754
21360,21420,430.67,1961.0,115.7,18193.2441
21420,21480,431.15,1961.3,114.8,18159.4590
21480,21540,430.24,1960.7,114.9,18355.9277
21540,21600,429.88,1960.8,114.1,18205.7832
21600,21660,430.42,1960.8,112.9,18362.3477
21660,21720,430.40,1961.2,147.0,18308.2168
21720,21780,429.97,1961.0,119.2,18290.3945
21780,21840,430.53,1961.4,116.6,18333.2754
21840,21900,430.17,1961.1,114.1,18368.0527
21900,21960,429.98,1960.7,113.9,18372.0918
21960,22020,430.46,1961.4,118.8,18345.8535
22020,22080,430.35,1959.9,117.8,18370.9785
22080,22140,429.80,1959.9,117.0,18358.6074
22140,22200,429.57,1959.7,112.4,18296.0488
22200,22260,429.39,1959.2,111.5,18134.3535
22260,22320,429.35,1959.1,111.0,18305.7754
22320,22380,429.43,1959.3,110.7,18498.0039
22380,22440,429.95,1959.4,110.9,18491.8750
22440,22500,429.64,1959.6,111.7,18413.7813
22500,22560,429.76,1959.9,111.0,18404.7598
22560,22620,430.05,1960.6,112.4,18359.5957
22620,22680,430.34,1961.5,113.2,18569.6719
22680,22740,429.96,1961.2,113.5,18367.6172
22740,22800,429.67,1960.1,113.0,18023.8691
22800,22860,430.06,1960.2,115.0,18091.1016
22860,22920,429.76,1960.1,113.0,17876.1016
22920,22980,429.56,1959.4,112.6,17739.9160
22980,23040,429.60,1959.9,112.0,17818.4629
23040,23100,429.82,1960.6,112.2,17998.5762
23100,23160,430.07,1961.3,113.2,18278.5391
23160,23220,430.05,1961.8,112.0,18558.9141
23220,23280,430.77,1962.7,116.6,18690.9238
23280,23340,430.27,1962.7,115.2,18725.4805
23340,23400,430.15,1963.0,117.0,18646.9668
23400,23460,430.17,1962.7,114.2,18443.8516
23460,23520,429.97,1961.4,113.7,18277.0469
23520,23580,429.99,1959.8,113.9,18079.7520
23580,23640,430.10,1960.7,115.9,17986.6289
