CampaignData_and_Merges/R0/CSL_MobileLab_Parked/raw/20240812/USOS-POPS_MobileLabGround_20240812_R0.ict
78, 1001
Thornberry, T. D.
NOAA Chemical Sciences Laboratory
Portable Optical Particle Spectrometer (POPS)
USOS
1, 1
2024, 08, 12, 2025, 05, 08
60
Time_Start, seconds_past_midnight, Start time of measurement
45
1, 1, 1, 1, 1, 1, 1, 1, 1, 1, 1, 1, 1, 1, 1, 1, 1, 1, 1, 1, 1, 1, 1, 1, 1, 1, 1, 1, 1, 1, 1, 1, 1, 1, 1, 1, 1, 1, 1, 1, 1, 1, 1, 1, 1
-9999, -9999, -9999, -9999, -9999, -9999, -9999, -9999, -9999, -9999, -9999, -9999, -9999, -9999, -9999, -9999, -9999, -9999, -9999, -9999, -9999, -9999, -9999, -9999, -9999, -9999, -9999, -9999, -9999, -9999, -9999, -9999, -9999, -9999, -9999, -9999, -9999, -9999, -9999, -9999, -9999, -9999, -9999, -9999, -9999
Time_Stop, seconds_past_midnight, Stop time of measurement
Time_Mid, seconds_past_midnight, Mid time of measurement
Press_mb, mb, Pressure reported (mb)
Temp_C, degrees C, POPS temperature measurement
Aerosol_concentration, cm^-3, Aerosol concentration
Surface_Area_Conc, um^2 cm^-3, Surface area concentration
Volume_density, um^3 cm^-3, Volume density
Effective_radius, um, Effective radius
Extinction, km^-1, Extinction
Bin01, cm^-3, particle concentration in size range [1401 - 146.3 nm]
Bin02, cm^-3, particle concentration in size range [146.3 - 152.8 nm]
Bin03, cm^-3, particle concentration in size range [152.8 - 159.6 nm]
Bin04, cm^-3, particle concentration in size range [159.6 - 166.8 nm]
Bin05, cm^-3, particle concentration in size range [166.8 - 174.2 nm]
Bin06, cm^-3, particle concentration in size range [174.2 - 181.9 nm]
Bin07, cm^-3, particle concentration in size range [181.9 - 190.0 nm]
Bin08, cm^-3, particle concentration in size range [190.0 - 198.5 nm]
Bin09, cm^-3, particle concentration in size range [198.5 - 207.4 nm]
Bin10, cm^-3, particle concentration in size range [207.4 - 216.6 nm]
Bin11, cm^-3, particle concentration in size range [216.6 - 226.2 nm]
Bin12, cm^-3, particle concentration in size range [226.2 - 236.3 nm]
Bin13, cm^-3, particle concentration in size range [236.3 - 246.8 nm]
Bin14, cm^-3, particle concentration in size range [246.8 - 257.8 nm]
Bin15, cm^-3, particle concentration in size range [257.8 - 269.3 nm]
Bin16, cm^-3, particle concentration in size range [269.3 - 343.4 nm]
Bin17, cm^-3, particle concentration in size range [343.4 - 450.7 nm]
Bin18, cm^-3, particle concentration in size range [450.7 - 525.9 nm]
Bin19, cm^-3, particle concentration in size range [525.9 - 618.5 nm]
Bin20, cm^-3, particle concentration in size range [618.5 - 710.0 nm]
Bin21, cm^-3, particle concentration in size range [710.0 - 822.7 nm]
Bin22, cm^-3, particle concentration in size range [822.7 - 885.9 nm]
Bin23, cm^-3, particle concentration in size range [885.9 - 953.9 nm]
Bin24, cm^-3, particle concentration in size range [953.9 - 1027.2 nm]
Bin25, cm^-3, particle concentration in size range [1027.2 - 1106.1 nm]
Bin26, cm^-3, particle concentration in size range [1106.1 - 1191.0 nm]
Bin27, cm^-3, particle concentration in size range [1191.0 - 1282.5 nm]
Bin28, cm^-3, particle concentration in size range [1282.5 - 1381.0 nm]
Bin29, cm^-3, particle concentration in size range [1381.0 - 1487.1 nm]
Bin30, cm^-3, particle concentration in size range [1487.1 - 1601.3 nm]
Bin31, cm^-3, particle concentration in size range [1601.3 - 1724.3 nm]
[...]
PLATFORM: NOAA CSL Mobile Lab
LOCATION: USOS
ASSOCIATED_DATA: N/A
INSTRUMENT_INFO: Printed Optical Particle Spectrometer counts particles from 140 - 2500 nm in diameter 
DATA_INFO: Particle concentrations reported in number per cubic centimeter,1 Hz data
UNCERTAINTY: Counting uncertainty dominated by air flow, less than 5 percent. Measurement range is ~0 - 3000 per cm3 (varies depending on flow rate- manufacturer quotes 1250 per cm3 at 1.667 cc/s)
ULOD_FLAG: -7777
ULOD_VALUE: N/A
LLOD_FLAG: -8888
LLOD_VALUE: N/A
DM_CONTACT_INFO: Troy Thornberry, 325 Broadway R/CSL6, Boulder, CO 80305; troy.thornberry@noaa.gov; 303-497-3373
PROJECT_INFO: USOS, Utah POPS data from NOAA CSL Mobile Lab
STIPULATIONS_ON_USE: Please contact the PIs for questions regarding applications and uncertainties
OTHER_COMMENTS: POPS bin Edges (nm):  140.1, 146.3, 152.8, 159.6, 166.8, 174.2, 181.9, 190.0, 198.5, 207.4, 216.6, 226.2, 236.3, 246.8, 257.8, 269.3, 343.4, 450.7, 525.9, 618.5, 710.0, 822.7, 885.9, 953.9, 1027.2, 1106.1, 1191.0, 1282.5, 1381.0, 1487.1, 1601.3, 1724.3, 1856.7, 1999.3, 2152.8, 2318.2, 2496.2
Calculations assume organic aerosol refractive index of 1.52+0.00j and extinction wavelength = 532 nm
REVISION: R0
R0: Final data
Time_Start, Time_Stop, Time_Mid, Press_mb, Temp_C, Aerosol_concentration, Surface_Area_Conc, Volume_density, Effective_radius, Extinction, Bin01, Bin02, Bin03, Bin04, Bin05, Bin06, Bin07, Bin08, Bin09, Bin10, Bin11, Bin12, Bin13, Bin14, Bin15, Bin16, Bin17, Bin18, Bin19, Bin20, Bin21, Bin22, Bin23, Bin24, Bin25, Bin26, Bin27, Bin28, Bin29, Bin30, Bin31, Bin32, Bin33, Bin34, Bin35, Bin36
[from data line 762]
45720,45779,45750,871.899,31.159,248.480,33.047,1.937,0.170,0.008,31.534830,28.218645,25.063900,23.149788,20.049229,17.449083,15.366115,12.941957,11.441277,10.018617,8.991596,8.147831,7.605645,6.394687,5.110697,12.061081,3.041255,0.767599,0.503340,0.122020,0.099611,0.083365,0.028149,0.016822,0.027799,0.016816,0.033342,0.016667,0.021988,0.033288,0.056320,0.033254,0.011057,0.005574,0.005447,0.011537
45780,45839,45810,871.878,31.154,248.502,33.214,1.892,0.166,0.008,31.486544,28.167095,25.532290,22.625767,19.912027,17.720608,15.335418,13.324867,11.692883,9.763759,8.909813,8.248633,7.317487,6.586454,4.708798,12.145482,3.017949,0.790048,0.475879,0.151787,0.095247,0.066806,0.072959,0.061848,0.050591,0.033378,0.033581,0.011299,0.050343,0.022299,0.038946,0.011280,0.000000,0.011223,0.016949,0.011132
45840,45899,45870,871.856,31.327,247.929,32.815,1.799,0.161,0.007,32.019447,28.822226,25.397774,22.509130,19.866392,17.705561,14.503938,13.637588,11.009538,9.807059,9.005190,8.134615,7.414951,6.493131,4.788081,11.748430,3.097116,0.815344,0.481995,0.088463,0.094467,0.104651,0.028123,0.088481,0.044281,0.027763,0.033603,0.033073,0.016894,0.011130,0.050624,0.011007,0.022335,0.005376,0.011186,0.000000
45900,45959,45930,871.826,31.412,249.246,33.241,1.971,0.172,0.008,31.797794,28.413029,25.316666,22.818874,20.338470,17.515659,14.792015,13.494918,11.345103,10.069428,8.845679,8.440178,7.408528,6.689279,4.645150,12.377228,2.998278,0.834880,0.480095,0.105286,0.077973,0.060838,0.038434,0.072319,0.038950,0.044039,0.011074,0.016546,0.021970,0.038747,0.022177,0.027439,0.010896,0.000000,0.016615,0.021560
45960,46019,45990,871.863,31.332,247.699,33.689,2.051,0.177,0.008,31.089239,28.659206,24.302591,22.342710,20.033693,17.798286,14.941808,13.376493,11.232671,10.007326,9.102543,8.088297,7.500656,6.652716,4.733942,12.643188,3.231541,0.934297,0.351376,0.094355,0.072479,0.044501,0.055331,0.038567,0.049631,0.044737,0.027881,0.043905,0.033187,0.044510,0.060860,0.016314,0.010916,0.011093,0.011186,0.016726
46020,46079,46050,871.871,31.175,243.558,33.127,2.044,0.180,0.008,30.221846,27.758924,25.070301,22.031008,19.287859,17.082323,15.008862,13.207331,11.201338,9.738041,8.823561,8.014881,7.502677,6.048347,4.695064,12.486150,3.231749,0.977870,0.513560,0.093830,0.121264,0.049590,0.072229,0.027582,0.022059,0.032746,0.016575,0.038991,0.027263,0.033362,0.021454,0.033337,0.032765,0.005537,0.016361,0.011130
46080,46139,46110,871.870,31.129,248.848,33.768,2.041,0.175,0.008,32.207695,28.664957,24.532581,22.870787,19.789013,17.344002,14.856679,12.891074,11.645640,10.380223,8.953605,8.202461,7.328620,6.324950,4.911820,12.445171,3.302195,0.951892,0.530485,0.123079,0.106314,0.061042,0.067536,0.060910,0.066857,0.027404,0.010973,0.022372,0.033653,0.022260,0.022335,0.016779,0.022561,0.010992,0.017027,0.022079
46140,46199,46170,871.909,31.288,241.263,32.620,1.865,0.166,0.008,29.682953,26.789877,23.656155,21.663168,19.473095,16.839128,14.415467,12.625291,11.518482,9.954119,8.592708,8.036437,7.700880,6.752162,4.779151,13.348936,3.490058,0.963827,0.498337,0.088636,0.055715,0.033246,0.049370,0.056047,0.016481,0.027837,0.016481,0.005631,0.011340,0.033105,0.011186,0.016667,0.005631,0.027611,0.005429,0.022228
46200,46259,46230,871.958,31.422,247.481,33.874,2.130,0.180,0.008,30.687956,27.548531,25.148174,22.831770,19.728685,17.019396,15.165916,13.135449,11.241203,10.211484,9.254782,8.392159,7.569688,6.309121,4.902528,12.948742,3.249770,0.937027,0.498380,0.129108,0.133949,0.044841,0.027842,0.039229,0.056032,0.027725,0.016742,0.017088,0.045144,0.033649,0.033677,0.033616,0.017011,0.005519,0.016530,0.022260
46260,46319,46290,871.915,31.368,245.914,33.890,2.077,0.178,0.008,30.148630,26.762823,24.260201,22.129007,19.989288,17.514244,15.320421,13.443650,11.184306,9.958162,8.612601,8.089371,7.690383,6.832129,4.776089,13.476668,3.576192,0.894276,0.524437,0.083841,0.110932,0.089740,0.077849,0.072339,0.050095,0.039106,0.028044,0.033827,0.033657,0.011224,0.011227,0.033602,0.010977,0.011242,0.011112,0.022093
46320,46379,46350,871.861,31.250,243.217,33.475,2.006,0.176,0.008,30.245476,27.183043,24.235174,22.109884,19.250942,17.033106,14.667120,12.948810,11.368649,9.881767,8.829111,8.175671,7.316807,6.439157,4.984706,13.122616,3.228905,0.962918,0.509976,0.127606,0.072650,0.077575,0.055244,0.055548,0.050139,0.033507,0.050548,0.044757,0.011207,0.022155,0.044509,0.010984,0.022155,0.016742,0.022563,0.005556
46380,46439,46410,871.849,31.203,239.898,32.932,1.940,0.171,0.008,29.434362,26.056339,23.199545,20.830761,19.283575,16.848791,14.304787,12.556674,11.296252,9.380919,9.291028,8.177207,7.882557,7.072291,5.226091,13.327969,3.524241,1.027565,0.573282,0.139231,0.094751,0.039154,0.067052,0.022467,0.033245,0.028060,0.045015,0.005669,0.028156,0.011243,0.000000,0.039381,0.027928,0.000000,0.005727,0.016911
46440,46499,46470,871.830,31.319,237.239,33.345,1.939,0.170,0.008,28.036346,25.335024,22.315651,20.131268,18.829784,16.127922,14.690480,12.973551,11.168631,9.708129,8.562622,8.156066,7.697927,6.990654,5.379396,14.997443,3.959868,1.020699,0.556268,0.128020,0.072430,0.083984,0.033419,0.022619,0.049800,0.022429,0.027829,0.016467,0.016583,0.016734,0.044460,0.016678,0.016663,0.005727,0.011319,0.016411
46500,46559,46530,871.815,31.419,234.336,33.427,2.034,0.176,0.008,27.496561,25.151716,22.157017,20.041088,18.233490,15.988364,14.352264,12.255606,10.385677,9.505976,8.526041,8.394494,7.622030,6.958389,5.358681,15.420687,4.139065,1.161369,0.598881,0.106513,0.083288,0.067362,0.039218,0.022581,0.049705,0.028017,0.011337,0.027818,0.011356,0.039800,0.022795,0.027819,0.011578,0.005631,0.005467,0.028119
46560,46619,46590,871.818,31.308,234.364,32.956,1.873,0.166,0.008,27.571009,24.324579,21.985666,20.447676,18.619139,15.658426,14.050773,12.240992,11.016745,9.445560,8.708810,8.086588,8.044783,7.078294,5.390796,15.193490,4.186851,1.139292,0.673578,0.100467,0.061383,0.055643,0.049944,0.021949,0.044714,0.016708,0.005464,0.011223,0.022097,0.005574,0.044806,0.032759,0.011168,0.005631,0.000000,0.011084
46620,46679,46650,871.819,31.247,239.477,34.268,2.091,0.178,0.009,29.633816,25.945475,22.718729,20.620832,17.921322,15.736647,13.518647,12.709203,10.572606,9.825529,8.716612,8.359672,7.517751,7.188661,5.739128,15.889566,4.506156,1.166687,0.596036,0.099840,0.088530,0.044565,0.067035,0.044403,0.027834,0.022248,0.022120,0.011225,0.016652,0.022157,0.038872,0.021979,0.011205,0.011186,0.033362,0.010770
46680,46739,46710,871.844,31.151,242.100,34.662,2.153,0.179,0.009,29.474569,25.654409,23.073605,20.827168,18.427177,16.694628,14.137365,12.911896,10.690867,9.788856,8.959913,8.843051,7.998548,6.679435,5.619151,15.406362,4.514342,1.157444,0.623305,0.139159,0.100107,0.027359,0.022245,0.055189,0.016433,0.022190,0.027860,0.017105,0.022392,0.033434,0.039217,0.022286,0.022450,0.005574,0.027858,0.016744
46740,46799,46770,871.904,31.258,242.591,35.119,2.305,0.190,0.009,29.727390,26.235178,23.250389,20.840208,18.494072,16.444019,13.768486,12.392113,10.923062,9.971385,8.733718,8.455409,8.449187,7.347977,5.492263,15.507321,4.166248,1.137841,0.571765,0.105930,0.077645,0.044955,0.044492,0.033272,0.038354,0.066274,0.011168,0.039009,0.021776,0.021973,0.061270,0.027651,0.038993,0.016685,0.016705,0.016779
46800,46859,46830,871.925,31.409,247.127,35.240,2.217,0.182,0.009,30.898630,26.855947,23.907846,21.682722,19.055939,16.297266,14.528462,12.684947,10.933413,9.574770,9.160432,8.185315,7.882723,7.461569,5.607217,15.256661,4.803256,1.048626,0.675111,0.068023,0.107307,0.056407,0.056414,0.027795,0.022889,0.050203,0.028313,0.028047,0.017199,0.011375,0.045320,0.033500,0.039002,0.005726,0.005381,0.022686
46860,46919,46890,871.932,31.375,234.458,33.821,1.943,0.169,0.009,27.576385,24.605722,21.816833,20.142040,18.027647,16.196821,13.951230,11.549824,10.599438,9.750747,8.691833,8.228222,7.550121,7.479479,5.549310,15.384702,4.831484,1.225831,0.629750,0.104516,0.137826,0.065611,0.066568,0.027218,0.044100,0.066153,0.021921,0.027477,0.010990,0.027365,0.016358,0.005708,0.010983,0.000000,0.016366,0.021717
46920,46979,46950,871.904,31.254,235.248,34.192,2.116,0.178,0.009,26.847441,24.539965,22.298952,20.089285,18.305920,15.910275,13.628376,12.570782,10.553979,9.683886,8.702677,8.287700,7.851490,6.922964,6.008348,16.194071,4.462304,1.184408,0.555422,0.116706,0.104900,0.044269,0.044197,0.049856,0.055964,0.022677,0.022205,0.033147,0.011189,0.033715,0.016285,0.022454,0.016364,0.016394,0.022383,0.016764
46980,47039,47010,871.866,31.149,234.633,33.941,2.023,0.174,0.009,26.956072,24.150175,22.011337,19.256765,18.035303,16.231178,13.819848,12.245770,10.845662,9.671232,8.894343,8.336300,7.921148,7.522664,5.519731,16.185129,4.779880,1.142954,0.550313,0.134291,0.066859,0.038789,0.033140,0.033346,0.016452,0.011262,0.033290,0.022325,0.033411,0.022564,0.033452,0.016606,0.011224,0.011131,0.033622,0.005325
47040,47099,47070,871.889,31.251,237.216,33.804,1.865,0.161,0.009,28.299257,24.895849,21.542540,20.088791,18.204849,15.749092,14.611348,12.452761,10.531665,9.223189,8.877028,8.583344,8.398299,6.861875,5.959734,15.887732,4.663664,1.193623,0.612538,0.133160,0.061784,0.066466,0.061470,0.050403,0.021962,0.022219,0.016641,0.033639,0.005631,0.027626,0.033291,0.005376,0.011076,0.000000,0.010805,0.016761
47100,47159,47130,871.890,31.412,234.003,33.758,1.971,0.171,0.009,26.572245,24.487272,21.780993,19.829479,17.781866,15.815636,14.607268,11.658131,10.295809,9.755241,9.070278,8.174069,8.214716,7.490052,5.709212,15.833830,4.532322,1.221195,0.549899,0.098962,0.121136,0.049827,0.062043,0.039188,0.032926,0.016307,0.022162,0.038146,0.005482,0.038656,0.043860,0.022156,0.000000,0.016340,0.005727,0.010929
47160,47219,47190,871.859,31.362,238.050,34.692,2.190,0.181,0.009,28.101124,24.227377,22.156828,19.833719,18.186317,16.156111,14.412260,12.563473,11.139790,9.770839,9.134549,8.565231,7.555817,7.379056,5.551847,16.403633,4.625024,1.095414,0.570733,0.149748,0.088264,0.016873,0.027840,0.033158,0.027509,0.033525,0.028098,0.022141,0.033287,0.016723,0.044566,0.016608,0.021986,0.016630,0.016676,0.027513
47220,47279,47250,871.801,31.225,236.812,34.046,2.016,0.174,0.009,26.963179,24.755707,22.465336,20.292414,17.958361,15.887934,14.035534,12.338408,11.327532,9.609409,8.912863,8.535009,7.486112,7.279256,5.465464,16.257967,4.857965,1.304014,0.554843,0.083410,0.099378,0.021826,0.021473,0.043866,0.033541,0.027600,0.005464,0.038424,0.010968,0.016321,0.050497,0.032894,0.016546,0.005593,0.005669,0.011186
47280,47339,47310,871.791,31.077,235.394,33.903,1.982,0.171,0.009,27.145128,24.851995,21.910843,20.306038,18.197247,16.178406,13.979606,12.172920,10.673819,9.479591,8.614113,8.767778,7.643422,7.493253,5.631750,15.496836,4.271863,1.244165,0.697102,0.178067,0.110911,0.027915,0.044306,0.027597,0.011019,0.010878,0.022544,0.022356,0.022606,0.033214,0.060740,0.010911,0.011076,0.038952,0.005482,0.000000
47340,47399,47370,871.761,31.100,235.099,34.011,1.959,0.169,0.009,27.064367,24.518986,21.947632,19.087841,17.549168,16.348234,14.218220,12.434071,10.825141,9.515800,8.933612,8.627112,7.778613,7.208800,5.615797,16.514744,4.452574,1.208939,0.646474,0.083999,0.089056,0.089492,0.061516,0.016597,0.038724,0.027868,0.027800,0.028304,0.022245,0.022317,0.044678,0.005612,0.011061,0.000000,0.010915,0.022230
47400,47459,47430,871.755,31.295,234.730,34.209,2.140,0.181,0.009,26.851961,24.237410,21.448034,19.682831,18.389526,16.206686,14.014132,12.242118,10.757374,9.767733,8.696602,8.411784,7.843093,7.234968,5.812343,15.977453,4.796838,1.153820,0.644799,0.110725,0.071420,0.028180,0.016448,0.044451,0.022472,0.033055,0.022158,0.033353,0.011186,0.021940,0.056043,0.033523,0.016930,0.011001,0.011149,0.016598
47460,47519,47490,871.774,31.358,236.547,33.932,1.987,0.171,0.009,27.522955,24.324434,21.703714,19.839251,18.043289,15.891026,14.443782,11.812093,10.930650,9.921013,9.037053,8.588717,8.176383,7.585251,5.667374,16.074085,4.601481,1.299244,0.525928,0.115707,0.105068,0.077536,0.049694,0.010973,0.027800,0.016584,0.016630,0.005574,0.011343,0.022224,0.032688,0.022604,0.000000,0.011130,0.000000,0.033542
47520,47579,47550,871.801,31.266,235.825,33.641,1.859,0.162,0.008,26.835405,24.636385,21.893507,20.406944,18.278234,15.907951,14.028463,12.307197,10.424995,9.739547,8.701027,8.261079,8.536416,7.471039,5.832623,15.812412,4.522561,1.165159,0.540627,0.050496,0.094745,0.049868,0.034181,0.033387,0.027920,0.044898,0.032933,0.043609,0.022033,0.011075,0.028279,0.000000,0.022165,0.005708,0.005593,0.016854
47580,47639,47610,871.832,31.151,238.790,33.746,1.865,0.163,0.008,27.960348,24.778397,22.255548,20.334749,17.864172,16.255781,14.161147,12.848119,10.962201,10.102225,8.975637,8.441767,7.991955,7.237794,5.617879,15.946693,4.723348,1.265811,0.610687,0.077279,0.044490,0.044738,0.044330,0.038898,0.039133,0.011280,0.044534,0.016682,0.000000,0.027478,0.011399,0.021813,0.005556,0.005556,0.005650,0.016729
47640,47699,47670,871.868,31.079,235.017,33.740,1.885,0.164,0.009,26.820498,23.757479,21.266184,19.814722,18.121687,16.216511,14.346588,12.536644,10.549997,9.725029,8.765980,8.142573,8.216563,7.189699,5.749466,16.582253,5.044156,1.215902,0.446217,0.095988,0.079238,0.050718,0.028544,0.028355,0.050534,0.028224,0.005688,0.005650,0.011272,0.016894,0.033661,0.011319,0.034307,0.022446,0.000000,0.005539
47700,47759,47730,871.853,31.129,236.355,34.012,1.941,0.166,0.009,26.416321,24.283401,22.353355,19.442104,18.042414,15.862425,13.911598,12.551899,10.975750,10.394424,9.146034,8.813653,8.042157,7.208903,5.587256,16.404613,4.665846,1.123361,0.577766,0.099873,0.089223,0.022356,0.033466,0.033941,0.033114,0.049865,0.039307,0.039299,0.005612,0.016528,0.027496,0.011320,0.016573,0.005291,0.011076,0.016835
47760,47819,47790,871.861,31.333,235.597,33.534,1.902,0.165,0.008,27.646786,24.019857,22.111713,20.247261,17.998568,15.512102,13.350346,12.086505,10.452095,9.787888,9.065307,8.766801,8.438182,7.556417,5.624962,16.090410,4.723340,1.135085,0.436048,0.142886,0.067155,0.059967,0.060890,0.016705,0.016990,0.027914,0.038666,0.016149,0.005631,0.005669,0.000000,0.022329,0.033289,0.011041,0.016471,0.005828
47820,47879,47850,871.868,31.347,238.824,34.465,1.996,0.169,0.009,26.925810,24.641056,22.123163,20.741049,18.508886,16.134939,14.242806,12.485229,10.744920,9.890953,8.466789,8.636129,8.330838,7.652083,5.750817,16.552364,4.463120,1.159779,0.727477,0.160830,0.099962,0.061235,0.033772,0.016651,0.050027,0.033240,0.027787,0.021987,0.017048,0.027753,0.028067,0.022466,0.016835,0.011319,0.011303,0.005612
47880,47939,47910,871.857,31.272,240.414,34.812,2.111,0.177,0.009,27.829990,24.923124,22.117897,20.417555,18.223688,16.290756,14.270644,12.523815,11.287139,9.650955,8.698639,8.337540,8.322267,7.814809,5.691518,16.522625,5.033040,1.219878,0.664668,0.088125,0.078203,0.039283,0.055878,0.050284,0.044343,0.033255,0.022142,0.005669,0.022050,0.022532,0.027671,0.044683,0.011284,0.011224,0.000000,0.016780
47940,47999,47970,871.859,31.177,239.482,34.036,1.874,0.162,0.009,27.949234,24.636749,22.129902,20.335279,18.464569,16.138075,14.488005,12.408866,10.886726,10.135344,8.552278,8.546138,8.162391,7.725188,5.708871,16.373148,4.488510,1.216101,0.562922,0.077633,0.139092,0.050397,0.039072,0.044518,0.033545,0.044507,0.022240,0.005537,0.005464,0.033509,0.022496,0.016566,0.016699,0.011093,0.005631,0.005537
48000,48059,48030,871.872,31.257,234.518,33.751,1.942,0.168,0.009,27.220097,24.359079,21.955078,19.736261,17.771786,15.849676,13.687721,12.310281,10.537108,9.673808,8.916610,8.793362,7.833791,7.309031,5.463608,15.740149,4.903430,1.278961,0.636516,0.110975,0.093767,0.032974,0.044265,0.027781,0.016421,0.021687,0.049970,0.022392,0.021736,0.022242,0.005482,0.016745,0.022561,0.005325,0.010955,0.016455
