CampaignData_and_Merges/R0/CSL_MobileLab_Parked/raw/20240812/USOS-NOAAIodideCIMS-HNO3_MobileLabGround_20240812_RA.ict
33, 1001
Michael A Robinson, Chris Jernigan, Subi Thakali
NOAA ESRL Chemical Sciences Laboratory and CIRES, U. of Colorado
NOAA Iodide CIMS Instrument
USOS
1, 1
2024, 08, 12, 2024, 08, 13
1
starttime_UTC, seconds_past_midnight, seconds_of_day_since_00:00:00_UTC
1
1
-9999
HNO3_NOAACIMS, pptv, Gas_HNO3_InSitu_S_AVMR, 
0
18
PI_CONTACT_INFO: 325 Broadway, R/CSD 7, Boulder, Colorado 80305; michael.a.robinson@noaa.gov; chris.jernigan@noaa.gov;
PLATFORM: NOAA CSL Mobile Lab
LOCATION: SLC, Utah
ASSOCIATED_DATA: 1Hz data also available on request.
INSTRUMENT_INFO: NOAA I- ToF CIMS
DATA_INFO: All data in parts per trillion by volume (pptv). 1 Hz data is available upon request.
UNCERTAINTY: TBD
ULOD_FLAG: -7777
ULOD_VALUE: N/A
LLOD_FLAG: -8888
LLOD_VALUE: N/A
DM_CONTACT_INFO: Nathan Howard; nathan.h.howard@noaa.gov
PROJECT_INFO: USOS, summer 2024. https://csl.noaa.gov/groups/csl7/measurements/2024usos/
STIPULATIONS_ON_USE: Users are strongly encouraged to contact the PI for proper data usage.
OTHER_COMMENTS: 
REVISION: RA
RA: Preliminary Data; For in-field use only
starttime_UTC, HNO3_NOAACIMS
[from data line 1006]
 60360, 259.133
 60420, 256.280
 60480, 254.594
 60540, 254.576
 60600, 246.619
 60660, 245.634
 60720, 241.123
 60780, 240.001
 60840, 246.560
 60900, 252.869
 60960, 248.911
 61020, 245.082
 61080, 242.844
 61140, 244.628
 61200, 241.189
 61260, 247.522
 61320, 241.983
 61380, 232.795
 61440, 231.908
 61500, -9999.000
 61560, 236.558
 61620, 244.071
 61680, 245.195
 61740, 245.745
 61800, 249.716
 61860, 248.840
 61920, 251.934
 61980, 255.851
 62040, 261.586
 62100, 262.736
 62160, 266.189
 62220, 263.170
 62280, 262.670
 62340, 269.980
 62400, 263.153
 62460, 257.820
 62520, 261.931
 62580, 256.478
 62640, 252.187
 62700, 248.946
 62760, 243.059
 62820, 231.072
 62880, 233.773
 62940, 234.419
 63000, 246.141
 63060, 250.905
 63120, 250.842
 63180, 247.222
 63240, 247.697
 63300, 243.630
 63360, -9999.000
 63420, 235.504
 63480, 235.699
 63540, 236.409
 63600, 252.956
 63660, 255.520
 63720, 256.075
 63780, 259.727
 63840, 264.960
 63900, 270.998
 63960, 272.362
 64020, 268.818
 64080, 268.671
 64140, 269.167
 64200, 264.322
 64260, 256.468
 64320, 250.561
 64380, 255.503
 64440, 249.993
 64500, 242.395
 64560, 243.590
 64620, 239.131
 64680, 229.644
 64740, 234.166
 64800, 229.992
 64860, 230.307
 64920, 228.907
 64980, 228.968
 65040, 229.415
 65100, 227.540
 65160, 225.811
 65220, 231.605
 65280, 238.381
 65340, 243.516
 65400, 247.936
 65460, 250.299
 65520, 254.546
 65580, 258.601
 65640, 262.934
 65700, 267.221
 65760, 261.623
 65820, 260.369
 65880, 258.881
 65940, 250.419
 66000, 247.343
 66060, 239.876
 66120, 230.792
 66180, 226.740
 66240, 222.760
 66300, 213.447
 66360, 210.779
 66420, 210.690
 66480, 207.379
 66540, 209.621
 66600, 208.930
 66660, 215.552
 66720, 210.553
 66780, 210.821
 66840, 212.005
 66900, 212.153
 66960, 215.026
 67020, -9999.000
 67080, 213.750
 67140, 228.417
 67200, 239.007
 67260, 244.059
 67320, 252.748
 67380, 260.153
 67440, 271.531
 67500, 277.321
 67560, 280.168
 67620, 289.968
 67680, 301.705
 67740, 295.155
 67800, 300.658
 67860, 303.870
 67920, 309.665
 67980, 311.619
 68040, 314.731
 68100, 311.644
 68160, 305.826
 68220, 306.307
 68280, 310.496
 68340, 308.291
 68400, 300.977
 68460, 303.073
 68520, 301.417
 68580, 307.760
 68640, 307.037
 68700, 313.540
 68760, 314.090
 68820, 317.147
 68880, -9999.000
 68940, 307.988
 69000, 311.755
 69060, 309.878
 69120, 305.557
 69180, 296.091
 69240, 285.139
 69300, 277.792
 69360, 271.062
 69420, 262.890
 69480, 262.279
 69540, 256.793
 69600, 247.429
 69660, 241.105
 69720, 236.516
 69780, 228.852
 69840, 222.345
 69900, 219.191
 69960, 213.322
 70020, 209.962
 70080, 212.090
 70140, 210.214
 70200, 201.394
 70260, 198.796
 70320, 199.106
 70380, 205.460
 70440, 209.639
 70500, 216.199
 70560, 223.104
 70620, 231.291
 70680, 235.617
 70740, -9999.000
 70800, 242.722
 70860, 249.136
 70920, 253.223
 70980, 252.648
 71040, 256.231
 71100, 257.483
 71160, 256.421
 71220, 261.397
 71280, 259.551
 71340, 257.605
 71400, 259.266
 71460, 254.785
 71520, 253.703
 71580, 247.636
 71640, 244.497
 71700, 243.034
 71760, 247.208
 71820, 250.922
 71880, 251.399
 71940, 255.926
 72000, 257.349
 72060, 262.879
 72120, 263.409
 72180, 267.717
 72240, 268.928
 72300, 263.128
 72360, 260.582
 72420, 254.252
 72480, 247.717
 72540, 244.076
 72600, 249.033
 72660, 240.022
 72720, 233.641
 72780, 235.362
 72840, 235.067
 72900, 229.133
 72960, 227.829
 73020, 223.250
 73080, 219.464
 73140, 213.234
 73200, 208.463
 73260, 203.785
 73320, 203.336
 73380, 198.189
 73440, 193.821
 73500, 193.963
 73560, 193.307
 73620, 194.574
 73680, 187.077
 73740, 189.942
 73800, 189.618
 73860, 189.026
 73920, 188.148
 73980, 187.711
 74040, 184.837
 74100, 183.391
 74160, 184.533
 74220, 181.134
 74280, 177.515
 74340, 180.405
 74400, 179.099
 74460, 186.064
 74520, 183.812
 74580, 179.089
 74640, 179.883
 74700, 179.560
 74760, 177.855
 74820, 178.309
 74880, 177.229
 74940, 180.332
 75000, 178.690
 75060, 172.088
 75120, 169.009
 75180, 167.911
 75240, 163.435
 75300, 167.121
 75360, 168.190
 75420, 166.982
 75480, 169.140
 75540, 168.866
 75600, 164.755
 75660, 161.568
 75720, 163.277
 75780, 161.596
 75840, 159.994
 75900, 160.000
 75960, 153.699
 76020, 155.091
 76080, 151.025
 76140, 149.482
 76200, 145.782
 76260, 142.415
 76320, 151.776
 76380, 149.806
 76440, 151.549
 76500, 161.429
 76560, 166.423
 76620, 164.692
 76680, 161.465
 76740, 154.142
 76800, 151.045
 76860, 150.126
 76920, 150.402
 76980, 148.814
 77040, 137.480
 77100, 125.684
 77160, 114.448
 77220, 109.133
 77280, 107.497
 77340, 102.448
 77400, 98.635
 77460, 97.442
 77520, 96.951
 77580, 100.054
 77640, 104.680
 77700, 100.920
 77760, 98.124
 77820, 103.818
 77880, 108.514
 77940, 107.716
 78000, 111.022
 78060, 111.868
 78120, -9999.000
 78180, 127.736
 78240, 129.171
 78300, 134.135
 78360, 144.844
 78420, 141.758
 78480, 143.146
 78540, 143.872
 78600, 144.456
 78660, 139.583
 78720, 137.111
 78780, 138.213
 78840, 139.262
 78900, 132.008
 78960, 128.499
 79020, 123.734
 79080, 127.056
 79140, 122.866
 79200, 116.522
 79260, 111.685
 79320, 113.614
 79380, 111.762
 79440, 105.538
 79500, 110.353
 79560, 107.750
 79620, 102.422
 79680, 103.105
 79740, 97.573
 79800, 97.269
 79860, 98.829
 79920, 93.682
 79980, -9999.000
 80040, 105.792
 80100, 105.256
 80160, 102.328
 80220, 102.071
 80280, 104.945
 80340, 103.392
 80400, 102.240
 80460, 100.983
 80520, 100.048
 80580, 101.363
 80640, 98.686
 80700, 100.970
 80760, 103.665
 80820, 108.575
 80880, 109.695
 80940, 110.879
 81000, 101.999
 81060, 100.055
 81120, 103.580
 81180, 101.641
 81240, 95.458
 81300, 95.510
 81360, 97.653
 81420, 91.384
 81480, 85.203
 81540, 85.201
 81600, 83.501
 81660, 81.627
 81720, 80.746
 81780, 84.348
 81840, -9999.000
 81900, 103.370
 81960, 97.608
 82020, 92.162
 82080, 95.693
 82140, 95.734
 82200, 92.313
 82260, 92.497
 82320, 93.686
 82380, 93.896
 82440, 90.610
 82500, 85.736
 82560, 87.641
 82620, 87.907
 82680, 84.072
 82740, 82.416
 82800, 84.588
 82860, 81.514
 82920, 79.232
 82980, 77.588
 83040, 80.198
 83100, 76.470
 83160, 74.479
 83220, 74.385
 83280, 72.226
 83340, 73.180
 83400, 73.781
 83460, 71.557
 83520, 72.790
 83580, 69.619
 83640, 70.106
 83700, 84.569
 83760, 84.746
 83820, 79.653
 83880, 78.621
 83940, 79.606
 84000, 77.877
 84060, 76.933
 84120, 75.600
 84180, 78.530
 84240, 78.059
 84300, 75.827
 84360, 83.682
 84420, 84.330
 84480, 81.990
 84540, 79.137
 84600, 79.168
 84660, 81.935
 84720, 79.083
 84780, 76.202
 84840, 79.582
 84900, 80.043
 84960, 79.327
 85020, 78.433
 85080, 80.111
 85140, 81.774
 85200, 77.549
 85260, 79.147
 85320, 77.328
 85380, 77.632
 85440, 76.638
 85500, -9999.000
 85560, 96.883
 85620, 89.606
 85680, 90.520
 85740, 88.595
 85800, 83.868
 85860, 83.593
 85920, 82.905
 85980, 82.769
 86040, 79.260
 86100, 77.942
 86160, 78.877
 86220, 76.433
 86280, 74.421
 86340, 75.632
