CampaignData_and_Merges/R0/CSL_MobileLab_Parked/raw/20240812/USOS-POPS_MobileLabGround_20240812_R0.ict
78, 1001
Thornberry, T. D.
NOAA Chemical Sciences Laboratory
Portable Optical Particle Spectrometer (POPS)
USOS
1, 1
2024, 08, 12, 2025, 05, 08
60
Time_Start, seconds_past_midnight, Start time of measurement
45
1, 1, 1, 1, 1, 1, 1, 1, 1, 1, 1, 1, 1, 1, 1, 1, 1, 1, 1, 1, 1, 1, 1, 1, 1, 1, 1, 1, 1, 1, 1, 1, 1, 1, 1, 1, 1, 1, 1, 1, 1, 1, 1, 1, 1
-9999, -9999, -9999, -9999, -9999, -9999, -9999, -9999, -9999, -9999, -9999, -9999, -9999, -9999, -9999, -9999, -9999, -9999, -9999, -9999, -9999, -9999, -9999, -9999, -9999, -9999, -9999, -9999, -9999, -9999, -9999, -9999, -9999, -9999, -9999, -9999, -9999, -9999, -9999, -9999, -9999, -9999, -9999, -9999, -9999
Time_Stop, seconds_past_midnight, Stop time of measurement
Time_Mid, seconds_past_midnight, Mid time of measurement
Press_mb, mb, Pressure reported (mb)
Temp_C, degrees C, POPS temperature measurement
Aerosol_concentration, cm^-3, Aerosol concentration
Surface_Area_Conc, um^2 cm^-3, Surface area concentration
Volume_density, um^3 cm^-3, Volume density
Effective_radius, um, Effective radius
Extinction, km^-1, Extinction
Bin01, cm^-3, particle concentration in size range [1401 - 146.3 nm]
Bin02, cm^-3, particle concentration in size range [146.3 - 152.8 nm]
Bin03, cm^-3, particle concentration in size range [152.8 - 159.6 nm]
Bin04, cm^-3, particle concentration in size range [159.6 - 166.8 nm]
Bin05, cm^-3, particle concentration in size range [166.8 - 174.2 nm]
Bin06, cm^-3, particle concentration in size range [174.2 - 181.9 nm]
Bin07, cm^-3, particle concentration in size range [181.9 - 190.0 nm]
Bin08, cm^-3, particle concentration in size range [190.0 - 198.5 nm]
Bin09, cm^-3, particle concentration in size range [198.5 - 207.4 nm]
Bin10, cm^-3, particle concentration in size range [207.4 - 216.6 nm]
Bin11, cm^-3, particle concentration in size range [216.6 - 226.2 nm]
Bin12, cm^-3, particle concentration in size range [226.2 - 236.3 nm]
Bin13, cm^-3, particle concentration in size range [236.3 - 246.8 nm]
Bin14, cm^-3, particle concentration in size range [246.8 - 257.8 nm]
Bin15, cm^-3, particle concentration in size range [257.8 - 269.3 nm]
Bin16, cm^-3, particle concentration in size range [269.3 - 343.4 nm]
Bin17, cm^-3, particle concentration in size range [343.4 - 450.7 nm]
Bin18, cm^-3, particle concentration in size range [450.7 - 525.9 nm]
Bin19, cm^-3, particle concentration in size range [525.9 - 618.5 nm]
Bin20, cm^-3, particle concentration in size range [618.5 - 710.0 nm]
Bin21, cm^-3, particle concentration in size range [710.0 - 822.7 nm]
Bin22, cm^-3, particle concentration in size range [822.7 - 885.9 nm]
Bin23, cm^-3, particle concentration in size range [885.9 - 953.9 nm]
Bin24, cm^-3, particle concentration in size range [953.9 - 1027.2 nm]
Bin25, cm^-3, particle concentration in size range [1027.2 - 1106.1 nm]
Bin26, cm^-3, particle concentration in size range [1106.1 - 1191.0 nm]
Bin27, cm^-3, particle concentration in size range [1191.0 - 1282.5 nm]
Bin28, cm^-3, particle concentration in size range [1282.5 - 1381.0 nm]
Bin29, cm^-3, particle concentration in size range [1381.0 - 1487.1 nm]
Bin30, cm^-3, particle concentration in size range [1487.1 - 1601.3 nm]
Bin31, cm^-3, particle concentration in size range [1601.3 - 1724.3 nm]
[...]
PLATFORM: NOAA CSL Mobile Lab
LOCATION: USOS
ASSOCIATED_DATA: N/A
INSTRUMENT_INFO: Printed Optical Particle Spectrometer counts particles from 140 - 2500 nm in diameter 
DATA_INFO: Particle concentrations reported in number per cubic centimeter,1 Hz data
UNCERTAINTY: Counting uncertainty dominated by air flow, less than 5 percent. Measurement range is ~0 - 3000 per cm3 (varies depending on flow rate- manufacturer quotes 1250 per cm3 at 1.667 cc/s)
ULOD_FLAG: -7777
ULOD_VALUE: N/A
LLOD_FLAG: -8888
LLOD_VALUE: N/A
DM_CONTACT_INFO: Troy Thornberry, 325 Broadway R/CSL6, Boulder, CO 80305; troy.thornberry@noaa.gov; 303-497-3373
PROJECT_INFO: USOS, Utah POPS data from NOAA CSL Mobile Lab
STIPULATIONS_ON_USE: Please contact the PIs for questions regarding applications and uncertainties
OTHER_COMMENTS: POPS bin Edges (nm):  140.1, 146.3, 152.8, 159.6, 166.8, 174.2, 181.9, 190.0, 198.5, 207.4, 216.6, 226.2, 236.3, 246.8, 257.8, 269.3, 343.4, 450.7, 525.9, 618.5, 710.0, 822.7, 885.9, 953.9, 1027.2, 1106.1, 1191.0, 1282.5, 1381.0, 1487.1, 1601.3, 1724.3, 1856.7, 1999.3, 2152.8, 2318.2, 2496.2
Calculations assume organic aerosol refractive index of 1.52+0.00j and extinction wavelength = 532 nm
REVISION: R0
R0: Final data
Time_Start, Time_Stop, Time_Mid, Press_mb, Temp_C, Aerosol_concentration, Surface_Area_Conc, Volume_density, Effective_radius, Extinction, Bin01, Bin02, Bin03, Bin04, Bin05, Bin06, Bin07, Bin08, Bin09, Bin10, Bin11, Bin12, Bin13, Bin14, Bin15, Bin16, Bin17, Bin18, Bin19, Bin20, Bin21, Bin22, Bin23, Bin24, Bin25, Bin26, Bin27, Bin28, Bin29, Bin30, Bin31, Bin32, Bin33, Bin34, Bin35, Bin36
[from data line 80]
4800,4859,4830,868.630,35.545,326.359,50.265,2.828,0.166,0.014,33.178200,29.740067,27.931768,25.173269,23.488857,20.668051,18.451996,17.003578,15.084148,14.212826,12.977238,12.856158,12.595859,11.846781,9.878598,28.204016,9.160157,2.334194,0.904437,0.144106,0.122845,0.049664,0.049246,0.038204,0.044037,0.033112,0.016522,0.000000,0.016685,0.038485,0.022025,0.005669,0.038504,0.005556,0.021915,0.022261
4860,4919,4890,868.644,35.561,330.627,50.912,2.890,0.167,0.014,32.648083,30.942011,27.545382,26.045261,23.311094,20.817148,18.845934,17.433601,14.971071,13.600676,13.629416,13.676321,12.732658,11.602268,10.184190,29.602667,8.921663,2.382701,1.129172,0.172340,0.121959,0.027898,0.027917,0.027791,0.022468,0.022605,0.016470,0.027726,0.005519,0.011003,0.016799,0.028003,0.016594,0.022319,0.016540,0.022170
4920,4979,4950,868.652,35.561,328.009,49.887,2.667,0.159,0.013,33.466805,30.173264,26.898232,25.815277,23.494719,21.477352,18.660009,16.976175,15.293640,13.836061,13.628599,13.261809,12.688041,11.652102,9.480574,28.460939,8.941362,2.124685,1.013097,0.216756,0.115941,0.050050,0.028332,0.039199,0.027634,0.027512,0.011038,0.016669,0.033496,0.022208,0.016749,0.005464,0.005556,0.016323,0.016728,0.016933
4980,5039,5010,868.643,35.563,331.077,50.845,2.774,0.162,0.014,33.247959,29.815783,27.778002,26.172363,23.433516,21.066875,18.851557,17.143068,15.294283,14.167713,13.660328,13.623926,12.396969,12.313914,9.291419,29.385288,9.477818,2.272484,1.039542,0.155857,0.117080,0.083554,0.038714,0.044561,0.021827,0.016520,0.011223,0.016287,0.027510,0.016491,0.021753,0.011223,0.005556,0.022242,0.011224,0.022140
5040,5099,5070,868.642,35.537,329.532,50.320,2.688,0.159,0.014,32.778160,31.038395,27.363741,25.471134,23.234566,21.201571,18.720736,16.997646,15.349277,14.331100,13.478640,13.368502,12.499369,11.742498,10.035735,28.802046,9.139433,2.277164,1.053210,0.150311,0.127618,0.066576,0.060946,0.022057,0.039009,0.016323,0.033219,0.000000,0.016957,0.027834,0.032945,0.016580,0.016685,0.000000,0.005359,0.016543
5100,5159,5130,868.639,35.509,326.856,50.522,2.879,0.168,0.014,32.286549,30.131426,27.496065,25.842255,23.045998,20.942625,18.352425,16.900677,15.635965,14.003209,13.363633,12.898371,12.291529,11.972152,9.754453,28.785614,9.030804,2.302315,1.112956,0.176344,0.088823,0.094601,0.022113,0.043957,0.027473,0.016589,0.028014,0.021593,0.027726,0.049393,0.038972,0.038536,0.005537,0.011187,0.000000,0.016503
5160,5219,5190,868.667,35.621,329.482,50.177,2.519,0.149,0.014,33.031906,30.220470,26.644123,25.283346,23.706850,20.887403,18.386272,17.218513,15.836710,14.147434,13.288675,13.223558,12.727030,12.069055,9.907607,29.534348,9.465607,2.159194,1.049185,0.277787,0.094800,0.071148,0.061063,0.033402,0.022526,0.011020,0.005574,0.027844,0.005612,0.027913,0.022134,0.005376,0.016931,0.005537,0.000000,0.005688
5220,5279,5250,868.668,35.699,324.012,49.044,2.483,0.151,0.013,33.113667,29.157707,27.240446,25.279385,22.348162,20.775717,18.460625,16.277418,15.590735,14.283948,13.245696,12.758580,12.519836,12.059070,9.760131,28.502510,8.798403,2.206856,1.089985,0.132759,0.094458,0.044522,0.060969,0.027845,0.022206,0.005708,0.016733,0.033450,0.033035,0.011019,0.027471,0.011243,0.005482,0.010703,0.005482,0.000000
5280,5339,5310,868.672,35.768,331.692,51.579,3.037,0.174,0.014,33.474697,30.192226,28.072004,26.489079,23.644793,21.124668,18.860731,16.931847,15.010615,13.942904,13.464453,13.093246,12.569755,12.284407,9.607456,29.625940,9.345914,2.135770,1.001960,0.233812,0.116555,0.066979,0.061842,0.050549,0.033376,0.033334,0.033865,0.011167,0.022342,0.027728,0.016584,0.022504,0.022024,0.022491,0.005574,0.038878
5340,5399,5370,868.665,35.638,326.395,49.859,2.679,0.159,0.014,32.616287,29.979445,27.160273,25.250786,23.900312,20.595337,18.894485,16.960356,15.542205,14.200986,12.809365,12.653905,12.570090,11.807498,9.536417,28.761351,9.277038,2.084860,1.162335,0.132930,0.104634,0.077949,0.038836,0.077833,0.027641,0.022137,0.011205,0.016572,0.027788,0.016725,0.016894,0.027660,0.005593,0.011093,0.005342,0.010842
5400,5459,5430,868.659,35.243,327.243,49.583,2.557,0.153,0.013,32.843178,30.065292,26.832172,25.479467,23.292526,20.516623,18.684587,17.362991,15.367002,13.916798,13.543858,12.741357,12.992478,11.998141,9.756555,29.141180,8.863515,2.272125,0.943756,0.178050,0.138817,0.061503,0.049976,0.016746,0.028200,0.028047,0.017029,0.010938,0.028059,0.005631,0.021846,0.022584,0.010955,0.000000,0.000000,0.011167
5460,5519,5490,868.653,34.896,325.611,50.272,2.828,0.166,0.014,32.083134,30.059464,27.287329,25.248817,23.144367,20.448433,19.098875,16.625652,14.848885,14.075686,12.882517,13.425582,13.052312,11.880542,9.870443,28.881638,8.767081,2.236693,0.960588,0.205003,0.105941,0.066764,0.016686,0.044941,0.038442,0.039114,0.022113,0.022506,0.016670,0.038496,0.039189,0.022014,0.021977,0.011072,0.005482,0.016503
5520,5579,5550,868.641,34.664,326.318,50.543,2.870,0.167,0.014,32.559998,30.188217,27.078907,25.312092,23.081453,20.845242,18.459576,17.213064,14.884913,13.991514,13.344749,12.638037,12.543153,12.438681,9.860263,28.692017,9.196464,2.350929,0.921371,0.217480,0.072612,0.043882,0.071814,0.038723,0.032967,0.011302,0.027552,0.033508,0.022365,0.027678,0.022227,0.016930,0.033660,0.011396,0.016588,0.016621
5580,5639,5610,868.627,34.510,328.181,50.867,2.913,0.169,0.014,33.439308,29.867550,27.023354,25.115919,23.911966,21.143641,18.819124,17.097811,15.164637,13.685687,13.072082,13.069611,12.717475,12.171720,9.620103,28.956345,9.167644,2.342311,1.022088,0.200051,0.138556,0.060985,0.060530,0.016745,0.039507,0.055471,0.011206,0.016760,0.011056,0.044282,0.038902,0.027841,0.005612,0.011113,0.011113,0.022487
5640,5699,5670,868.618,34.401,326.377,49.960,2.622,0.156,0.014,32.150578,29.262224,27.447433,25.330799,23.062077,20.861332,18.793831,16.876812,15.217860,14.609244,13.106638,13.066315,12.654357,12.135535,9.788711,28.593554,9.617270,2.183087,1.006708,0.167032,0.100774,0.044630,0.027750,0.039053,0.039020,0.033303,0.049778,0.016522,0.010823,0.000000,0.022487,0.011093,0.022584,0.005574,0.022189,0.000000
5700,5759,5730,868.612,34.282,327.715,50.694,2.870,0.168,0.014,32.823727,29.592079,27.393749,25.028259,23.499277,21.226698,18.574244,17.192469,15.107620,13.662412,13.447978,13.416623,12.679208,12.596967,9.885553,28.296762,9.163027,2.389048,1.046610,0.171967,0.121421,0.033770,0.066784,0.016817,0.027838,0.044269,0.044525,0.021616,0.011244,0.016817,0.038734,0.021778,0.005501,0.005669,0.021867,0.022263
5760,5819,5790,868.623,34.251,327.055,50.255,2.764,0.163,0.014,32.559601,29.676441,27.497498,25.250328,23.777758,20.879257,18.932713,17.102039,15.406400,13.986114,13.085667,13.370620,12.791447,12.065168,9.752481,28.331703,8.531707,2.241102,1.012481,0.204828,0.132435,0.083397,0.072343,0.033501,0.033416,0.033637,0.027621,0.027229,0.016281,0.039081,0.038988,0.016797,0.010897,0.017047,0.011132,0.005612
5820,5879,5850,868.621,34.111,327.874,50.765,2.922,0.170,0.014,33.137512,30.286650,27.789049,25.604826,22.984573,21.153633,18.221306,16.493647,15.027412,14.450334,13.114588,13.172461,13.082425,12.116665,9.949086,28.547649,8.672691,2.274599,1.043753,0.161428,0.143675,0.078061,0.016704,0.044809,0.033145,0.022525,0.039179,0.022358,0.033583,0.016692,0.038866,0.016578,0.044437,0.005688,0.016593,0.016917
5880,5939,5910,868.627,33.942,329.224,50.503,2.804,0.164,0.014,32.611462,30.383329,27.907234,25.380709,23.056202,20.835329,18.536947,17.264091,15.682625,14.128231,13.147083,13.444991,12.563905,12.660466,9.676556,28.863646,9.196129,2.191025,1.005791,0.248383,0.111002,0.033768,0.044936,0.027817,0.011321,0.044165,0.005501,0.016360,0.005631,0.039197,0.016618,0.027582,0.016760,0.011112,0.005669,0.022260
5940,5999,5970,868.624,33.810,324.240,49.373,2.632,0.157,0.013,32.543404,29.304913,27.334999,25.450491,23.012964,20.352329,18.339359,16.823549,14.899295,14.370789,13.445511,13.364490,12.595533,12.071715,10.167916,27.683989,8.696004,2.208205,0.924749,0.172036,0.122515,0.050270,0.038471,0.044995,0.027709,0.016507,0.021954,0.010901,0.022392,0.027695,0.044428,0.011148,0.010969,0.010987,0.000000,0.016688
6000,6059,6030,868.622,33.602,323.708,50.393,2.918,0.171,0.014,32.702168,29.611725,26.865282,24.920322,22.651163,20.422503,18.017309,17.365570,15.062407,14.004970,12.991211,13.041894,12.939766,12.327799,9.539153,27.999376,9.170366,2.372415,0.979454,0.172903,0.110876,0.060861,0.061313,0.011281,0.044452,0.016725,0.005631,0.027653,0.022409,0.044434,0.061277,0.021919,0.016762,0.016912,0.011204,0.016431
6060,6119,6090,868.625,33.504,326.063,49.965,2.751,0.163,0.014,32.794262,30.571194,27.040323,24.918505,23.243578,20.830860,18.370447,16.549879,14.858373,14.078050,13.162601,13.147305,13.298107,11.919022,9.863066,28.393259,9.118257,2.126997,1.098156,0.211372,0.128397,0.039366,0.039116,0.050744,0.000000,0.044269,0.039298,0.005650,0.011359,0.033302,0.005688,0.028050,0.005631,0.011041,0.000000,0.027689
6120,6179,6150,868.614,33.423,323.022,49.420,2.624,0.157,0.014,32.295807,30.217365,26.710318,25.272051,23.193035,20.712923,18.281237,16.287481,14.840095,13.891033,13.425120,13.167174,12.620631,11.731400,9.485250,28.098511,8.770464,2.264895,1.049413,0.194736,0.111831,0.066853,0.038869,0.038559,0.050227,0.011338,0.027781,0.044697,0.016746,0.033566,0.022373,0.011281,0.011022,0.016704,0.011186,0.000000
6180,6239,6210,868.602,33.389,324.531,49.770,2.773,0.165,0.014,32.525536,30.158144,27.101877,25.591749,23.493807,20.690454,18.367661,17.031576,15.244507,13.753368,13.219336,12.821436,12.773822,12.243694,9.217573,27.875256,8.420796,2.225091,1.048498,0.226816,0.072333,0.060923,0.055505,0.050218,0.011261,0.033540,0.005747,0.044479,0.032955,0.027874,0.027707,0.010973,0.011093,0.038605,0.000000,0.016633
6240,6299,6270,868.613,33.277,326.040,49.729,2.758,0.164,0.014,32.726860,29.861376,26.941244,25.546858,23.335297,20.625244,18.692253,17.101603,15.233794,14.217311,13.277711,13.001020,12.720371,11.971497,9.583774,28.582247,8.805382,2.209929,0.994443,0.166637,0.116439,0.033327,0.044339,0.033542,0.033596,0.016950,0.011111,0.005447,0.005631,0.027851,0.027821,0.039029,0.027622,0.005394,0.005593,0.011057
6300,6359,6330,868.602,33.187,324.293,49.102,2.513,0.152,0.013,33.387798,29.573847,27.018557,25.327238,23.127359,20.689554,18.424080,16.362089,15.376685,14.157415,12.953565,13.303634,12.334924,11.699101,9.963029,27.721121,8.865389,2.272732,1.136464,0.166677,0.121571,0.066635,0.044612,0.016326,0.016486,0.039109,0.010806,0.005537,0.011093,0.027463,0.032919,0.011168,0.011206,0.010894,0.000000,0.005593
6360,6419,6390,868.605,33.117,325.122,49.634,2.677,0.160,0.014,33.173538,30.283930,26.879927,25.008516,22.795918,20.751453,18.765474,16.936956,15.464293,13.582284,13.100430,13.093040,12.986952,11.739474,9.818789,27.797300,9.024865,2.123207,1.090563,0.205487,0.128008,0.066377,0.055567,0.022222,0.022207,0.039007,0.016779,0.016397,0.016453,0.027933,0.033046,0.022548,0.011281,0.000000,0.010950,0.010859
6420,6479,6450,868.618,33.052,324.556,49.484,2.665,0.160,0.013,32.608788,29.944342,25.687489,25.770969,23.922474,21.189581,18.503277,16.870649,15.235398,13.649527,13.288375,13.340277,12.331922,12.002737,9.871555,27.704268,8.818684,2.141389,1.050563,0.150801,0.116949,0.050344,0.055557,0.028006,0.038742,0.021883,0.016619,0.028177,0.005482,0.011148,0.027864,0.005574,0.027949,0.005429,0.016742,0.016680
6480,6539,6510,868.626,32.991,328.958,49.473,2.565,0.154,0.013,33.577019,31.090317,27.552361,26.204054,23.246931,21.093073,18.675198,16.784592,15.697247,13.796590,12.888845,13.287138,12.588484,12.163995,9.348865,28.798706,8.545243,1.946294,1.035800,0.172968,0.089498,0.067171,0.055742,0.039361,0.022600,0.033654,0.038985,0.011282,0.016779,0.011224,0.027905,0.016838,0.016448,0.011223,0.000000,0.005767
6540,6599,6570,868.610,32.957,329.342,49.770,2.608,0.155,0.013,33.715439,30.814632,27.790379,24.611217,23.837189,21.409533,18.841980,17.031496,15.530365,13.770901,13.245399,12.976025,12.821035,12.136696,9.833432,28.544352,8.695948,2.195425,0.951367,0.150252,0.077034,0.066722,0.033237,0.039049,0.033715,0.033270,0.011280,0.027792,0.016655,0.022335,0.033420,0.005688,0.005556,0.005688,0.010949,0.016836
6600,6659,6630,868.629,32.899,332.335,51.335,2.972,0.172,0.014,34.219242,31.508015,27.944769,25.984056,24.249992,20.997881,18.952143,17.374819,15.193250,13.861675,13.083677,12.843046,12.870390,11.972616,9.942630,28.285166,8.734642,2.380076,1.233480,0.127329,0.116006,0.071686,0.021809,0.033098,0.022284,0.061275,0.022376,0.033160,0.027782,0.022025,0.055771,0.010949,0.016742,0.021919,0.016543,0.022195
6660,6719,6690,868.626,32.859,325.306,50.972,3.026,0.175,0.014,32.747780,29.509319,26.753824,25.630434,22.856390,20.641741,18.620132,17.240244,15.123658,13.516200,13.105627,12.770159,12.772032,12.227533,9.359623,29.236389,8.970071,2.323565,1.183459,0.176727,0.110111,0.061337,0.043451,0.038723,0.032885,0.016575,0.010667,0.016520,0.016430,0.033678,0.049796,0.016503,0.027528,0.022493,0.016613,0.027713
6720,6779,6750,868.635,32.792,321.899,49.263,2.767,0.166,0.013,32.452602,30.038813,27.038851,25.086294,22.737385,20.489405,18.437256,16.742704,14.438013,13.658288,13.213726,12.684379,12.540436,12.284261,9.917167,27.798971,8.599969,2.095427,0.965769,0.204481,0.127406,0.027490,0.044362,0.044419,0.021901,0.021815,0.027514,0.000000,0.027853,0.022205,0.027585,0.022391,0.011020,0.016526,0.005650,0.026976
6780,6839,6810,868.646,32.769,327.764,50.727,2.919,0.170,0.014,33.511368,29.744778,27.299364,25.459208,23.302717,20.812859,18.870632,17.386728,14.915976,14.171062,13.124983,12.617725,12.807031,12.321109,9.503237,28.816982,9.330853,2.060429,0.943380,0.161621,0.138767,0.056011,0.049682,0.022551,0.056231,0.039365,0.039465,0.011156,0.038849,0.022079,0.033677,0.027967,0.022123,0.016488,0.022448,0.005501
6840,6899,6870,868.650,32.716,323.493,50.132,2.920,0.171,0.014,32.525555,29.564461,26.947849,25.546532,23.666319,20.154585,18.557632,16.506140,14.749706,14.134472,12.937585,12.691051,12.889270,11.967821,9.422535,28.200005,9.034328,2.230090,1.049977,0.194951,0.116531,0.060933,0.033271,0.027772,0.033788,0.022454,0.038643,0.005464,0.016347,0.044454,0.022264,0.027838,0.016635,0.016416,0.016893,0.022398
6900,6959,6930,868.652,32.650,328.412,49.447,2.509,0.151,0.013,33.151962,30.315075,27.758909,25.446821,23.222879,20.751522,18.659147,17.361443,15.218177,13.861421,13.554375,13.052784,13.269586,11.863453,9.827180,28.537323,8.793880,2.229707,0.964787,0.154805,0.105593,0.060689,0.044847,0.038754,0.016723,0.028215,0.016432,0.022262,0.022134,0.000000,0.010915,0.011020,0.011261,0.016593,0.005519,0.005612
6960,7019,6990,868.629,32.637,327.053,49.946,2.767,0.164,0.014,33.691109,29.825985,27.128414,25.967878,22.674212,21.676844,18.258177,17.030174,15.192478,13.882651,13.607470,13.019776,12.771365,11.773129,9.584528,28.264576,8.884105,2.195058,0.975606,0.150164,0.094495,0.077892,0.027911,0.033716,0.038972,0.038533,0.022144,0.022263,0.022173,0.016305,0.027381,0.022082,0.021942,0.005593,0.005429,0.022190
7020,7079,7050,868.611,32.610,327.092,50.535,2.898,0.169,0.014,32.610996,29.913630,27.194456,25.283985,23.483397,20.832939,18.505964,17.074669,15.434360,13.802854,13.555728,13.089857,12.517915,12.128211,10.141364,28.653219,8.984464,2.104897,1.063005,0.171774,0.105635,0.104989,0.022196,0.044945,0.027891,0.022258,0.016456,0.011223,0.038966,0.010990,0.033382,0.033376,0.027836,0.027972,0.010913,0.005574
7080,7139,7110,868.596,32.546,333.236,50.853,2.757,0.160,0.014,33.574585,31.453596,28.016592,25.797995,23.886507,21.238422,18.765566,17.477274,15.147928,14.254747,12.896916,13.908456,13.333208,12.146975,9.614283,28.864557,9.036176,2.152888,0.976237,0.166380,0.110880,0.055017,0.072076,0.022135,0.038702,0.033570,0.033054,0.022225,0.016894,0.027743,0.022077,0.005574,0.022026,0.022044,0.005727,0.016632
