CampaignData_and_Merges/R0/CSL_MobileLab_Parked/raw/20240812/USOS-PTR_MobileLabGround_20240812_RA.ict
58, 1001
Matthew Coggon, Kelvin Bates, Chelsea Stockwell, Carsten Warneke
NOAA ESRL Chemical Sciences Division
NOAA PTR-ToF-MS
USOS
1,1 
2024, 08, 12, 2024, 08, 13
0
Time_Start, seconds, number of seconds from 00:00 UTC 
22
1, 1, 1, 1, 1, 1, 1, 1, 1, 1, 1, 1, 1, 1, 1, 1, 1, 1, 1, 1, 1, 1
-9999, -9999, -9999, -9999, -9999, -9999, -9999, -9999, -9999, -9999, -9999, -9999, -9999, -9999, -9999, -9999, -9999, -9999, -9999, -9999, -9999, -9999
CH3OH_NOAAPTR_ppbv,  ppbv, Gas_CH3OH_InSitu_S_AVMR, (CH3OH) methanol
CH3CN_NOAAPTR_ppbv,  ppbv, Gas_CH3CN_InSitu_S_AVMR, (CH3CN) acetonitrile
CH3CHO_NOAAPTR_ppbv,  ppbv, Gas_CH3CHO_InSitu_S_AVMR, (CH3CHO) acetaldehyde plus contributions from ethylene glycol and ethylene oxide. Interference from ethanol has been subtracted out.
C2H5OH_NOAAPTR_ppbv,  ppbv, Gas_C2H5OH_InSitu_S_AVMR, (C2H5OH) ethanol
CH3SH_NOAAPTR_ppbv,  ppbv, Gas_CH3SH_InSitu_S_AVMR, (CH3SH) methanethiol, using calibration factor for DMS
Acrolein_NOAAPTR_ppbv,  ppbv, Gas_Acrolein_InSitu_S_AVMR, (C3H4O) acrolein
AcetonePropanal_NOAAPTR_ppbv,  ppbv, Gas_AcetoneAndPropanal_InSitu_S_AVMR, (C3H6O) sum of acetone (dominant isomer) and propanal, using calibration factor for acetone
DMS_NOAAPTR_ppbv,  ppbv, Gas_DMS_InSitu_S_AVMR, (C2H6S) dimethyl sulfide with possible small contributions from ethanethiol
C5H8_NOAAPTR_ppbv,  ppbv, Gas_Isoprene_InSitu_S_AVMR, (C5H8) isoprene and possible fragments from cycloalkanes and aldehydes. Interferences have been subtracted following methods described by Coggon et al (2023)
MVKMAC_NOAAPTR_ppbv,  ppbv, Gas_MVKAndMAC_InSitu_S_AVMR, (C4H6O) sum of methyl vinyl ketone, methacrolein, and small amounts of crotonaldehyde, using weighted calibration factor for MVK (0.637) and MACR (0.363)
Benzene_NOAAPTR_ppbv,  ppbv, Gas_Benzene_InSitu_S_AVMR, (C6H6) benzene
Toluene_NOAAPTR_ppbv,  ppbv, Gas_Toluene_InSitu_S_AVMR, (C7H8) toluene with possible small contributions of fragments from ethyltoluene
Styrene_NOAAPTR_ppbv,  ppbv, Gas_Styrene_InSitu_S_AVMR, (C8H8) styrene
Benzaldehyde_NOAAPTR_ppbv,  ppbv, Gas_Benzaldehyde_InSitu_S_AVMR, (C7H6O) benzaldehyde
C8Aromatics_NOAAPTR_ppbv,  ppbv, Gas_C8Aromatics_InSitu_M_AVMR, (C8H10) sum of m-xylene, p-xylene, o-xylene, and ethyl benzene
C9Aromatics_NOAAPTR_ppbv,  ppbv, Gas_C9Aromatics_InSitu_M_AVMR, (C9H12) sum of C9 aromatics
Naphthalene_NOAAPTR_ppbv,  ppbv, Gas_Naphthalene_InSitu_S_AVMR, (C10H8) naphthalene
Octanal_NOAAPTR_ppbv,  ppbv, Gas_Octanal_InSitu_S_AVMR, (C8H16O) octanal and small amounts of octanone
Monoterpenes_NOAAPTR_ppbv,  ppbv, Gas_Monoterpenes_InSitu_M_AVMR, (C10H16) sum of monoterpenes and possible contributions from fragments of oxygenated monoterpenoids such as eucalyptol.
Nonanal_NOAAPTR_ppbv,  ppbv, Gas_Nonanal_InSitu_M_AVMR, (C9H18O) nonanal and small amounts of nonanone
C7H4ClF3_NOAAPTR_ppbv,  ppbv, Gas_C7H4ClF3_InSitu_S_AVMR, (C7H4ClF3) parachlorobenzotrifluoride
C10H30O5Si5_NOAAPTR_ppbv,  ppbv, Gas_C10H30O5Si5_InSitu_S_AVMR, (C10H30O5Si5) decamethylcyclopentasiloxane
1
SPECIAL COMMENTS:N/A
21
PI_CONTACT_INFO: NOAA ESRL Chemical Sciences Division, Tropospheric Chemistry Group. 325 Broadway, R/CSD7, Boulder, CO 80305
PLATFORM: Mobile Laboratory.
LOCATION: Salt Lake City, UT
ASSOCIATED_DATA: N/A
INSTRUMENT_INFO: NOAA PTR-ToF-MS measurements on NOAA CSL Mobile Lab
DATA_INFO: Units: ppbv
UNCERTAINTY: See OTHER_COMMENTS
ULOD_FLAG: -7777
ULOD_VALUE: N/A
LLOD_FLAG: -8888
LLOD_VALUE: N/A.
DM_CONTACT_INFO: Data Managers: Matt Coggon, Kelvin Bates, Chelsea Stockwell; email: matthew.m.coggon@noaa.gov and kelvin.bates@colorado.edu
PROJECT_INFO: USOS Deployment July-August, 2024
STIPULATIONS_ON_USE: Use of these data require prior OK from PI.
OTHER_COMMENTS: Uncertainties:
CH3OH_NOAAPTR_ppbv:30%; CH3CN_NOAAPTR_ppbv:30%; CH3CHO_NOAAPTR_ppbv:30%; C2H5OH_NOAAPTR_ppbv:30%; CH3SH_NOAAPTR_ppbv:50%; Acrolein_NOAAPTR_ppbv:30%; AcetonePropanal_NOAAPTR_ppbv:30%; DMS_NOAAPTR_ppbv:30%; C5H8_NOAAPTR_ppbv:30%; MVKMAC_NOAAPTR_ppbv:30%; 
Benzene_NOAAPTR_ppbv:30%; Toluene_NOAAPTR_ppbv:30%; Styrene_NOAAPTR_ppbv:30%; Benzaldehyde_NOAAPTR_ppbv:30%; C8Aromatics_NOAAPTR_ppbv:30%; C9Aromatics_NOAAPTR_ppbv:30%; Naphthalene_NOAAPTR_ppbv:30%; Octanal_NOAAPTR_ppbv:30%; Monoterpenes_NOAAPTR_ppbv:30%; Nonanal_NOAAPTR_ppbv:30%; 
C7H4ClF3_NOAAPTR_ppbv:30%; C10H30O5Si5_NOAAPTR_ppbv:30%; 
REVISION: RA
RA: Field Data
Time_Start, CH3OH_NOAAPTR_ppbv, CH3CN_NOAAPTR_ppbv, CH3CHO_NOAAPTR_ppbv, C2H5OH_NOAAPTR_ppbv, CH3SH_NOAAPTR_ppbv, Acrolein_NOAAPTR_ppbv, AcetonePropanal_NOAAPTR_ppbv, DMS_NOAAPTR_ppbv, C5H8_NOAAPTR_ppbv, MVKMAC_NOAAPTR_ppbv, Benzene_NOAAPTR_ppbv, Toluene_NOAAPTR_ppbv, Styrene_NOAAPTR_ppbv, Benzaldehyde_NOAAPTR_ppbv, C8Aromatics_NOAAPTR_ppbv, C9Aromatics_NOAAPTR_ppbv, Naphthalene_NOAAPTR_ppbv, Octanal_NOAAPTR_ppbv, Monoterpenes_NOAAPTR_ppbv, Nonanal_NOAAPTR_ppbv, C7H4ClF3_NOAAPTR_ppbv, C10H30O5Si5_NOAAPTR_ppbv
[from data line 221]
13260.0, 5.81616, 0.16587, 1.06394, 2.34942, 0.00219, 0.10182, 2.30741, 0.00716, 0.09456, 0.10643, 0.18195, 0.27755, 0.02201, 0.01246, 0.18476, 0.07422, 0.02159, 0.02614, 0.07255, 0.02589, 0.00114, 0.00441 
13320.0, 5.77856, 0.17678, 0.96739, 2.96952, 0.00148, 0.11291, 2.32247, 0.00817, 0.09687, 0.11017, 0.10523, 0.21446, 0.01957, 0.01203, 0.14604, 0.04729, 0.00384, 0.02343, 0.09053, 0.03333, 0.00160, 0.00196 
13380.0, 4.94220, 0.17573, 0.87308, 1.75455, -0.00091, 0.09673, 2.29608, 0.00979, 0.10100, 0.10040, 0.03273, 0.14384, 0.01284, -0.00127, 0.09443, 0.04627, 0.01227, 0.03594, 0.05253, 0.03213, 0.00128, 0.00427 
13440.0, 5.04718, 0.18470, 0.98796, 2.08041, 0.00532, 0.12720, 2.29336, 0.00610, 0.11556, 0.10190, 0.06682, 0.19008, 0.02496, 0.00922, 0.12469, 0.05348, 0.00701, 0.02774, 0.03990, 0.02773, 0.00538, 0.00309 
13500.0, 5.04349, 0.16840, 0.87780, 1.82500, 0.00568, 0.09175, 2.25165, 0.01647, 0.07596, 0.10580, 0.03359, 0.14245, 0.01359, -0.00127, 0.08792, 0.03874, 0.01296, 0.02534, 0.04511, 0.01854, 0.00162, 0.00212 
13560.0, 5.35803, 0.16804, 0.89608, 1.37746, 0.00346, 0.11645, 2.27837, 0.01790, 0.10527, 0.10632, 0.04804, 0.12094, -0.00164, 0.01852, 0.08623, 0.03632, -0.00138, 0.03295, 0.06136, 0.02351, -0.00009, 0.00417 
13620.0, 4.83516, 0.17445, 0.87553, 1.63024, 0.00739, 0.11443, 2.23851, 0.00127, 0.09834, 0.10901, 0.03956, 0.13109, 0.00219, -0.00127, 0.07913, 0.03281, 0.00136, 0.02457, 0.06491, 0.02591, 0.00143, 0.00122 
13680.0, 5.12926, 0.17862, 0.84236, 1.63144, 0.00097, 0.13053, 2.23166, 0.00916, 0.10147, 0.11516, 0.05326, 0.11170, 0.01187, 0.01337, 0.07484, 0.02562, 0.00826, 0.01844, 0.05389, 0.02268, 0.00442, 0.00045 
13740.0, 5.41831, 0.16017, 0.72127, 1.51745, 0.00441, 0.08101, 2.20517, -0.00006, 0.09294, 0.09668, 0.01840, 0.11411, 0.00615, -0.00126, 0.06527, 0.03047, 0.00269, 0.01357, 0.05186, 0.02546, 0.00333, 0.00261 
13800.0, 5.97659, 0.16210, 0.73097, 1.62226, 0.00257, 0.10362, 2.20520, -0.00087, 0.10671, 0.10901, 0.04134, 0.13030, 0.01678, 0.00647, 0.08632, 0.02644, -0.00140, 0.03778, 0.07525, 0.01919, 0.00285, 0.00346 
13860.0, 5.42760, 0.17575, 0.70113, 1.39851, 0.00515, 0.08731, 2.19083, 0.00147, 0.09994, 0.10338, 0.06801, 0.12966, 0.01355, 0.01524, 0.08304, 0.03901, 0.00414, 0.02010, 0.04659, 0.01680, 0.00678, 0.00254 
13920.0, 5.05807, 0.18583, 0.79182, 1.58628, 0.00287, 0.10754, 2.15047, 0.01334, 0.09438, 0.09598, 0.02425, 0.09898, 0.00842, 0.00849, 0.07968, 0.03243, 0.00729, 0.01664, 0.05235, 0.02493, 0.00360, 0.00123 
13980.0, 5.57085, 0.17310, 0.81875, 1.75763, 0.00205, 0.11345, 2.23053, 0.00536, 0.09834, 0.11516, 0.05811, 0.13465, 0.01118, 0.00622, 0.09782, 0.03396, 0.00766, 0.03366, 0.06266, 0.02296, -0.00042, 0.00222 
14040.0, 5.13115, 0.18431, 0.74990, 1.70355, 0.00155, 0.10873, 2.22727, 0.01149, 0.08447, 0.10688, 0.05947, 0.13719, 0.01267, -0.00126, 0.08735, 0.03841, 0.00558, 0.01497, 0.05803, 0.00990, -0.00112, 0.00316 
14100.0, 5.01703, 0.16739, 0.76274, 1.64390, 0.00285, 0.10306, 2.16676, 0.01316, 0.10353, 0.10342, 0.02415, 0.09408, 0.00516, 0.00392, 0.06382, 0.03485, -0.00142, 0.01019, 0.06155, 0.02883, 0.00087, 0.00198 
14160.0, 4.80740, 0.18451, 0.71823, 1.79609, 0.00138, 0.07978, 2.21574, -0.00086, 0.09965, 0.13277, 0.00038, 0.12075, 0.01267, 0.00930, 0.07780, 0.03243, 0.00213, 0.02303, 0.04942, 0.01910, -0.00203, 0.00445 
14220.0, 6.55649, 0.18138, 0.77943, 3.31528, 0.00083, 0.11948, 2.20168, 0.00296, 0.13479, 0.11807, 0.01553, 0.13800, -0.00164, -0.00126, 0.10661, 0.04770, -0.00120, 0.01496, 0.05775, 0.00688, 0.00082, 0.00478 
14280.0, 4.92092, 0.17513, 0.77743, 2.03731, 0.00286, 0.12087, 2.27059, 0.01279, 0.15085, 0.11232, 0.02611, 0.14195, 0.00560, -0.00126, 0.08641, 0.04072, -0.00144, 0.01362, 0.05201, 0.01251, 0.00102, 0.00330 
14340.0, 4.77988, 0.16503, 0.73417, 1.88425, 0.00595, 0.12242, 2.34146, 0.01355, 0.12754, 0.12849, 0.01116, 0.13538, -0.00143, 0.00027, 0.09882, 0.03257, -0.00103, 0.02197, 0.04891, 0.02860, 0.00256, 0.00340 
14400.0, 5.76885, 0.17020, 0.78494, 2.20122, 0.00194, 0.11005, 2.29763, 0.00864, 0.12192, 0.14066, 0.01719, 0.14219, 0.01230, -0.00125, 0.08030, 0.03240, 0.00915, 0.02886, 0.04607, 0.02441, 0.00320, 0.00198 
14460.0, 6.28999, 0.15767, 0.88171, 1.75969, 0.00279, 0.12421, 2.34375, 0.00361, 0.10065, 0.14200, 0.06743, 0.14993, 0.01991, 0.01411, 0.09262, 0.04243, -0.00145, 0.02421, 0.07049, 0.01237, 0.00054, 0.00176 
14520.0, 5.50015, 0.17867, 0.77964, 1.75868, -0.00005, 0.08370, 2.29584, 0.00216, 0.14781, 0.13838, 0.04270, 0.13687, 0.00940, 0.02363, 0.08945, 0.04206, 0.00815, 0.02323, 0.04743, 0.02241, 0.00520, 0.00370 
14580.0, 5.58990, 0.17380, 0.82332, 1.95795, 0.00283, 0.08555, 2.29463, 0.00857, 0.13172, 0.13103, 0.05099, 0.16275, 0.01223, 0.00846, 0.06442, 0.03274, -0.00146, 0.01824, 0.06924, 0.03750, 0.00083, 0.00464 
14640.0, 5.19995, 0.17110, 0.89401, 1.92549, -0.00032, 0.11302, 2.39942, 0.00191, 0.11756, 0.14244, 0.03725, 0.14144, 0.00466, 0.00629, 0.05589, 0.02947, -0.00146, 0.01222, 0.06545, 0.02721, 0.00830, 0.00248 
14700.0, 6.38199, 0.15526, 0.79198, 1.83738, 0.00475, 0.07103, 2.34665, 0.00925, 0.13577, 0.13442, 0.05772, 0.14202, 0.00726, 0.00702, 0.06997, 0.02915, 0.00583, 0.02273, 0.07968, 0.01611, 0.00376, 0.00272 
14760.0, 7.11948, 0.16887, 0.85223, 2.24312, -0.00005, 0.12385, 2.32204, 0.00834, 0.14111, 0.14152, 0.02677, 0.14589, 0.01368, 0.00666, 0.08158, 0.03337, -0.00147, 0.02451, 0.06186, 0.01335, 0.00368, 0.00759 
14820.0, 5.29314, 0.16295, 0.89473, 1.91021, 0.00218, 0.11339, 2.28283, 0.01685, 0.12231, 0.13834, 0.07221, 0.11018, -0.00163, 0.01375, 0.07179, 0.02479, -0.00148, 0.02642, 0.06938, 0.02394, 0.00078, 0.00101 
14880.0, 4.88076, 0.18188, 0.82277, 1.72622, 0.00485, 0.13232, 2.27594, 0.01888, 0.13747, 0.13227, -0.00502, 0.10985, -0.00163, -0.00125, 0.06905, 0.01472, -0.00148, 0.02376, 0.06230, 0.02552, 0.00233, 0.00379 
14940.0, 5.55832, 0.16423, 0.80927, 2.16665, 0.00388, 0.09823, 2.35320, 0.00014, 0.13313, 0.14246, 0.01149, 0.16358, -0.00163, -0.00125, 0.06780, 0.03675, 0.00408, 0.02140, 0.05153, 0.02740, 0.00849, 0.00350 
15000.0, 5.29722, 0.17172, 0.82940, 1.55965, -0.00046, 0.10569, 2.29505, 0.01568, 0.09531, 0.13619, 0.05583, 0.17900, 0.01353, 0.01444, 0.10082, 0.04002, 0.00773, 0.02431, 0.05322, 0.02558, 0.00285, 0.00208 
15060.0, 5.42614, 0.17932, 0.91013, 1.88577, 0.00115, 0.12297, 2.36558, -0.00085, 0.11926, 0.14483, 0.19352, 0.31555, 0.03521, 0.01430, 0.22201, 0.12295, 0.03459, 0.01716, 0.07126, 0.03527, 0.00386, 0.00154 
15120.0, 5.42846, 0.16650, 0.88334, 1.73841, 0.00329, 0.11515, 2.37681, 0.00900, 0.11967, 0.11717, 0.06174, 0.13973, 0.00551, 0.00275, 0.09780, 0.03619, 0.01975, 0.02422, 0.06458, 0.02351, 0.00825, 0.00211 
15180.0, 5.39735, 0.19498, 0.80430, 1.68143, 0.00028, 0.08632, 2.24835, -0.00085, 0.07577, 0.12807, 0.05555, 0.12718, 0.00577, 0.00593, 0.08055, 0.03859, 0.00870, 0.02895, 0.05004, 0.00136, -0.00083, 0.00292 
15240.0, 5.52299, 0.17218, 0.84575, 2.09856, 0.00168, 0.09768, 2.28481, -0.00085, 0.06886, 0.12551, 0.06434, 0.13938, 0.02032, 0.02199, 0.09940, 0.03973, 0.00394, 0.02204, 0.05094, 0.01826, 0.00249, 0.00538 
15300.0, 5.13352, 0.17140, 0.82219, 1.96870, 0.00347, 0.10843, 2.29107, 0.00882, 0.10602, 0.11167, 0.01170, 0.12076, 0.00002, -0.00124, 0.07690, 0.03625, 0.00836, 0.01612, 0.05683, 0.01886, 0.00733, 0.00670 
15360.0, 5.38332, 0.16870, 0.74585, 1.67462, 0.00494, 0.08351, 2.28764, 0.01583, 0.08721, 0.11553, 0.07640, 0.10312, -0.00094, 0.00343, 0.07774, 0.03715, 0.00156, 0.01796, 0.04472, 0.03545, 0.00460, 0.00041 
15420.0, 5.04403, 0.15333, 0.72707, 1.66441, 0.00151, 0.10443, 2.20428, 0.00792, 0.08043, 0.11531, 0.02154, 0.09871, 0.01895, 0.00964, 0.07808, 0.03438, 0.02002, 0.01804, 0.04342, 0.02507, 0.00388, 0.00328 
15480.0, 4.84042, 0.16652, 0.79610, 1.36821, 0.00300, 0.10143, 2.24111, 0.00271, 0.08302, 0.10919, 0.04172, 0.09268, -0.00163, -0.00124, 0.06039, 0.03181, -0.00153, 0.02077, 0.03996, 0.01043, 0.00642, 0.00262 
15540.0, 5.26495, 0.17652, 0.78101, 1.71251, 0.00301, 0.08360, 2.19992, -0.00084, 0.08958, 0.09444, 0.02259, 0.11015, -0.00163, -0.00124, 0.07427, 0.02540, 0.01331, 0.02182, 0.08415, 0.02639, 0.00333, 0.00489 
15600.0, 4.65926, 0.16369, 0.70396, 1.47035, -0.00090, 0.10235, 2.20315, 0.00978, 0.06264, 0.09874, 0.01923, 0.09245, -0.00163, -0.00124, 0.06254, 0.02380, 0.00841, 0.02258, 0.03888, 0.01867, 0.00693, 0.00388 
15660.0, 5.23523, 0.18055, 0.74889, 1.74158, 0.00386, 0.12066, 2.23806, 0.00326, 0.09453, 0.11325, 0.02558, 0.10252, 0.01013, 0.01752, 0.07601, 0.03198, 0.01128, 0.02034, 0.05039, 0.03349, 0.00338, 0.00534 
15720.0, 5.73095, 0.16612, 0.75691, 1.46027, 0.00079, 0.12327, 2.17930, 0.01106, 0.07287, 0.09755, 0.03598, 0.10337, 0.01386, 0.01234, 0.06225, 0.02715, 0.01231, 0.03257, 0.04964, 0.02452, 0.00274, 0.00147 
15780.0, 4.38094, 0.18996, 0.62521, 1.08894, 0.00187, 0.08816, 2.07272, 0.00252, 0.05084, 0.09396, 0.00976, 0.07986, -0.00162, 0.00923, 0.05377, 0.02274, 0.00313, 0.01912, 0.04421, 0.02292, 0.00289, 0.00240 
15840.0, 4.36171, 0.16941, 0.74167, 1.62073, 0.00063, 0.08528, 2.11289, 0.00087, 0.05696, 0.08810, 0.04339, 0.08433, 0.00927, -0.00123, 0.05838, 0.02304, 0.00106, 0.01530, 0.04356, 0.03360, 0.00154, 0.00534 
15900.0, 4.25726, 0.16876, 0.52358, 1.19361, 0.00083, 0.06901, 2.06376, 0.00703, 0.04902, 0.08560, 0.02112, 0.07992, 0.01403, 0.01725, 0.06235, 0.03022, 0.00877, 0.01771, 0.04796, 0.02866, -0.00204, 0.00021 
15960.0, 4.59494, 0.17010, 0.58214, 1.14029, 0.00212, 0.08711, 2.02046, 0.00172, 0.04734, 0.08512, 0.03373, 0.05049, 0.00473, 0.00700, 0.04395, 0.01459, 0.00136, 0.00470, 0.03113, 0.01343, 0.00526, 0.00283 
16020.0, 4.59951, 0.16729, 0.52724, 1.35445, 0.00656, 0.09017, 2.04574, 0.00537, 0.03307, 0.07532, 0.04343, 0.08152, 0.00832, 0.00951, 0.04725, 0.01875, -0.00126, 0.01821, 0.04727, 0.01530, 0.00151, 0.00361 
16080.0, 5.17611, 0.17231, 0.54846, 1.35602, 0.00003, 0.11042, 2.09058, 0.00151, 0.03976, 0.09582, 0.00239, 0.08270, 0.00754, -0.00123, 0.05822, 0.02230, -0.00157, 0.02719, 0.04168, 0.01900, 0.00583, 0.00231 
16140.0, 4.14910, 0.16975, 0.65954, 1.46166, 0.00162, 0.07162, 2.06463, 0.01164, 0.05353, 0.07978, 0.03185, 0.08415, 0.00283, 0.01641, 0.06124, 0.02752, -0.00087, 0.01080, 0.06986, 0.01963, 0.00424, 0.00317 
16200.0, 4.80536, 0.17594, 0.59750, 1.59508, -0.00089, 0.06822, 2.07265, 0.00524, 0.05584, 0.09130, 0.01513, 0.06312, 0.01249, 0.00518, 0.05074, 0.02647, -0.00158, 0.01509, 0.06411, 0.01699, 0.00416, 0.00082 
16260.0, 4.53424, 0.16482, 0.55782, 1.14974, 0.00341, 0.11112, 2.07940, 0.00933, 0.05479, 0.08893, 0.02108, 0.07137, -0.00162, -0.00123, 0.04474, 0.02189, 0.00044, 0.00888, 0.06071, 0.00229, 0.00375, 0.00231 
16320.0, 4.17966, 0.17045, 0.65977, 1.48376, -0.00030, 0.07957, 2.12764, 0.00728, 0.05130, 0.09369, 0.02690, 0.08165, -0.00162, -0.00123, 0.06343, 0.02335, 0.01168, 0.00955, 0.05296, 0.01241, 0.00183, 0.00180 
16380.0, 4.76253, 0.17347, 0.74320, 1.52629, 0.00085, 0.07394, 2.09990, 0.00845, 0.04639, 0.08163, 0.06433, 0.13649, 0.01927, 0.01150, 0.09384, 0.03985, 0.00728, 0.01361, 0.04934, 0.01464, 0.00588, 0.00293 
16440.0, 5.10736, 0.16358, 0.63711, 1.47502, 0.00169, 0.06403, 2.14222, 0.00628, 0.06150, 0.08706, 0.02577, 0.09466, 0.01633, 0.00156, 0.06414, 0.02981, -0.00160, 0.00797, 0.04142, 0.01465, 0.00246, 0.00314 
16500.0, 5.11292, 0.17135, 0.66837, 1.44456, 0.00165, 0.07757, 2.07241, -0.00083, 0.06142, 0.08739, 0.04617, 0.09593, 0.00182, 0.01255, 0.07904, 0.03291, 0.00446, 0.01413, 0.05160, 0.03421, 0.00459, 0.00403 
16560.0, 5.12445, 0.16618, 0.62015, 1.63590, 0.00210, 0.09544, 2.14247, -0.00083, 0.05391, 0.08076, 0.04890, 0.11027, 0.00760, 0.00281, 0.06306, 0.03159, 0.00205, 0.02258, 0.05653, 0.02944, 0.00560, 0.00442 
16620.0, 4.98962, 0.16332, 0.70025, 1.68335, 0.00428, 0.12102, 2.14103, 0.01000, 0.04349, 0.08332, 0.04412, 0.08792, 0.00615, -0.00122, 0.06947, 0.03450, -0.00161, 0.01445, 0.07000, 0.02261, 0.00330, 0.00330 
16680.0, 4.71217, 0.17178, 0.75318, 1.71036, 0.00111, 0.10279, 2.19955, -0.00082, 0.06798, 0.09068, 0.01311, 0.10761, 0.01536, 0.01160, 0.07599, 0.02593, 0.00372, 0.02227, 0.06652, 0.01617, 0.00951, 0.00356 
16740.0, 5.05193, 0.17137, 0.69782, 1.69764, 0.00115, 0.07637, 2.18771, 0.00860, 0.04969, 0.09366, 0.04378, 0.10437, 0.01358, 0.01473, 0.07199, 0.03454, -0.00162, 0.01248, 0.05961, 0.02956, 0.00821, 0.00511 
16800.0, 5.27057, 0.16907, 0.69181, 1.54544, 0.00341, 0.08609, 2.17196, 0.00048, 0.05272, 0.10628, 0.05404, 0.09729, 0.01418, 0.00054, 0.05404, 0.02606, 0.01406, 0.02405, 0.04958, 0.02457, 0.01063, 0.00247 
16860.0, 4.97210, 0.15997, 0.73994, 1.78718, 0.00235, 0.09466, 2.24052, 0.00420, 0.07307, 0.10056, 0.05866, 0.11570, 0.00730, 0.00383, 0.07831, 0.02913, -0.00073, 0.01161, 0.04340, 0.02813, 0.01921, 0.00310 
16920.0, 5.32768, 0.16920, 0.65039, 1.52841, 0.00064, 0.07837, 2.18253, 0.00066, 0.06691, 0.09629, 0.05536, 0.11081, 0.02089, -0.00097, 0.06845, 0.03006, 0.01068, 0.02564, 0.04780, 0.01679, 0.02366, 0.00291 
16980.0, 5.55362, 0.17772, 0.74028, 1.64237, 0.00261, 0.08394, 2.28054, -0.00082, 0.06232, 0.12189, 0.03735, 0.13795, 0.02019, 0.01624, 0.09848, 0.04146, 0.00719, 0.02762, 0.06443, 0.03021, 0.02494, 0.00438 
17040.0, 5.22629, 0.18347, 0.78406, 1.67015, -0.00020, 0.12250, 2.29832, 0.00578, 0.07935, 0.10876, 0.04350, 0.11258, 0.01125, 0.00268, 0.07891, 0.04389, 0.00845, 0.02243, 0.05035, 0.01830, 0.02683, 0.00412 
17100.0, 5.53068, 0.18186, 0.77561, 1.81800, 0.00262, 0.06265, 2.21191, 0.01098, 0.06883, 0.10524, 0.03664, 0.09333, 0.01560, -0.00122, 0.07630, 0.03539, 0.01430, 0.02378, 0.04365, 0.03524, 0.01522, 0.00084 
17160.0, 5.01762, 0.17180, 0.72308, 1.53445, 0.00074, 0.08683, 2.25621, 0.02190, 0.07267, 0.10165, 0.00334, 0.10865, 0.01251, -0.00121, 0.08159, 0.02702, 0.00856, 0.03390, 0.04953, 0.03043, 0.02030, 0.00486 
17220.0, 4.70512, 0.14744, 0.85387, 1.63167, 0.00018, 0.06902, 2.28334, -0.00081, 0.05156, 0.10479, 0.02574, 0.10779, 0.01036, -0.00121, 0.06841, 0.03459, -0.00166, 0.03592, 0.05564, 0.02426, 0.01238, 0.00390 
17280.0, 4.99556, 0.15701, 0.76492, 1.79402, 0.00545, 0.11129, 2.26403, 0.01186, 0.07017, 0.11390, 0.05471, 0.12252, 0.01456, 0.00305, 0.06357, 0.03122, 0.00930, 0.02450, 0.05374, 0.03509, 0.01565, 0.00303 
17340.0, 5.36526, 0.16661, 0.79140, 1.95343, 0.00317, 0.11147, 2.24992, -0.00081, 0.05635, 0.11384, 0.03629, 0.13730, 0.01385, 0.01871, 0.07751, 0.03827, 0.00196, 0.01000, 0.07515, 0.02872, 0.02840, 0.00233 
17400.0, 5.72277, 0.16693, 0.70036, 1.52875, -0.00014, 0.09372, 2.33604, -0.00081, 0.06222, 0.12357, 0.04890, 0.12721, 0.02285, 0.00223, 0.07637, 0.03121, 0.00350, 0.02743, 0.05781, 0.02787, 0.01919, 0.00369 
17460.0, 5.60703, 0.16882, 0.74864, 1.65059, 0.00243, 0.08763, 2.24015, 0.00771, 0.07137, 0.11434, 0.03165, 0.09830, -0.00161, 0.01798, 0.07145, 0.02504, 0.01018, 0.02728, 0.05435, 0.02667, 0.00866, 0.00482 
17520.0, 5.96295, 0.18854, 0.76953, 1.35145, 0.00229, 0.09636, 2.21143, -0.00081, 0.05002, 0.09887, 0.04250, 0.12496, 0.00478, 0.01142, 0.08059, 0.03046, 0.00255, 0.02023, 0.05249, 0.02904, 0.01237, 0.00239 
17580.0, 5.28215, 0.16005, 0.85252, 1.70109, 0.00407, 0.10616, 2.27128, 0.00584, 0.07240, 0.10733, 0.02832, 0.12998, 0.00719, -0.00121, 0.07576, 0.02847, 0.00015, 0.02718, 0.05800, 0.03465, 0.01112, 0.00273 
17640.0, 5.18895, 0.18045, 0.87321, 2.15813, 0.00438, 0.10189, 2.30848, 0.02174, 0.09731, 0.10883, 0.05050, 0.12967, 0.01662, -0.00121, 0.08407, 0.03568, 0.00467, 0.01707, 0.05847, 0.03660, 0.01049, 0.00389 
17700.0, 4.46664, 0.17280, 0.72600, 1.47914, 0.00181, 0.10824, 2.19794, 0.01141, 0.05363, 0.08937, 0.01617, 0.10143, 0.01105, 0.02196, 0.06309, 0.02539, -0.00169, 0.02196, 0.05441, 0.03869, 0.00763, 0.00221 
17760.0, 5.20056, 0.17909, 0.71320, 1.44046, 0.00436, 0.09853, 2.11171, 0.01444, 0.06482, 0.10027, 0.00519, 0.12016, -0.00161, -0.00121, 0.07335, 0.02563, 0.03012, 0.01168, 0.05890, 0.01552, 0.00733, 0.00296 
