CampaignData_and_Merges/R0/CSL_MobileLab_Parked/raw/20240812/USOS-NOAAIodideCIMS-Halogens_MobileLabGround_20240812_RA.ict
38, 1001
Michael A Robinson, Chris Jernigan, Subi Thakali
NOAA ESRL Chemical Sciences Laboratory and CIRES, U. of Colorado
NOAA Iodide CIMS Instrument
USOS
1, 1
2024, 08, 12, 2024, 08, 13
1
starttime_UTC, seconds_past_midnight, seconds_of_day_since_00:00:00_UTC
6
1, 1, 1, 1, 1, 1
-9999, -9999, -9999, -9999, -9999, -9999
Br2_NOAACIMS, pptv, Gas_Br2_InSitu_S_AVMR, 
BrO_NOAACIMS, pptv, Gas_BrO_InSitu_S_AVMR, 
Cl2_NOAACIMS, pptv, Gas_Cl2_InSitu_S_AVMR, 
ClNO2_NOAACIMS, pptv, Gas_ClNO2_InSitu_S_AVMR, 
BrCl_NOAACIMS, pptv, Gas_BrCl_InSitu_S_AVMR, 
NCl3_NOAACIMS, pptv, Gas_NCl3_InSitu_S_AVMR, 
0
18
PI_CONTACT_INFO: 325 Broadway, R/CSD 7, Boulder, Colorado 80305; michael.a.robinson@noaa.gov; chris.jernigan@noaa.gov;
PLATFORM: NOAA CSL Mobile Lab
LOCATION: SLC, Utah
ASSOCIATED_DATA: 1Hz data also available on request.
INSTRUMENT_INFO: NOAA I- ToF CIMS
DATA_INFO: All data in parts per trillion by volume (pptv). 1 Hz data is available upon request.
UNCERTAINTY: TBD
ULOD_FLAG: -7777
ULOD_VALUE: N/A
LLOD_FLAG: -8888
LLOD_VALUE: N/A
DM_CONTACT_INFO: Nathan Howard; nathan.h.howard@noaa.gov
PROJECT_INFO: USOS, summer 2024. https://csl.noaa.gov/groups/csl7/measurements/2024usos/
STIPULATIONS_ON_USE: Users are strongly encouraged to contact the PI for proper data usage.
OTHER_COMMENTS: 
REVISION: RA
RA: Preliminary Data; For in-field use only
starttime_UTC, Br2_NOAACIMS, BrO_NOAACIMS, Cl2_NOAACIMS, ClNO2_NOAACIMS, BrCl_NOAACIMS, NCl3_NOAACIMS
     0, -9999.000, -9999.000, -9999.000, -9999.000, -9999.000, -9999.000
    60, -9999.000, -9999.000, -9999.000, -9999.000, -9999.000, -9999.000
   120, -9999.000, -9999.000, -9999.000, -9999.000, -9999.000, -9999.000
   180, -9999.000, -9999.000, -9999.000, -9999.000, -9999.000, -9999.000
   240,  0.991, -0.036,  0.762,  0.036,  0.267, -0.002
   300,  0.975,  0.045,  0.810,  0.061,  0.205,  0.018
   360,  0.892, -0.058,  0.628,  0.070,  0.212,  0.040
   420,  0.863,  0.050,  0.724,  0.074,  0.168,  0.023
   480,  0.887, -0.023,  0.767,  0.060,  0.183,  0.065
   540,  1.052, -0.050,  0.721,  0.144,  0.314, -0.026
   600, -9999.000, -9999.000, -9999.000, -9999.000, -9999.000, -9999.000
   660,  0.821, -0.058,  0.711,  0.080,  0.176,  0.055
   720,  0.808,  0.066,  0.563,  0.053,  0.145, -0.007
   780,  0.810, -0.036,  0.676,  0.079,  0.152, -0.002
   840,  0.879, -0.026,  0.600,  0.067,  0.155, -0.031
   900,  0.921, -0.015,  0.470,  0.050,  0.107, -0.005
   960,  0.919, -0.036,  0.481,  0.082,  0.094,  0.043
  1020,  0.793, -0.022,  0.500,  0.029,  0.112, -0.022
  1080,  0.906, -0.017,  0.629,  0.096,  0.186,  0.024
  1140,  0.879,  0.054,  0.568,  0.063,  0.160, -0.003
  1200,  0.960,  0.041,  0.733,  0.073,  0.165,  0.017
  1260,  0.878,  0.066,  0.688,  0.028,  0.121,  0.014
  1320,  0.906, -0.032,  0.617,  0.077,  0.192,  0.030
  1380,  0.832, -0.014,  0.587,  0.069,  0.123,  0.023
  1440,  0.914,  0.037,  0.608,  0.049,  0.146,  0.111
  1500,  1.008,  0.016,  0.718,  0.062,  0.164,  0.042
  1560,  0.813,  0.066,  0.595,  0.066,  0.123, -0.003
  1620,  0.792,  0.013,  0.457,  0.062,  0.121,  0.100
  1680,  0.832,  0.075,  0.559,  0.064,  0.102,  0.005
  1740,  0.809,  0.002,  0.473,  0.043,  0.107,  0.025
  1800,  0.933,  0.030,  0.406,  0.041,  0.095,  0.082
  1860,  0.837,  0.054,  0.532,  0.045,  0.073,  0.075
  1920,  0.892,  0.071,  0.567,  0.037,  0.138,  0.078
  1980,  0.846, -0.003,  0.526,  0.060,  0.117,  0.105
  2040,  0.859,  0.037,  0.491,  0.073,  0.127,  0.041
  2100,  0.875,  0.035,  0.585,  0.071,  0.092,  0.043
  2160,  0.798,  0.034,  0.556,  0.072,  0.076,  0.092
  2220,  0.767,  0.058,  0.681,  0.065,  0.057,  0.052
  2280,  0.884,  0.064,  0.630,  0.069,  0.062,  0.062
  2340,  0.890,  0.126,  0.530,  0.052,  0.113,  0.071
  2400,  0.716,  0.067,  0.591,  0.061,  0.057, -0.043
  2460,  0.918,  0.121,  0.579,  0.037,  0.143,  0.037
  2520,  0.943,  0.150,  0.518,  0.059,  0.071,  0.004
  2580,  0.958,  0.057,  0.530,  0.097,  0.134,  0.081
  2640,  0.879,  0.044,  0.538,  0.090,  0.110,  0.125
  2700,  0.850,  0.072,  0.583,  0.087,  0.113,  0.078
  2760,  0.850,  0.081,  0.510,  0.048,  0.079,  0.093
  2820,  0.983,  0.092,  0.501,  0.053,  0.128,  0.063
  2880,  0.944,  0.134,  0.476,  0.051,  0.125,  0.099
  2940,  0.949,  0.092,  0.482,  0.068,  0.143,  0.049
  3000,  0.914,  0.087,  0.447,  0.043,  0.163,  0.080
  3060,  0.858,  0.055,  0.396,  0.066,  0.103,  0.010
  3120,  0.933,  0.096,  0.354,  0.055,  0.123,  0.109
  3180,  0.922,  0.076,  0.340,  0.073,  0.126,  0.103
  3240,  0.948,  0.041,  0.427,  0.086,  0.118,  0.053
  3300,  0.851,  0.057,  0.400,  0.077,  0.139,  0.021
  3360,  0.847,  0.055,  0.430,  0.063,  0.121,  0.099
  3420,  0.922,  0.086,  0.410,  0.056,  0.194,  0.056
  3480,  0.881,  0.117,  0.487,  0.040,  0.123,  0.027
  3540,  0.861,  0.034,  0.543,  0.077,  0.147,  0.018
  3600,  0.871,  0.065,  0.603,  0.058,  0.170,  0.094
  3660,  0.865,  0.072,  0.614,  0.066,  0.132,  0.045
  3720,  0.797,  0.019,  0.472,  0.089,  0.142,  0.002
  3780,  0.771,  0.013,  0.456,  0.062,  0.136,  0.076
  3840,  0.865,  0.112,  0.434,  0.103,  0.143,  0.017
  3900,  0.873, -0.003,  0.504,  0.052,  0.179,  0.069
  3960,  0.882,  0.005,  0.416,  0.095,  0.146, -0.003
  4020,  0.836,  0.042,  0.533,  0.090,  0.144,  0.027
  4080,  0.913,  0.090,  0.517,  0.076,  0.161,  0.066
  4140,  0.870,  0.048,  0.478,  0.081,  0.137, -0.004
  4200,  0.744,  0.014,  0.387,  0.079,  0.151,  0.013
  4260, -9999.000, -9999.000, -9999.000, -9999.000, -9999.000, -9999.000
  4320,  0.806,  0.019,  0.346,  0.033,  0.168,  0.032
  4380,  0.860,  0.002,  0.386,  0.079,  0.193, -0.011
  4440,  0.782,  0.010,  0.331,  0.062,  0.123,  0.002
  4500,  0.917,  0.006,  0.372,  0.089,  0.159,  0.006
  4560,  0.481, -0.025,  0.255,  0.068,  0.063, -0.071
  4620,  0.592, -0.023,  0.405,  0.069,  0.107, -0.017
  4680,  0.476, -0.035,  0.431,  0.071,  0.125, -0.065
  4740,  0.712, -0.042,  0.371,  0.054,  0.115, -0.041
  4800,  0.770, -0.023,  0.450,  0.090,  0.126,  0.002
  4860,  0.908, -0.028,  0.530,  0.097,  0.155,  0.025
  4920,  0.949,  0.000,  0.653,  0.088,  0.232, -0.009
  4980,  0.872,  0.002,  0.456,  0.082,  0.152,  0.073
  5040,  0.789, -0.015,  0.387,  0.077,  0.156,  0.019
  5100,  0.867,  0.040,  0.482,  0.077,  0.156,  0.010
  5160,  0.840, -0.067,  0.520,  0.098,  0.154,  0.016
  5220,  0.856, -0.011,  0.488,  0.068,  0.142,  0.163
  5280,  0.846,  0.012,  0.435,  0.089,  0.165,  0.148
  5340,  0.865, -0.031,  0.508,  0.093,  0.171,  0.102
  5400,  0.554, -0.005,  0.573,  0.101,  0.089,  0.068
  5460,  0.884, -0.046,  0.650,  0.093,  0.190,  0.220
  5520,  0.865, -0.043,  0.700,  0.105,  0.170,  0.052
  5580,  0.687, -0.081,  0.623,  0.085,  0.129,  0.123
  5640,  0.688, -0.058,  0.673,  0.106,  0.166,  0.131
  5700,  0.473, -0.034,  0.647,  0.048,  0.073,  0.029
  5760,  0.831, -0.017,  0.409,  0.055,  0.108,  0.075
  5820,  0.795, -0.052,  0.382,  0.061,  0.139,  0.138
  5880,  0.877, -0.060,  0.359,  0.069,  0.107,  0.087
  5940,  0.830, -0.009,  0.335,  0.055,  0.089,  0.074
  6000,  0.867, -0.008,  0.299,  0.028,  0.142,  0.088
  6060,  0.642, -0.082,  0.331,  0.062,  0.136,  0.036
  6120, -9999.000, -9999.000, -9999.000, -9999.000, -9999.000, -9999.000
  6180,  0.820, -0.007,  0.441,  0.053,  0.107,  0.090
  6240,  0.853, -0.051,  0.416,  0.064,  0.137,  0.092
  6300,  0.659, -0.026,  0.451,  0.069,  0.110,  0.090
  6360,  0.763, -0.037,  0.583,  0.069,  0.163,  0.119
  6420,  0.741,  0.007,  0.346,  0.076,  0.142,  0.088
  6480,  0.696, -0.015,  0.321,  0.051,  0.099,  0.077
  6540,  0.680, -0.040,  0.318,  0.069,  0.114,  0.034
  6600,  0.767,  0.001,  0.314,  0.025,  0.090,  0.037
  6660,  0.894, -0.078,  0.310,  0.038,  0.107,  0.072
  6720,  0.650, -0.023,  0.308,  0.049,  0.128,  0.079
  6780,  0.802,  0.004,  0.237,  0.045,  0.136,  0.041
  6840,  0.762, -0.043,  0.294,  0.038,  0.081,  0.143
  6900,  0.762,  0.103,  0.333,  0.084,  0.127,  0.120
  6960,  0.671,  0.020,  0.377,  0.084,  0.138,  0.124
  7020,  0.788,  0.060,  0.445,  0.085,  0.142,  0.150
  7080,  0.780,  0.095,  0.484,  0.079,  0.125,  0.034
  7140,  0.722,  0.076,  0.456,  0.082,  0.124,  0.054
  7200,  0.793,  0.025,  0.461,  0.099,  0.165,  0.074
  7260,  0.744,  0.041,  0.660,  0.086,  0.160,  0.139
  7320,  0.813,  0.050,  0.789,  0.101,  0.136,  0.123
  7380,  0.736,  0.019,  0.720,  0.122,  0.168,  0.156
  7440,  0.684,  0.070,  0.524,  0.078,  0.164,  0.121
  7500,  0.692,  0.039,  0.516,  0.113,  0.173,  0.094
  7560,  0.784,  0.092,  0.508,  0.089,  0.142,  0.068
  7620,  0.775,  0.061,  0.552,  0.121,  0.134,  0.130
  7680,  0.746,  0.026,  0.520,  0.093,  0.171,  0.107
  7740,  0.746,  0.024,  0.470,  0.053,  0.114,  0.118
  7800,  0.684,  0.045,  0.552,  0.112,  0.149,  0.085
  7860,  0.637,  0.004,  0.480,  0.107,  0.170,  0.185
  7920,  0.874,  0.125,  0.463,  0.064,  0.186,  0.154
  7980, -9999.000, -9999.000, -9999.000, -9999.000, -9999.000, -9999.000
  8040,  0.693,  0.172,  0.599,  0.196,  0.163,  0.111
  8100,  0.789,  0.106,  0.623,  0.231,  0.216,  0.155
  8160,  0.602,  0.055,  0.715,  0.188,  0.181,  0.211
  8220,  0.735,  0.023,  0.654,  0.135,  0.154,  0.139
  8280,  0.799,  0.065,  0.617,  0.165,  0.194,  0.243
  8340,  0.793,  0.108,  0.612,  0.139,  0.181,  0.256
  8400,  0.781,  0.035,  0.690,  0.160,  0.232,  0.664
  8460,  0.666,  0.105,  0.824,  0.145,  0.243,  0.432
  8520,  0.688,  0.101,  0.732,  0.220,  0.257,  0.385
  8580,  0.738,  0.091,  0.670,  0.138,  0.243,  0.460
  8640,  0.767,  0.079,  0.764,  0.182,  0.237,  0.387
  8700,  0.784,  0.102,  1.000,  0.243,  0.227,  0.273
  8760,  0.720,  0.036,  1.011,  0.270,  0.231,  0.335
  8820,  0.844,  0.022,  0.981,  0.290,  0.271,  0.325
  8880,  0.789,  0.063,  1.233,  0.282,  0.186,  0.226
  8940,  0.701,  0.078,  1.073,  0.256,  0.287,  0.330
  9000,  0.758,  0.072,  1.479,  0.231,  0.255,  0.264
  9060,  0.613,  0.058,  1.626,  0.277,  0.285,  0.405
  9120,  0.622,  0.041,  1.393,  0.282,  0.264,  0.274
  9180,  0.783,  0.084,  1.382,  0.290,  0.215,  0.626
  9240,  0.586,  0.100,  1.157,  0.208,  0.201,  0.756
  9300,  0.721,  0.066,  1.360,  0.313,  0.240,  0.362
  9360,  0.787,  0.122,  1.196,  0.246,  0.228,  0.753
  9420,  0.770,  0.057,  1.453,  0.158,  0.211,  1.155
  9480,  0.773,  0.038,  1.139,  0.142,  0.261,  1.212
  9540,  0.616,  0.082,  0.861,  0.148,  0.135,  0.852
  9600,  0.605,  0.074,  0.666,  0.098,  0.164,  0.642
  9660,  0.735,  0.068,  0.688,  0.118,  0.200,  0.903
  9720,  0.806,  0.086,  0.707,  0.060,  0.178,  0.678
  9780,  0.747,  0.034,  0.573,  0.099,  0.138,  0.761
  9840,  0.674,  0.002,  0.921,  0.073,  0.165,  0.555
  9900,  0.770,  0.045,  0.704,  0.066,  0.173,  0.552
  9960,  0.805,  0.070,  0.742,  0.080,  0.190,  0.530
 10020,  0.834,  0.086,  0.605,  0.079,  0.161,  0.467
 10080,  0.554,  0.024,  0.570,  0.049,  0.096,  0.267
 10140,  0.766,  0.028,  0.574,  0.074,  0.165,  0.274
 10200,  0.684, -0.006,  0.482,  0.064,  0.155,  0.401
 10260,  0.762, -0.005,  0.581,  0.059,  0.169,  0.342
 10320,  0.914,  0.024,  0.585,  0.073,  0.183,  0.564
 10380,  0.737,  0.061,  0.526,  0.060,  0.140,  0.549
 10440,  0.778, -0.003,  0.655,  0.093,  0.151,  0.530
 10500,  0.766,  0.051,  0.485,  0.059,  0.112,  0.540
 10560,  0.791, -0.029,  0.499,  0.076,  0.151,  0.548
 10620,  0.805, -0.010,  0.515,  0.077,  0.150,  0.520
 10680,  0.797,  0.051,  0.568,  0.054,  0.196,  0.552
 10740,  0.828,  0.024,  0.486,  0.061,  0.140,  0.411
 10800,  0.496, -0.048,  0.415,  0.035,  0.068,  0.344
 10860,  0.539, -0.011,  0.368,  0.047,  0.018,  0.288
 10920,  0.778, -0.003,  0.482,  0.080,  0.111,  0.607
 10980,  0.846,  0.012,  0.469,  0.066,  0.120,  0.506
 11040,  0.847,  0.007,  0.502,  0.082,  0.108,  0.533
 11100,  0.849, -0.028,  0.463,  0.085,  0.102,  0.441
 11160,  0.835, -0.042,  0.524,  0.082,  0.125,  0.498
 11220,  0.852,  0.000,  0.502,  0.053,  0.122,  0.524
 11280,  0.953,  0.001,  0.480,  0.046,  0.093,  0.447
 11340,  0.801,  0.024,  0.424,  0.053,  0.152,  0.452
 11400,  0.885, -0.045,  0.474,  0.053,  0.110,  0.440
 11460,  0.857, -0.044,  0.440,  0.053,  0.124,  0.580
 11520,  0.770, -0.059,  0.492,  0.066,  0.154,  0.698
 11580,  0.870, -0.026,  0.427,  0.045,  0.115,  0.811
 11640, -9999.000, -9999.000, -9999.000, -9999.000, -9999.000, -9999.000
 11700,  1.083, -0.085,  0.565,  0.034,  0.160,  0.807
 11760,  0.755, -0.038,  0.476,  0.057,  0.085,  0.649
 11820,  0.755,  0.015,  0.395,  0.089,  0.090,  0.777
 11880,  0.882, -0.000,  0.484,  0.058,  0.133,  0.770
 11940,  0.844, -0.009,  0.462,  0.086,  0.096,  0.859
 12000,  0.903, -0.022,  0.423,  0.077,  0.161,  0.818
 12060,  0.893, -0.018,  0.372,  0.065,  0.127,  0.771
 12120,  0.753,  0.002,  0.413,  0.050,  0.128,  0.916
 12180,  0.958,  0.039,  0.484,  0.064,  0.139,  1.166
 12240,  0.789, -0.017,  0.490,  0.066,  0.176,  1.330
 12300,  0.892,  0.033,  0.440,  0.090,  0.134,  1.067
 12360,  0.898,  0.006,  0.451,  0.097,  0.146,  1.061
 12420,  0.862,  0.055,  0.393,  0.083,  0.145,  1.093
 12480,  0.799, -0.009,  0.408,  0.065,  0.125,  0.720
 12540,  0.338, -0.037,  0.346,  0.039,  0.028,  0.390
 12600,  0.580, -0.020,  0.362,  0.034,  0.070,  0.532
 12660,  0.777,  0.027,  0.446,  0.071,  0.117,  0.639
 12720,  0.624, -0.028,  0.387,  0.057,  0.061,  0.644
 12780,  0.723,  0.008,  0.408,  0.061,  0.104,  0.710
 12840,  0.795,  0.000,  0.437,  0.077,  0.118,  0.654
 12900,  0.580,  0.037,  0.426,  0.072,  0.065,  0.691
 12960,  0.097, -0.030,  0.364,  0.050,  0.007,  0.218
 13020,  0.523,  0.031,  0.403,  0.067,  0.099,  0.680
 13080,  0.599,  0.055,  0.411,  0.083,  0.070,  0.630
 13140,  0.818,  0.051,  0.443,  0.084,  0.103,  0.773
 13200,  0.865,  0.038,  0.434,  0.073,  0.178,  1.237
 13260,  0.964,  0.110,  0.489,  0.074,  0.178,  1.349
 13320,  0.782,  0.075,  0.475,  0.093,  0.178,  1.235
 13380,  0.878,  0.052,  0.433,  0.098,  0.225,  1.204
 13440,  0.799,  0.064,  0.472,  0.070,  0.155,  1.341
 13500,  1.234, -0.019,  0.214, -0.023,  0.135,  0.799
 13560,  0.755,  0.121,  0.435,  0.067,  0.187,  1.182
 13620,  0.944,  0.054,  0.449,  0.088,  0.171,  0.991
 13680,  0.793,  0.111,  0.437,  0.089,  0.165,  0.792
 13740,  0.868,  0.078,  0.455,  0.100,  0.206,  0.769
 13800,  0.921,  0.060,  0.446,  0.075,  0.152,  0.800
 13860,  0.930,  0.131,  0.408,  0.092,  0.177,  0.752
 13920,  0.900,  0.036,  0.389,  0.084,  0.149,  0.607
 13980,  0.964,  0.113,  0.385,  0.088,  0.163,  0.725
 14040,  0.943,  0.024,  0.445,  0.082,  0.146,  0.707
 14100,  0.919,  0.014,  0.422,  0.081,  0.182,  0.585
 14160,  0.840,  0.038,  0.445,  0.053,  0.131,  0.785
 14220,  0.838,  0.045,  0.414,  0.100,  0.176,  0.770
 14280,  0.859,  0.075,  0.474,  0.064,  0.183,  0.920
 14340,  0.974, -0.022,  0.529,  0.074,  0.166,  0.865
 14400,  1.003,  0.061,  0.399,  0.084,  0.189,  0.994
 14460,  0.925,  0.057,  0.377,  0.085,  0.162,  0.959
 14520,  0.936,  0.011,  0.433,  0.083,  0.185,  0.908
 14580,  0.958,  0.015,  0.509,  0.077,  0.199,  0.818
 14640,  0.858, -0.027,  0.390,  0.080,  0.192,  1.027
 14700,  0.938, -0.014,  0.474,  0.072,  0.217,  0.907
 14760,  0.883, -0.007,  0.442,  0.054,  0.202,  0.968
 14820,  0.884,  0.043,  0.513,  0.106,  0.247,  0.992
 14880,  0.861, -0.027,  0.453,  0.087,  0.176,  1.196
 14940,  0.994, -0.030,  0.523,  0.083,  0.145,  1.108
 15000,  0.859, -0.002,  0.535,  0.091,  0.174,  1.195
 15060,  0.982, -0.019,  0.569,  0.096,  0.167,  1.067
 15120,  0.931, -0.081,  0.658,  0.145,  0.183,  1.273
 15180,  0.920, -0.032,  0.553,  0.159,  0.239,  1.277
 15240,  0.864,  0.012,  0.507,  0.137,  0.162,  1.338
 15300,  0.911, -0.048,  0.500,  0.153,  0.229,  1.311
 15360, -9999.000, -9999.000, -9999.000, -9999.000, -9999.000, -9999.000
 15420,  0.873, -0.053,  0.421,  0.129,  0.199,  1.117
 15480,  0.941, -0.072,  0.456,  0.116,  0.174,  1.296
 15540,  0.796, -0.044,  0.410,  0.137,  0.185,  1.304
 15600,  0.887, -0.040,  0.440,  0.137,  0.151,  1.597
 15660,  0.830, -0.082,  0.492,  0.154,  0.157,  1.566
 15720,  0.841,  0.000,  0.456,  0.157,  0.228,  1.447
 15780,  0.818, -0.023,  0.413,  0.158,  0.148,  1.354
 15840,  0.890, -0.024,  0.398,  0.124,  0.164,  1.009
 15900,  0.824,  0.001,  0.364,  0.092,  0.168,  1.252
 15960,  0.727,  0.033,  0.396,  0.098,  0.129,  0.900
 16020,  0.793, -0.038,  0.439,  0.111,  0.166,  1.163
 16080,  0.828,  0.008,  0.449,  0.073,  0.102,  1.223
 16140,  0.908,  0.058,  0.412,  0.079,  0.105,  1.112
 16200,  0.896,  0.002,  0.424,  0.079,  0.143,  0.996
 16260,  0.837, -0.004,  0.443,  0.121,  0.125,  0.973
 16320,  0.867,  0.070,  0.484,  0.089,  0.156,  1.177
 16380,  0.951, -0.011,  0.431,  0.109,  0.114,  0.981
 16440,  0.825,  0.048,  0.478,  0.118,  0.148,  1.119
 16500,  0.859,  0.042,  0.410,  0.133,  0.140,  1.105
 16560,  0.930,  0.019,  0.418,  0.117,  0.106,  1.079
 16620,  0.887,  0.020,  0.340,  0.094,  0.115,  1.194
 16680,  0.747,  0.026,  0.475,  0.176,  0.082,  1.088
 16740,  0.919,  0.024,  0.442,  0.196,  0.124,  1.034
 16800,  0.893,  0.040,  0.431,  0.156,  0.120,  0.957
 16860,  0.864,  0.066,  0.474,  0.159,  0.112,  0.971
 16920,  0.887,  0.048,  0.425,  0.189,  0.143,  1.077
 16980,  0.749,  0.052,  0.381,  0.146,  0.120,  1.105
 17040,  0.841,  0.027,  0.469,  0.175,  0.113,  1.238
 17100,  0.830,  0.054,  0.517,  0.181,  0.112,  1.520
 17160,  0.928,  0.061,  0.639,  0.249,  0.120,  1.994
