CampaignData_and_Merges/R0/CSL_MobileLab_Parked/raw/20240812/USOS-POPS_MobileLabGround_20240812_R0.ict
78, 1001
Thornberry, T. D.
NOAA Chemical Sciences Laboratory
Portable Optical Particle Spectrometer (POPS)
USOS
1, 1
2024, 08, 12, 2025, 05, 08
60
Time_Start, seconds_past_midnight, Start time of measurement
45
1, 1, 1, 1, 1, 1, 1, 1, 1, 1, 1, 1, 1, 1, 1, 1, 1, 1, 1, 1, 1, 1, 1, 1, 1, 1, 1, 1, 1, 1, 1, 1, 1, 1, 1, 1, 1, 1, 1, 1, 1, 1, 1, 1, 1
-9999, -9999, -9999, -9999, -9999, -9999, -9999, -9999, -9999, -9999, -9999, -9999, -9999, -9999, -9999, -9999, -9999, -9999, -9999, -9999, -9999, -9999, -9999, -9999, -9999, -9999, -9999, -9999, -9999, -9999, -9999, -9999, -9999, -9999, -9999, -9999, -9999, -9999, -9999, -9999, -9999, -9999, -9999, -9999, -9999
Time_Stop, seconds_past_midnight, Stop time of measurement
Time_Mid, seconds_past_midnight, Mid time of measurement
Press_mb, mb, Pressure reported (mb)
Temp_C, degrees C, POPS temperature measurement
Aerosol_concentration, cm^-3, Aerosol concentration
Surface_Area_Conc, um^2 cm^-3, Surface area concentration
Volume_density, um^3 cm^-3, Volume density
Effective_radius, um, Effective radius
Extinction, km^-1, Extinction
Bin01, cm^-3, particle concentration in size range [1401 - 146.3 nm]
Bin02, cm^-3, particle concentration in size range [146.3 - 152.8 nm]
Bin03, cm^-3, particle concentration in size range [152.8 - 159.6 nm]
Bin04, cm^-3, particle concentration in size range [159.6 - 166.8 nm]
Bin05, cm^-3, particle concentration in size range [166.8 - 174.2 nm]
Bin06, cm^-3, particle concentration in size range [174.2 - 181.9 nm]
Bin07, cm^-3, particle concentration in size range [181.9 - 190.0 nm]
Bin08, cm^-3, particle concentration in size range [190.0 - 198.5 nm]
Bin09, cm^-3, particle concentration in size range [198.5 - 207.4 nm]
Bin10, cm^-3, particle concentration in size range [207.4 - 216.6 nm]
Bin11, cm^-3, particle concentration in size range [216.6 - 226.2 nm]
Bin12, cm^-3, particle concentration in size range [226.2 - 236.3 nm]
Bin13, cm^-3, particle concentration in size range [236.3 - 246.8 nm]
Bin14, cm^-3, particle concentration in size range [246.8 - 257.8 nm]
Bin15, cm^-3, particle concentration in size range [257.8 - 269.3 nm]
Bin16, cm^-3, particle concentration in size range [269.3 - 343.4 nm]
Bin17, cm^-3, particle concentration in size range [343.4 - 450.7 nm]
Bin18, cm^-3, particle concentration in size range [450.7 - 525.9 nm]
Bin19, cm^-3, particle concentration in size range [525.9 - 618.5 nm]
Bin20, cm^-3, particle concentration in size range [618.5 - 710.0 nm]
Bin21, cm^-3, particle concentration in size range [710.0 - 822.7 nm]
Bin22, cm^-3, particle concentration in size range [822.7 - 885.9 nm]
Bin23, cm^-3, particle concentration in size range [885.9 - 953.9 nm]
Bin24, cm^-3, particle concentration in size range [953.9 - 1027.2 nm]
Bin25, cm^-3, particle concentration in size range [1027.2 - 1106.1 nm]
Bin26, cm^-3, particle concentration in size range [1106.1 - 1191.0 nm]
Bin27, cm^-3, particle concentration in size range [1191.0 - 1282.5 nm]
Bin28, cm^-3, particle concentration in size range [1282.5 - 1381.0 nm]
Bin29, cm^-3, particle concentration in size range [1381.0 - 1487.1 nm]
Bin30, cm^-3, particle concentration in size range [1487.1 - 1601.3 nm]
Bin31, cm^-3, particle concentration in size range [1601.3 - 1724.3 nm]
[...]
PLATFORM: NOAA CSL Mobile Lab
LOCATION: USOS
ASSOCIATED_DATA: N/A
INSTRUMENT_INFO: Printed Optical Particle Spectrometer counts particles from 140 - 2500 nm in diameter 
DATA_INFO: Particle concentrations reported in number per cubic centimeter,1 Hz data
UNCERTAINTY: Counting uncertainty dominated by air flow, less than 5 percent. Measurement range is ~0 - 3000 per cm3 (varies depending on flow rate- manufacturer quotes 1250 per cm3 at 1.667 cc/s)
ULOD_FLAG: -7777
ULOD_VALUE: N/A
LLOD_FLAG: -8888
LLOD_VALUE: N/A
DM_CONTACT_INFO: Troy Thornberry, 325 Broadway R/CSL6, Boulder, CO 80305; troy.thornberry@noaa.gov; 303-497-3373
PROJECT_INFO: USOS, Utah POPS data from NOAA CSL Mobile Lab
STIPULATIONS_ON_USE: Please contact the PIs for questions regarding applications and uncertainties
OTHER_COMMENTS: POPS bin Edges (nm):  140.1, 146.3, 152.8, 159.6, 166.8, 174.2, 181.9, 190.0, 198.5, 207.4, 216.6, 226.2, 236.3, 246.8, 257.8, 269.3, 343.4, 450.7, 525.9, 618.5, 710.0, 822.7, 885.9, 953.9, 1027.2, 1106.1, 1191.0, 1282.5, 1381.0, 1487.1, 1601.3, 1724.3, 1856.7, 1999.3, 2152.8, 2318.2, 2496.2
Calculations assume organic aerosol refractive index of 1.52+0.00j and extinction wavelength = 532 nm
REVISION: R0
R0: Final data
Time_Start, Time_Stop, Time_Mid, Press_mb, Temp_C, Aerosol_concentration, Surface_Area_Conc, Volume_density, Effective_radius, Extinction, Bin01, Bin02, Bin03, Bin04, Bin05, Bin06, Bin07, Bin08, Bin09, Bin10, Bin11, Bin12, Bin13, Bin14, Bin15, Bin16, Bin17, Bin18, Bin19, Bin20, Bin21, Bin22, Bin23, Bin24, Bin25, Bin26, Bin27, Bin28, Bin29, Bin30, Bin31, Bin32, Bin33, Bin34, Bin35, Bin36
[from data line 991]
59460,59519,59490,872.506,31.881,239.908,32.158,1.891,0.171,0.007,31.329699,27.489677,24.242863,22.170805,19.666613,16.985519,14.203457,12.018460,10.724668,9.891460,8.407627,7.385713,7.001290,6.159137,4.349010,12.608659,3.276187,0.955632,0.476965,0.122575,0.083392,0.055202,0.005464,0.049625,0.038438,0.021977,0.016260,0.022155,0.016744,0.016506,0.044582,0.016624,0.005631,0.000000,0.038474,0.011106
59520,59579,59550,872.574,32.086,239.747,32.184,2.009,0.182,0.008,31.255589,28.091833,24.842434,21.692513,19.267920,16.573013,14.177878,12.727343,10.883959,9.247939,8.296451,7.726244,6.632527,6.114120,4.305751,12.831094,3.197651,0.784329,0.485243,0.117055,0.066375,0.089891,0.033054,0.033209,0.049666,0.022244,0.016766,0.033519,0.000000,0.016902,0.027294,0.050657,0.011223,0.028051,0.005537,0.011264
59580,59639,59610,872.526,32.081,243.462,32.605,2.039,0.181,0.008,34.204285,29.243448,25.879725,22.690714,20.079611,16.703905,13.620339,12.046928,10.453112,9.290592,8.020450,7.201362,6.585563,5.794567,4.466307,11.910471,3.316260,0.905128,0.428099,0.071555,0.094458,0.028005,0.049525,0.050285,0.044349,0.022265,0.038681,0.039043,0.016456,0.027603,0.038454,0.010860,0.028064,0.022395,0.016704,0.022338
59640,59699,59670,872.522,31.940,219.306,29.233,1.743,0.172,0.007,29.720091,25.713005,22.053022,19.805452,17.873209,15.073115,13.412988,11.499100,9.843842,8.834999,7.105683,7.037738,6.267148,5.174089,4.109583,10.929984,3.034837,0.904021,0.420108,0.072594,0.088867,0.066099,0.027585,0.028136,0.027760,0.011094,0.027638,0.016341,0.022321,0.010879,0.016821,0.011186,0.000000,0.021597,0.016988,0.027826
59700,59759,59730,872.511,32.107,217.685,28.659,1.561,0.158,0.006,27.681931,25.377411,22.488708,20.105968,17.496883,15.427482,13.114230,11.600478,9.634696,8.820690,7.466298,6.790861,6.363902,5.447694,4.426889,11.141152,2.718022,0.670306,0.424220,0.093830,0.094236,0.022375,0.033074,0.027477,0.016632,0.027929,0.027837,0.027772,0.011186,0.033372,0.032893,0.005669,0.005669,0.000000,0.016400,0.010736
59760,59819,59790,872.516,32.435,217.581,28.112,1.481,0.154,0.006,29.295776,25.275793,22.233219,20.065554,17.529387,15.030600,13.208102,10.981482,10.136868,8.088946,7.495169,6.816789,6.404233,5.596101,4.187124,11.015348,2.878603,0.665866,0.276254,0.055328,0.044160,0.044715,0.038892,0.044615,0.016715,0.027130,0.016893,0.016730,0.000000,0.022658,0.033272,0.016539,0.005556,0.005631,0.000000,0.010878
59820,59879,59850,872.508,32.631,213.443,27.612,1.514,0.159,0.006,28.379528,25.504393,21.644871,20.203190,17.463636,14.570224,12.937316,11.016695,9.491140,8.277524,7.123563,7.041010,6.009083,5.282099,3.803922,10.468636,2.763688,0.720398,0.359482,0.049930,0.055401,0.050494,0.033159,0.005574,0.033065,0.016666,0.016741,0.016459,0.016578,0.010859,0.021996,0.022085,0.005359,0.005574,0.016504,0.005631
59880,59939,59910,872.525,32.684,214.958,28.829,1.791,0.180,0.007,28.659571,25.099392,21.659842,19.861549,17.631853,14.882208,12.422469,10.883239,9.503545,8.685284,7.460114,7.120789,6.209906,5.405654,4.270975,10.696406,2.855451,0.701985,0.452474,0.050156,0.083510,0.044633,0.028070,0.044589,0.022354,0.016873,0.016855,0.022061,0.021938,0.044307,0.011206,0.027458,0.016656,0.011223,0.016779,0.016583
59940,59999,59970,872.536,32.817,211.312,28.682,1.920,0.193,0.007,27.979671,25.341446,21.750322,19.515968,16.949610,14.959270,12.449370,11.336672,9.604205,8.131617,6.830754,6.669705,6.017985,5.027027,3.863898,10.581483,2.735042,0.653799,0.259647,0.093839,0.094496,0.049591,0.044355,0.061022,0.044284,0.011137,0.044521,0.022318,0.022395,0.021973,0.027479,0.033350,0.038954,0.005537,0.027878,0.010877
60000,60059,60030,872.549,33.000,201.409,26.221,1.437,0.159,0.006,26.612680,24.251844,20.991211,18.881353,16.190392,14.222448,11.622126,10.746993,8.721279,7.847958,7.103196,6.077326,5.608045,5.072202,3.805212,9.787736,2.314810,0.723446,0.316928,0.134283,0.071973,0.027876,0.050085,0.039228,0.038862,0.005688,0.010965,0.027835,0.011056,0.011149,0.027802,0.016614,0.022098,0.016801,0.000000,0.000000
60060,60119,60090,872.534,33.261,201.170,26.591,1.625,0.177,0.006,26.725798,23.719183,21.179007,18.388897,16.601551,14.023466,12.066737,10.589119,8.812672,7.681864,6.865908,6.448533,5.681309,4.879961,3.655827,9.898614,2.585863,0.611993,0.231971,0.110893,0.060658,0.038339,0.055621,0.033434,0.021986,0.016612,0.022468,0.010947,0.027496,0.016594,0.028299,0.027909,0.011205,0.016904,0.010965,0.011093
60120,60179,60150,872.527,33.398,204.404,26.455,1.410,0.155,0.006,27.377382,24.600286,20.864676,18.912121,16.279144,14.623575,12.752420,10.394443,8.861455,8.099508,6.990405,6.484371,5.991831,5.044922,3.734986,9.531765,2.455709,0.553083,0.413075,0.055503,0.066719,0.033428,0.055807,0.022062,0.005556,0.027687,0.038746,0.033413,0.016742,0.011167,0.044233,0.005688,0.005574,0.005556,0.000000,0.011056
60180,60239,60210,872.515,33.422,197.127,26.031,1.525,0.169,0.006,26.265360,23.842369,20.527962,17.379784,16.181868,13.869922,11.839405,10.405170,8.396482,7.726039,6.763482,6.336987,5.712826,4.812716,3.687227,9.514616,2.467109,0.601091,0.345898,0.077885,0.044826,0.044531,0.027801,0.016594,0.050043,0.022288,0.027532,0.016596,0.022431,0.016854,0.027437,0.000000,0.011377,0.005519,0.005464,0.033396
60240,60299,60270,872.491,33.442,209.874,27.526,1.542,0.164,0.006,27.718136,24.419716,21.394369,19.707024,16.902031,14.943109,12.638036,11.024392,9.468643,8.600959,7.245796,6.265943,5.695953,5.208323,4.136065,10.361614,2.615525,0.700285,0.294472,0.111486,0.061215,0.055116,0.077301,0.011116,0.033834,0.033520,0.016503,0.016817,0.016593,0.022244,0.027632,0.016864,0.011268,0.005574,0.005537,0.011188
60300,60359,60330,872.506,33.465,208.018,28.288,1.719,0.178,0.007,27.007561,24.505733,21.086004,18.692450,16.517776,14.727716,12.203843,10.983851,9.339503,8.013556,7.446410,6.747164,6.237068,5.654801,3.875715,10.272756,2.852991,0.730093,0.515820,0.087982,0.088412,0.071873,0.060986,0.027708,0.022177,0.033422,0.033183,0.032706,0.016874,0.033194,0.032402,0.016779,0.016656,0.016599,0.000000,0.016361
60360,60419,60390,872.536,33.470,201.036,27.186,1.676,0.176,0.006,26.721638,23.546194,20.935493,17.975899,16.069466,14.126788,11.855258,10.200997,9.128719,7.451914,6.991306,6.452407,6.035600,5.159196,3.923045,10.215508,2.490624,0.775751,0.360862,0.115928,0.088733,0.061190,0.071064,0.044295,0.016342,0.016649,0.038832,0.011149,0.039069,0.027594,0.010760,0.022099,0.027798,0.005631,0.005574,0.017115
60420,60479,60450,872.539,33.504,200.996,27.045,1.769,0.184,0.006,26.542206,23.802933,21.035370,18.725771,16.359764,13.415151,12.345551,10.628491,8.663162,7.990782,6.747402,6.194782,5.810765,4.821497,3.870280,9.807940,2.720856,0.681291,0.291044,0.100293,0.111794,0.044726,0.022238,0.039181,0.010971,0.027815,0.005519,0.000000,0.022473,0.022278,0.027856,0.028159,0.016502,0.022040,0.022605,0.016801
60480,60539,60510,872.507,33.526,197.902,25.731,1.408,0.159,0.006,26.054066,22.890177,20.246790,18.462318,16.689823,14.635500,11.874258,9.873177,8.781720,7.959370,6.744352,5.980591,5.701442,4.744192,3.855884,9.750570,2.302570,0.567204,0.332735,0.077220,0.050232,0.039034,0.049848,0.044489,0.039155,0.005447,0.027610,0.000000,0.022190,0.027950,0.027948,0.016327,0.016779,0.000000,0.011001,0.000000
60540,60599,60570,872.518,33.548,200.559,26.777,1.624,0.175,0.006,26.716614,23.565987,20.646734,18.095762,16.489496,14.317103,12.178080,10.476120,8.670020,7.836852,6.875557,6.378396,5.986205,5.151421,3.772207,9.571743,2.149682,0.769626,0.414876,0.071697,0.071820,0.065807,0.033064,0.038749,0.005612,0.005464,0.027475,0.027798,0.016704,0.016686,0.043804,0.000000,0.022216,0.011057,0.016323,0.022373
60600,60659,60630,872.532,33.512,201.504,26.838,1.676,0.179,0.006,26.340672,23.475586,20.286871,19.307520,16.793560,13.826895,12.333097,10.983265,8.733224,7.786883,6.915789,6.380735,5.600637,5.333151,3.612405,9.979305,2.388553,0.625662,0.288901,0.055945,0.100307,0.032926,0.044014,0.044057,0.022279,0.033943,0.011076,0.016835,0.005574,0.028011,0.033357,0.022167,0.011039,0.016342,0.016757,0.016348
60660,60719,60690,872.534,33.563,207.602,27.315,1.643,0.174,0.006,28.254318,24.581436,21.813837,19.378506,17.256079,14.299111,12.271194,10.589046,8.927434,7.916244,7.151944,6.491432,5.980575,5.234440,3.869894,9.680912,2.457203,0.597305,0.293307,0.066473,0.087895,0.038810,0.038152,0.038735,0.055035,0.038871,0.022093,0.016648,0.016742,0.049663,0.027523,0.027780,0.011186,0.005612,0.005519,0.010879
60720,60779,60750,872.544,33.571,203.504,26.835,1.656,0.178,0.006,27.903370,24.346992,20.860226,19.035200,16.746645,13.624418,12.390186,10.931671,9.131770,7.674655,6.661199,6.510705,5.810073,4.683946,3.642936,9.502127,2.562780,0.637465,0.398478,0.071914,0.044280,0.061381,0.027636,0.033299,0.038782,0.010983,0.005447,0.000000,0.011225,0.038565,0.011075,0.016706,0.016761,0.027525,0.016576,0.016579
60780,60839,60810,872.593,33.557,201.811,27.005,1.719,0.184,0.006,27.003323,23.817364,20.690256,19.157818,16.536488,14.047457,11.470996,10.414578,9.147507,7.783483,7.223339,6.278130,5.724905,4.983397,3.828910,9.667084,2.441545,0.699449,0.378209,0.083800,0.049773,0.038534,0.055790,0.027948,0.033233,0.033572,0.010952,0.011109,0.005574,0.049481,0.032952,0.027676,0.016854,0.011131,0.011168,0.017029
60840,60899,60870,872.596,33.522,190.056,25.765,1.745,0.190,0.006,25.263130,22.797318,19.684158,17.695139,15.712855,13.454076,11.353024,9.602579,8.165525,7.287865,6.725099,5.970854,5.348077,4.688450,3.484672,9.130823,2.245627,0.580327,0.314069,0.054647,0.060932,0.055544,0.032765,0.049918,0.027548,0.027747,0.049467,0.016594,0.005612,0.038607,0.033832,0.027544,0.016461,0.016438,0.033022,0.005688
60900,60959,60930,872.548,33.556,173.027,22.089,1.127,0.147,0.005,23.380161,20.926428,18.201029,16.054466,14.326062,11.897373,10.450892,8.944965,7.710833,6.664327,5.652363,5.344254,4.962866,4.267641,3.258394,7.835743,1.922985,0.595128,0.277685,0.044272,0.060237,0.038508,0.033209,0.022107,0.021928,0.027899,0.005501,0.027276,0.016693,0.016557,0.016779,0.000000,0.005593,0.000000,0.011021,0.005612
60960,61019,60990,872.524,33.556,177.416,23.448,1.520,0.181,0.005,24.057680,21.500200,18.568132,17.054211,14.340415,11.922091,10.344139,9.201621,7.755313,6.744680,6.201138,5.698088,5.138946,4.241919,3.165376,8.222707,2.116584,0.454951,0.306234,0.044452,0.049953,0.032957,0.033049,0.027378,0.016488,0.005429,0.021913,0.005708,0.011214,0.016708,0.022079,0.016751,0.010983,0.016633,0.038846,0.011245
61020,61079,61050,872.518,33.579,176.448,23.179,1.492,0.185,0.005,23.974705,21.886497,18.667364,16.346104,14.099298,12.301807,11.017896,8.865595,7.511727,6.602011,5.947773,5.825295,5.041615,4.259638,3.137594,7.780308,1.914364,0.542609,0.271325,0.077774,0.055225,0.033151,0.033347,0.027404,0.016411,0.016663,0.033451,0.016485,0.016631,0.016487,0.038644,0.033306,0.005708,0.011357,0.005482,0.016540
61080,61139,61110,872.523,33.604,173.203,22.476,1.345,0.170,0.005,23.333288,21.270010,18.416368,15.883569,14.564523,11.979807,10.256248,8.997591,7.465596,6.634531,5.929136,5.450122,5.022655,4.053180,3.024587,7.818976,1.926296,0.466486,0.305174,0.077670,0.039317,0.039163,0.043754,0.033051,0.010702,0.016798,0.022249,0.011148,0.005593,0.005556,0.027543,0.022359,0.028007,0.011123,0.000000,0.011093
61140,61199,61170,872.524,33.579,165.515,21.209,1.176,0.160,0.005,22.609222,20.257389,17.156065,15.430596,13.848535,11.702906,9.841131,8.116177,7.046433,6.492145,5.474354,5.034873,4.769398,4.383552,3.103434,7.405815,1.764453,0.455829,0.222406,0.066454,0.072399,0.038849,0.033340,0.016782,0.050167,0.011167,0.011242,0.005501,0.021867,0.011076,0.022410,0.016596,0.011130,0.000000,0.000000,0.011281
61200,61259,61230,872.507,33.542,163.561,20.776,1.070,0.149,0.004,22.450390,19.836201,16.981674,15.362552,13.469501,11.264668,9.985979,8.123294,7.248800,6.267715,5.110209,4.965528,4.678578,4.289285,2.909516,7.481444,1.975452,0.542988,0.322323,0.049566,0.039311,0.033286,0.022299,0.033230,0.016706,0.016667,0.000000,0.011282,0.005688,0.027410,0.010878,0.016779,0.005807,0.000000,0.005482,0.000000
61260,61319,61290,872.466,33.535,164.299,20.870,1.100,0.152,0.004,22.359089,20.194811,17.270334,15.849929,12.956880,11.589998,9.860150,8.179976,7.291154,6.015167,5.809422,5.014279,4.706278,4.013266,2.820357,7.604340,1.685060,0.456650,0.272098,0.060680,0.033678,0.050233,0.016730,0.033378,0.049866,0.011057,0.011288,0.011130,0.011041,0.011223,0.022088,0.010702,0.000000,0.005593,0.005631,0.005688
61320,61379,61350,872.463,33.509,163.092,21.010,1.177,0.160,0.005,22.062809,19.516182,17.328712,15.393045,13.185948,11.596568,10.118651,8.357393,7.332177,6.041486,5.503825,5.201061,4.580320,3.771272,2.772641,7.180973,1.897045,0.463081,0.377441,0.089215,0.083446,0.039058,0.043813,0.044466,0.005537,0.021979,0.000000,0.005747,0.011043,0.005556,0.011117,0.016799,0.005556,0.011112,0.011303,0.005593
61380,61439,61410,872.455,33.556,166.887,22.223,1.392,0.178,0.005,21.730595,20.811569,17.458055,15.413018,14.076555,11.704037,9.956625,8.740694,7.105895,6.500528,5.526486,4.968380,4.785445,4.282080,2.982758,7.440311,1.985875,0.592636,0.392754,0.082870,0.044486,0.027859,0.044395,0.016686,0.016593,0.021879,0.011320,0.022153,0.011119,0.039181,0.033546,0.016522,0.022316,0.000000,0.005556,0.016528
61440,61499,61470,872.470,33.543,171.230,22.758,1.448,0.182,0.005,23.851809,20.418694,18.531906,16.534447,13.854143,11.836595,10.159101,8.714741,7.346311,6.165251,5.720320,5.450753,4.947144,3.990596,2.821652,7.565960,1.900809,0.545395,0.343302,0.089019,0.071766,0.054993,0.027884,0.044494,0.027418,0.033416,0.038712,0.010788,0.005447,0.005291,0.043704,0.016579,0.027966,0.016597,0.011283,0.005631
61500,61559,61530,872.516,33.541,169.107,22.147,1.285,0.168,0.005,23.202629,19.504837,17.894547,15.738606,13.832175,12.439437,9.708632,8.472156,7.350725,6.868252,6.016918,5.359549,4.637869,4.164253,3.025966,7.893271,1.751484,0.470849,0.316331,0.094056,0.060768,0.027363,0.033462,0.016596,0.043978,0.016651,0.027356,0.016952,0.022599,0.022003,0.033125,0.011261,0.010858,0.010805,0.005574,0.005291
61560,61619,61590,872.495,33.520,168.263,21.481,1.231,0.164,0.005,22.930582,20.453556,17.391867,15.647035,14.127481,11.582412,10.477177,8.570096,7.221368,6.407378,5.402360,5.239258,4.863236,4.660215,3.112606,7.282374,1.836792,0.490092,0.217281,0.078063,0.049961,0.027454,0.033273,0.016595,0.011358,0.016632,0.011301,0.010788,0.005537,0.010847,0.022159,0.028138,0.005708,0.005556,0.016704,0.000000
61620,61679,61650,872.495,33.474,172.063,22.609,1.297,0.165,0.005,23.167883,20.371948,17.776066,16.204601,15.075315,12.180457,10.142635,8.773560,7.490694,6.374068,5.937044,5.340781,5.018225,4.270947,3.020709,7.742343,1.827137,0.524793,0.331453,0.060833,0.044309,0.060800,0.055905,0.054806,0.050059,0.010949,0.038449,0.005308,0.022159,0.011096,0.038700,0.000000,0.005631,0.016505,0.005411,0.010947
61680,61739,61710,872.479,33.495,169.496,22.054,1.282,0.167,0.005,23.113033,20.419981,17.441332,16.016836,13.963565,12.047569,9.734361,8.888277,7.272964,6.408268,5.854315,5.139035,4.954496,4.521903,2.990169,7.553961,1.909216,0.503042,0.342569,0.083783,0.044292,0.027867,0.038930,0.055124,0.044489,0.011186,0.016477,0.005593,0.010935,0.016137,0.016544,0.016449,0.005342,0.005501,0.005848,0.016874
61740,61799,61770,872.481,33.443,169.403,22.030,1.300,0.165,0.005,22.843067,19.655903,18.430965,15.914588,14.118138,11.962608,10.137133,9.403755,7.349375,6.426890,5.631217,5.501263,4.821077,3.846544,2.920843,7.434655,1.880812,0.495461,0.215379,0.054992,0.049138,0.071142,0.016539,0.016467,0.022378,0.027731,0.010789,0.028135,0.016788,0.021509,0.027631,0.005593,0.011109,0.005631,0.010985,0.016816
