CampaignData_and_Merges/R0/CSL_MobileLab_Parked/raw/20240812/USOS-NOy-LIF_MobileLabGround_20240812_R0.ict
39,1001
Rollins, A.; Waxman, E.; Zuraski, K.; Chace, W.
NOAA Chemical Sciences Laboratory
LIF NO/NOx/NOy on CSL Mobile Lab
AMMBEC / USOS
1, 1
2024,08,12, 2025,01,06
1
Time_Start, seconds, number_of_seconds_since_0000_UTC
7
1, 1, 1, 1, 1, 1, 1
-9999, -9999, -9999, -9999, -9999, -9999, -9999
Time_Stop, seconds, number_of_seconds_since_0000_UTC
NO_LIF, pptv, Gas_NO_InSitu_S_AVMR, volume mixing ratio of nitric oxide in air
NO2_LIF, pptv, Gas_NO2_InSitu_S_AVMR, volume mixing ratio of nitrogen dioxide in air
NOy_LIF, pptv, Gas_NOy_InSitu_S_AVMR, volume mixing ratio of total oxidized nitrogen in air
NO_LIF_1SigmaAccuracy, pptv, Gas_NO_InSitu_S_AVMR, volume mixing ratio of nitric oxide in air
NO2_LIF_1SigmaAccuracy, pptv, Gas_NO2_InSitu_S_AVMR, volume mixing ratio of nitrogen dioxide in air
NOy_LIF_1SigmaAccuracy, pptv, Gas_NOy_InSitu_S_AVMR, volume mixing ratio of total oxidized nitrogen in air
0
18
PI_CONTACT_INFO: andrew.rollins@noaa.gov
PLATFORM: CSL Mobile Lab
LOCATION: Salt Lake City, UT
ASSOCIATED_DATA:
INSTRUMENT_INFO: NO detection by laser induced fluorescence. NO2 detection by photolytic conversion to NO. NOy detection by catalytic conversion to NO on gold surface
DATA_INFO:
UNCERTAINTY: Included 1 Sigma Accuracy waves represent the combined calibration uncertainties (±6%, ±9%, ±10%) and zero uncertainties (3 ppt, 20 ppt, 100 ppt) for NO, NO2, and NOy, respectively.
ULOD_FLAG: -7777
ULOD_VALUE: N/A
LLOD_FLAG: -8888
LLOD_VALUE: N/A
DM_CONTACT_INFO: andrew.rollins@noaa.gov
PROJECT_INFO: USOS Project, July - August 2024
STIPULATIONS_ON_USE: Users are strongly encouraged to contact the PI for proper data usage.
OTHER_COMMENTS:
REVISION: R0
R0: final data
Time_Start, Time_Stop, NO_LIF, NO2_LIF, NOy_LIF, NO_LIF_1SigmaAccuracy, NO2_LIF_1SigmaAccuracy, NOy_LIF_1SigmaAccuracy
       0,      60,173.07,1345.1,2453.4,13.384, 141.06, 345.34
      60,     120,215.35,1582.8,2550.4,15.921, 162.45, 355.04
     120,     180,149.63,1195.7,2367.4,11.978, 127.61, 336.74
     180,     240,145.25,1120.2,2208.5,11.715, 120.82, 320.85
     240,     300,179.27,1228.5,2404.1,13.756, 130.56, 340.41
     300,     360,168.5,1198.7,2344.7,13.11, 127.88, 334.47
     360,     420,158.71,1151.3,2257.7,12.523, 123.61, 325.77
     420,     480,146.47,1085.4,2227.5,11.788, 117.68, 322.75
     480,     540,143.26,1253.5,2244.9,11.596, 132.81, 324.49
     540,     600,182.67,1358.8,2392.6,13.96, 142.29, 339.26
     600,     660,222.3,1591.3,2790.8,16.338, 163.21, 379.08
     660,     720,167.54,1250.8,2378.8,13.052, 132.57, 337.88
     720,     780,188.64,1491.3,2435.8,14.319, 154.21, 343.58
     780,     840,208.6,1557.5,2426.7,15.516, 160.17, 342.67
     840,     900,179.45,1396.9,2493.5,13.767, 145.72, 349.35
     900,     960,165.61,1238.1,2380.5,12.936, 131.42, 338.05
     960,    1020,957.76,2770.5,3160.5,60.465, 269.34, 416.05
    1020,    1080,523.63,2394.2,4242.9,34.418, 235.47, 524.29
    1080,    1140,221.65,1430.6,2880.5,16.299, 148.76, 388.05
    1140,    1200,175.71,1489.1,2500.4,13.543, 154.02, 350.04
    1200,    1260,116.76,994.75,2128.7,10.005, 109.53, 312.87
    1260,    1320,149.06,1131.7,2184,11.943, 121.85, 318.4
    1320,    1380,128.46,1013.9,2063,10.708, 111.25, 306.3
    1380,    1440,116.61,947.99,1973.5,9.9966, 105.32, 297.35
    1440,    1500,127.33,988.93,1947.2,10.64, 109, 294.72
    1500,    1560,128,1008,1950.1,10.68, 110.72, 295.01
    1560,    1620,133.27,1267.5,2119.3,10.996, 134.07, 311.93
    1620,    1680,224.43,1651.7,2607.2,16.466, 168.65, 360.72
    1680,    1740,113.63,936.08,2043.5,9.8177, 104.25, 304.35
    1740,    1800,123.71,1030.3,1945.1,10.422, 112.73, 294.51
    1800,    1860,106.27,870.76,1811.2,9.3761, 98.368, 281.12
    1860,    1920,97.087,910.09,1854,8.8252, 101.91, 285.4
    1920,    1980,156.61,1323.1,2031.9,12.397, 139.08, 303.19
    1980,    2040,152.3,1445.7,2429.2,12.138, 150.12, 342.92
    2040,    2100,124.79,1134.9,2162.7,10.487, 122.14, 316.27
    2100,    2160,129.2,1173.3,2009.2,10.752, 125.59, 300.92
    2160,    2220,114.21,1055.5,2145,9.8524, 114.99, 314.5
    2220,    2280,126.6,1090.4,1935.4,10.596, 118.14, 293.54
    2280,    2340,192.8,1572.7,2585.9,14.568, 161.54, 358.59
    2340,    2400,179.85,1522,2598.9,13.791, 156.98, 359.89
    2400,    2460,192.23,1602.2,2476.6,14.534, 164.2, 347.66
    2460,    2520,359.09,2290.6,3271.5,24.546, 226.15, 427.15
    2520,    2580,653.08,3896.4,4638.9,42.185, 370.67, 563.89
    2580,    2640,142.7,1116.7,3119.1,11.562, 120.5, 411.91
    2640,    2700,154.39,1342.1,2206.6,12.263, 140.79, 320.66
    2700,    2760,486.03,2703.9,3094.9,32.162, 263.35, 409.49
    2760,    2820,553.1,3571.5,4432.3,36.186, 341.43, 543.23
    2820,    2880,229.38,1888.9,3137.5,16.763, 190, 413.75
    2880,    2940,885.32,3218.6,3641.3,56.119, 309.68, 464.13
    2940,    3000,305.18,1884.2,3917.2,21.311, 189.58, 491.72
    3000,    3060,211.58,1511.9,2689.4,15.695, 156.07, 368.94
    3060,    3120,178.01,1456.5,2517.6,13.68, 151.09, 351.76
    3120,    3180,2146,6702.9,6956.1,131.76, 623.26, 795.61
    3180,    3240,452.17,2972.4,4525.1,30.13, 287.52, 552.51
    3240,    3300,198.96,1805.1,4126.3,14.937, 182.46, 512.63
    3300,    3360,245.65,2260.7,3028.9,17.739, 223.46, 402.89
    3360,    3420,291.7,2707.1,3747.3,20.502, 263.64, 474.73
    3420,    3480,147.24,1399.8,2808.3,11.834, 145.99, 380.83
    3480,    3540,102.78,1066.2,2092.1,9.167, 115.96, 309.21
    3540,    3600,317.59,1939,2958.8,22.055, 194.51, 395.88
    3600,    3660,661.23,4174.8,6020,42.674, 395.73, 702
    3660,    3720,417.06,2696.9,5575.2,28.024, 262.72, 657.52
    3720,    3780,369.62,3390.7,3942,25.177, 325.17, 494.2
    3780,    3840,432.54,2808.8,4156.1,28.953, 272.79, 515.61
    3840,    3900,218.74,2120.6,3076,16.125, 210.86, 407.6
    3900,    3960,132.36,1571.1,2536.7,10.942, 161.4, 353.67
    3960,    4020,94.539,1197.4,2180.4,8.6724, 127.77, 318.04
    4020,    4080,90.124,1092.1,2120.2,8.4074, 118.28, 312.02
    4080,    4140,264.78,2230.3,2716,18.887, 220.73, 371.6
    4140,    4200,185.69,2000.9,3083.6,14.141, 200.08, 408.36
    4200,    4260,151.71,1829.3,2512.8,12.102, 184.64, 351.28
    4260,    4320,136.09,1614.8,2430.2,11.166, 165.34, 343.02
    4320,    4380,144.69,1682.7,2670.6,11.681, 171.44, 367.06
    4380,    4440,166.76,1878,2474.5,13.006, 189.02, 347.45
    4440,    4500,314.56,2921.6,3286.8,21.874, 282.95, 428.68
    4500,    4560,306.85,2746.2,4288.4,21.411, 267.16, 528.84
    4560,    4620,267.69,3207.6,3684.6,19.062, 308.68, 468.46
    4620,    4680,179.17,2371.8,3517.4,13.75, 233.46, 451.74
    4680,    4740,160.53,2084.7,3081,12.632, 207.62, 408.1
    4740,    4800,113.87,1613,2573.3,9.8321, 165.17, 357.33
    4800,    4860,136.31,1758.9,3533.6,11.179, 178.3, 453.36
    4860,    4920,345.18,3138.1,6630.8,23.711, 302.43, 763.08
    4920,    4980,426.29,3797.3,8428.7,28.578, 361.76, 942.87
    4980,    5040,760.85,5822.3,8619.7,48.651, 544, 961.97
    5040,    5100,241.05,3357.6,5224.8,17.463, 322.19, 622.48
    5100,    5160,171.29,2699.7,4073.2,13.277, 262.97, 507.32
    5160,    5220,148.33,2394.6,3477.1,11.9, 235.51, 447.71
    5220,    5280,135.05,2466.5,3206.8,11.103, 241.99, 420.68
    5280,    5340,-9999,-9999,-9999,-9999, -9999, -9999
    5340,    5400,-9999,-9999,-9999,-9999, -9999, -9999
    5400,    5460,-9999,-9999,-9999,-9999, -9999, -9999
    5460,    5520,-9999,-9999,-9999,-9999, -9999, -9999
    5520,    5580,-9999,-9999,-9999,-9999, -9999, -9999
    5580,    5640,-9999,-9999,-9999,-9999, -9999, -9999
    5640,    5700,-9999,-9999,-9999,-9999, -9999, -9999
    5700,    5760,325.67,4200.1,7835.6,22.54, 398.01, 883.56
    5760,    5820,138.23,2272.7,4580.4,11.294, 224.54, 558.04
    5820,    5880,157.51,1763.7,2881.6,12.45, 178.73, 388.16
    5880,    5940,115.54,1705.7,2367.2,9.9322, 173.51, 336.72
    5940,    6000,109.4,1701.7,2756.2,9.564, 173.16, 375.62
    6000,    6060,49.196,1095.6,2221.4,5.9517, 118.61, 322.14
    6060,    6120,228.07,2621,2961.3,16.684, 255.89, 396.13
    6120,    6180,157.16,2566,4291.5,12.429, 250.94, 529.15
    6180,    6240,74.334,1699.8,2938.2,7.46, 172.98, 393.82
    6240,    6300,92.172,2421.4,3003.3,8.5303, 237.93, 400.33
    6300,    6360,84.937,2364.2,3178.2,8.0962, 232.78, 417.82
    6360,    6420,92.739,2662.4,3273.6,8.5643, 259.61, 427.36
    6420,    6480,123.05,3223.4,3436.1,10.383, 310.1, 443.61
    6480,    6540,241.22,5004.3,4450.6,17.473, 470.38, 545.06
    6540,    6600,426.14,7537.9,5714.1,28.568, 698.41, 671.41
    6600,    6660,569.8,7238.8,7811,37.188, 671.49, 881.1
    6660,    6720,70.74,1895.5,4251.8,7.2444, 190.6, 525.18
    6720,    6780,85.751,2078.9,5427.2,8.145, 207.1, 642.72
    6780,    6840,147.09,3565.8,4721.6,11.826, 340.92, 572.16
    6840,    6900,36.345,1305.1,3348.3,5.1807, 137.46, 434.83
    6900,    6960,44.818,1593.2,2312.5,5.6891, 163.38, 331.25
    6960,    7020,1445.2,11702,8896.1,89.713, 1073.2, 989.61
    7020,    7080,432.67,9041.1,7569.8,28.96, 833.7, 856.98
    7080,    7140,185.72,5066.8,6364.9,14.143, 476.01, 736.49
    7140,    7200,291.55,6398.3,6445.8,20.493, 595.84, 744.58
    7200,    7260,263.38,5515.5,5938.2,18.803, 516.39, 693.82
    7260,    7320,279.21,7735.9,7170.4,19.753, 716.23, 817.04
    7320,    7380,587.67,12206,9368.3,38.26, 1118.5, 1036.8
    7380,    7440,302.09,10696,9862.7,21.126, 982.65, 1086.3
    7440,    7500,292.33,10579,9627.2,20.54, 972.15, 1062.7
    7500,    7560,251.3,7715.3,9377.7,18.078, 714.38, 1037.8
    7560,    7620,504.26,12346,10083,33.255, 1131.1, 1108.3
    7620,    7680,237.59,10939,10475,17.256, 1004.5, 1147.5
    7680,    7740,685.26,11222,10393,44.116, 1029.9, 1139.3
    7740,    7800,440.11,9267.6,10300,29.407, 854.09, 1130
    7800,    7860,148.33,7162.2,11524,11.9, 664.6, 1252.4
    7860,    7920,135.32,7446,9451.1,11.119, 690.14, 1045.1
    7920,    7980,119.21,8197.1,10445,10.152, 757.74, 1144.5
    7980,    8040,126.16,8924.8,10528,10.57, 823.23, 1152.8
    8040,    8100,149.11,10069,11010,11.947, 926.2, 1201
    8100,    8160,105.13,8968.9,10051,9.3077, 827.2, 1105.1
    8160,    8220,92.11,9473.3,9642.9,8.5266, 872.6, 1064.3
    8220,    8280,144.58,10977,10007,11.675, 1008, 1100.7
    8280,    8340,149.33,10271,10507,11.96, 944.36, 1150.7
    8340,    8400,86.342,7480.1,10413,8.1805, 693.21, 1141.3
    8400,    8460,80.688,6491.2,8990.4,7.8413, 604.21, 999.04
    8460,    8520,67.849,7624.4,8837.9,7.071, 706.19, 983.79
    8520,    8580,58.937,7576.1,9377.8,6.5362, 701.84, 1037.8
    8580,    8640,52.341,7509.4,9262.7,6.1405, 695.84, 1026.3
    8640,    8700,50.977,7807,8774.7,6.0586, 722.63, 977.47
    8700,    8760,45.142,7793.8,9908.4,5.7085, 721.44, 1090.8
    8760,    8820,66.756,9331.6,10403,7.0054, 859.85, 1140.3
    8820,    8880,55.69,8912.7,9718.7,6.3414, 822.15, 1071.9
    8880,    8940,43.664,8795.8,10234,5.6198, 811.62, 1123.4
    8940,    9000,43.2,9208.8,10628,5.592, 848.79, 1162.8
    9000,    9060,66.91,10312,9195.1,7.0146, 948.07, 1019.5
    9060,    9120,199.57,15057,11638,14.974, 1375.2, 1263.8
    9120,    9180,239.11,15750,13296,17.346, 1437.5, 1429.6
    9180,    9240,306.07,14230,16835,21.364, 1300.7, 1783.5
    9240,    9300,125.94,12963,16690,10.556, 1186.7, 1769
    9300,    9360,312.29,11415,13435,21.737, 1047.3, 1443.5
    9360,    9420,161.5,8966.8,11027,12.69, 827.01, 1202.7
    9420,    9480,62.35,6019.7,6760,6.741, 561.78, 776
    9480,    9540,35.454,5295.7,5751.5,5.1273, 496.61, 675.15
    9540,    9600,333,5203.3,6181.7,22.98, 488.3, 718.17
    9600,    9660,82.634,3304.4,3843.7,7.958, 317.4, 484.37
    9660,    9720,435.6,3324.7,3863.7,29.136, 319.22, 486.37
    9720,    9780,250.53,2754.9,3515.3,18.032, 267.94, 451.53
    9780,    9840,150.49,2326.2,2860.8,12.029, 229.36, 386.08
    9840,    9900,143.18,2230.7,2771.7,11.591, 220.76, 377.17
    9900,    9960,65.974,1978.8,2511.8,6.9585, 198.09, 351.18
    9960,   10020,257.6,2143.9,2608.1,18.456, 212.95, 360.81
   10020,   10080,302.88,2284.8,2786,21.173, 225.63, 378.6
   10080,   10140,147.91,1834.6,2472.2,11.875, 185.11, 347.22
   10140,   10200,45.553,1853.8,2165.7,5.7332, 186.84, 316.57
   10200,   10260,43.302,1794.5,2188.9,5.5981, 181.51, 318.89
   10260,   10320,178.87,1859.4,2534.6,13.732, 187.35, 353.46
   10320,   10380,51.971,1940.3,2401.1,6.1182, 194.63, 340.11
   10380,   10440,31.642,1907.5,2254.8,4.8985, 191.68, 325.48
   10440,   10500,38.379,1905.7,2241.9,5.3027, 191.51, 324.19
   10500,   10560,39.153,1926,2325.7,5.3492, 193.34, 332.57
   10560,   10620,34.244,1732.5,2102.8,5.0546, 175.93, 310.28
   10620,   10680,39.362,1631.6,1997.6,5.3617, 166.84, 299.76
   10680,   10740,43.998,1560.5,1923.8,5.6399, 160.44, 292.38
   10740,   10800,45.125,1507.9,1856,5.7075, 155.71, 285.6
   10800,   10860,75.319,1633.4,2005,7.5192, 167.01, 300.5
   10860,   10920,60.706,1525.6,1916.7,6.6424, 157.3, 291.67
   10920,   10980,104.78,1363.7,1860.7,9.2868, 142.73, 286.07
   10980,   11040,409.7,1546.7,2515.1,27.582, 159.2, 351.51
   11040,   11100,139.63,1458.4,1879.4,11.378, 151.25, 287.94
   11100,   11160,64.999,1421.9,1858,6.8999, 147.97, 285.8
   11160,   11220,63.958,1287.7,1674.8,6.8375, 135.89, 267.48
   11220,   11280,39.729,1254.9,1592.6,5.3837, 132.94, 259.26
   11280,   11340,39.457,1279.3,1605,5.3674, 135.14, 260.5
   11340,   11400,133.54,1525.4,1982.9,11.012, 157.28, 298.29
   11400,   11460,121.48,1650.6,2063.8,10.289, 168.55, 306.38
   11460,   11520,332.83,1955.2,2568.3,22.97, 195.97, 356.83
   11520,   11580,61.458,1540.2,1929.2,6.6875, 158.62, 292.92
   11580,   11640,57.508,1539.5,1898.8,6.4505, 158.56, 289.88
   11640,   11700,300.61,1952.9,2426.5,21.037, 195.76, 342.65
   11700,   11760,42.536,1641.4,2000.9,5.5521, 167.72, 300.09
   11760,   11820,57.635,1481.7,1821.1,6.4581, 153.36, 282.11
   11820,   11880,41.452,1528.2,1888.8,5.4871, 157.54, 288.88
   11880,   11940,32.116,1551,1884.1,4.927, 159.59, 288.41
   11940,   12000,171.2,1607.3,2083.6,13.272, 164.66, 308.36
   12000,   12060,49.937,1602.8,2099.8,5.9962, 164.25, 309.98
   12060,   12120,70.633,1591.4,1916.1,7.238, 163.23, 291.61
   12120,   12180,65.703,1546.3,1950,6.9422, 159.17, 295
   12180,   12240,34.63,1577.3,1946.8,5.0778, 161.95, 294.68
   12240,   12300,35.348,1657.4,1980,5.1209, 169.16, 298
   12300,   12360,19.937,1521.8,1841.8,4.1962, 156.96, 284.18
   12360,   12420,80.572,1647.2,2050.8,7.8343, 168.25, 305.08
   12420,   12480,191.93,2239.8,2500.6,14.516, 221.59, 350.06
   12480,   12540,38.162,1830.7,2123.5,5.2897, 184.76, 312.35
   12540,   12600,370.86,2822.7,3203.4,25.252, 274.04, 420.34
   12600,   12660,278.08,2789.4,3158.6,19.685, 271.04, 415.86
   12660,   12720,155.71,2394.3,2720.9,12.343, 235.49, 372.09
   12720,   12780,204.98,2558.7,3396.3,15.299, 250.29, 439.63
   12780,   12840,989.13,3460.1,3239.6,62.348, 331.41, 423.96
   12840,   12900,1153,4433.3,6989.9,72.179, 419, 798.99
   12900,   12960,92.159,2474.2,2939,8.5296, 242.68, 393.9
   12960,   13020,64.418,2959.7,3354.4,6.8651, 286.38, 435.44
   13020,   13080,22.174,2212.5,2494.8,4.3304, 219.13, 349.48
   13080,   13140,30.913,2269.1,2475.2,4.8548, 224.22, 347.52
   13140,   13200,25.843,2257.1,2528,4.5506, 223.14, 352.8
   13200,   13260,104.8,2345.8,2500.5,9.2883, 231.12, 350.05
   13260,   13320,-9999,-9999,-9999,-9999, -9999, -9999
   13320,   13380,-9999,-9999,-9999,-9999, -9999, -9999
   13380,   13440,-9999,-9999,-9999,-9999, -9999, -9999
   13440,   13500,-9999,-9999,-9999,-9999, -9999, -9999
   13500,   13560,-9999,-9999,-9999,-9999, -9999, -9999
   13560,   13620,-9999,-9999,-9999,-9999, -9999, -9999
   13620,   13680,-9999,-9999,-9999,-9999, -9999, -9999
   13680,   13740,61.055,2473.2,2749.4,6.6633, 242.59, 374.94
   13740,   13800,84.168,1994.4,2442.1,8.0501, 199.49, 344.21
   13800,   13860,43.647,1932.3,2238.9,5.6188, 193.9, 323.89
   13860,   13920,85.289,2042.3,2487,8.1173, 203.81, 348.7
   13920,   13980,262.68,2358.1,2775.3,18.761, 232.23, 377.53
   13980,   14040,336.42,2455.5,2643.6,23.185, 241, 364.36
   14040,   14100,500.78,3511.8,3427.7,33.047, 336.06, 442.77
   14100,   14160,221.89,2172.2,2763.5,16.313, 215.5, 376.35
   14160,   14220,251.31,2311.6,2832.6,18.079, 228.04, 383.26
   14220,   14280,107.37,1897.1,2289,9.4421, 190.74, 328.9
   14280,   14340,66.041,2049.6,2314.2,6.9625, 204.47, 331.42
   14340,   14400,57.097,2526.2,2959.9,6.4258, 247.36, 395.99
   14400,   14460,13.729,1881.7,2216.4,3.8237, 189.36, 321.64
   14460,   14520,19.891,2100.2,2415.3,4.1935, 209.02, 341.53
   14520,   14580,34.457,2185.7,2526.5,5.0674, 216.71, 352.65
   14580,   14640,33.821,2128.7,2500.4,5.0293, 211.58, 350.04
   14640,   14700,158.67,2358.9,2851.4,12.52, 232.3, 385.14
   14700,   14760,169.06,2440.9,3045.3,13.144, 239.68, 404.53
   14760,   14820,211.87,2685.4,3195.5,15.712, 261.69, 419.55
   14820,   14880,274.2,3318.1,3577.5,19.452, 318.62, 457.75
   14880,   14940,212.33,2747.4,3445.1,15.74, 267.26, 444.51
   14940,   15000,48.535,2374.6,2971.8,5.9121, 233.71, 397.18
   15000,   15060,35.689,2414.2,2801.6,5.1413, 237.28, 380.16
   15060,   15120,201.52,2756.8,3029.7,15.091, 268.11, 402.97
   15120,   15180,690.33,3348.4,4391.7,44.42, 321.36, 539.17
   15180,   15240,20.421,2810.6,3149.6,4.2253, 272.95, 414.96
   15240,   15300,27.929,2884.6,3237.8,4.6757, 279.61, 423.78
   15300,   15360,86.433,2950.7,3332.7,8.186, 285.57, 433.27
   15360,   15420,62.216,2969.1,3301.4,6.7329, 287.22, 430.14
   15420,   15480,327.92,3048.8,3909.7,22.675, 294.39, 490.97
   15480,   15540,250.88,3629.4,4477.7,18.053, 346.65, 547.77
   15540,   15600,188.03,3122,4029.2,14.282, 300.98, 502.92
   15600,   15660,346.84,3100.1,3779.3,23.811, 299.01, 477.93
   15660,   15720,106.83,3028.9,3393.9,9.4096, 292.6, 439.39
   15720,   15780,60.975,2855.9,3244.1,6.6585, 277.03, 424.41
