CampaignData_and_Merges/R0/CSL_MobileLab_Parked/raw/20240812/USOS-NOy-LIF_MobileLabGround_20240812_R0.ict
39,1001
Rollins, A.; Waxman, E.; Zuraski, K.; Chace, W.
NOAA Chemical Sciences Laboratory
LIF NO/NOx/NOy on CSL Mobile Lab
AMMBEC / USOS
1, 1
2024,08,12, 2025,01,06
1
Time_Start, seconds, number_of_seconds_since_0000_UTC
7
1, 1, 1, 1, 1, 1, 1
-9999, -9999, -9999, -9999, -9999, -9999, -9999
Time_Stop, seconds, number_of_seconds_since_0000_UTC
NO_LIF, pptv, Gas_NO_InSitu_S_AVMR, volume mixing ratio of nitric oxide in air
NO2_LIF, pptv, Gas_NO2_InSitu_S_AVMR, volume mixing ratio of nitrogen dioxide in air
NOy_LIF, pptv, Gas_NOy_InSitu_S_AVMR, volume mixing ratio of total oxidized nitrogen in air
NO_LIF_1SigmaAccuracy, pptv, Gas_NO_InSitu_S_AVMR, volume mixing ratio of nitric oxide in air
NO2_LIF_1SigmaAccuracy, pptv, Gas_NO2_InSitu_S_AVMR, volume mixing ratio of nitrogen dioxide in air
NOy_LIF_1SigmaAccuracy, pptv, Gas_NOy_InSitu_S_AVMR, volume mixing ratio of total oxidized nitrogen in air
0
18
PI_CONTACT_INFO: andrew.rollins@noaa.gov
PLATFORM: CSL Mobile Lab
LOCATION: Salt Lake City, UT
ASSOCIATED_DATA:
INSTRUMENT_INFO: NO detection by laser induced fluorescence. NO2 detection by photolytic conversion to NO. NOy detection by catalytic conversion to NO on gold surface
DATA_INFO:
UNCERTAINTY: Included 1 Sigma Accuracy waves represent the combined calibration uncertainties (±6%, ±9%, ±10%) and zero uncertainties (3 ppt, 20 ppt, 100 ppt) for NO, NO2, and NOy, respectively.
ULOD_FLAG: -7777
ULOD_VALUE: N/A
LLOD_FLAG: -8888
LLOD_VALUE: N/A
DM_CONTACT_INFO: andrew.rollins@noaa.gov
PROJECT_INFO: USOS Project, July - August 2024
STIPULATIONS_ON_USE: Users are strongly encouraged to contact the PI for proper data usage.
OTHER_COMMENTS:
REVISION: R0
R0: final data
Time_Start, Time_Stop, NO_LIF, NO2_LIF, NOy_LIF, NO_LIF_1SigmaAccuracy, NO2_LIF_1SigmaAccuracy, NOy_LIF_1SigmaAccuracy
[from data line 264]
   15840,   15900,178.08,2411.6,2843.7,13.685, 237.05, 384.37
   15900,   15960,236.38,2123.3,2637.5,17.183, 211.09, 363.75
   15960,   16020,71.676,1748.5,2100.5,7.3006, 177.37, 310.05
   16020,   16080,64.662,1436.3,1933.4,6.8797, 149.27, 293.34
   16080,   16140,29.997,1465.7,1823.4,4.7998, 151.92, 282.34
   16140,   16200,20.386,1531.9,1863.1,4.2231, 157.87, 286.31
   16200,   16260,65.003,1677.4,2100.9,6.9002, 170.97, 310.09
   16260,   16320,42.835,1736.9,2121.2,5.5701, 176.32, 312.12
   16320,   16380,550.06,2432.8,3019.6,36.004, 238.95, 401.96
   16380,   16440,722.77,3204.2,3641.3,46.366, 308.37, 464.13
   16440,   16500,1615.7,4562.5,5791.2,99.939, 430.63, 679.12
   16500,   16560,131.87,2636.8,3366.5,10.912, 257.31, 436.65
   16560,   16620,662.84,3799.8,4354.4,42.77, 361.98, 535.44
   16620,   16680,357.62,3759.9,4847.7,24.457, 358.39, 584.77
   16680,   16740,171,3975.1,4477,13.26, 377.76, 547.7
   16740,   16800,53.151,3112,3547.5,6.189, 300.08, 454.75
   16800,   16860,34.335,2992.2,3407.9,5.0601, 289.3, 440.79
   16860,   16920,79.781,2939.3,3370.2,7.7869, 284.54, 437.02
   16920,   16980,130.42,3033.9,3657.4,10.825, 293.05, 465.74
   16980,   17040,666.37,3322.2,3873.2,42.982, 319, 487.32
   17040,   17100,864.81,4510.8,6060.1,54.889, 425.97, 706.01
   17100,   17160,258.05,3169.9,3690.9,18.483, 305.29, 469.09
   17160,   17220,56.244,2738.3,3180.4,6.3747, 266.44, 418.04
   17220,   17280,31.763,2457.2,2891.4,4.9058, 241.15, 389.14
   17280,   17340,18.724,2436.9,2825.5,4.1235, 239.32, 382.55
   17340,   17400,31.885,2643.5,3003.3,4.9131, 257.92, 400.33
   17400,   17460,99.891,2778.3,3296.1,8.9935, 270.05, 429.61
   17460,   17520,24.709,2312.6,2759,4.4825, 228.14, 375.9
   17520,   17580,22.65,2165.8,2571.3,4.359, 214.93, 357.13
   17580,   17640,84.994,2680.9,3066.9,8.0996, 261.28, 406.69
   17640,   17700,95.335,3175.8,3662.9,8.7201, 305.82, 466.29
   17700,   17760,22.054,2489.8,2898,4.3232, 244.08, 389.8
   17760,   17820,21.957,2246.7,2670.2,4.3174, 222.2, 367.02
   17820,   17880,86.976,2519.4,2798.7,8.2186, 246.75, 379.87
   17880,   17940,32.012,2264.2,2701.2,4.9207, 223.78, 370.12
   17940,   18000,155.01,2691.2,3286.3,12.301, 262.21, 428.63
   18000,   18060,94.688,2813.9,3276.3,8.6813, 273.25, 427.63
   18060,   18120,660.44,3823.3,4616.7,42.626, 364.09, 561.67
   18120,   18180,72.5,2583.8,3112.9,7.35, 252.54, 411.29
   18180,   18240,241.3,2914.9,3529.8,17.478, 282.34, 452.98
   18240,   18300,73.106,2776.8,3291,7.3863, 269.91, 429.1
   18300,   18360,200.29,2932.5,3234.7,15.017, 283.93, 423.47
   18360,   18420,245.57,3433.7,3975.6,17.734, 329.03, 497.56
   18420,   18480,31.993,2683.7,3169.8,4.9196, 261.53, 416.98
   18480,   18540,58.209,2713,3234.8,6.4925, 264.17, 423.48
   18540,   18600,8.7759,2867.5,3340,3.5266, 278.08, 434
   18600,   18660,10.133,2774,3269.5,3.608, 269.66, 426.95
   18660,   18720,289.31,3539.3,4318.9,20.359, 338.54, 531.89
   18720,   18780,190.91,2737.6,3525.6,14.455, 266.38, 452.56
   18780,   18840,40.265,2122.7,2709.7,5.4159, 211.04, 370.97
   18840,   18900,18.915,1995.6,2455,4.1349, 199.6, 345.5
   18900,   18960,29.558,2104.2,2546.1,4.7735, 209.38, 354.61
   18960,   19020,41.975,2116.4,2604.2,5.5185, 210.47, 360.42
   19020,   19080,68.705,2454.5,2865.6,7.1223, 240.9, 386.56
   19080,   19140,114.08,2359.7,3157,9.8446, 232.37, 415.7
   19140,   19200,15.693,1705.3,2203.6,3.9416, 173.48, 320.36
   19200,   19260,17.37,1756.3,2163.1,4.0422, 178.07, 316.31
   19260,   19320,23.628,1893.4,2268.8,4.4177, 190.41, 326.88
   19320,   19380,18.468,1881.5,2325.4,4.1081, 189.33, 332.54
   19380,   19440,1528.4,4555.4,6822.8,94.703, 429.98, 782.28
   19440,   19500,516.43,3736.6,5332.3,33.986, 356.3, 633.23
   19500,   19560,339.08,3073.1,3441.1,23.345, 296.58, 444.11
   19560,   19620,144.51,2274.8,3428.9,11.671, 224.73, 442.89
   19620,   19680,583.9,2782.1,3554.7,38.034, 270.39, 455.47
   19680,   19740,257.94,2778.1,3536.6,18.477, 270.03, 453.66
   19740,   19800,163.31,2528.3,3172.8,12.799, 247.55, 417.28
   19800,   19860,63.175,2006.3,2693.7,6.7905, 200.57, 369.37
   19860,   19920,86.656,1954.3,2487.5,8.1993, 195.89, 348.75
   19920,   19980,39.222,1862.8,2339,5.3533, 187.65, 333.9
   19980,   20040,83.768,1875.1,2376.7,8.0261, 188.76, 337.67
   20040,   20100,142.92,1749,2332.6,11.575, 177.41, 333.26
   20100,   20160,37.111,1611.7,2057.6,5.2267, 165.06, 305.76
   20160,   20220,74.69,1718.9,2211.8,7.4814, 174.7, 321.18
   20220,   20280,767.73,2831,4317.4,49.064, 274.79, 531.74
   20280,   20340,160.84,2282.8,2841.7,12.65, 225.45, 384.17
   20340,   20400,70.917,1809.4,2509.8,7.255, 182.85, 350.98
   20400,   20460,211.43,1792.2,2383.4,15.686, 181.3, 338.34
   20460,   20520,29.014,1663.3,2126.2,4.7408, 169.7, 312.62
   20520,   20580,32.821,1548.1,2007.7,4.9692, 159.33, 300.77
   20580,   20640,22.821,1531.1,1961,4.3692, 157.8, 296.1
   20640,   20700,37.213,1322.9,1758.3,5.2328, 139.06, 275.83
   20700,   20760,21.129,1233.1,1691.3,4.2677, 130.98, 269.13
   20760,   20820,24.496,1216.1,1636.8,4.4698, 129.45, 263.68
   20820,   20880,22.383,1282.6,1716.4,4.343, 135.43, 271.64
   20880,   20940,109.92,1293.8,1714.8,9.5953, 136.44, 271.48
   20940,   21000,143.55,1350.1,1887.8,11.613, 141.51, 288.78
   21000,   21060,131.21,1470.4,1918.7,10.873, 152.34, 291.87
   21060,   21120,192.1,1711.9,2520.8,14.526, 174.07, 352.08
   21120,   21180,21.857,1511.9,1983.1,4.3114, 156.07, 298.31
   21180,   21240,33.723,1593.2,2015,5.0234, 163.39, 301.5
   21240,   21300,-9999,-9999,-9999,-9999, -9999, -9999
   21300,   21360,-9999,-9999,-9999,-9999, -9999, -9999
   21360,   21420,-9999,-9999,-9999,-9999, -9999, -9999
   21420,   21480,-9999,-9999,-9999,-9999, -9999, -9999
   21480,   21540,-9999,-9999,-9999,-9999, -9999, -9999
   21540,   21600,-9999,-9999,-9999,-9999, -9999, -9999
   21600,   21660,-9999,-9999,-9999,-9999, -9999, -9999
   21660,   21720,78.773,1211.4,1697.9,7.7264, 129.03, 269.79
   21720,   21780,630.38,1768,2871.4,40.823, 179.12, 387.14
   21780,   21840,41.072,1340.3,1909.4,5.4643, 140.63, 290.94
   21840,   21900,32.263,1339.3,1837.1,4.9358, 140.53, 283.71
   21900,   21960,17.11,1229.7,1692.5,4.0266, 130.67, 269.25
   21960,   22020,20.637,1218.7,1694.6,4.2382, 129.68, 269.46
   22020,   22080,115.12,1454.8,1986.1,9.907, 150.93, 298.61
   22080,   22140,125.82,1482.3,2131.7,10.549, 153.4, 313.17
   22140,   22200,86.491,1315.3,1839.8,8.1894, 138.38, 283.98
   22200,   22260,26.116,1167.2,1619.1,4.5669, 125.04, 261.91
   22260,   22320,24.469,1080.3,1521.1,4.4682, 117.23, 252.11
   22320,   22380,24.519,1045.7,1489.7,4.4711, 114.11, 248.97
   22380,   22440,25.969,1044.6,1513.3,4.5581, 114.02, 251.33
   22440,   22500,27.462,1119.8,1563.2,4.6477, 120.78, 256.32
   22500,   22560,11.071,1077.1,1499.7,3.6643, 116.94, 249.97
   22560,   22620,17.694,1132,1542.9,4.0616, 121.88, 254.29
   22620,   22680,12.681,1188.6,1652.9,3.7608, 126.97, 265.29
   22680,   22740,18.897,1172.1,1654.4,4.1338, 125.49, 265.44
   22740,   22800,20.077,1099.8,1566.2,4.2046, 118.98, 256.62
   22800,   22860,19.399,1052.1,1483.6,4.1639, 114.69, 248.36
   22860,   22920,34.692,1136.1,1657.2,5.0815, 122.25, 265.72
   22920,   22980,267.59,1221.1,1862.8,19.055, 129.9, 286.28
   22980,   23040,30.606,995.49,1432.2,4.8364, 109.59, 243.22
   23040,   23100,12.742,1017.9,1442.7,3.7645, 111.61, 244.27
   23100,   23160,14.443,1110.5,1543.6,3.8666, 119.95, 254.36
   23160,   23220,16.036,1202.6,1651.2,3.9621, 128.23, 265.12
   23220,   23280,16.147,1234.6,1698.6,3.9688, 131.12, 269.86
   23280,   23340,193.36,1572.1,2043.5,14.601, 161.49, 304.35
   23340,   23400,18.09,1233.9,1719.8,4.0854, 131.05, 271.98
   23400,   23460,15.946,1199.8,1666.8,3.9568, 127.98, 266.68
   23460,   23520,28.314,1174.1,1643.5,4.6988, 125.67, 264.35
   23520,   23580,28.261,1155.1,1610,4.6956, 123.96, 261
   23580,   23640,18.23,1181,1626.1,4.0938, 126.29, 262.61
   23640,   23700,45.278,1274.7,1827.6,5.7167, 134.72, 282.76
   23700,   23760,39.85,1323.8,1870.4,5.391, 139.15, 287.04
   23760,   23820,109.78,1474.4,2068.4,9.5869, 152.69, 306.84
   23820,   23880,47.072,1415.8,2013.8,5.8243, 147.42, 301.38
   23880,   23940,14.385,1351.7,1918.5,3.8631, 141.65, 291.85
   23940,   24000,9.8061,1360.3,1853.2,3.5884, 142.43, 285.32
   24000,   24060,66.971,1640,2120.7,7.0183, 167.6, 312.07
   24060,   24120,12.561,1496.8,2073.3,3.7537, 154.71, 307.33
   24120,   24180,32.358,1532.6,2044.4,4.9415, 157.94, 304.44
   24180,   24240,9.5687,1557.4,2093.7,3.5741, 160.17, 309.37
   24240,   24300,8.2734,1675.5,2175.5,3.4964, 170.79, 317.55
   24300,   24360,19.673,1624.3,2197.4,4.1804, 166.19, 319.74
   24360,   24420,21.207,1702.8,2244.2,4.2724, 173.25, 324.42
   24420,   24480,7.3478,1540.3,2029.1,3.4409, 158.63, 302.91
   24480,   24540,11.056,1576.1,2230.2,3.6633, 161.85, 323.02
   24540,   24600,16.663,1260.7,1795,3.9998, 133.47, 279.5
   24600,   24660,12.733,1167.8,1633.3,3.764, 125.1, 263.33
   24660,   24720,192.34,1638,1937.8,14.541, 167.42, 293.78
   24720,   24780,52.883,1650.9,2485.5,6.173, 168.58, 348.55
   24780,   24840,10.553,1411.5,1949.6,3.6332, 147.04, 294.96
   24840,   24900,18.955,1274.6,1797.4,4.1373, 134.72, 279.74
   24900,   24960,52.34,1160.9,1732.5,6.1404, 124.48, 273.25
   24960,   25020,31.536,1299.3,1777.7,4.8922, 136.93, 277.77
   25020,   25080,14.505,1212.8,1672.3,3.8703, 129.15, 267.23
   25080,   25140,13.014,1191.9,1647.5,3.7808, 127.27, 264.75
   25140,   25200,13.18,1197.5,1658.3,3.7908, 127.77, 265.83
   25200,   25260,197.74,1308.9,1871,14.865, 137.8, 287.1
   25260,   25320,13.136,1191.9,1655.2,3.7882, 127.27, 265.52
   25320,   25380,14.614,1250.9,1711.1,3.8768, 132.59, 271.11
   25380,   25440,20.964,1253.8,1742.8,4.2578, 132.84, 274.28
   25440,   25500,172.65,1506.6,2048.6,13.359, 155.6, 304.86
   25500,   25560,326.57,1612.1,2799.9,22.594, 165.09, 379.99
   25560,   25620,63.116,1547.7,2082.2,6.787, 159.29, 308.22
   25620,   25680,62.865,1585.9,2166,6.7719, 162.73, 316.6
   25680,   25740,29.72,1591,2048,4.7832, 163.19, 304.8
   25740,   25800,37.465,1723.3,2210.5,5.2479, 175.1, 321.05
   25800,   25860,122.8,1846.7,2435.1,10.368, 186.2, 343.51
   25860,   25920,34.495,1625.8,2154.8,5.0697, 166.32, 315.48
   25920,   25980,25.54,1450.4,1909.7,4.5324, 150.53, 290.97
   25980,   26040,20.868,1432.3,1893.3,4.2521, 148.91, 289.33
   26040,   26100,207.75,1471,2171.5,15.465, 152.39, 317.15
   26100,   26160,160.86,1455.9,2119.3,12.652, 151.03, 311.93
   26160,   26220,32.083,1293.3,1767.4,4.925, 136.4, 276.74
   26220,   26280,37.354,1293.4,1748.3,5.2412, 136.41, 274.83
   26280,   26340,37.872,1287.8,1769.2,5.2723, 135.91, 276.92
   26340,   26400,22.072,1235.3,1733.4,4.3243, 131.18, 273.34
   26400,   26460,28.023,1115.3,1590.7,4.6814, 120.38, 259.07
   26460,   26520,90.805,1199.7,1679.7,8.4483, 127.97, 267.97
   26520,   26580,71.057,1237.9,1702.8,7.2634, 131.41, 270.28
   26580,   26640,38.13,1176.1,1657.1,5.2878, 125.85, 265.71
   26640,   26700,36.588,1147.8,1642,5.1953, 123.3, 264.2
   26700,   26760,26.673,1121.2,1573.9,4.6004, 120.9, 257.39
   26760,   26820,32.005,1162.8,1614.8,4.9203, 124.65, 261.48
   26820,   26880,23.661,1103.8,1594.9,4.4197, 119.34, 259.49
   26880,   26940,20.041,1069.5,1514.7,4.2025, 116.25, 251.47
   26940,   27000,32.989,1144.4,1610.9,4.9793, 122.99, 261.09
   27000,   27060,24.076,1187.2,1665.5,4.4445, 126.84, 266.55
   27060,   27120,17.137,1189.6,1661.9,4.0282, 127.06, 266.19
   27120,   27180,103.41,1215.8,1656.2,9.2044, 129.42, 265.62
   27180,   27240,218.9,1825.8,2427.8,16.134, 184.32, 342.78
   27240,   27300,49.002,1226.8,2315.3,5.9401, 130.42, 331.53
   27300,   27360,12.059,1025.8,1540.6,3.7236, 112.32, 254.06
   27360,   27420,56.333,1009,1632.8,6.38, 110.81, 263.28
   27420,   27480,95.13,1382.9,1909.5,8.7078, 144.46, 290.95
   27480,   27540,15.5,1464.3,1989.5,3.93, 151.79, 298.95
   27540,   27600,21.646,1538.6,2094.1,4.2988, 158.48, 309.41
   27600,   27660,14.007,1575.8,2168.5,3.8404, 161.82, 316.85
   27660,   27720,23.722,2001.5,2506.3,4.4233, 200.14, 350.63
   27720,   27780,25.737,2167.1,2784.9,4.5442, 215.04, 378.49
   27780,   27840,16.083,2003.4,2618.4,3.965, 200.31, 361.84
   27840,   27900,19.851,1683.3,2395.4,4.1911, 171.5, 339.54
   27900,   27960,152.02,2072.8,2439.7,12.121, 206.55, 343.97
   27960,   28020,19.824,2132.6,2858.2,4.1894, 211.94, 385.82
   28020,   28080,17.613,2021.5,2752.3,4.0568, 201.93, 375.23
   28080,   28140,20.207,1703,2190.6,4.2124, 173.27, 319.06
   28140,   28200,10.335,2124.9,2650.1,3.6201, 211.24, 365.01
   28200,   28260,18.258,2170.8,2851.7,4.0955, 215.38, 385.17
   28260,   28320,196.82,1928.3,2792.7,14.809, 193.54, 379.27
   28320,   28380,11.757,1587.9,2246.5,3.7054, 162.91, 324.65
   28380,   28440,31.922,1540,2170.6,4.9153, 158.6, 317.06
   28440,   28500,33.429,1645.4,2159.7,5.0057, 168.09, 315.97
   28500,   28560,6.2792,1793,2449.1,3.3768, 181.37, 344.91
   28560,   28620,19.483,1798.2,2468.8,4.169, 181.84, 346.88
   28620,   28680,9.8969,1472.8,2167.3,3.5938, 152.55, 316.73
   28680,   28740,22.326,1343.7,1903.8,4.3395, 140.94, 290.38
   28740,   28800,12.137,1375.5,1926.9,3.7282, 143.79, 292.69
   28800,   28860,13.164,1286.5,1801.9,3.7898, 135.79, 280.19
   28860,   28920,16.045,1304.9,1849.5,3.9627, 137.44, 284.95
   28920,   28980,9.1742,1332,1853.2,3.5505, 139.88, 285.32
   28980,   29040,6.6999,1358.7,1861.1,3.402, 142.28, 286.11
   29040,   29100,11.536,1331.5,1873.2,3.6922, 139.83, 287.32
   29100,   29160,11.593,1233,1688,3.6956, 130.97, 268.8
   29160,   29220,6.2597,1175.2,1666.5,3.3756, 125.77, 266.65
   29220,   29280,-9999,-9999,-9999,-9999, -9999, -9999
   29280,   29340,-9999,-9999,-9999,-9999, -9999, -9999
   29340,   29400,-9999,-9999,-9999,-9999, -9999, -9999
   29400,   29460,-9999,-9999,-9999,-9999, -9999, -9999
   29460,   29520,-9999,-9999,-9999,-9999, -9999, -9999
   29520,   29580,-9999,-9999,-9999,-9999, -9999, -9999
   29580,   29640,-9999,-9999,-9999,-9999, -9999, -9999
   29640,   29700,24.016,576.16,919.25,4.441, 71.854, 191.93
   29700,   29760,29.456,635.77,997.1,4.7674, 77.219, 199.71
   29760,   29820,30.081,719.44,1106.1,4.8049, 84.75, 210.61
   29820,   29880,26.83,613.43,1019.6,4.6098, 75.208, 201.96
   29880,   29940,124.99,646.89,996.52,10.499, 78.221, 199.65
   29940,   30000,89.457,662.27,1408.2,8.3674, 79.605, 240.82
   30000,   30060,27.317,679.17,1051.8,4.639, 81.125, 205.18
   30060,   30120,18.062,581.76,991.61,4.0837, 72.359, 199.16
   30120,   30180,15.561,586.98,947.03,3.9336, 72.828, 194.7
   30180,   30240,32.014,561.78,967.35,4.9209, 70.56, 196.74
   30240,   30300,138.15,677.78,1240.4,11.289, 81, 224.04
   30300,   30360,19.552,526.41,861.5,4.1731, 67.377, 186.15
   30360,   30420,22.085,510.96,856.33,4.3251, 65.987, 185.63
   30420,   30480,22.563,501.42,877.99,4.3538, 65.128, 187.8
   30480,   30540,28.498,513,877.93,4.7099, 66.17, 187.79
   30540,   30600,22.562,498.75,872.61,4.3537, 64.887, 187.26
   30600,   30660,15.81,480.14,872.44,3.9486, 63.212, 187.24
   30660,   30720,14.765,451.68,796.42,3.8859, 60.651, 179.64
   30720,   30780,26.559,416.06,782.69,4.5935, 57.445, 178.27
   30780,   30840,30.703,475.2,979.09,4.8422, 62.768, 197.91
   30840,   30900,25.431,546.07,936,4.5259, 69.146, 193.6
   30900,   30960,26.45,520.87,862.66,4.587, 66.879, 186.27
   30960,   31020,17.972,459.67,825.91,4.0783, 61.37, 182.59
   31020,   31080,30.874,454.29,842.91,4.8524, 60.886, 184.29
   31080,   31140,39.043,414.22,778.93,5.3426, 57.28, 177.89
   31140,   31200,39.583,407.53,766.31,5.375, 56.678, 176.63
   31200,   31260,50.254,455.01,836.57,6.0152, 60.951, 183.66
   31260,   31320,11.583,412.19,711.02,3.695, 57.097, 171.1
   31320,   31380,13.965,441.79,751.53,3.8379, 59.761, 175.15
   31380,   31440,18.932,433.78,764.09,4.1359, 59.04, 176.41
   31440,   31500,12.237,403.57,744.02,3.7342, 56.321, 174.4
   31500,   31560,10.157,369.45,694.31,3.6094, 53.251, 169.43
