CampaignData_and_Merges/R0/CSL_MobileLab_Parked/raw/20240812/USOS-NOAAIodideCIMS-HCOOH_MobileLabGround_20240812_RA.ict
33, 1001
Michael A Robinson, Chris Jernigan, Subi Thakali
NOAA ESRL Chemical Sciences Laboratory and CIRES, U. of Colorado
NOAA Iodide CIMS Instrument
USOS
1, 1
2024, 08, 12, 2024, 08, 13
1
starttime_UTC, seconds_past_midnight, seconds_of_day_since_00:00:00_UTC
1
1
-9999
HCOOH_NOAACIMS, pptv, Gas_HCOOH_InSitu_S_AVMR, 
0
18
PI_CONTACT_INFO: 325 Broadway, R/CSD 7, Boulder, Colorado 80305; michael.a.robinson@noaa.gov; chris.jernigan@noaa.gov;
PLATFORM: NOAA CSL Mobile Lab
LOCATION: SLC, Utah
ASSOCIATED_DATA: 1Hz data also available on request.
INSTRUMENT_INFO: NOAA I- ToF CIMS
DATA_INFO: All data in parts per trillion by volume (pptv). 1 Hz data is available upon request.
UNCERTAINTY: TBD
ULOD_FLAG: -7777
ULOD_VALUE: N/A
LLOD_FLAG: -8888
LLOD_VALUE: N/A
DM_CONTACT_INFO: Nathan Howard; nathan.h.howard@noaa.gov
PROJECT_INFO: USOS, summer 2024. https://csl.noaa.gov/groups/csl7/measurements/2024usos/
STIPULATIONS_ON_USE: Users are strongly encouraged to contact the PI for proper data usage.
OTHER_COMMENTS: 
REVISION: RA
RA: Preliminary Data; For in-field use only
starttime_UTC, HCOOH_NOAACIMS
     0, -9999.000
    60, -9999.000
   120, -9999.000
   180, -9999.000
   240, 1401.181
   300, 1442.860
   360, 1404.404
   420, 1459.047
   480, 1443.511
   540, 1454.257
   600, -9999.000
   660, 1317.371
   720, 1308.588
   780, 1333.961
   840, 1344.399
   900, 1252.018
   960, 1264.720
  1020, 1294.927
  1080, 1381.415
  1140, 1365.303
  1200, 1364.686
  1260, 1366.541
  1320, 1370.394
  1380, 1362.140
  1440, 1398.714
  1500, 1483.945
  1560, 1392.627
  1620, 1238.531
  1680, 1264.616
  1740, 1223.731
  1800, 1241.602
  1860, 1247.826
  1920, 1302.105
  1980, 1329.098
  2040, 1277.717
  2100, 1245.180
  2160, 1259.310
  2220, 1294.803
  2280, 1315.532
  2340, 1350.343
  2400, 1371.924
  2460, 1331.555
  2520, 1294.872
  2580, 1255.459
  2640, 1326.722
  2700, 1375.936
  2760, 1389.577
  2820, 1412.819
  2880, 1379.879
  2940, 1340.918
  3000, 1283.851
  3060, 1297.166
  3120, 1242.946
  3180, 1241.262
  3240, 1249.450
  3300, 1286.410
  3360, 1277.336
  3420, 1249.616
  3480, 1304.080
  3540, 1333.101
  3600, 1227.121
  3660, 974.083
  3720, 966.789
  3780, 906.422
  3840, 958.780
  3900, 993.870
  3960, 1024.942
  4020, 1051.847
  4080, 1076.366
  4140, 1027.816
  4200, 1035.221
  4260, -9999.000
  4320, 1067.648
  4380, 1104.642
  4440, 1127.400
  4500, 1155.134
  4560, 1204.443
  4620, 1236.024
  4680, 1285.784
  4740, 1262.451
  4800, 1384.694
  4860, 1345.061
  4920, 1518.251
  4980, 1412.064
  5040, 1352.939
  5100, 1360.470
  5160, 1391.649
  5220, 1407.417
  5280, 1429.670
  5340, 1392.061
  5400, 1464.078
  5460, 1520.825
  5520, 1520.310
  5580, 1467.432
  5640, 1417.217
  5700, 1396.239
  5760, 1296.835
  5820, 1291.747
  5880, 1252.081
  5940, 1203.323
  6000, 1219.989
  6060, 1250.528
  6120, -9999.000
  6180, 1325.687
  6240, 1363.665
  6300, 1400.944
  6360, 1469.790
  6420, 1430.423
  6480, 1297.898
  6540, 1318.355
  6600, 1230.688
  6660, 1227.690
  6720, 1238.458
  6780, 1203.285
  6840, 1200.009
  6900, 1265.806
  6960, 1347.891
  7020, 1400.010
  7080, 1505.587
  7140, 1596.891
  7200, 1669.644
  7260, 1703.577
  7320, 1705.057
  7380, 1626.500
  7440, 1610.900
  7500, 1616.767
  7560, 1648.762
  7620, 1670.871
  7680, 1541.839
  7740, 1533.864
  7800, 1598.203
  7860, 1594.163
  7920, 1661.928
  7980, -9999.000
  8040, 1766.524
  8100, 2085.045
  8160, 2021.243
  8220, 2104.762
  8280, 2047.325
  8340, 2015.295
  8400, 2045.878
  8460, 2132.067
  8520, 2194.641
  8580, 2263.206
  8640, 2265.671
  8700, 2363.657
  8760, 2383.114
  8820, 2407.363
  8880, 2508.484
  8940, 2418.384
  9000, 2487.976
  9060, 2608.060
  9120, 2653.186
  9180, 2632.551
  9240, 2380.588
  9300, 2866.725
  9360, 2200.013
  9420, 1910.404
  9480, 1824.974
  9540, 1695.019
  9600, 1532.452
  9660, 1515.528
  9720, 1536.832
  9780, 1534.142
  9840, 1473.871
  9900, 1549.092
  9960, 1557.354
 10020, 1497.678
 10080, 1447.767
 10140, 1494.152
 10200, 1463.427
 10260, 1489.315
 10320, 1507.077
 10380, 1508.294
 10440, 1516.382
 10500, 1508.697
 10560, 1472.089
 10620, 1531.314
 10680, 1497.027
 10740, 1483.050
 10800, 1480.193
 10860, 1435.382
 10920, 1440.678
 10980, 1379.608
 11040, 1393.529
 11100, 1369.711
 11160, 1328.140
 11220, 1369.646
 11280, 1363.326
 11340, 1392.001
 11400, 1379.008
 11460, 1387.736
 11520, 1399.780
 11580, 1414.736
 11640, -9999.000
 11700, 1374.615
 11760, 1421.528
 11820, 1427.673
 11880, 1420.519
 11940, 1407.482
 12000, 1401.037
 12060, 1356.099
 12120, 1384.099
 12180, 1395.264
 12240, 1398.044
 12300, 1422.039
 12360, 1395.871
 12420, 1463.244
 12480, 1463.165
 12540, 1442.817
 12600, 1431.627
 12660, 1449.720
 12720, 1440.430
 12780, 1453.028
 12840, 1413.469
 12900, 1455.968
 12960, 1439.110
 13020, 1479.117
 13080, 1457.347
 13140, 1421.478
 13200, 1439.323
 13260, 1518.839
 13320, 1534.047
 13380, 1475.646
 13440, 1491.990
 13500, 1531.159
 13560, 1496.629
 13620, 1492.687
 13680, 1430.533
 13740, 1381.116
 13800, 1368.078
 13860, 1332.127
 13920, 1353.555
 13980, 1360.613
 14040, 1410.654
 14100, 1374.375
 14160, 1355.496
 14220, 1367.581
 14280, 1382.574
 14340, 1402.385
 14400, 1373.103
 14460, 1362.803
 14520, 1402.921
 14580, 1388.646
 14640, 1408.723
 14700, 1413.646
 14760, 1423.511
 14820, 1406.157
 14880, 1443.179
 14940, 1415.963
 15000, 1390.412
 15060, 1408.360
 15120, 1375.315
 15180, 1355.897
 15240, 1343.236
 15300, 1357.164
 15360, -9999.000
 15420, 1304.504
 15480, 1309.242
 15540, 1309.106
 15600, 1313.550
 15660, 1290.718
 15720, 1266.859
 15780, 1238.972
 15840, 1171.997
 15900, 1142.948
 15960, 1093.876
 16020, 1107.182
 16080, 1157.218
 16140, 1180.057
 16200, 1141.274
 16260, 1126.059
 16320, 1142.029
 16380, 1137.057
 16440, 1149.481
 16500, 1142.337
 16560, 1188.037
 16620, 1179.735
 16680, 1196.207
 16740, 1223.609
 16800, 1183.067
 16860, 1215.087
 16920, 1169.659
 16980, 1171.970
 17040, 1212.662
 17100, 1239.637
 17160, 1233.631
 17220, 1271.439
 17280, 1271.760
 17340, 1289.397
 17400, 1203.469
 17460, 1216.418
 17520, 1211.809
 17580, 1246.287
 17640, 1289.152
 17700, 1215.889
 17760, 1186.804
 17820, 1220.310
 17880, 1255.115
 17940, 1233.464
 18000, 1212.633
 18060, 1276.327
 18120, 1204.194
 18180, 1229.323
 18240, 1243.248
 18300, 1283.903
 18360, 1242.957
 18420, 1238.017
 18480, 1293.937
 18540, 1287.077
 18600, 1300.029
 18660, 1213.361
 18720, 1213.343
 18780, 1220.744
 18840, 1217.001
 18900, 1195.428
 18960, 1245.258
 19020, 1206.421
 19080, 1176.096
 19140, 1176.349
 19200, 1226.743
 19260, 1248.716
 19320, 1243.846
 19380, 1261.926
 19440, 1241.843
 19500, 1198.807
 19560, 1222.694
 19620, 1280.020
 19680, 1204.711
 19740, 1215.703
 19800, 1257.194
 19860, 1209.738
 19920, 1223.062
 19980, 1158.977
 20040, 1164.633
 20100, 1177.692
 20160, 1184.096
 20220, 1233.783
 20280, 1157.400
 20340, 1184.193
 20400, 1175.522
 20460, 1170.966
 20520, 1172.177
 20580, 1151.548
 20640, 1102.174
 20700, 1088.848
 20760, 1149.521
 20820, 1131.037
 20880, 1171.492
 20940, 1131.331
 21000, 1153.722
 21060, 1134.408
 21120, 1175.519
 21180, 1200.201
 21240, 1150.555
 21300, 1178.665
 21360, 1187.874
 21420, 1155.751
 21480, 1136.008
 21540, 1137.192
 21600, 1124.441
 21660, 1131.041
 21720, 1147.943
 21780, 1190.826
 21840, 1208.027
 21900, 1176.166
 21960, 1236.152
 22020, 1141.908
 22080, 1148.818
 22140, 1130.132
 22200, 1158.314
 22260, 1107.362
 22320, 1099.125
 22380, 1127.787
 22440, 1152.004
 22500, 1159.732
 22560, 1178.662
 22620, 1155.600
 22680, 1174.641
 22740, -9999.000
 22800, 1109.698
 22860, 1136.220
 22920, 1120.051
 22980, 1147.573
 23040, 1119.367
 23100, 1143.311
 23160, 1121.205
 23220, 1147.075
 23280, 1124.220
 23340, 1128.685
 23400, 1174.409
 23460, 1134.108
 23520, 1099.516
 23580, 1164.471
 23640, 1177.846
 23700, 1168.721
 23760, 1190.301
 23820, 1247.385
 23880, 1251.172
 23940, 1311.098
 24000, 1336.687
 24060, 1333.462
 24120, 1372.529
 24180, 1499.610
 24240, 1545.779
 24300, 1434.080
 24360, 1394.133
 24420, 1429.873
 24480, 1269.497
 24540, 1185.663
 24600, -9999.000
 24660, 1505.070
 24720, 1336.100
 24780, 1258.170
 24840, 1131.990
 24900, 1186.870
 24960, 1151.312
 25020, 1161.735
 25080, 1181.481
 25140, 1162.491
 25200, 1137.971
 25260, 1107.560
 25320, 1132.396
 25380, 1131.872
 25440, 1140.055
 25500, 1181.657
 25560, 1139.466
 25620, 1146.383
 25680, 1164.284
 25740, 1183.035
 25800, 1178.208
 25860, 1198.231
 25920, 1184.508
 25980, 1189.080
 26040, 1196.048
 26100, 1203.410
 26160, 1225.258
 26220, 1229.255
 26280, 1216.062
 26340, 1163.640
 26400, 1193.727
 26460, -9999.000
 26520, 1232.103
 26580, 1208.213
 26640, 1179.969
 26700, 1190.485
 26760, 1166.810
 26820, 1165.871
 26880, 1224.566
 26940, 1226.895
 27000, 1268.747
 27060, 1237.893
 27120, 1206.141
 27180, 1284.937
 27240, 1298.335
 27300, 1389.408
 27360, 1594.329
 27420, 1758.567
 27480, 1763.101
 27540, 1830.907
 27600, 1939.075
 27660, 2134.495
 27720, 2102.270
 27780, 2025.413
 27840, 1948.781
 27900, 2116.039
 27960, 2136.528
 28020, 1923.044
 28080, 2005.323
 28140, 2108.286
 28200, 2003.245
 28260, 1839.679
 28320, 1777.446
 28380, 1851.265
 28440, 2035.499
 28500, 2228.124
 28560, 2065.691
 28620, 1830.762
 28680, 1867.255
 28740, 1863.834
 28800, 1782.118
 28860, 1874.685
 28920, 1909.006
 28980, 2079.206
 29040, 1915.991
 29100, 1823.811
 29160, 1699.557
 29220, 1660.257
 29280, 1649.949
 29340, 1600.201
 29400, 1580.132
 29460, 1462.742
 29520, 1499.139
 29580, 1456.638
 29640, 1521.332
 29700, 1510.497
 29760, 1461.151
 29820, 1455.860
 29880, 1433.321
 29940, 1527.368
 30000, 1475.176
 30060, 1468.969
 30120, -9999.000
 30180, 1438.672
 30240, 1407.724
 30300, 1449.498
 30360, 1402.883
 30420, 1409.754
 30480, 1411.134
 30540, 1407.999
 30600, 1409.809
 30660, 1406.029
 30720, 1442.871
 30780, 1455.995
 30840, 1472.410
 30900, 1459.130
 30960, 1464.007
 31020, 1463.930
 31080, 1408.919
 31140, 1420.806
 31200, 1426.661
 31260, 1427.969
 31320, 1423.349
 31380, 1382.922
 31440, 1342.922
 31500, 1331.989
 31560, 1350.127
 31620, 1379.267
 31680, 1374.596
 31740, 1378.570
 31800, 1386.034
 31860, 1334.828
 31920, 1318.219
 31980, -9999.000
 32040, 1252.763
 32100, 1280.575
 32160, 1280.046
 32220, 1304.031
 32280, 1312.831
 32340, 1304.103
 32400, 1293.648
 32460, 1297.966
 32520, 1352.409
 32580, 1344.639
 32640, 1415.854
 32700, 1396.286
 32760, 1328.066
 32820, 1213.155
 32880, 1224.605
 32940, 1239.069
 33000, 1214.901
 33060, 1237.676
 33120, 1301.344
 33180, 1272.299
 33240, 1274.362
 33300, 1301.092
 33360, 1263.293
 33420, 1257.104
 33480, 1255.567
 33540, 1257.237
 33600, 1242.905
 33660, 1233.839
 33720, 1210.797
 33780, 1183.715
 33840, -9999.000
 33900, 1178.806
 33960, 1225.259
 34020, 1268.144
 34080, 1257.853
 34140, 1223.847
 34200, 1279.970
 34260, 1279.950
 34320, 1299.245
 34380, 1348.504
 34440, 1320.721
 34500, 1327.313
 34560, 1379.021
 34620, 1418.343
 34680, 1415.868
 34740, 1485.255
 34800, 1603.386
 34860, 1690.081
 34920, 2100.103
 34980, 2188.990
 35040, 2191.613
 35100, 2098.605
 35160, 2141.578
 35220, 2473.570
 35280, 2226.847
 35340, 2109.913
 35400, 2115.410
 35460, 1844.766
 35520, 1886.117
 35580, 1866.122
 35640, 1920.050
 35700, 2118.373
 35760, 2481.486
 35820, 2531.817
 35880, 2237.896
 35940, 1866.142
 36000, 1478.343
 36060, 1284.854
 36120, 1448.251
 36180, 1595.251
 36240, 1297.016
 36300, 1495.431
 36360, 1589.133
 36420, 1386.363
 36480, 1309.458
 36540, 1355.590
 36600, 1359.470
 36660, 1367.467
 36720, 1277.295
 36780, 1333.635
 36840, 1345.769
 36900, 1356.598
 36960, 1420.536
 37020, 1546.911
 37080, 1581.691
 37140, 1835.015
 37200, 1655.876
 37260, 1672.800
 37320, 1413.379
 37380, 1209.251
 37440, 1410.825
 37500, -9999.000
 37560, 1412.996
 37620, 1453.734
 37680, 1333.397
 37740, 1201.290
 37800, 1186.780
 37860, 1135.160
 37920, 1094.055
 37980, 1074.911
 38040, 1137.160
 38100, 1073.442
 38160, 1019.588
 38220, 1050.486
 38280, 1166.573
 38340, 1063.553
 38400, 1018.213
 38460, 1010.324
 38520, 1072.477
 38580, 1095.980
 38640, 1128.663
 38700, 1142.282
 38760, 1114.932
 38820, 1101.010
 38880, 1013.625
 38940, 975.860
 39000, 990.081
 39060, 1052.203
 39120, 966.129
 39180, 962.335
 39240, 1089.578
 39300, 1013.853
 39360, 979.169
 39420, 996.609
 39480, 1113.506
 39540, 1144.029
 39600, 1009.404
 39660, 1035.209
 39720, 1033.679
 39780, 1051.273
 39840, 1109.371
 39900, 1045.146
 39960, 1063.895
 40020, 1029.964
 40080, 1093.144
 40140, 1016.581
 40200, 995.317
 40260, 986.785
 40320, 1044.050
 40380, 1028.017
 40440, 1038.000
 40500, 955.849
 40560, 971.336
 40620, 927.561
 40680, 1014.653
 40740, 1041.296
 40800, 1025.660
 40860, 991.404
 40920, 1044.642
 40980, 1016.561
 41040, 1037.193
 41100, 1032.070
 41160, 1080.301
 41220, -9999.000
 41280, 1031.170
 41340, 1009.724
 41400, 1057.687
 41460, 1057.647
 41520, 1057.977
 41580, 1118.931
 41640, 1090.565
 41700, 1039.494
 41760, 1046.424
 41820, 1074.241
 41880, 1055.247
 41940, 1006.580
 42000, 1072.924
 42060, 1044.771
 42120, 1014.915
 42180, 967.009
 42240, 1009.084
 42300, 1001.720
 42360, 991.300
 42420, 1038.812
 42480, 1014.074
 42540, 1005.729
 42600, 913.612
 42660, 939.515
 42720, 1029.094
 42780, 1020.705
 42840, 1029.378
 42900, 979.185
 42960, 1009.417
 43020, 968.477
 43080, 1037.024
 43140, 953.911
 43200, 980.961
 43260, 1002.659
 43320, 989.208
 43380, 998.320
 43440, 981.686
 43500, 1002.238
 43560, 994.239
 43620, 1012.255
 43680, 1017.780
 43740, 1025.116
 43800, 1066.430
 43860, 1107.207
 43920, 1062.270
 43980, 1137.767
 44040, 1063.804
 44100, 1057.391
 44160, 1149.961
 44220, 1119.580
 44280, 1058.050
 44340, 1098.925
 44400, 1134.763
 44460, 1097.444
 44520, 1068.740
 44580, 1054.296
 44640, 1052.166
 44700, 1124.130
 44760, 1129.500
 44820, 1121.238
 44880, 1131.370
 44940, 1124.200
 45000, 1147.370
 45060, 1193.524
 45120, 1173.726
 45180, 1154.894
 45240, 1209.687
 45300, 1223.380
 45360, 1167.948
 45420, 1183.561
 45480, 1221.758
 45540, 1219.444
 45600, 1197.167
 45660, 1193.431
 45720, 1151.216
 45780, 1143.439
 45840, 1177.523
 45900, 1353.653
 45960, 1351.694
 46020, 1296.825
 46080, 1325.928
 46140, 1455.853
 46200, 1449.649
 46260, 1417.240
 46320, 1395.699
 46380, 1411.484
 46440, 1431.705
 46500, 1440.252
 46560, 1458.877
 46620, 1523.179
 46680, 1497.134
 46740, 1484.510
 46800, 1734.936
 46860, 1854.285
 46920, 1694.385
 46980, 1608.437
 47040, 1574.525
 47100, 1554.205
 47160, 1469.558
 47220, 1392.795
 47280, 1346.189
 47340, 1315.037
 47400, 1287.290
 47460, 1243.717
 47520, 1209.832
 47580, 1196.575
 47640, 1221.533
 47700, 1198.919
 47760, 1254.253
 47820, 1208.821
 47880, 1176.582
 47940, 1180.678
 48000, 1145.452
 48060, 1152.985
 48120, 1133.015
 48180, 1109.433
 48240, 1109.820
 48300, 1106.190
 48360, 1111.818
 48420, 1135.278
 48480, 1141.883
 48540, 1140.311
 48600, -9999.000
 48660, 1079.846
 48720, 1085.644
 48780, 1089.319
 48840, 1123.676
 48900, 1123.473
 48960, 1156.057
 49020, 1157.156
 49080, 1197.106
 49140, 1223.468
 49200, 1200.404
 49260, 1070.847
 49320, 1041.433
 49380, 1050.320
 49440, 1086.220
 49500, 1111.745
 49560, 1136.899
 49620, 1153.016
 49680, 1121.315
 49740, 1125.786
 49800, 1135.288
 49860, 1187.371
 49920, 1172.116
 49980, 1200.706
 50040, 1243.504
 50100, 1240.899
 50160, 1221.328
 50220, 1221.182
 50280, 1197.212
 50340, 1276.285
 50400, 1275.787
 50460, -9999.000
 50520, 1192.715
 50580, 1206.597
 50640, 1191.102
 50700, 1230.686
 50760, 1126.289
 50820, 1092.125
 50880, 1071.007
 50940, 1133.004
 51000, 1087.126
 51060, 1110.304
 51120, 1120.624
 51180, 1109.475
 51240, 1125.429
 51300, 1149.793
 51360, 1104.683
 51420, 1067.800
 51480, 1015.455
 51540, 983.875
 51600, 1220.037
 51660, 1171.834
 51720, 1242.203
 51780, 1271.505
 51840, 1275.294
 51900, 1247.367
 51960, 1164.589
 52020, 1154.051
 52080, 1213.352
 52140, 1130.316
 52200, 1178.693
 52260, 1176.461
 52320, -9999.000
 52380, 1173.861
 52440, 1180.958
 52500, 1210.454
 52560, 1214.450
 52620, 1224.377
 52680, 1160.034
 52740, 1082.058
 52800, 1051.954
 52860, 1022.071
 52920, 1031.610
 52980, 1029.000
 53040, 1018.310
 53100, 1034.732
 53160, 1078.804
 53220, 1112.459
 53280, 1060.576
 53340, 1092.620
 53400, 1114.111
 53460, 1119.480
 53520, 1097.110
 53580, 1042.633
 53640, 1061.430
 53700, 1074.077
 53760, 1077.781
 53820, 1086.831
 53880, 1108.820
 53940, 1082.526
 54000, 1100.273
 54060, 1149.583
 54120, 1183.748
 54180, 1174.507
 54240, 1135.219
 54300, 1152.595
 54360, 1145.177
 54420, 1127.407
 54480, 1128.056
 54540, 1115.093
 54600, 993.258
 54660, 977.768
 54720, 928.600
 54780, 895.307
 54840, 886.337
 54900, 764.944
 54960, 748.248
 55020, 736.512
 55080, 728.456
 55140, 653.234
 55200, 594.414
 55260, 594.773
 55320, 557.769
 55380, 487.115
 55440, 480.236
 55500, 454.409
 55560, 472.285
 55620, 523.394
 55680, -9999.000
 55740, -9999.000
 55800, -9999.000
 55860, -9999.000
 55920, -9999.000
 55980, -9999.000
 56040, -9999.000
 56100, -9999.000
 56160, -9999.000
 56220, -9999.000
 56280, -9999.000
 56340, -9999.000
 56400, -9999.000
