CampaignData_and_Merges/R0/CSL_MobileLab_Parked/raw/20240812/USOS-NOAAIodideCIMS-HCOOH_MobileLabGround_20240812_RA.ict
33, 1001
Michael A Robinson, Chris Jernigan, Subi Thakali
NOAA ESRL Chemical Sciences Laboratory and CIRES, U. of Colorado
NOAA Iodide CIMS Instrument
USOS
1, 1
2024, 08, 12, 2024, 08, 13
1
starttime_UTC, seconds_past_midnight, seconds_of_day_since_00:00:00_UTC
1
1
-9999
HCOOH_NOAACIMS, pptv, Gas_HCOOH_InSitu_S_AVMR, 
0
18
PI_CONTACT_INFO: 325 Broadway, R/CSD 7, Boulder, Colorado 80305; michael.a.robinson@noaa.gov; chris.jernigan@noaa.gov;
PLATFORM: NOAA CSL Mobile Lab
LOCATION: SLC, Utah
ASSOCIATED_DATA: 1Hz data also available on request.
INSTRUMENT_INFO: NOAA I- ToF CIMS
DATA_INFO: All data in parts per trillion by volume (pptv). 1 Hz data is available upon request.
UNCERTAINTY: TBD
ULOD_FLAG: -7777
ULOD_VALUE: N/A
LLOD_FLAG: -8888
LLOD_VALUE: N/A
DM_CONTACT_INFO: Nathan Howard; nathan.h.howard@noaa.gov
PROJECT_INFO: USOS, summer 2024. https://csl.noaa.gov/groups/csl7/measurements/2024usos/
STIPULATIONS_ON_USE: Users are strongly encouraged to contact the PI for proper data usage.
OTHER_COMMENTS: 
REVISION: RA
RA: Preliminary Data; For in-field use only
starttime_UTC, HCOOH_NOAACIMS
[from data line 942]
 56520, -9999.000
 56580, -9999.000
 56640, -9999.000
 56700, -9999.000
 56760, -9999.000
 56820, -9999.000
 56880, -9999.000
 56940, -9999.000
 57000, -9999.000
 57060, -9999.000
 57120, -9999.000
 57180, -9999.000
 57240, -9999.000
 57300, -9999.000
 57360, -9999.000
 57420, -9999.000
 57480, -9999.000
 57540, 58.463
 57600, 50.287
 57660,  5.181
 57720, -9999.000
 57780, -9999.000
 57840, 985.736
 57900, 1007.782
 57960, 963.846
 58020, 927.139
 58080, 921.908
 58140, 854.072
 58200, 855.238
 58260, 903.425
 58320, 845.845
 58380, 894.475
 58440, 875.743
 58500, 882.029
 58560, 823.697
 58620, 857.300
 58680, 842.124
 58740, 870.011
 58800, 795.621
 58860, 760.063
 58920, 814.833
 58980, 851.183
 59040, 800.584
 59100, 766.687
 59160, 801.104
 59220, 787.468
 59280, 812.412
 59340, 862.647
 59400, 804.549
 59460, 736.363
 59520, 763.054
 59580, 812.365
 59640, -9999.000
 59700, 807.424
 59760, 781.093
 59820, 764.776
 59880, 732.330
 59940, 797.989
 60000, 719.990
 60060, 799.553
 60120, 794.769
 60180, 758.118
 60240, 786.210
 60300, 765.459
 60360, 749.889
 60420, 718.021
 60480, 735.746
 60540, 770.144
 60600, 793.943
 60660, 788.262
 60720, 671.620
 60780, 676.760
 60840, 724.661
 60900, 737.749
 60960, 705.763
 61020, 683.503
 61080, 695.658
 61140, 710.887
 61200, 687.720
 61260, 724.961
 61320, 684.664
 61380, 719.934
 61440, 710.081
 61500, -9999.000
 61560, 716.701
 61620, 751.231
 61680, 714.155
 61740, 720.080
 61800, 730.700
 61860, 781.559
 61920, 795.028
 61980, 733.239
 62040, 763.619
 62100, 726.279
 62160, 720.122
 62220, 727.819
 62280, 752.654
 62340, 747.416
 62400, 702.865
 62460, 689.679
 62520, 711.534
 62580, 731.718
 62640, 779.768
 62700, 760.602
 62760, 788.438
 62820, 721.737
 62880, 688.370
 62940, 710.100
 63000, 753.297
 63060, 795.637
 63120, 743.258
 63180, 748.184
 63240, 740.423
 63300, 717.029
 63360, -9999.000
 63420, 754.855
 63480, 763.185
 63540, 725.232
 63600, 766.426
 63660, 759.516
 63720, 773.916
 63780, 758.662
 63840, 765.037
 63900, 791.272
 63960, 729.580
 64020, 679.966
 64080, 689.452
 64140, 757.131
 64200, 767.150
 64260, 745.363
 64320, 692.702
 64380, 707.729
 64440, 740.927
 64500, 762.548
 64560, 776.345
 64620, 807.533
 64680, 755.219
 64740, 807.757
 64800, 748.352
 64860, 798.589
 64920, 814.062
 64980, 813.702
 65040, 805.867
 65100, 795.850
 65160, 752.731
 65220, 787.815
 65280, 802.769
 65340, 873.369
 65400, 785.756
 65460, 794.424
 65520, 750.839
 65580, 776.583
 65640, 734.465
 65700, 760.011
 65760, 783.306
 65820, 767.061
 65880, 758.788
 65940, 768.823
 66000, 761.843
 66060, 783.571
 66120, 770.457
 66180, 791.497
 66240, 791.333
 66300, 844.108
 66360, 822.061
 66420, 814.305
 66480, 857.687
 66540, 816.908
 66600, 849.305
 66660, 870.925
 66720, 872.465
 66780, 850.688
 66840, 886.329
 66900, 955.855
 66960, 897.902
 67020, -9999.000
 67080, 878.386
 67140, 890.843
 67200, 928.128
 67260, 901.484
 67320, 924.955
 67380, 893.725
 67440, 843.850
 67500, 933.509
 67560, 893.981
 67620, 920.766
 67680, 973.537
 67740, 920.454
 67800, 904.274
 67860, 888.827
 67920, 927.071
 67980, 925.563
 68040, 940.860
 68100, 958.206
 68160, 903.033
 68220, 860.344
 68280, 942.695
 68340, 877.297
 68400, 913.778
 68460, 921.996
 68520, 885.249
 68580, 918.840
 68640, 914.944
 68700, 897.294
 68760, 874.930
 68820, 873.492
 68880, -9999.000
 68940, 800.094
 69000, 822.772
 69060, 807.051
 69120, 818.557
 69180, 888.763
 69240, 859.899
 69300, 867.148
 69360, 834.313
 69420, 855.791
 69480, 815.457
 69540, 820.234
 69600, 803.471
 69660, 827.519
 69720, 875.603
 69780, 852.585
 69840, 853.303
 69900, 894.723
 69960, 935.629
 70020, 979.677
 70080, 1327.130
 70140, 1827.985
 70200, 1191.894
 70260, 1114.725
 70320, 981.075
 70380, 1050.400
 70440, 923.177
 70500, 903.906
 70560, 936.641
 70620, 967.598
 70680, 945.240
 70740, -9999.000
 70800, 874.228
 70860, 911.645
 70920, 894.173
 70980, 913.033
 71040, 954.726
 71100, 903.635
 71160, 904.265
 71220, 885.274
 71280, 928.229
 71340, 925.871
 71400, 954.331
 71460, 979.282
 71520, 981.649
 71580, 1048.332
 71640, 1048.157
 71700, 1002.230
 71760, 1105.510
 71820, 1177.023
 71880, 1176.626
 71940, 1160.306
 72000, 1139.003
 72060, 1201.779
 72120, 1184.163
 72180, 1177.874
 72240, 1173.925
 72300, 1084.461
 72360, 1033.546
 72420, 1054.114
 72480, 1084.081
 72540, 1010.515
 72600, 1048.777
 72660, 1000.486
 72720, 1001.359
 72780, 1043.457
 72840, 1097.759
 72900, 1074.360
 72960, 1216.703
 73020, 1199.391
 73080, 1134.616
 73140, 1218.422
 73200, 1172.755
 73260, 1144.337
 73320, 1189.470
 73380, 1155.162
 73440, 1119.141
 73500, 1122.022
 73560, 1152.004
 73620, 1111.093
 73680, 1055.879
 73740, 1077.187
 73800, 1057.472
 73860, 1019.835
 73920, 1073.718
 73980, 1092.558
 74040, 1060.094
 74100, 1046.167
 74160, 1044.350
 74220, 1100.617
 74280, 1064.355
 74340, 1062.896
 74400, 1029.098
 74460, 1014.615
 74520, 1007.703
 74580, 1032.028
 74640, 1063.864
 74700, 1073.769
 74760, 1083.301
 74820, 1100.942
 74880, 1141.518
 74940, 1143.474
 75000, 1153.839
 75060, 1052.401
 75120, 976.524
 75180, 964.549
 75240, 957.293
 75300, 967.820
 75360, 962.887
 75420, 978.603
 75480, 988.431
 75540, 997.074
 75600, 959.857
 75660, 1002.200
 75720, 1032.141
 75780, 1072.556
 75840, 1172.543
 75900, 1203.790
 75960, 1262.249
 76020, 1416.966
 76080, 1516.141
 76140, 1448.257
 76200, 1609.940
 76260, 1823.040
 76320, 1758.788
 76380, 1821.208
 76440, 1755.781
 76500, 1678.851
 76560, 1597.501
 76620, 1395.323
 76680, 1340.168
 76740, 1391.187
 76800, 1385.680
 76860, 1341.093
 76920, 1336.268
 76980, 1246.819
 77040, 1183.830
 77100, 1097.285
 77160, 942.871
 77220, 822.040
 77280, 771.044
 77340, 734.851
 77400, 655.385
 77460, 521.475
 77520, 472.336
 77580, 445.116
 77640, 460.950
 77700, 450.854
 77760, 447.170
 77820, 408.744
 77880, 455.619
 77940, 502.660
 78000, 430.180
 78060, 448.516
 78120, -9999.000
 78180, 506.596
 78240, 498.749
 78300, 465.311
 78360, 434.921
 78420, 363.657
 78480, 316.652
 78540, 467.910
 78600, 602.650
 78660, 560.457
 78720, 623.192
 78780, 647.414
 78840, 615.025
 78900, 666.668
 78960, 588.535
 79020, 611.277
 79080, 560.584
 79140, 516.605
 79200, 490.395
 79260, 603.278
 79320, 680.996
 79380, 622.773
 79440, 604.810
 79500, 570.241
 79560, 587.366
 79620, 626.588
 79680, 512.529
 79740, 622.471
 79800, 610.238
 79860, 552.767
 79920, 604.082
 79980, -9999.000
 80040, 577.176
 80100, 573.171
 80160, 499.861
 80220, 524.822
 80280, 495.772
 80340, 583.235
 80400, 650.419
 80460, 554.435
 80520, 608.600
 80580, 520.623
 80640, 580.001
 80700, 466.767
 80760, 482.323
 80820, 449.127
 80880, 483.714
 80940, 532.758
 81000, 586.070
 81060, 680.078
 81120, 590.870
 81180, 583.094
 81240, 644.398
 81300, 623.306
 81360, 606.700
 81420, 614.956
 81480, 676.907
 81540, 636.304
 81600, 633.945
 81660, 602.253
 81720, 580.302
 81780, 522.626
 81840, -9999.000
 81900, 533.925
 81960, 524.993
 82020, 509.489
 82080, 465.056
 82140, 468.263
 82200, 450.496
 82260, 415.133
 82320, 457.142
 82380, 477.731
 82440, 468.597
 82500, 467.955
 82560, 445.122
 82620, 419.597
 82680, 462.014
 82740, 456.062
 82800, 442.663
 82860, 417.513
 82920, 387.918
 82980, 400.012
 83040, 382.351
 83100, 416.330
 83160, 396.631
 83220, 378.850
 83280, 405.494
 83340, 378.762
 83400, 375.442
 83460, 363.554
 83520, 347.762
 83580, 365.440
 83640, 336.589
 83700, 332.468
 83760, 315.690
 83820, 331.865
 83880, 317.218
 83940, 303.753
 84000, 305.599
 84060, 299.452
 84120, 330.155
 84180, 292.001
 84240, 289.916
 84300, 286.752
 84360, 279.731
 84420, 282.613
 84480, 299.972
 84540, 309.093
 84600, 303.783
 84660, 260.840
 84720, 300.089
 84780, 311.244
 84840, 291.722
 84900, 301.128
 84960, 310.046
 85020, 327.234
 85080, 302.970
 85140, 307.002
 85200, 322.803
 85260, 313.668
 85320, 296.724
 85380, 303.099
 85440, 300.248
 85500, -9999.000
 85560, 304.675
 85620, 335.913
 85680, 301.285
 85740, 314.621
 85800, 327.509
 85860, 303.448
 85920, 317.393
 85980, 329.982
 86040, 321.836
 86100, 337.824
 86160, 338.136
 86220, 326.700
 86280, 324.171
 86340, 312.076
