CampaignData_and_Merges/R0/CSL_MobileLab_Parked/raw/20240812/USOS-Picarro-CO2-CH4-CO-H2O_MobileLabGround_20240812_R0.ict
38, 1001
Ilana Pollack, Nell Schafer, and Jeff Peischl
NOAA Chemical Sciences Laboratory
Picarro 2401-m CO2/CH4/CO/H2O Analyzer
USOS
1, 1
2024, 08, 12, 2024, 11, 20
0
StartTime_UTC, seconds_past_midnight, seconds past midnight
5
1, 1, 1, 1, 1
-9999, -9999, -9999, -9999, -9999
StopTime_UTC, seconds_past_midnight, seconds past midnight
CO2_ppm_1min, ppm, Gas_CO2_InSitu_S_DMF, carbon dioxide mixing ratio
CH4_ppb_1min, ppb, Gas_CH4_InSitu_S_DMF, methane mixing ratio
CO_ppb_1min, ppb, Gas_CO_InSitu_S_DMF, carbon monoxide mixing ratio
H2O_ppmv_1min, ppmv, Met_H2OMRV_InSitu_S_AVMR, water vapor mixing ratio
1
SPECIAL COMMENTS: N/A
18
PI_CONTACT_INFO: Address: NOAA Chemical Sciences Laboratory, Mail Stop CSL7, 325 Broadway, Boulder, CO 80305; Email: Ilana.Pollack@noaa.gov
PLATFORM: NOAA CSL Mobile Laboratory
LOCATION: The mobile lab was stationed in Salt Lake City, Utah.
ASSOCIATED_DATA: N/A
INSTRUMENT_INFO: CO2, CH4, and CO are reported as dry air mole fractions using a commercial wavelength-scanned cavity ring-down analyzer (Picarro 2401-m). An in-field calibration gas standard of 432±0.07 ppm CO2, 2095±1 ppb CH4, and 183±1 ppb CO, calibrated in the Boulder laboratories before and after the field project using primary CO2, CH4, and CO standard tanks tied to the WMO standard (X2019, X2004A, and X2014A, respectively) from the Global Monitoring Laboratory (GML), was delivered to the inlet every 2-3 days to evaluate instrument sensitivity. A H2O measurement was calibrated before the project with a Dew Point Mirror 373 hygrometer. The water correction calculated from these calibrations was applied to the H2O measurement for the entire campaign. Species are measured at 0.5 Hz and reported as 1-minute averages for stationary measurements.
DATA_INFO: Units: CO2, ppm, dry air mole fraction; CH4, ppb, dry air mole fraction; CO, ppb, dry air mole fraction; H2O, ppmv
UNCERTAINTY: Total uncertainties are estimated as ±0.1 ppm for CO2, ±1 ppb for CH4, ±5 ppb for CO, and ±(50 ppm + 4%) for H2O.
ULOD_FLAG: -7777
ULOD_VALUE: N/A
LLOD_FLAG: -8888
LLOD_VALUE: N/A
DM_CONTACT_INFO: Data Manager: Nathan Howard; nathan.h.howard@noaa.gov
PROJECT_INFO: USOS Dates of Study: July – August 2024
STIPULATIONS_ON_USE: Use of these data require prior ok from PI.
OTHER_COMMENTS: Data are averaged to 1 minute intervals. Stationary data collected from a 10 ft tower on top of the mobile van.
REVISION: R0
R0: Final Data
StartTime_UTC, StopTime_UTC, CO2_ppm_1min, CH4_ppb_1min, CO_ppb_1min, H2O_ppmv_1min
[from data line 1140]
68400,68460,428.31,1942.1,129.1,18613.8477
68460,68520,427.59,1941.3,124.1,18399.3066
68520,68580,427.31,1941.3,123.4,18257.8105
68580,68640,428.58,1942.2,142.2,18571.7207
68640,68700,427.46,1941.6,123.6,18440.9473
68700,68760,427.39,1941.9,122.8,18601.3457
68760,68820,427.30,1941.7,120.1,18533.8105
68820,68880,427.11,1941.4,118.7,18477.1484
68880,68940,427.62,1941.3,120.7,18314.2578
68940,69000,429.25,1942.5,136.2,18539.0625
69000,69060,429.27,1942.2,127.3,18274.2227
69060,69120,430.64,1942.8,130.0,18387.2227
69120,69180,431.82,1943.3,136.2,18463.2070
69180,69240,430.45,1943.7,134.7,18373.8164
69240,69300,429.17,1943.7,134.9,18457.5977
69300,69360,428.61,1942.9,126.1,18329.4063
69360,69420,428.12,1942.9,122.2,18410.2773
69420,69480,428.00,1942.4,121.2,18360.4473
69480,69540,427.84,1942.6,128.9,18388.3691
69540,69600,428.14,1942.6,125.2,18333.7852
69600,69660,428.43,1942.2,121.4,18325.0254
69660,69720,428.77,1942.5,122.1,18366.4844
69720,69780,429.14,1942.9,121.7,18486.8887
69780,69840,428.67,1943.3,120.0,18448.6484
69840,69900,428.66,1943.4,123.4,18478.5098
69900,69960,428.59,1943.6,123.6,18730.4355
69960,70020,428.60,1943.6,126.8,18539.5879
70020,70080,428.19,1943.3,129.9,18777.4238
70080,70140,428.65,1943.7,132.3,19219.4141
70140,70200,429.24,1945.0,139.5,20365.1699
70200,70260,428.33,1943.5,128.3,18687.5469
70260,70320,428.34,1944.0,125.2,18787.7422
70320,70380,427.65,1943.2,120.7,18593.3672
70380,70440,428.15,1943.8,128.5,18758.6133
70440,70500,428.28,1943.2,127.0,18538.8906
70500,70560,429.61,1943.4,133.1,18534.5527
70560,70620,428.43,1943.6,128.7,18561.5410
70620,70680,427.97,1943.4,125.4,18727.1641
70680,70740,428.02,1943.2,124.5,18584.4414
70740,70800,428.38,1943.1,122.2,18544.9141
70800,70860,427.74,1942.8,122.3,18454.9219
70860,70920,427.86,1943.2,124.6,18586.9004
70920,70980,428.25,1942.9,122.9,18519.0918
70980,71040,428.60,1943.4,126.2,18561.8438
71040,71100,428.93,1944.7,131.2,18784.2461
71100,71160,428.43,1944.0,128.4,18571.2617
71160,71220,428.29,1943.3,123.6,18543.3828
71220,71280,427.96,1943.0,122.6,18538.5430
71280,71340,428.10,1943.1,123.3,18592.7148
71340,71400,427.93,1942.9,129.7,18587.2402
71400,71460,428.76,1943.6,131.8,18626.1328
71460,71520,428.09,1943.9,126.9,18594.8105
71520,71580,429.89,1944.3,139.9,18943.8730
71580,71640,428.39,1944.1,132.4,18810.5313
71640,71700,427.84,1943.7,128.5,18979.5059
71700,71760,428.69,1943.4,128.1,18969.5430
71760,71820,428.41,1944.2,139.6,19290.0547
71820,71880,428.74,1943.6,129.6,19122.5957
71880,71940,427.79,1943.6,127.5,19154.8906
71940,72000,427.89,1943.4,127.9,19090.9316
72000,72060,428.21,1943.4,125.6,19015.9277
72060,72120,428.69,1944.1,127.0,19144.3965
72120,72180,428.55,1944.0,125.8,19123.3594
72180,72240,427.72,1943.7,125.5,19126.3652
72240,72300,427.90,1944.0,126.4,19252.8809
72300,72360,428.09,1943.4,123.1,18840.9160
72360,72420,429.81,1943.7,124.8,19054.5039
72420,72480,428.13,1943.7,124.0,18873.3027
72480,72540,428.36,1943.7,127.4,18772.0313
72540,72600,428.46,1943.9,130.3,18837.7910
72600,72660,428.37,1944.0,130.0,18845.7539
72660,72720,428.43,1944.0,130.6,18716.4727
72720,72780,428.61,1944.1,129.9,18623.0586
72780,72840,429.18,1944.5,132.9,18672.6406
72840,72900,429.65,1945.2,138.9,18852.7539
72900,72960,429.49,1945.1,138.1,18591.8359
72960,73020,430.34,1946.5,143.7,18906.9199
73020,73080,430.23,1947.8,139.3,18689.7832
73080,73140,430.33,1948.0,140.2,18600.6445
73140,73200,430.51,1948.0,141.9,18636.4688
73200,73260,430.88,1947.7,144.1,18466.6465
73260,73320,431.00,1948.0,146.4,18485.1719
73320,73380,430.83,1948.7,145.0,18547.7207
73380,73440,430.62,1947.0,144.4,18270.6074
73440,73500,430.70,1947.7,148.3,18263.9199
73500,73560,431.22,1947.6,157.0,18379.7793
73560,73620,431.56,1947.8,165.5,18480.5762
73620,73680,431.55,1947.8,158.0,18422.7344
73680,73740,431.12,1947.3,154.2,18311.0977
73740,73800,431.07,1947.5,152.6,18369.9805
73800,73860,430.95,1947.0,152.0,18370.9824
73860,73920,430.60,1946.8,143.8,18375.5625
73920,73980,431.42,1947.4,148.1,18491.0293
73980,74040,431.10,1947.4,148.8,18431.1816
74040,74100,431.15,1948.0,147.3,18466.6191
74100,74160,431.54,1947.7,151.1,18365.2500
74160,74220,431.65,1948.0,147.5,18322.2852
74220,74280,431.74,1948.8,147.2,18406.5938
74280,74340,431.05,1948.8,149.7,18378.9258
74340,74400,430.62,1948.4,147.1,18344.0605
74400,74460,429.96,1947.7,144.8,18187.5059
74460,74520,429.67,1947.0,138.9,18113.8770
74520,74580,429.48,1946.9,140.1,17997.5176
74580,74640,429.57,1947.1,139.8,17999.5664
74640,74700,429.86,1947.7,139.4,17976.0957
74700,74760,429.91,1948.1,143.5,17902.4043
74760,74820,430.32,1948.4,151.1,17702.4316
74820,74880,430.87,1948.9,156.9,17870.6504
74880,74940,431.92,1949.9,164.0,18000.9902
74940,75000,433.14,1950.3,166.9,18167.1094
75000,75060,432.24,1950.4,165.5,18157.5508
75060,75120,430.04,1948.9,149.5,17491.1035
75120,75180,429.92,1949.1,148.9,17188.0234
75180,75240,429.94,1949.5,140.2,17201.7676
75240,75300,429.54,1949.2,139.8,17187.9629
75300,75360,429.40,1949.7,138.5,17327.1172
75360,75420,429.42,1949.5,135.3,17373.5176
75420,75480,429.33,1949.7,138.4,17479.1094
75480,75540,430.79,1949.7,141.9,17529.1582
75540,75600,429.88,1949.6,138.7,17407.0938
75600,75660,431.78,1949.8,157.4,17421.9785
75660,75720,430.06,1949.7,137.6,17163.2988
75720,75780,434.16,1951.0,153.1,17052.0938
75780,75840,431.70,1950.7,148.2,16931.7734
75840,75900,431.52,1950.8,144.4,17091.8418
75900,75960,431.81,1951.1,152.3,17230.1348
75960,76020,430.09,1950.2,141.2,17146.2227
76020,76080,429.91,1950.2,141.8,17496.3301
76080,76140,429.92,1950.4,141.2,17707.1973
76140,76200,429.48,1950.5,142.2,17675.5391
76200,76260,429.33,1950.3,139.3,17585.5039
76260,76320,429.75,1950.9,137.3,17802.0801
76320,76380,430.27,1951.7,142.5,18150.4766
76380,76440,430.37,1952.1,142.8,18872.9746
76440,76500,431.99,1955.6,155.5,19079.7480
76500,76560,433.53,1958.2,166.7,19455.1641
76560,76620,433.70,1959.2,167.3,19296.9980
76620,76680,433.11,1960.3,163.9,19213.6699
76680,76740,432.75,1963.9,155.7,19306.9395
76740,76800,432.73,1962.5,154.9,19778.3965
76800,76860,432.73,1958.9,155.5,19988.5742
76860,76920,432.76,1954.5,156.5,20167.1777
76920,76980,432.38,1954.5,150.8,20332.1211
76980,77040,431.28,1952.2,140.2,19923.4395
77040,77100,429.99,1946.8,131.6,18539.2402
77100,77160,427.96,1941.1,119.3,17279.9785
77160,77220,426.93,1939.4,113.0,17022.2891
77220,77280,426.64,1937.9,111.4,17113.2344
77280,77340,426.43,1937.2,111.7,17164.0996
77340,77400,426.65,1937.7,111.5,17168.5215
77400,77460,426.95,1939.1,110.1,17597.2012
77460,77520,426.75,1937.7,108.7,18084.7813
77520,77580,426.73,1937.3,109.3,18185.3867
77580,77640,427.12,1938.6,111.7,18119.9082
77640,77700,427.44,1939.3,115.8,18727.7969
77700,77760,428.13,1940.6,115.9,18669.3965
77760,77820,428.41,1942.2,120.1,18654.8223
77820,77880,429.81,1944.9,122.4,19045.7480
77880,77940,430.67,1946.1,126.2,20231.9043
77940,78000,429.35,1945.7,130.2,19205.1172
78000,78060,429.80,1945.0,132.5,19735.7891
78060,78120,431.35,1945.3,132.4,20261.4902
78120,78180,431.47,1945.6,132.8,20878.6641
78180,78240,430.63,1945.8,136.3,20244.3125
78240,78300,431.39,1945.4,150.6,20245.3203
78300,78360,437.24,1947.6,200.7,21333.0527
78360,78420,439.83,1948.6,200.3,21866.7930
78420,78480,447.11,1951.2,220.9,22573.7656
78480,78540,452.02,1952.7,204.2,23134.7363
78540,78600,443.70,1952.5,174.8,23000.7109
78600,78660,440.77,1950.7,168.0,22506.3652
78660,78720,442.22,1950.7,170.9,22567.5410
78720,78780,442.54,1950.3,210.0,22200.1367
78780,78840,443.81,1949.5,200.9,21940.3320
78840,78900,445.07,1949.5,182.2,21921.3965
78900,78960,439.66,1948.3,230.8,21397.6172
78960,79020,441.66,1948.6,224.0,21753.7031
79020,79080,438.51,1948.5,196.2,21744.0254
79080,79140,437.67,1948.6,164.0,21768.7168
79140,79200,440.80,1949.4,188.6,22121.8965
79200,79260,439.95,1949.5,182.2,22362.9453
79260,79320,439.57,1949.7,247.5,22144.3262
79320,79380,438.20,1947.0,177.1,21717.0898
79380,79440,441.22,1947.4,171.5,21937.3320
79440,79500,439.89,1947.6,178.6,22031.1250
79500,79560,442.02,1948.5,204.6,22208.1992
79560,79620,441.26,1947.9,175.8,22225.5117
79620,79680,440.40,1947.4,159.2,21861.6289
79680,79740,440.61,1947.7,158.4,22280.3926
79740,79800,438.90,1946.8,165.7,21882.3770
79800,79860,438.85,1946.6,169.0,21783.7715
79860,79920,440.15,1947.2,165.1,22018.5703
79920,79980,439.72,1947.1,149.5,21842.0938
79980,80040,438.72,1947.1,149.1,21943.7090
80040,80100,439.82,1947.6,153.5,21891.5586
80100,80160,440.62,1947.9,157.5,21971.2715
80160,80220,441.34,1948.2,159.0,22367.6230
80220,80280,445.33,1950.3,173.0,22320.0332
80280,80340,444.44,1950.9,171.9,22492.7891
80340,80400,445.73,1951.4,182.4,22404.2324
80400,80460,443.22,1950.6,196.1,21903.8965
80460,80520,446.78,1949.9,206.5,22171.1641
80520,80580,444.35,1949.5,218.3,21739.9297
80580,80640,441.90,1950.5,233.4,22265.9355
80640,80700,442.28,1950.6,208.4,22346.8633
80700,80760,442.72,1951.8,220.3,22834.3359
80760,80820,443.72,1953.7,187.8,23105.3926
80820,80880,443.91,1954.7,182.6,23590.7051
80880,80940,445.94,1954.7,183.2,23418.7383
80940,81000,444.17,1954.9,179.8,23189.9590
81000,81060,441.64,1952.7,169.6,22962.9121
81060,81120,439.97,1953.0,180.3,22372.6270
81120,81180,441.36,1956.5,199.0,22645.3809
81180,81240,441.55,1957.3,216.6,22632.8574
81240,81300,440.09,1954.4,200.8,22308.5215
81300,81360,441.30,1953.4,197.0,22383.7734
81360,81420,441.16,1954.3,192.2,22373.1250
81420,81480,440.69,1950.5,169.0,22104.0742
81480,81540,441.65,1946.0,164.5,21646.4668
81540,81600,444.51,1946.1,201.6,21696.8027
81600,81660,443.16,1947.4,250.7,21547.0039
81660,81720,443.01,1949.7,147.7,21534.3516
81720,81780,448.45,1949.8,161.0,21689.3574
81780,81840,443.39,1949.8,167.6,21802.7012
81840,81900,446.34,1949.4,180.3,21909.2871
81900,81960,440.48,1948.6,176.6,22006.5000
81960,82020,443.00,1947.6,202.3,21913.0527
82020,82080,440.06,1946.3,151.1,21882.5547
82080,82140,440.24,1945.9,148.0,22034.3281
82140,82200,439.18,1945.1,151.3,21953.1113
82200,82260,442.29,1945.9,162.4,21907.3652
82260,82320,447.83,1946.4,160.2,22206.3809
82320,82380,446.16,1947.3,164.4,21963.4551
82380,82440,441.48,1947.2,141.0,21726.9453
82440,82500,449.02,1948.6,194.6,21614.9199
82500,82560,444.83,1949.2,176.4,21437.2656
82560,82620,446.24,1949.3,179.2,21693.0293
82620,82680,443.20,1947.2,139.7,21837.8867
82680,82740,441.28,1945.7,147.2,21422.3672
82740,82800,437.60,1944.3,128.6,21229.1016
82800,82860,438.97,1944.6,159.1,21042.5156
82860,82920,439.07,1944.0,139.6,21212.0195
82920,82980,441.78,1945.4,241.4,21383.1582
82980,83040,442.52,1945.5,285.3,21192.9180
83040,83100,445.40,1945.5,219.3,21266.5352
83100,83160,439.73,1943.8,152.4,20903.8711
83160,83220,439.75,1945.3,154.5,21042.6523
83220,83280,437.82,1944.2,152.7,21144.1563
83280,83340,436.87,1943.2,143.7,20705.4844
83340,83400,435.89,1942.3,124.0,20991.4922
83400,83460,442.08,1943.1,164.8,21080.9004
83460,83520,436.71,1942.2,135.5,21049.4199
83520,83580,440.14,1942.9,166.7,21103.7090
83580,83640,440.96,1942.2,138.5,20966.5703
83640,83700,439.15,1942.5,137.9,21093.4219
83700,83760,440.28,1942.9,160.5,21173.7090
83760,83820,441.01,1943.4,158.4,21293.4902
83820,83880,439.48,1942.6,160.7,21159.0254
83880,83940,438.17,1942.0,136.1,21131.0117
83940,84000,436.29,1942.1,131.3,21161.7344
84000,84060,437.75,1942.7,148.0,21030.7891
84060,84120,435.32,1942.1,128.1,21034.5684
84120,84180,433.99,1941.8,120.1,20573.9707
84180,84240,434.76,1942.9,121.4,20931.5859
84240,84300,439.49,1944.1,149.7,20942.0391
84300,84360,440.81,1945.1,144.0,21139.3242
84360,84420,447.31,1946.4,178.4,21327.4043
84420,84480,441.76,1945.7,166.8,21337.6660
84480,84540,440.41,1944.7,157.4,21227.7910
84540,84600,437.57,1943.3,137.1,21133.4375
84600,84660,439.31,1943.5,152.4,21185.1445
84660,84720,446.89,1945.6,203.3,21720.0137
84720,84780,441.18,1943.8,165.9,21380.6563
84780,84840,438.08,1943.0,130.9,21251.6074
84840,84900,442.98,1943.8,145.4,21393.2422
84900,84960,438.92,1943.5,147.8,21398.1914
84960,85020,442.66,1943.8,167.7,21248.3477
85020,85080,436.99,1942.1,134.1,20925.4746
85080,85140,439.11,1942.9,139.5,21167.9668
85140,85200,441.10,1945.5,159.0,21220.2910
85200,85260,440.02,1943.2,151.9,21029.0059
85260,85320,437.54,1942.3,125.1,21013.4570
85320,85380,440.80,1942.9,140.8,21190.5273
85380,85440,437.98,1942.6,157.5,21137.8496
85440,85500,442.50,1943.9,227.3,21155.4121
85500,85560,438.09,1943.3,141.2,20930.1074
85560,85620,447.40,1945.6,177.7,20938.9297
85620,85680,440.54,1943.5,145.2,20673.9180
85680,85740,444.17,1945.5,304.0,21145.0605
85740,85800,444.11,1943.6,201.2,20995.3594
85800,85860,441.55,1942.5,155.2,20885.5762
85860,85920,439.00,1942.3,139.0,21121.2305
85920,85980,442.13,1942.8,190.9,20964.4570
85980,86040,441.71,1942.8,141.7,20869.4219
86040,86100,445.00,1942.5,151.5,20844.9180
86100,86160,438.98,1941.2,137.0,20580.6484
86160,86220,436.72,1940.8,141.4,20366.0430
86220,86280,435.86,1940.9,125.8,20540.4531
86280,86340,438.88,1942.0,142.4,20570.1523
86340,86400,437.45,1941.8,134.0,20782.4531
