CampaignData_and_Merges/R0/CSL_MobileLab_Parked/raw/20240812/USOS-PTR_MobileLabGround_20240812_RA.ict
58, 1001
Matthew Coggon, Kelvin Bates, Chelsea Stockwell, Carsten Warneke
NOAA ESRL Chemical Sciences Division
NOAA PTR-ToF-MS
USOS
1,1 
2024, 08, 12, 2024, 08, 13
0
Time_Start, seconds, number of seconds from 00:00 UTC 
22
1, 1, 1, 1, 1, 1, 1, 1, 1, 1, 1, 1, 1, 1, 1, 1, 1, 1, 1, 1, 1, 1
-9999, -9999, -9999, -9999, -9999, -9999, -9999, -9999, -9999, -9999, -9999, -9999, -9999, -9999, -9999, -9999, -9999, -9999, -9999, -9999, -9999, -9999
CH3OH_NOAAPTR_ppbv,  ppbv, Gas_CH3OH_InSitu_S_AVMR, (CH3OH) methanol
CH3CN_NOAAPTR_ppbv,  ppbv, Gas_CH3CN_InSitu_S_AVMR, (CH3CN) acetonitrile
CH3CHO_NOAAPTR_ppbv,  ppbv, Gas_CH3CHO_InSitu_S_AVMR, (CH3CHO) acetaldehyde plus contributions from ethylene glycol and ethylene oxide. Interference from ethanol has been subtracted out.
C2H5OH_NOAAPTR_ppbv,  ppbv, Gas_C2H5OH_InSitu_S_AVMR, (C2H5OH) ethanol
CH3SH_NOAAPTR_ppbv,  ppbv, Gas_CH3SH_InSitu_S_AVMR, (CH3SH) methanethiol, using calibration factor for DMS
Acrolein_NOAAPTR_ppbv,  ppbv, Gas_Acrolein_InSitu_S_AVMR, (C3H4O) acrolein
AcetonePropanal_NOAAPTR_ppbv,  ppbv, Gas_AcetoneAndPropanal_InSitu_S_AVMR, (C3H6O) sum of acetone (dominant isomer) and propanal, using calibration factor for acetone
DMS_NOAAPTR_ppbv,  ppbv, Gas_DMS_InSitu_S_AVMR, (C2H6S) dimethyl sulfide with possible small contributions from ethanethiol
C5H8_NOAAPTR_ppbv,  ppbv, Gas_Isoprene_InSitu_S_AVMR, (C5H8) isoprene and possible fragments from cycloalkanes and aldehydes. Interferences have been subtracted following methods described by Coggon et al (2023)
MVKMAC_NOAAPTR_ppbv,  ppbv, Gas_MVKAndMAC_InSitu_S_AVMR, (C4H6O) sum of methyl vinyl ketone, methacrolein, and small amounts of crotonaldehyde, using weighted calibration factor for MVK (0.637) and MACR (0.363)
Benzene_NOAAPTR_ppbv,  ppbv, Gas_Benzene_InSitu_S_AVMR, (C6H6) benzene
Toluene_NOAAPTR_ppbv,  ppbv, Gas_Toluene_InSitu_S_AVMR, (C7H8) toluene with possible small contributions of fragments from ethyltoluene
Styrene_NOAAPTR_ppbv,  ppbv, Gas_Styrene_InSitu_S_AVMR, (C8H8) styrene
Benzaldehyde_NOAAPTR_ppbv,  ppbv, Gas_Benzaldehyde_InSitu_S_AVMR, (C7H6O) benzaldehyde
C8Aromatics_NOAAPTR_ppbv,  ppbv, Gas_C8Aromatics_InSitu_M_AVMR, (C8H10) sum of m-xylene, p-xylene, o-xylene, and ethyl benzene
C9Aromatics_NOAAPTR_ppbv,  ppbv, Gas_C9Aromatics_InSitu_M_AVMR, (C9H12) sum of C9 aromatics
Naphthalene_NOAAPTR_ppbv,  ppbv, Gas_Naphthalene_InSitu_S_AVMR, (C10H8) naphthalene
Octanal_NOAAPTR_ppbv,  ppbv, Gas_Octanal_InSitu_S_AVMR, (C8H16O) octanal and small amounts of octanone
Monoterpenes_NOAAPTR_ppbv,  ppbv, Gas_Monoterpenes_InSitu_M_AVMR, (C10H16) sum of monoterpenes and possible contributions from fragments of oxygenated monoterpenoids such as eucalyptol.
Nonanal_NOAAPTR_ppbv,  ppbv, Gas_Nonanal_InSitu_M_AVMR, (C9H18O) nonanal and small amounts of nonanone
C7H4ClF3_NOAAPTR_ppbv,  ppbv, Gas_C7H4ClF3_InSitu_S_AVMR, (C7H4ClF3) parachlorobenzotrifluoride
C10H30O5Si5_NOAAPTR_ppbv,  ppbv, Gas_C10H30O5Si5_InSitu_S_AVMR, (C10H30O5Si5) decamethylcyclopentasiloxane
1
SPECIAL COMMENTS:N/A
21
PI_CONTACT_INFO: NOAA ESRL Chemical Sciences Division, Tropospheric Chemistry Group. 325 Broadway, R/CSD7, Boulder, CO 80305
PLATFORM: Mobile Laboratory.
LOCATION: Salt Lake City, UT
ASSOCIATED_DATA: N/A
INSTRUMENT_INFO: NOAA PTR-ToF-MS measurements on NOAA CSL Mobile Lab
DATA_INFO: Units: ppbv
UNCERTAINTY: See OTHER_COMMENTS
ULOD_FLAG: -7777
ULOD_VALUE: N/A
LLOD_FLAG: -8888
LLOD_VALUE: N/A.
DM_CONTACT_INFO: Data Managers: Matt Coggon, Kelvin Bates, Chelsea Stockwell; email: matthew.m.coggon@noaa.gov and kelvin.bates@colorado.edu
PROJECT_INFO: USOS Deployment July-August, 2024
STIPULATIONS_ON_USE: Use of these data require prior OK from PI.
OTHER_COMMENTS: Uncertainties:
CH3OH_NOAAPTR_ppbv:30%; CH3CN_NOAAPTR_ppbv:30%; CH3CHO_NOAAPTR_ppbv:30%; C2H5OH_NOAAPTR_ppbv:30%; CH3SH_NOAAPTR_ppbv:50%; Acrolein_NOAAPTR_ppbv:30%; AcetonePropanal_NOAAPTR_ppbv:30%; DMS_NOAAPTR_ppbv:30%; C5H8_NOAAPTR_ppbv:30%; MVKMAC_NOAAPTR_ppbv:30%; 
Benzene_NOAAPTR_ppbv:30%; Toluene_NOAAPTR_ppbv:30%; Styrene_NOAAPTR_ppbv:30%; Benzaldehyde_NOAAPTR_ppbv:30%; C8Aromatics_NOAAPTR_ppbv:30%; C9Aromatics_NOAAPTR_ppbv:30%; Naphthalene_NOAAPTR_ppbv:30%; Octanal_NOAAPTR_ppbv:30%; Monoterpenes_NOAAPTR_ppbv:30%; Nonanal_NOAAPTR_ppbv:30%; 
C7H4ClF3_NOAAPTR_ppbv:30%; C10H30O5Si5_NOAAPTR_ppbv:30%; 
REVISION: RA
RA: Field Data
Time_Start, CH3OH_NOAAPTR_ppbv, CH3CN_NOAAPTR_ppbv, CH3CHO_NOAAPTR_ppbv, C2H5OH_NOAAPTR_ppbv, CH3SH_NOAAPTR_ppbv, Acrolein_NOAAPTR_ppbv, AcetonePropanal_NOAAPTR_ppbv, DMS_NOAAPTR_ppbv, C5H8_NOAAPTR_ppbv, MVKMAC_NOAAPTR_ppbv, Benzene_NOAAPTR_ppbv, Toluene_NOAAPTR_ppbv, Styrene_NOAAPTR_ppbv, Benzaldehyde_NOAAPTR_ppbv, C8Aromatics_NOAAPTR_ppbv, C9Aromatics_NOAAPTR_ppbv, Naphthalene_NOAAPTR_ppbv, Octanal_NOAAPTR_ppbv, Monoterpenes_NOAAPTR_ppbv, Nonanal_NOAAPTR_ppbv, C7H4ClF3_NOAAPTR_ppbv, C10H30O5Si5_NOAAPTR_ppbv
[from data line 889]
53340.0, 13.43192, 0.17353, 0.92804, 1.45863, 0.00221, 0.14764, 2.79819, 0.01565, 0.54422, 0.22727, 0.05495, 0.17069, 0.00762, 0.00191, 0.07469, 0.02899, -0.00166, 0.03032, 0.21250, 0.03410, 0.00128, 0.00302 
53400.0, 18.41198, 0.18005, 0.97403, 1.81477, 0.00472, 0.17516, 2.86744, 0.00725, 0.57279, 0.22547, 0.06322, 0.16397, 0.01694, 0.02870, 0.09041, 0.02818, 0.00165, 0.03726, 0.23961, 0.04262, 0.00057, 0.00843 
53460.0, 11.68113, 0.17317, 1.03161, 1.83742, 0.00494, 0.15767, 2.85902, 0.00960, 0.51460, 0.23836, 0.06285, 0.18699, 0.02893, 0.02832, 0.09872, 0.04140, -0.00009, 0.03995, 0.22700, 0.03644, 0.00108, 0.00462 
53520.0, 11.16023, 0.17719, 0.96253, 1.91529, 0.00575, 0.16347, 2.88678, 0.01375, 0.45550, 0.23786, 0.05429, 0.18078, 0.01151, 0.02872, 0.08448, 0.04591, 0.00422, 0.03521, 0.21365, 0.02714, 0.00092, 0.00368 
53580.0, 12.08971, 0.16646, 0.90497, 1.52139, 0.00503, 0.13899, 2.73293, 0.01127, 0.46626, 0.20768, 0.06088, 0.14484, 0.03029, 0.04960, 0.07442, 0.02525, -0.00166, 0.04845, 0.17518, 0.02771, 0.00283, -0.00009 
53640.0, 16.41256, 0.16712, 0.94586, 1.45601, 0.00633, 0.15096, 2.73663, 0.00655, 0.54532, 0.20698, 0.09438, 0.13722, 0.00792, 0.03311, 0.08420, 0.03581, 0.00000, 0.04083, 0.22083, 0.02972, 0.00219, 0.00146 
53700.0, 10.81817, 0.17058, 1.01318, 1.53108, 0.00395, 0.13936, 2.82732, 0.01343, 0.56630, 0.22077, 0.08003, 0.14290, 0.01339, 0.03787, 0.08969, 0.03542, 0.00186, 0.04085, 0.21266, 0.03139, 0.00398, 0.00492 
53760.0, 9.26237, 0.17434, 0.95640, 1.47989, 0.00266, 0.12266, 2.78403, 0.01004, 0.43054, 0.22148, 0.03420, 0.15482, 0.01305, 0.03554, 0.06966, 0.03716, -0.00166, 0.03512, 0.20794, 0.03360, 0.00156, 0.00250 
53820.0, 11.52555, 0.17789, 1.04606, 2.83456, 0.00376, 0.16111, 2.84870, 0.00629, 0.53354, 0.22231, 0.13249, 0.26943, 0.03671, 0.02849, 0.14667, 0.04643, 0.00548, 0.05962, 0.21308, 0.04217, 0.00134, 0.00457 
53880.0, 15.53284, 0.17992, 1.09267, 2.13505, 0.00541, 0.14744, 2.91763, 0.01222, 0.52929, 0.23344, 0.17103, 0.26200, 0.03070, 0.06876, 0.13562, 0.06417, -0.00167, 0.04209, 0.22184, 0.02449, -0.00015, 0.00422 
53940.0, 12.99051, 0.17746, 1.02370, 2.38592, 0.00712, 0.16477, 2.81923, -0.00095, 0.50386, 0.22642, 0.13064, 0.22916, 0.02142, 0.04017, 0.12758, 0.05149, -0.00167, 0.01717, 0.19430, 0.03707, -0.00140, 0.00493 
54000.0, 9.04718, 0.18021, 1.00201, 1.56475, 0.00352, 0.14862, 3.09632, 0.00186, 0.55684, 0.22955, 0.10791, 0.17683, 0.02468, 0.00843, 0.11250, 0.04847, -0.00167, 0.03203, 0.26871, 0.03809, 0.00102, 0.00409 
54060.0, 12.62216, 0.18256, 1.05442, 1.87269, 0.00517, 0.14228, 2.95897, 0.02123, 0.49180, 0.23401, 0.06998, 0.23143, 0.02280, 0.00539, 0.14109, 0.05893, 0.00352, 0.03649, 0.23435, 0.03091, -0.00151, 0.00570 
54120.0, 36.21007, 0.16751, 1.07803, 2.46723, 0.00513, 0.16274, 3.07010, 0.01328, 0.53549, 0.24380, 0.10153, 0.25632, 0.01982, 0.01978, 0.15314, 0.05796, 0.01002, 0.06541, 0.22761, 0.05343, 0.00560, 0.00475 
54180.0, 14.81065, 0.20045, 1.17749, 2.68231, 0.00563, 0.17474, 3.10674, 0.00576, 0.47672, 0.28036, 0.13328, 0.28067, 0.03512, 0.03231, 0.16792, 0.07952, 0.00382, 0.04749, 0.19764, 0.04420, -0.00034, 0.00341 
54240.0, 14.76524, 0.17053, 1.24829, 1.94381, 0.00515, 0.19261, 3.06283, 0.01334, 0.45394, 0.24684, 0.08019, 0.22053, 0.03571, 0.03653, 0.13269, 0.05754, 0.01536, 0.04965, 0.21298, 0.02317, 0.00282, 0.00519 
54300.0, 14.39480, 0.18398, 1.26989, 2.72304, 0.00428, 0.20217, 3.29019, 0.00983, 0.45087, 0.26397, 0.13704, 0.22912, 0.00808, 0.03591, 0.16695, 0.07598, 0.01771, 0.05356, 0.19337, 0.04005, -0.00103, 0.00624 
54360.0, 16.47092, 0.19232, 1.41828, 3.43170, 0.00239, 0.19216, 3.47509, 0.01570, 0.43673, 0.27231, 0.15752, 0.33239, 0.04102, 0.04482, 0.22347, 0.11286, -0.00167, 0.03595, 0.18764, 0.03749, 0.00671, 0.00702 
54420.0, 16.18879, 0.18820, 1.43150, 3.23207, 0.01175, 0.15434, 3.28518, -0.00103, 0.46590, 0.27899, 0.15553, 0.29957, 0.04053, 0.02224, 0.19049, 0.10365, -0.00167, 0.04547, 0.20387, 0.03352, 0.00589, 0.00883 
54480.0, 13.87087, 0.17436, 1.29281, 2.75221, 0.00634, 0.17900, 3.31253, 0.00257, 0.55800, 0.26758, 0.15548, 0.24360, 0.02479, 0.06154, 0.14522, 0.07022, -0.00167, 0.02066, 0.19437, 0.04815, 0.00290, 0.00955 
54540.0, 12.41959, 0.17893, 1.33459, 2.17468, 0.00297, 0.19149, 3.23769, 0.00656, 0.46455, 0.28814, 0.10684, 0.20831, 0.02895, 0.03141, 0.12391, 0.06014, 0.00778, 0.05492, 0.18640, 0.03308, 0.00393, 0.00462 
54600.0, 11.07679, 0.17650, 1.07081, 2.49630, 0.00911, 0.15070, 3.15218, -0.00103, 0.40042, 0.26999, 0.10662, 0.17204, 0.03322, 0.04163, 0.11750, 0.05841, 0.00231, 0.03180, 0.20011, 0.03625, 0.00293, 0.00974 
54660.0, 11.05352, 0.15565, 1.16166, 2.16123, 0.00524, 0.16907, 3.07404, 0.01764, 0.42227, 0.27811, 0.07313, 0.20148, 0.02588, 0.01507, 0.10190, 0.04942, -0.00167, 0.02566, 0.16682, 0.04350, 0.00384, 0.00458 
54720.0, 10.70021, 0.17102, 1.15963, 1.75414, 0.00526, 0.13664, 3.06669, 0.00423, 0.47783, 0.28898, 0.09070, 0.18468, 0.01784, 0.04339, 0.08765, 0.03894, 0.00103, 0.05086, 0.21884, 0.04354, 0.00545, 0.00731 
54780.0, 11.79719, 0.16998, 1.39112, 2.31276, 0.00560, 0.16189, 3.14274, 0.02051, 0.54602, 0.26358, 0.10254, 0.16778, -0.00166, 0.02932, 0.08401, 0.05067, 0.00482, 0.04125, 0.27828, 0.03690, -0.00183, 0.00534 
54840.0, 10.98060, 0.17098, 1.19253, 1.96101, 0.00248, 0.18114, 3.06257, 0.01061, 0.59545, 0.29088, 0.18383, 0.17570, 0.02623, 0.05335, 0.10609, 0.04283, 0.00955, 0.04064, 0.22013, 0.03619, 0.00207, 0.00740 
54900.0, 8.32915, 0.17906, -9999.00000, 1.03115, -0.00084, 0.13913, 2.82915, 0.00779, -9999.00000, 0.26697, 0.05627, 0.11233, -0.00166, 0.02802, 0.05480, 0.02307, 0.00933, 0.05030, 0.18099, 0.02193, 0.00280, 0.00177 
54960.0, -9999.00000, -9999.00000, -9999.00000, -9999.00000, -9999.00000, -9999.00000, -9999.00000, -9999.00000, -9999.00000, -9999.00000, -9999.00000, -9999.00000, -9999.00000, -9999.00000, -9999.00000, -9999.00000, -9999.00000, -9999.00000, -9999.00000, -9999.00000, -9999.00000, -9999.00000 
55020.0, -9999.00000, -9999.00000, -9999.00000, -9999.00000, -9999.00000, -9999.00000, -9999.00000, -9999.00000, -9999.00000, -9999.00000, -9999.00000, -9999.00000, -9999.00000, -9999.00000, -9999.00000, -9999.00000, -9999.00000, -9999.00000, -9999.00000, -9999.00000, -9999.00000, -9999.00000 
55080.0, -9999.00000, -9999.00000, -9999.00000, -9999.00000, -9999.00000, -9999.00000, -9999.00000, -9999.00000, -9999.00000, -9999.00000, -9999.00000, -9999.00000, -9999.00000, -9999.00000, -9999.00000, -9999.00000, -9999.00000, -9999.00000, -9999.00000, -9999.00000, -9999.00000, -9999.00000 
55140.0, -9999.00000, -9999.00000, -9999.00000, -9999.00000, -9999.00000, -9999.00000, -9999.00000, -9999.00000, -9999.00000, -9999.00000, -9999.00000, -9999.00000, -9999.00000, -9999.00000, -9999.00000, -9999.00000, -9999.00000, -9999.00000, -9999.00000, -9999.00000, -9999.00000, -9999.00000 
55200.0, -9999.00000, -9999.00000, -9999.00000, -9999.00000, -9999.00000, -9999.00000, -9999.00000, -9999.00000, -9999.00000, -9999.00000, -9999.00000, -9999.00000, -9999.00000, -9999.00000, -9999.00000, -9999.00000, -9999.00000, -9999.00000, -9999.00000, -9999.00000, -9999.00000, -9999.00000 
55260.0, -9999.00000, -9999.00000, -9999.00000, -9999.00000, -9999.00000, -9999.00000, -9999.00000, -9999.00000, -9999.00000, -9999.00000, -9999.00000, -9999.00000, -9999.00000, -9999.00000, -9999.00000, -9999.00000, -9999.00000, -9999.00000, -9999.00000, -9999.00000, -9999.00000, -9999.00000 
55320.0, -9999.00000, -9999.00000, -9999.00000, -9999.00000, -9999.00000, -9999.00000, -9999.00000, -9999.00000, -9999.00000, -9999.00000, -9999.00000, -9999.00000, -9999.00000, -9999.00000, -9999.00000, -9999.00000, -9999.00000, -9999.00000, -9999.00000, -9999.00000, -9999.00000, -9999.00000 
55380.0, -9999.00000, -9999.00000, -9999.00000, -9999.00000, -9999.00000, -9999.00000, -9999.00000, -9999.00000, -9999.00000, -9999.00000, -9999.00000, -9999.00000, -9999.00000, -9999.00000, -9999.00000, -9999.00000, -9999.00000, -9999.00000, -9999.00000, -9999.00000, -9999.00000, -9999.00000 
55440.0, -9999.00000, -9999.00000, -9999.00000, -9999.00000, -9999.00000, -9999.00000, -9999.00000, -9999.00000, -9999.00000, -9999.00000, -9999.00000, -9999.00000, -9999.00000, -9999.00000, -9999.00000, -9999.00000, -9999.00000, -9999.00000, -9999.00000, -9999.00000, -9999.00000, -9999.00000 
55500.0, -9999.00000, -9999.00000, -9999.00000, -9999.00000, -9999.00000, -9999.00000, -9999.00000, -9999.00000, -9999.00000, -9999.00000, -9999.00000, -9999.00000, -9999.00000, -9999.00000, -9999.00000, -9999.00000, -9999.00000, -9999.00000, -9999.00000, -9999.00000, -9999.00000, -9999.00000 
55560.0, -9999.00000, -9999.00000, -9999.00000, -9999.00000, -9999.00000, -9999.00000, -9999.00000, -9999.00000, -9999.00000, -9999.00000, -9999.00000, -9999.00000, -9999.00000, -9999.00000, -9999.00000, -9999.00000, -9999.00000, -9999.00000, -9999.00000, -9999.00000, -9999.00000, -9999.00000 
55620.0, 9.70077, 0.17594, -9999.00000, 1.71971, 0.00081, 0.17578, 2.95064, 0.00634, -9999.00000, 0.32285, 0.08521, 0.15679, 0.01527, 0.03017, 0.09777, 0.04811, -0.00169, 0.05011, 0.18992, 0.02984, 0.00436, 0.00383 
55680.0, 9.84356, 0.19696, 1.04021, 1.33149, 0.00394, 0.15663, 2.80439, 0.01575, 0.58095, 0.31952, 0.09922, 0.17880, 0.00342, 0.02956, 0.08815, 0.05159, 0.00454, 0.04627, 0.19152, 0.04624, 0.00536, 0.00794 
55740.0, 7.40425, 0.17537, 0.82633, 1.14056, 0.00572, 0.15282, 2.72459, 0.01116, 0.53647, 0.28778, 0.06502, 0.14695, 0.00808, 0.01599, 0.07770, 0.04122, -0.00169, 0.03654, 0.16587, 0.01010, 0.00367, 0.00331 
55800.0, 10.01648, 0.17917, 0.94139, 2.10613, 0.00169, 0.16080, 2.84755, 0.00739, 0.54862, 0.31862, 0.09446, 0.19802, 0.01263, 0.02632, 0.13916, 0.05296, 0.00904, 0.03737, 0.18281, 0.04063, -0.00181, 0.00126 
55860.0, 7.10334, 0.16356, 0.81583, 1.37095, -0.00099, 0.15524, 2.80584, 0.01638, 0.53829, 0.30969, 0.00202, 0.11209, -0.00167, 0.02054, 0.07070, 0.02266, 0.00274, 0.03874, 0.20171, 0.03966, -0.00056, 0.00184 
55920.0, 8.30482, 0.17957, 0.87108, 1.02790, 0.00224, 0.13172, 2.80598, 0.01646, 0.60331, 0.27203, 0.06652, 0.11650, 0.01714, 0.01005, 0.05526, 0.02344, -0.00054, 0.02788, 0.19393, 0.03724, -0.00005, 0.00205 
55980.0, 7.30742, 0.17274, 0.76735, 1.31069, 0.00452, 0.13793, 2.75194, 0.01638, 0.47566, 0.30374, 0.03982, 0.12320, 0.01627, 0.02827, 0.06532, 0.01763, -0.00170, 0.03184, 0.18661, 0.03157, -0.00102, 0.00197 
56040.0, 9.07495, 0.17140, 0.88458, 1.41797, 0.00538, 0.15564, 2.76668, 0.01893, 0.55993, 0.31942, 0.03901, 0.10688, 0.01662, 0.01141, 0.05632, 0.02800, -0.00170, 0.02351, 0.18247, 0.02047, -0.00267, 0.00323 
56100.0, 7.92908, 0.17121, 0.76417, 1.22763, 0.00279, 0.12994, 2.69127, 0.00914, 0.38103, 0.29484, 0.04626, 0.11771, 0.01406, -0.00102, 0.06322, 0.01467, -0.00170, 0.02755, 0.15340, 0.03334, 0.00418, 0.00257 
56160.0, 9.73603, 0.17119, 0.85269, 1.61174, 0.00161, 0.16340, 2.88373, 0.01498, 0.43917, 0.30352, 0.02519, 0.11359, 0.01931, 0.02816, 0.06161, 0.02334, -0.00170, 0.04318, 0.20406, 0.02995, -0.00148, 0.00529 
56220.0, 9.31130, 0.17247, 1.00954, 1.96382, 0.00643, 0.16994, 2.66776, 0.02642, 0.46110, 0.31219, 0.02444, 0.14298, 0.01782, 0.02076, 0.07498, 0.03566, 0.01287, 0.03473, 0.14541, 0.03095, 0.00415, 0.00337 
56280.0, 12.32274, 0.17487, 1.03735, 2.01019, 0.00713, 0.17634, 2.83185, 0.00698, 0.45573, 0.30699, 0.10872, 0.15971, 0.01476, 0.03316, 0.10579, 0.05255, 0.00846, 0.02524, 0.17377, 0.04640, -0.00064, 0.00423 
56340.0, 16.70539, 0.18278, 0.83367, 1.79125, 0.00177, 0.13892, 2.69476, 0.00089, 0.29409, 0.28635, 0.14516, 0.22112, 0.00193, 0.02671, 0.13716, 0.05418, 0.01323, 0.04376, 0.13216, 0.03231, -0.00067, 0.00608 
56400.0, 10.04874, 0.16332, 0.80570, 1.48779, 0.00233, 0.14708, 2.70588, 0.00126, 0.41783, 0.31208, 0.07964, 0.15999, 0.01957, 0.02014, 0.08797, 0.03885, -0.00059, 0.03438, 0.14550, 0.03868, 0.00180, 0.00165 
56460.0, 9.54427, 0.17001, 0.91304, 1.32647, 0.00499, 0.12679, 2.74754, 0.01133, 0.40772, 0.32082, 0.09085, 0.16085, 0.00164, 0.01676, 0.09053, 0.03445, -0.00171, 0.03956, 0.15531, 0.01589, 0.00237, 0.00405 
56520.0, 10.17933, 0.17796, 0.97200, 1.42997, 0.00399, 0.15911, 2.71962, 0.01263, 0.40097, 0.32049, 0.09594, 0.16123, 0.03372, 0.03859, 0.08421, 0.02757, -0.00171, 0.03959, 0.14631, 0.02001, 0.00591, 0.00362 
56580.0, 8.31664, 0.16162, 0.84823, 1.19514, 0.00410, 0.13155, 2.69114, 0.01955, 0.38169, 0.34293, 0.04536, 0.13053, 0.01963, 0.01662, 0.04795, 0.02070, -0.00171, 0.03049, 0.14350, 0.01915, 0.00266, -0.00000 
56640.0, 8.53284, 0.17041, 0.80130, 1.18721, 0.00135, 0.11779, 2.70534, 0.00668, 0.39029, 0.34319, 0.03681, 0.11566, 0.01159, 0.04244, 0.06159, 0.02086, -0.00172, 0.02090, 0.14490, 0.03307, 0.00041, 0.00183 
56700.0, 7.89330, 0.16691, 0.77531, 1.28152, 0.00627, 0.14396, 2.80466, -0.00099, 0.40044, 0.34854, 0.08514, 0.11272, 0.01732, 0.03780, 0.06371, 0.02629, 0.00407, 0.01602, 0.12484, 0.03078, 0.00279, 0.00302 
56760.0, 9.98936, 0.18355, 0.91422, 1.59788, 0.00561, 0.17939, 2.95290, 0.02162, 0.49122, 0.40362, 0.02022, 0.10919, 0.01542, 0.01250, 0.05996, 0.03107, 0.00625, 0.04349, 0.19426, 0.04112, -0.00050, 0.00303 
56820.0, 8.71794, 0.17741, 0.83751, 1.31351, 0.00234, 0.16766, 2.81774, 0.00123, 0.46322, 0.37595, 0.06007, 0.11753, -0.00169, 0.05556, 0.07143, 0.02872, 0.00687, 0.04431, 0.15119, 0.02674, -0.00115, 0.00084 
56880.0, 9.61388, 0.17976, 1.12561, 1.63012, 0.00116, 0.19075, 3.03843, 0.01261, 0.44424, 0.39488, 0.05249, 0.17599, 0.03120, 0.02497, 0.08591, 0.04282, 0.00747, 0.02480, 0.18750, 0.05423, 0.00165, 0.00490 
56940.0, 16.07562, 0.17091, 0.97520, 1.43598, 0.00337, 0.17292, 2.75426, 0.00996, 0.40012, 0.37276, 0.09481, 0.16851, -0.00169, 0.02544, 0.12559, 0.04742, 0.00772, 0.03835, 0.16026, 0.04010, 0.00380, 0.00248 
57000.0, 7.05046, 0.15863, 0.97729, 1.02238, 0.00386, 0.15235, 2.71410, -0.00098, 0.33560, 0.39457, 0.07537, 0.16172, 0.01939, 0.00360, 0.09897, 0.04258, 0.00886, 0.03335, 0.15584, 0.04043, 0.00678, 0.00250 
57060.0, 7.64288, 0.15703, 0.78308, 1.32491, 0.00130, 0.14350, 2.73327, 0.00681, 0.32075, 0.38577, 0.07418, 0.25547, 0.03079, 0.02069, 0.18544, 0.10317, 0.00958, 0.03438, 0.13148, 0.02384, 0.00292, 0.00105 
57120.0, 10.21252, 0.19242, 1.17728, 2.25767, 0.00232, 0.26126, 2.81285, 0.00604, 0.48388, 0.42297, 0.14580, 0.39734, 0.04905, 0.02139, 0.36479, 0.20203, 0.01000, 0.04108, 0.16622, 0.02450, 0.00304, 0.00186 
57180.0, 7.63246, 0.19384, 0.93220, 1.41064, 0.00284, 0.13988, 2.77894, 0.01410, 0.24996, 0.38131, 0.08421, 0.12240, 0.00963, 0.01252, 0.07902, 0.02333, 0.00008, 0.02313, 0.08394, 0.02226, 0.00272, 0.00423 
57240.0, 7.67981, 0.16062, 0.78849, 1.35930, 0.00195, 0.11693, 2.74259, 0.01196, 0.26899, 0.32302, 0.04968, 0.11901, 0.01260, 0.01915, 0.07840, 0.02761, 0.00677, 0.02226, 0.12413, 0.01322, 0.00488, 0.00054 
57300.0, 11.50805, 0.17355, 1.14477, 1.83620, 0.00957, 0.20260, 2.97785, 0.00502, 0.38673, 0.36725, 0.11336, 0.21202, 0.02389, 0.00327, 0.13523, 0.06058, 0.00149, 0.02310, 0.18697, 0.03306, 0.00744, 0.00449 
57360.0, 17.41511, 0.17945, 1.17445, 1.62290, 0.00314, 0.18320, 2.86840, 0.01110, 0.39957, 0.44199, 0.10234, 0.21246, 0.02642, 0.00428, 0.13149, 0.06101, -0.00092, 0.04309, 0.16507, 0.03278, 0.00726, 0.00459 
57420.0, 13.31596, 0.17498, 1.14524, 2.41542, 0.00396, 0.16652, 2.83509, 0.00957, 0.43813, 0.39296, 0.13614, 0.35032, 0.03678, 0.01456, 0.30793, 0.14620, 0.00292, 0.04692, 0.14493, 0.04128, 0.00580, 0.00139 
57480.0, 15.25052, 0.17146, 0.98630, 1.66712, 0.00442, 0.14965, 2.83908, 0.00444, 0.58614, 0.45457, 0.11903, 0.17453, 0.02303, 0.02500, 0.11956, 0.04828, 0.01419, 0.02866, 0.15567, 0.02963, 0.00351, 0.00381 
57540.0, 8.33272, 0.15180, 0.99631, 1.58625, 0.00368, 0.13163, 2.81288, -0.00096, 0.44600, 0.43801, 0.08585, 0.19202, 0.04148, 0.04625, 0.15669, 0.09474, 0.01251, 0.04516, 0.15288, 0.02212, 0.00399, 0.00274 
