CampaignData_and_Merges/R0/CSL_MobileLab_Parked/raw/20240812/USOS-NOAAIodideCIMS-PANs_MobileLabGround_20240812_RA.ict
35, 1001
Michael A Robinson, Chris Jernigan, Subi Thakali
NOAA ESRL Chemical Sciences Laboratory and CIRES, U. of Colorado
NOAA Iodide CIMS Instrument
USOS
1, 1
2024, 08, 12, 2024, 08, 13
1
starttime_UTC, seconds_past_midnight, seconds_of_day_since_00:00:00_UTC
3
1, 1, 1
-9999, -9999, -9999
PAN_NOAACIMS, pptv, Gas_PAN_InSitu_S_AVMR, 
APAN_NOAACIMS, pptv, Gas_APAN_InSitu_S_AVMR, 
PPN_NOAACIMS, pptv, Gas_PPN_InSitu_S_AVMR, 
0
18
PI_CONTACT_INFO: 325 Broadway, R/CSD 7, Boulder, Colorado 80305; michael.a.robinson@noaa.gov; chris.jernigan@noaa.gov;
PLATFORM: NOAA CSL Mobile Lab
LOCATION: SLC, Utah
ASSOCIATED_DATA: 1Hz data also available on request.
INSTRUMENT_INFO: NOAA I- ToF CIMS
DATA_INFO: All data in parts per trillion by volume (pptv). 1 Hz data is available upon request.
UNCERTAINTY: TBD
ULOD_FLAG: -7777
ULOD_VALUE: N/A
LLOD_FLAG: -8888
LLOD_VALUE: N/A
DM_CONTACT_INFO: Nathan Howard; nathan.h.howard@noaa.gov
PROJECT_INFO: USOS, summer 2024. https://csl.noaa.gov/groups/csl7/measurements/2024usos/
STIPULATIONS_ON_USE: Users are strongly encouraged to contact the PI for proper data usage.
OTHER_COMMENTS: 
REVISION: RA
RA: Preliminary Data; For in-field use only
starttime_UTC, PAN_NOAACIMS, APAN_NOAACIMS, PPN_NOAACIMS
[from data line 1299]
 77940, 194.751,  2.703, 18.816
 78000, 192.332,  3.067, 17.485
 78060, 185.507,  2.044, 14.814
 78120, -9999.000, -9999.000, -9999.000
 78180, 198.150,  2.653, 13.909
 78240, 188.559,  2.737, 15.391
 78300, 187.964,  3.209, 13.574
 78360, 195.558,  1.980, 14.367
 78420, 198.920,  2.212, 16.899
 78480, 190.342,  2.981, 16.284
 78540, 185.334,  2.755, 15.257
 78600, 193.285,  2.184, 16.209
 78660, 196.695,  3.461, 16.076
 78720, 201.535,  3.612, 15.761
 78780, 191.654,  2.277, 15.552
 78840, 195.256,  2.987, 15.620
 78900, 193.090,  2.297, 16.098
 78960, 199.195,  2.668, 15.490
 79020, 202.513,  2.011, 17.855
 79080, 207.032,  2.354, 18.427
 79140, 203.328,  2.398, 18.653
 79200, 203.460,  2.995, 16.575
 79260, 217.028,  3.931, 18.222
 79320, 208.616,  2.477, 17.830
 79380, 208.716,  1.429, 17.765
 79440, 213.360,  2.481, 17.559
 79500, 207.967,  2.814, 19.452
 79560, 204.989,  1.405, 17.448
 79620, 206.859,  3.067, 16.731
 79680, 206.703,  2.527, 17.467
 79740, 211.765,  2.689, 18.170
 79800, 209.405,  3.558, 17.475
 79860, 212.716,  2.059, 18.424
 79920, 211.579,  2.357, 17.322
 79980, -9999.000, -9999.000, -9999.000
 80040, 215.848,  2.457, 19.063
 80100, 217.297,  2.425, 17.951
 80160, 218.549,  2.755, 17.518
 80220, 219.235,  3.391, 17.600
 80280, 212.301,  2.554, 17.357
 80340, 215.771,  2.013, 19.557
 80400, 222.366,  3.345, 18.816
 80460, 228.412,  1.932, 19.310
 80520, 228.027,  2.217, 17.044
 80580, 221.948,  2.419, 18.984
 80640, 226.151,  2.294, 18.844
 80700, 232.547,  2.637, 18.008
 80760, 230.105,  2.190, 20.889
 80820, 221.876,  1.571, 17.733
 80880, 226.875,  1.969, 17.935
 80940, 230.023,  2.544, 18.975
 81000, 218.969,  2.589, 16.816
 81060, 218.506,  3.349, 17.065
 81120, 220.984,  1.897, 19.300
 81180, 221.831,  2.470, 18.261
 81240, 212.929,  2.323, 16.780
 81300, 210.675,  2.708, 15.956
 81360, 209.951,  2.035, 16.794
 81420, 209.823,  2.611, 16.374
 81480, 212.972,  2.141, 16.224
 81540, 206.038,  2.509, 15.845
 81600, 199.743,  2.069, 14.625
 81660, 204.988,  2.119, 14.286
 81720, 206.796,  1.063, 15.113
 81780, 221.476,  0.705, 14.397
 81840, -9999.000, -9999.000, -9999.000
 81900, 210.154,  1.450, 16.584
 81960, 216.805,  2.351, 16.034
 82020, 219.071,  1.724, 15.769
 82080, 218.986,  3.471, 16.767
 82140, 220.866,  2.054, 17.256
 82200, 217.527,  2.333, 16.176
 82260, 218.857,  2.340, 16.321
 82320, 223.491,  1.744, 16.227
 82380, 221.633,  2.232, 16.332
 82440, 224.086,  2.762, 18.810
 82500, 218.548,  2.390, 15.603
 82560, 214.321,  2.066, 15.813
 82620, 215.641,  2.949, 17.462
 82680, 219.901,  2.616, 15.588
 82740, 221.576,  2.981, 16.400
 82800, 213.981,  2.523, 18.851
 82860, 204.389,  1.201, 16.899
 82920, 209.873,  1.860, 14.774
 82980, 210.419,  2.181, 15.940
 83040, 215.665,  1.847, 17.771
 83100, 206.570,  1.675, 16.452
 83160, 207.638,  2.039, 15.857
 83220, 206.877,  2.834, 16.036
 83280, 203.115,  3.245, 16.690
 83340, 204.724,  1.858, 17.717
 83400, 208.770,  1.828, 17.452
 83460, 204.413,  2.573, 18.520
 83520, 198.832,  2.154, 15.488
 83580, 204.729,  2.050, 18.271
 83640, 206.343,  2.921, 15.633
 83700, 206.660,  2.488, 18.439
 83760, 201.390,  1.886, 18.041
 83820, 205.892,  2.917, 16.168
 83880, 203.561,  3.032, 17.929
 83940, 203.438,  2.090, 17.137
 84000, 204.317,  2.078, 17.468
 84060, 203.660,  2.174, 17.228
 84120, 198.622,  1.902, 16.009
 84180, 200.042,  1.695, 16.960
 84240, 203.364,  1.584, 16.034
 84300, 208.754,  2.690, 16.485
 84360, 208.338,  1.923, 17.027
 84420, 205.340,  2.167, 16.118
 84480, 203.615,  2.356, 16.602
 84540, 204.032,  2.501, 15.367
 84600, -9999.000, -9999.000, -9999.000
 84660, -9999.000, -9999.000, -9999.000
 84720, -9999.000, -9999.000, -9999.000
 84780, -9999.000, -9999.000, -9999.000
 84840, -9999.000, -9999.000, -9999.000
 84900, -9999.000, -9999.000, -9999.000
 84960, -9999.000, -9999.000, -9999.000
 85020, -9999.000, -9999.000, -9999.000
 85080, -9999.000, -9999.000, -9999.000
 85140, -9999.000, -9999.000, -9999.000
 85200, -9999.000, -9999.000, -9999.000
 85260, -9999.000, -9999.000, -9999.000
 85320, -9999.000, -9999.000, -9999.000
 85380, -9999.000, -9999.000, -9999.000
 85440, -9999.000, -9999.000, -9999.000
 85500, -9999.000, -9999.000, -9999.000
 85560, -9999.000, -9999.000, -9999.000
 85620, -9999.000, -9999.000, -9999.000
 85680, -9999.000, -9999.000, -9999.000
 85740, -9999.000, -9999.000, -9999.000
 85800, -9999.000, -9999.000, -9999.000
 85860, -9999.000, -9999.000, -9999.000
 85920, -9999.000, -9999.000, -9999.000
 85980, -9999.000, -9999.000, -9999.000
 86040, -9999.000, -9999.000, -9999.000
 86100, -9999.000, -9999.000, -9999.000
 86160, -9999.000, -9999.000, -9999.000
 86220, -9999.000, -9999.000, -9999.000
 86280, -9999.000, -9999.000, -9999.000
 86340, -9999.000, -9999.000, -9999.000
