CampaignData_and_Merges/R0/CSL_MobileLab_Parked/raw/20240812/USOS-POPS_MobileLabGround_20240812_R0.ict
78, 1001
Thornberry, T. D.
NOAA Chemical Sciences Laboratory
Portable Optical Particle Spectrometer (POPS)
USOS
1, 1
2024, 08, 12, 2025, 05, 08
60
Time_Start, seconds_past_midnight, Start time of measurement
45
1, 1, 1, 1, 1, 1, 1, 1, 1, 1, 1, 1, 1, 1, 1, 1, 1, 1, 1, 1, 1, 1, 1, 1, 1, 1, 1, 1, 1, 1, 1, 1, 1, 1, 1, 1, 1, 1, 1, 1, 1, 1, 1, 1, 1
-9999, -9999, -9999, -9999, -9999, -9999, -9999, -9999, -9999, -9999, -9999, -9999, -9999, -9999, -9999, -9999, -9999, -9999, -9999, -9999, -9999, -9999, -9999, -9999, -9999, -9999, -9999, -9999, -9999, -9999, -9999, -9999, -9999, -9999, -9999, -9999, -9999, -9999, -9999, -9999, -9999, -9999, -9999, -9999, -9999
Time_Stop, seconds_past_midnight, Stop time of measurement
Time_Mid, seconds_past_midnight, Mid time of measurement
Press_mb, mb, Pressure reported (mb)
Temp_C, degrees C, POPS temperature measurement
Aerosol_concentration, cm^-3, Aerosol concentration
Surface_Area_Conc, um^2 cm^-3, Surface area concentration
Volume_density, um^3 cm^-3, Volume density
Effective_radius, um, Effective radius
Extinction, km^-1, Extinction
Bin01, cm^-3, particle concentration in size range [1401 - 146.3 nm]
Bin02, cm^-3, particle concentration in size range [146.3 - 152.8 nm]
Bin03, cm^-3, particle concentration in size range [152.8 - 159.6 nm]
Bin04, cm^-3, particle concentration in size range [159.6 - 166.8 nm]
Bin05, cm^-3, particle concentration in size range [166.8 - 174.2 nm]
Bin06, cm^-3, particle concentration in size range [174.2 - 181.9 nm]
Bin07, cm^-3, particle concentration in size range [181.9 - 190.0 nm]
Bin08, cm^-3, particle concentration in size range [190.0 - 198.5 nm]
Bin09, cm^-3, particle concentration in size range [198.5 - 207.4 nm]
Bin10, cm^-3, particle concentration in size range [207.4 - 216.6 nm]
Bin11, cm^-3, particle concentration in size range [216.6 - 226.2 nm]
Bin12, cm^-3, particle concentration in size range [226.2 - 236.3 nm]
Bin13, cm^-3, particle concentration in size range [236.3 - 246.8 nm]
Bin14, cm^-3, particle concentration in size range [246.8 - 257.8 nm]
Bin15, cm^-3, particle concentration in size range [257.8 - 269.3 nm]
Bin16, cm^-3, particle concentration in size range [269.3 - 343.4 nm]
Bin17, cm^-3, particle concentration in size range [343.4 - 450.7 nm]
Bin18, cm^-3, particle concentration in size range [450.7 - 525.9 nm]
Bin19, cm^-3, particle concentration in size range [525.9 - 618.5 nm]
Bin20, cm^-3, particle concentration in size range [618.5 - 710.0 nm]
Bin21, cm^-3, particle concentration in size range [710.0 - 822.7 nm]
Bin22, cm^-3, particle concentration in size range [822.7 - 885.9 nm]
Bin23, cm^-3, particle concentration in size range [885.9 - 953.9 nm]
Bin24, cm^-3, particle concentration in size range [953.9 - 1027.2 nm]
Bin25, cm^-3, particle concentration in size range [1027.2 - 1106.1 nm]
Bin26, cm^-3, particle concentration in size range [1106.1 - 1191.0 nm]
Bin27, cm^-3, particle concentration in size range [1191.0 - 1282.5 nm]
Bin28, cm^-3, particle concentration in size range [1282.5 - 1381.0 nm]
Bin29, cm^-3, particle concentration in size range [1381.0 - 1487.1 nm]
Bin30, cm^-3, particle concentration in size range [1487.1 - 1601.3 nm]
Bin31, cm^-3, particle concentration in size range [1601.3 - 1724.3 nm]
[...]
PLATFORM: NOAA CSL Mobile Lab
LOCATION: USOS
ASSOCIATED_DATA: N/A
INSTRUMENT_INFO: Printed Optical Particle Spectrometer counts particles from 140 - 2500 nm in diameter 
DATA_INFO: Particle concentrations reported in number per cubic centimeter,1 Hz data
UNCERTAINTY: Counting uncertainty dominated by air flow, less than 5 percent. Measurement range is ~0 - 3000 per cm3 (varies depending on flow rate- manufacturer quotes 1250 per cm3 at 1.667 cc/s)
ULOD_FLAG: -7777
ULOD_VALUE: N/A
LLOD_FLAG: -8888
LLOD_VALUE: N/A
DM_CONTACT_INFO: Troy Thornberry, 325 Broadway R/CSL6, Boulder, CO 80305; troy.thornberry@noaa.gov; 303-497-3373
PROJECT_INFO: USOS, Utah POPS data from NOAA CSL Mobile Lab
STIPULATIONS_ON_USE: Please contact the PIs for questions regarding applications and uncertainties
OTHER_COMMENTS: POPS bin Edges (nm):  140.1, 146.3, 152.8, 159.6, 166.8, 174.2, 181.9, 190.0, 198.5, 207.4, 216.6, 226.2, 236.3, 246.8, 257.8, 269.3, 343.4, 450.7, 525.9, 618.5, 710.0, 822.7, 885.9, 953.9, 1027.2, 1106.1, 1191.0, 1282.5, 1381.0, 1487.1, 1601.3, 1724.3, 1856.7, 1999.3, 2152.8, 2318.2, 2496.2
Calculations assume organic aerosol refractive index of 1.52+0.00j and extinction wavelength = 532 nm
REVISION: R0
R0: Final data
Time_Start, Time_Stop, Time_Mid, Press_mb, Temp_C, Aerosol_concentration, Surface_Area_Conc, Volume_density, Effective_radius, Extinction, Bin01, Bin02, Bin03, Bin04, Bin05, Bin06, Bin07, Bin08, Bin09, Bin10, Bin11, Bin12, Bin13, Bin14, Bin15, Bin16, Bin17, Bin18, Bin19, Bin20, Bin21, Bin22, Bin23, Bin24, Bin25, Bin26, Bin27, Bin28, Bin29, Bin30, Bin31, Bin32, Bin33, Bin34, Bin35, Bin36
[from data line 562]
33720,33779,33750,870.851,31.186,200.297,27.614,1.787,0.187,0.007,25.542667,22.942823,20.421934,17.885702,16.077505,13.570832,11.701909,10.749586,9.203281,8.171694,7.094753,6.698678,6.039852,5.552513,4.124728,10.148157,2.569731,0.808342,0.391651,0.089662,0.055369,0.044642,0.077851,0.072917,0.010860,0.027965,0.022138,0.027875,0.010893,0.033273,0.038739,0.027700,0.016742,0.027931,0.005501,0.011113
33780,33839,33810,870.898,31.180,201.743,27.801,1.858,0.190,0.007,25.930099,22.921907,20.234224,18.054369,16.450142,13.475945,12.756966,10.930970,9.290143,7.964172,7.635882,6.551753,5.742263,5.417260,3.787644,10.069116,2.607440,0.890681,0.465976,0.094361,0.060985,0.043723,0.027682,0.039234,0.038858,0.027605,0.027938,0.021866,0.027494,0.044482,0.016576,0.039081,0.010979,0.011149,0.011021,0.022523
33840,33899,33870,870.904,31.083,199.547,27.821,1.829,0.190,0.007,26.224115,22.364763,19.639353,17.601576,16.051542,14.003052,12.254366,10.669519,9.412987,7.758339,7.063745,6.693421,6.202789,5.237486,3.822583,10.178889,2.494657,0.750254,0.407547,0.150567,0.110034,0.055276,0.034260,0.038948,0.039091,0.038585,0.033297,0.016918,0.028048,0.037756,0.050323,0.011207,0.027854,0.010938,0.011242,0.021662
33900,33959,33930,870.922,30.972,201.717,28.107,1.798,0.185,0.007,25.176807,23.110826,20.399368,18.267609,16.021286,14.082183,12.421616,10.693177,9.258532,7.899800,7.059593,6.616442,6.351239,5.338219,3.901168,10.239878,2.829531,0.851701,0.573611,0.116755,0.071901,0.060848,0.039329,0.033867,0.039356,0.016436,0.033310,0.027996,0.028249,0.027830,0.039246,0.016877,0.033395,0.022241,0.011282,0.005669
33960,34019,33990,870.918,30.928,205.553,29.019,1.913,0.191,0.007,26.056652,23.062464,20.284281,19.166031,16.225407,14.049280,12.840352,10.839941,9.094350,8.572279,6.926616,6.650017,6.428248,5.462579,4.176223,10.619697,2.792770,0.966196,0.585897,0.167449,0.077977,0.044749,0.105933,0.044584,0.033486,0.027873,0.022581,0.033411,0.044843,0.022758,0.033729,0.022300,0.027788,0.022315,0.010806,0.011168
34020,34079,34050,870.903,31.110,203.484,29.067,2.062,0.204,0.007,25.670872,23.139088,20.353653,18.237501,16.992685,14.171698,12.485169,10.762979,9.284936,7.964890,6.951925,6.773246,6.255342,5.383299,3.936748,10.145933,2.887564,0.778523,0.541332,0.140397,0.084784,0.055966,0.033395,0.078831,0.061846,0.011420,0.034039,0.022698,0.056568,0.022364,0.045400,0.017220,0.034056,0.023062,0.028061,0.016735
34080,34139,34110,870.878,31.201,205.898,28.199,1.651,0.172,0.007,25.350620,22.973713,20.466652,18.790031,17.077618,14.317693,12.479744,10.917555,9.251691,8.500897,7.279037,6.995680,6.135455,5.552755,4.445539,10.482063,2.749899,0.913648,0.553299,0.161252,0.061491,0.078550,0.083599,0.044628,0.028089,0.033636,0.016688,0.011130,0.011261,0.050043,0.028291,0.027732,0.022336,0.005612,0.000000,0.000000
34140,34199,34170,870.859,31.147,203.135,28.323,1.867,0.190,0.007,25.680929,22.675308,20.078598,18.175129,16.528555,14.567265,12.290109,10.687498,9.311710,8.213427,7.108322,6.789182,5.941119,5.611503,4.178898,10.804378,2.623978,0.754998,0.528847,0.083755,0.067226,0.027798,0.033558,0.050319,0.060369,0.033749,0.022336,0.022527,0.038804,0.033532,0.016932,0.016744,0.022152,0.011381,0.016774,0.027652
34200,34259,34230,870.841,31.089,204.611,28.786,1.899,0.189,0.007,25.306780,23.185207,20.691759,18.832188,16.152487,14.509543,12.075811,10.904161,9.319684,8.217733,7.166357,6.952378,6.117380,5.593557,3.960388,10.834129,2.621852,0.903194,0.473072,0.160927,0.145101,0.050363,0.083493,0.055623,0.044940,0.033598,0.033424,0.016709,0.028187,0.027954,0.016939,0.017032,0.022097,0.011264,0.022640,0.022570
34260,34319,34290,870.900,30.977,202.454,27.998,1.773,0.182,0.007,25.536158,22.648588,19.959854,18.391972,16.332758,14.249418,12.597144,10.220810,9.177533,8.137031,7.687067,6.548255,6.349471,5.149740,4.178956,10.538507,2.799495,0.826630,0.489240,0.094771,0.139417,0.039042,0.089005,0.050082,0.016742,0.011228,0.010789,0.022212,0.011023,0.022545,0.039062,0.028162,0.027929,0.011243,0.016817,0.005574
34320,34379,34350,870.971,31.087,203.118,28.699,1.957,0.198,0.007,25.805098,22.921131,19.219933,18.048038,16.670652,14.330730,12.293871,10.868423,9.244913,7.928367,7.220147,6.874744,6.131105,5.885957,4.095500,10.722634,2.888155,0.878163,0.434058,0.122083,0.061670,0.056074,0.038909,0.027655,0.049867,0.071978,0.016525,0.016594,0.039288,0.011024,0.044519,0.022180,0.016651,0.016787,0.011148,0.033083
34380,34439,34410,871.033,31.265,204.057,27.911,1.699,0.177,0.007,25.958767,23.399136,20.076630,18.769529,16.239214,14.218691,12.588933,10.638963,8.869250,8.129764,7.003469,6.973026,6.395802,5.532293,3.917199,10.878147,2.687168,0.763252,0.412447,0.111202,0.088434,0.039048,0.061222,0.055693,0.022179,0.022415,0.033752,0.016245,0.021840,0.005342,0.078470,0.016723,0.005612,0.000000,0.005556,0.021534
34440,34499,34470,871.061,31.324,202.651,28.074,1.763,0.180,0.007,25.394733,22.937716,20.358843,18.472563,16.268604,14.395388,12.497113,10.878818,9.302540,8.389525,6.977483,6.426897,6.111840,5.324633,3.835453,10.461325,2.679921,0.800349,0.406493,0.150993,0.105143,0.067287,0.055996,0.067028,0.033560,0.039177,0.022049,0.027792,0.011224,0.039161,0.039265,0.010955,0.022062,0.017009,0.005631,0.016896
34500,34559,34530,871.091,31.233,200.992,28.278,2.055,0.210,0.007,25.945066,22.910074,20.196508,18.029137,16.418665,14.096929,12.036323,10.716905,9.349945,8.145514,7.138863,6.453736,6.249475,5.037756,3.824179,9.828569,2.709142,0.794637,0.428622,0.132680,0.094295,0.050175,0.038981,0.011187,0.027797,0.021997,0.038991,0.028059,0.016581,0.027637,0.066454,0.044294,0.033484,0.016147,0.016204,0.016649
34560,34619,34590,871.097,31.108,200.591,28.296,2.004,0.202,0.007,25.058699,22.633114,20.168180,18.147917,16.387718,14.237889,12.311054,10.536244,9.133024,8.287454,7.164649,6.430490,6.122444,5.378011,3.942122,10.202960,2.529693,0.833236,0.405166,0.111554,0.055376,0.060367,0.055734,0.049633,0.032808,0.038628,0.049797,0.050039,0.021667,0.016542,0.027701,0.022137,0.022117,0.005688,0.016540,0.044729
34620,34679,34650,871.030,30.957,200.555,27.739,1.806,0.188,0.007,25.326838,22.522375,19.632006,18.360970,16.174225,14.299960,12.548803,10.599153,9.267302,8.030216,7.399223,6.440834,5.950580,5.157690,4.069997,10.201458,2.798115,0.751136,0.418963,0.089073,0.072230,0.055582,0.044657,0.049960,0.054972,0.022131,0.022260,0.022355,0.039322,0.027399,0.027816,0.022358,0.000000,0.016310,0.011169,0.028043
34680,34739,34710,870.949,30.990,200.477,28.238,1.999,0.203,0.007,25.941341,22.930283,19.727425,18.337008,15.914445,14.636515,11.995773,10.149481,9.093763,7.920702,7.068862,6.702419,6.005146,5.082950,3.740994,10.567429,2.626693,0.866569,0.458777,0.133272,0.127740,0.044506,0.038846,0.061111,0.033263,0.033307,0.022058,0.022395,0.021849,0.038913,0.022235,0.033053,0.010842,0.011189,0.016545,0.039021
34740,34799,34770,870.965,31.142,201.000,28.134,1.936,0.195,0.007,25.475742,22.772816,20.130283,18.534391,16.207863,14.471865,12.192731,10.548120,9.014383,8.173037,7.448380,6.957518,5.791351,5.188598,3.495841,10.018552,2.770173,0.678827,0.428493,0.082988,0.122035,0.039418,0.050165,0.045069,0.049811,0.071996,0.044624,0.005429,0.027640,0.038949,0.016706,0.022266,0.016690,0.016505,0.027883,0.022372
34800,34859,34830,870.991,31.198,203.640,28.321,1.954,0.196,0.007,25.807714,22.683529,20.391615,18.550446,16.786501,14.676161,12.170441,11.187901,9.488405,8.037909,6.970473,7.020942,6.333782,5.053320,3.740885,10.213662,2.732302,0.726064,0.475774,0.067670,0.060977,0.044906,0.044911,0.039708,0.044832,0.022290,0.039275,0.028454,0.028924,0.016859,0.039521,0.034328,0.028264,0.016674,0.011325,0.022888
34860,34919,34890,870.879,31.141,203.054,27.706,1.706,0.176,0.007,25.785337,23.160501,20.293638,18.634418,16.475859,14.396089,12.540786,10.624138,9.130176,8.319563,7.323816,6.503524,6.128966,5.130657,3.843518,10.372694,2.567531,0.758636,0.442761,0.144045,0.055992,0.061333,0.050178,0.033373,0.027664,0.044178,0.044050,0.000000,0.016631,0.027292,0.044696,0.016362,0.022077,0.011111,0.010967,0.011186
34920,34979,34950,870.843,31.002,199.705,27.273,1.773,0.187,0.006,25.610340,22.641344,19.747599,17.918949,16.447664,13.751357,12.260359,10.535100,9.390402,8.100933,6.937860,6.883620,6.220720,5.289039,3.808838,10.163898,2.368812,0.732503,0.360819,0.083367,0.106097,0.027970,0.038532,0.016618,0.022376,0.011338,0.028174,0.011357,0.027883,0.044893,0.022486,0.022161,0.010994,0.017027,0.032709,0.010990
34980,35039,35010,870.833,30.885,203.465,27.636,1.703,0.177,0.007,24.880198,23.699223,20.291903,19.176504,16.284922,14.440054,12.220438,10.790597,9.409522,8.208724,7.026291,6.896508,5.902133,5.413532,4.104633,10.132056,2.719503,0.856692,0.432287,0.105711,0.078085,0.060952,0.055731,0.050179,0.027644,0.028012,0.022878,0.011093,0.022356,0.022145,0.011242,0.033314,0.021971,0.005574,0.011019,0.011435
35040,35099,35070,870.855,31.056,203.579,28.558,1.978,0.199,0.007,25.549927,23.069031,21.277525,18.461267,16.409044,14.115426,12.699172,10.386311,9.234820,8.138675,7.162463,6.680221,6.148185,5.311242,4.005037,10.463970,2.611215,0.754472,0.423193,0.116630,0.072834,0.083519,0.028137,0.039041,0.028117,0.027690,0.044361,0.027727,0.033316,0.022078,0.055358,0.016346,0.010901,0.022005,0.016835,0.033264
35100,35159,35130,870.868,31.219,204.256,28.070,1.846,0.190,0.007,25.877882,23.573380,20.499329,18.399408,16.826891,14.506118,12.334084,10.451404,9.281966,8.393458,7.264771,6.775519,6.287484,5.286281,3.744688,10.264427,2.748862,0.770930,0.421749,0.077815,0.077627,0.038436,0.055692,0.039008,0.010825,0.016377,0.016453,0.027697,0.016894,0.033101,0.033188,0.021926,0.027792,0.016413,0.021933,0.016448
35160,35219,35190,870.804,31.234,204.885,28.153,1.816,0.186,0.007,25.342812,23.185656,21.173626,18.689083,17.190611,14.372708,12.208797,10.558990,9.467492,8.102061,7.190060,7.066527,6.180783,5.440856,3.794248,10.148746,2.982173,0.789727,0.393725,0.089111,0.088906,0.061230,0.061010,0.016507,0.038911,0.050204,0.011282,0.038876,0.005631,0.027746,0.033634,0.027780,0.011244,0.011038,0.005631,0.027527
35220,35279,35250,870.812,31.103,206.914,28.202,1.750,0.180,0.007,26.052280,23.315876,20.317856,18.748232,17.471136,15.085092,12.293442,10.837296,10.056684,8.256539,7.328745,6.721687,5.994819,5.384448,3.733480,10.559708,2.994182,0.731576,0.437487,0.088384,0.105301,0.033452,0.072145,0.055351,0.022311,0.044590,0.005650,0.022224,0.010988,0.016762,0.033128,0.027788,0.016560,0.022090,0.000000,0.016560
35280,35339,35310,870.893,31.002,207.721,28.153,1.627,0.168,0.007,25.387247,24.166525,20.349369,18.245506,16.724247,15.049932,12.641589,11.214872,9.789487,8.582007,7.522577,6.935665,6.335437,5.733429,4.026544,10.418455,2.728268,0.823529,0.465256,0.115785,0.093712,0.050055,0.044375,0.049135,0.044085,0.011093,0.022280,0.011284,0.027586,0.016522,0.033692,0.011113,0.011186,0.027818,0.005669,0.005556
35340,35399,35370,870.880,31.011,209.444,29.194,1.994,0.192,0.007,26.469780,24.107004,20.579485,18.696507,17.327045,14.770802,12.895641,11.058105,9.706806,8.383436,7.357832,7.107210,6.346340,5.201713,4.199190,10.605769,2.736763,0.790578,0.433552,0.160987,0.066616,0.050214,0.044478,0.027598,0.022223,0.044339,0.021476,0.028040,0.016504,0.016326,0.061273,0.021826,0.033358,0.016469,0.005593,0.033506
35400,35459,35430,870.865,31.198,208.704,28.654,1.908,0.192,0.007,26.411398,24.073545,20.836370,19.383974,16.897142,14.825797,12.749548,10.921206,9.824361,8.415309,7.471447,6.522899,6.470774,5.354305,3.891042,10.161986,2.700354,0.737280,0.411352,0.071967,0.094862,0.055688,0.066446,0.027788,0.038632,0.043841,0.038845,0.016403,0.027891,0.011007,0.044614,0.039119,0.038673,0.000000,0.016336,0.011280
35460,35519,35490,870.892,31.309,211.062,29.193,1.964,0.191,0.007,26.562140,23.709202,20.829370,19.242504,17.084961,14.830027,13.209236,11.576814,9.463881,8.835684,7.749229,6.462397,6.413311,5.831652,3.982300,10.633756,2.713644,0.907718,0.461779,0.089653,0.071988,0.061200,0.028197,0.044315,0.028008,0.016381,0.011004,0.011002,0.044726,0.011084,0.027753,0.022282,0.028147,0.011208,0.022378,0.033280
35520,35579,35550,870.897,31.265,209.579,28.929,1.923,0.193,0.007,26.361126,23.246992,21.141016,19.087938,16.915407,14.756561,12.464231,11.167684,9.750264,8.745025,7.680735,6.842287,6.276997,5.709744,4.385150,10.589285,2.712906,0.753318,0.424332,0.089313,0.066441,0.044507,0.016819,0.072145,0.016797,0.011041,0.016836,0.016559,0.027779,0.044807,0.050050,0.028118,0.016489,0.005708,0.027909,0.016760
35580,35639,35610,870.955,31.144,209.210,27.844,1.498,0.158,0.006,26.096272,23.709738,20.597668,18.703123,17.076523,15.227970,12.662074,11.242778,9.698314,8.372077,7.561381,6.836793,6.612679,5.517268,3.988555,10.707768,2.912498,0.752683,0.399669,0.122090,0.066746,0.039346,0.055875,0.055790,0.027537,0.022183,0.033723,0.028160,0.005394,0.016688,0.011208,0.016741,0.022104,0.005342,0.005612,0.000000
35640,35699,35670,870.988,30.991,210.238,28.387,1.613,0.165,0.007,25.883133,23.676279,20.778723,18.471851,17.159971,15.363409,13.075597,10.794481,9.661218,8.585706,7.927414,7.114955,6.308934,5.593517,4.142758,10.874452,3.156718,0.713473,0.421635,0.106561,0.050282,0.083411,0.033541,0.027961,0.038898,0.016624,0.027501,0.016786,0.027776,0.033256,0.021932,0.016612,0.005574,0.005359,0.016576,0.005394
35700,35759,35730,871.049,31.133,211.540,29.014,1.836,0.182,0.007,26.580448,23.252497,20.979813,19.190241,17.236851,14.657971,13.392229,11.051857,9.468039,8.646308,7.451328,7.074679,6.676980,5.678432,4.140192,11.339060,2.857672,0.990186,0.357375,0.094831,0.067010,0.038589,0.033358,0.038631,0.022115,0.016993,0.016596,0.016782,0.022532,0.011079,0.050249,0.027921,0.016873,0.016597,0.005556,0.022555
35760,35819,35790,871.121,31.280,208.601,28.164,1.642,0.170,0.007,25.681828,23.675123,20.563915,18.814018,16.629816,14.706445,12.468574,11.370293,9.551820,8.529467,7.675696,6.758073,6.426971,5.676878,4.077333,11.459788,3.004887,0.685221,0.374495,0.088350,0.060551,0.021988,0.044383,0.022057,0.016692,0.005429,0.038838,0.016800,0.039001,0.016611,0.033350,0.027655,0.027802,0.005556,0.000000,0.005727
35820,35879,35850,871.153,31.275,210.106,28.304,1.521,0.157,0.007,25.934978,23.742580,21.324425,19.144522,16.553551,14.646388,12.592438,10.880244,9.659997,8.800272,7.499465,7.149801,6.407722,5.292146,3.922927,11.551028,3.113793,0.925456,0.417058,0.138151,0.066301,0.099049,0.033203,0.071901,0.011020,0.016521,0.005727,0.016597,0.011038,0.011261,0.027663,0.000000,0.005429,0.011005,0.000000,0.022188
35880,35939,35910,871.220,31.199,211.077,28.302,1.551,0.158,0.006,25.971239,23.188450,21.201778,19.108145,17.242338,14.696165,13.026011,11.095455,10.042378,8.663147,7.416177,7.131791,6.363202,5.578025,4.264393,11.373158,3.061279,0.768725,0.457650,0.099661,0.072635,0.033526,0.005593,0.021949,0.034077,0.027219,0.016419,0.016895,0.011111,0.016774,0.021637,0.000000,0.005556,0.005593,0.021902,0.016730
35940,35999,35970,871.220,31.075,208.403,28.545,1.750,0.177,0.007,26.278606,23.211321,20.914154,18.730433,17.237822,14.915449,12.764675,10.495807,9.662510,8.251029,7.476235,6.621548,6.597966,5.424085,4.195711,11.211023,2.700278,0.672436,0.436940,0.088732,0.089255,0.066201,0.038909,0.027638,0.045030,0.066306,0.027574,0.010899,0.005574,0.039022,0.016856,0.010718,0.016668,0.027564,0.016668,0.011223
36000,36059,36030,871.215,31.116,210.151,28.880,1.796,0.179,0.007,26.924131,22.874918,20.805008,18.793974,17.048704,14.619892,12.948195,11.000049,9.593910,8.894132,7.431991,7.031782,6.438246,5.603269,4.251924,11.005957,3.077789,0.807284,0.386684,0.115823,0.071926,0.027445,0.072050,0.028145,0.033306,0.049835,0.027730,0.021800,0.021974,0.054354,0.017035,0.033531,0.005464,0.016458,0.005325,0.011093
