CampaignData_and_Merges/R0/CSL_MobileLab_Parked/raw/20240812/USOS-NOAAIodideCIMS-Halogens_MobileLabGround_20240812_RA.ict
38, 1001
Michael A Robinson, Chris Jernigan, Subi Thakali
NOAA ESRL Chemical Sciences Laboratory and CIRES, U. of Colorado
NOAA Iodide CIMS Instrument
USOS
1, 1
2024, 08, 12, 2024, 08, 13
1
starttime_UTC, seconds_past_midnight, seconds_of_day_since_00:00:00_UTC
6
1, 1, 1, 1, 1, 1
-9999, -9999, -9999, -9999, -9999, -9999
Br2_NOAACIMS, pptv, Gas_Br2_InSitu_S_AVMR, 
BrO_NOAACIMS, pptv, Gas_BrO_InSitu_S_AVMR, 
Cl2_NOAACIMS, pptv, Gas_Cl2_InSitu_S_AVMR, 
ClNO2_NOAACIMS, pptv, Gas_ClNO2_InSitu_S_AVMR, 
BrCl_NOAACIMS, pptv, Gas_BrCl_InSitu_S_AVMR, 
NCl3_NOAACIMS, pptv, Gas_NCl3_InSitu_S_AVMR, 
0
18
PI_CONTACT_INFO: 325 Broadway, R/CSD 7, Boulder, Colorado 80305; michael.a.robinson@noaa.gov; chris.jernigan@noaa.gov;
PLATFORM: NOAA CSL Mobile Lab
LOCATION: SLC, Utah
ASSOCIATED_DATA: 1Hz data also available on request.
INSTRUMENT_INFO: NOAA I- ToF CIMS
DATA_INFO: All data in parts per trillion by volume (pptv). 1 Hz data is available upon request.
UNCERTAINTY: TBD
ULOD_FLAG: -7777
ULOD_VALUE: N/A
LLOD_FLAG: -8888
LLOD_VALUE: N/A
DM_CONTACT_INFO: Nathan Howard; nathan.h.howard@noaa.gov
PROJECT_INFO: USOS, summer 2024. https://csl.noaa.gov/groups/csl7/measurements/2024usos/
STIPULATIONS_ON_USE: Users are strongly encouraged to contact the PI for proper data usage.
OTHER_COMMENTS: 
REVISION: RA
RA: Preliminary Data; For in-field use only
starttime_UTC, Br2_NOAACIMS, BrO_NOAACIMS, Cl2_NOAACIMS, ClNO2_NOAACIMS, BrCl_NOAACIMS, NCl3_NOAACIMS
[from data line 1124]
 67440,  0.894,  0.035,  0.428,  0.109,  0.149,  0.097
 67500,  0.948,  0.072,  0.649,  0.130,  0.149,  0.051
 67560,  0.911,  0.027,  0.484,  0.105,  0.159, -0.011
 67620,  0.884,  0.042,  0.640,  0.100,  0.159,  0.016
 67680,  0.865, -0.006,  0.643,  0.134,  0.173,  0.022
 67740,  0.891,  0.012,  0.565,  0.060,  0.117, -0.024
 67800,  0.836,  0.051,  0.508,  0.079,  0.150, -0.014
 67860,  0.894,  0.073,  0.474,  0.082,  0.159, -0.036
 67920,  0.903,  0.000,  0.589,  0.080,  0.148, -0.018
 67980,  0.901,  0.077,  0.644,  0.100,  0.194, -0.004
 68040,  0.947,  0.095,  0.570,  0.087,  0.199, -0.007
 68100,  0.897,  0.046,  0.642,  0.127,  0.167, -0.052
 68160,  0.970,  0.143,  0.547,  0.118,  0.141, -0.059
 68220,  0.922,  0.056,  0.530,  0.095,  0.145, -0.057
 68280,  0.810,  0.068,  0.561,  0.097,  0.159, -0.123
 68340,  1.007,  0.070,  0.497,  0.119,  0.130, -0.085
 68400,  0.920,  0.112,  0.554,  0.098,  0.130, -0.063
 68460,  0.971,  0.039,  0.612,  0.128,  0.136, -0.105
 68520,  0.891,  0.108,  0.506,  0.104,  0.156, -0.064
 68580,  0.900,  0.043,  0.556,  0.100,  0.135, -0.083
 68640,  0.928,  0.166,  0.488,  0.088,  0.160, -0.101
 68700,  0.888,  0.182,  0.449,  0.088,  0.205, -0.120
 68760,  0.918,  0.097,  0.488,  0.122,  0.176, -0.130
 68820,  0.897,  0.094,  0.495,  0.097,  0.174, -0.161
 68880, -9999.000, -9999.000, -9999.000, -9999.000, -9999.000, -9999.000
 68940,  0.935,  0.104,  0.389,  0.071,  0.148, -0.133
 69000,  0.938,  0.068,  0.434,  0.071,  0.133, -0.078
 69060,  0.813,  0.105,  0.366,  0.095,  0.154, -0.172
 69120,  0.849,  0.082,  0.399,  0.069,  0.154, -0.116
 69180,  0.826,  0.081,  0.472,  0.076,  0.142, -0.106
 69240,  0.841,  0.083,  0.423,  0.073,  0.108, -0.075
 69300,  0.877,  0.087,  0.526,  0.074,  0.080, -0.132
 69360,  0.900,  0.088,  0.551,  0.083,  0.088, -0.148
 69420,  0.972,  0.097,  0.464,  0.075,  0.131, -0.061
 69480,  0.917,  0.071,  0.527,  0.070,  0.091, -0.047
 69540,  0.863,  0.080,  0.509,  0.091,  0.112, -0.151
 69600,  0.880,  0.138,  0.535,  0.058,  0.107, -0.076
 69660,  0.980,  0.097,  0.464,  0.067,  0.114, -0.091
 69720,  0.846,  0.043,  0.569,  0.112,  0.092, -0.040
 69780,  0.826,  0.076,  0.597,  0.076,  0.110, -0.086
 69840,  0.867,  0.167,  0.558,  0.089,  0.108, -0.074
 69900,  0.816,  0.059,  0.606,  0.077,  0.157, -0.080
 69960,  0.776,  0.047,  0.647,  0.086,  0.072, -0.055
 70020,  0.848,  0.059,  0.602,  0.128,  0.113, -0.073
 70080,  0.981,  0.059,  0.650,  0.109,  0.107, -0.072
 70140,  0.824,  0.060,  0.594,  0.145,  0.144, -0.059
 70200,  0.785,  0.087,  0.514,  0.083,  0.136, -0.078
 70260,  0.872,  0.025,  0.535,  0.113,  0.115, -0.054
 70320,  0.751,  0.034,  0.531,  0.087,  0.124, -0.063
 70380,  0.867,  0.076,  0.571,  0.091,  0.106, -0.084
 70440,  0.891,  0.102,  0.595,  0.075,  0.103, -0.036
 70500,  0.918,  0.029,  0.480,  0.119,  0.103, -0.057
 70560,  0.829,  0.053,  0.561,  0.075,  0.126, -0.031
 70620,  0.920,  0.017,  0.576,  0.081,  0.101, -0.063
 70680,  0.888,  0.095,  0.569,  0.180,  0.076, -0.070
 70740, -9999.000, -9999.000, -9999.000, -9999.000, -9999.000, -9999.000
 70800,  0.952, -0.001,  0.552,  0.098,  0.129, -0.013
 70860,  0.785,  0.059,  0.636,  0.116,  0.132, -0.075
 70920,  0.885,  0.046,  0.646,  0.075,  0.059, -0.051
 70980,  0.912,  0.040,  0.578,  0.093,  0.081, -0.029
 71040,  0.852,  0.029,  0.645,  0.097,  0.090,  0.019
 71100,  0.942,  0.100,  0.596,  0.111,  0.099,  0.013
 71160,  0.899,  0.033,  0.624,  0.088,  0.104, -0.006
 71220,  0.918,  0.052,  0.497,  0.100,  0.057,  0.010
 71280,  0.847,  0.013,  0.618,  0.085,  0.127, -0.059
 71340,  0.977, -0.014,  0.584,  0.119,  0.085, -0.016
 71400,  0.914,  0.048,  0.684,  0.087,  0.119, -0.023
 71460,  0.925,  0.083,  0.710,  0.086,  0.147, -0.008
 71520,  0.894,  0.039,  0.542,  0.086,  0.087, -0.000
 71580,  0.954,  0.094,  0.648,  0.122,  0.112,  0.021
 71640,  0.926,  0.035,  0.581,  0.119,  0.079,  0.008
 71700,  0.831,  0.035,  0.565,  0.113,  0.127,  0.029
 71760,  0.781,  0.054,  0.669,  0.088,  0.136,  0.026
 71820,  0.921, -0.012,  0.648,  0.119,  0.113, -0.016
 71880,  0.913,  0.073,  0.560,  0.075,  0.161,  0.005
 71940,  0.875,  0.016,  0.448,  0.095,  0.108,  0.032
 72000,  0.846,  0.046,  0.502,  0.067,  0.112, -0.017
 72060,  0.825,  0.130,  0.637,  0.084,  0.093,  0.008
 72120,  0.925, -0.021,  0.584,  0.107,  0.117, -0.021
 72180,  0.890,  0.013,  0.516,  0.098,  0.104, -0.001
 72240,  0.914,  0.032,  0.565,  0.097,  0.101,  0.024
 72300,  0.805, -0.017,  0.553,  0.086,  0.132,  0.026
 72360,  0.825,  0.016,  0.534,  0.075,  0.115,  0.014
 72420,  0.798,  0.048,  0.528,  0.077,  0.166,  0.048
 72480,  0.857, -0.011,  0.578,  0.108,  0.127,  0.010
 72540,  0.818,  0.023,  0.532,  0.071,  0.149,  0.002
 72600,  0.701, -0.016,  0.504,  0.031,  0.162,  0.176
 72660,  0.764,  0.034,  0.549,  0.084,  0.086,  0.117
 72720,  0.807, -0.009,  0.511,  0.109,  0.090,  0.079
 72780,  0.919, -0.000,  0.584,  0.085,  0.152,  0.068
 72840,  0.791,  0.007,  0.623,  0.091,  0.114,  0.050
 72900,  0.756,  0.020,  0.528,  0.088,  0.091,  0.083
 72960,  0.836, -0.020,  0.650,  0.106,  0.100,  0.111
 73020,  0.778,  0.002,  0.563,  0.107,  0.076,  0.205
 73080,  0.804,  0.052,  0.561,  0.114,  0.112,  0.209
 73140,  0.819,  0.024,  0.612,  0.108,  0.175,  0.238
 73200,  0.841,  0.043,  0.605,  0.132,  0.092,  0.169
 73260,  0.794,  0.034,  0.597,  0.138,  0.103,  0.121
 73320,  0.812,  0.072,  0.655,  0.130,  0.111,  0.139
 73380,  0.935,  0.015,  0.685,  0.113,  0.096,  0.226
 73440,  0.795,  0.090,  0.635,  0.118,  0.143,  0.210
 73500,  0.914,  0.014,  0.700,  0.148,  0.083,  0.144
 73560,  0.830,  0.047,  0.734,  0.109,  0.120,  0.218
 73620,  0.857,  0.055,  0.741,  0.132,  0.118,  0.177
 73680,  0.861,  0.038,  0.617,  0.125,  0.100,  0.085
 73740,  0.816,  0.043,  0.688,  0.120,  0.093,  0.166
 73800,  0.874,  0.057,  0.668,  0.114,  0.081,  0.120
 73860,  0.837,  0.072,  0.652,  0.088,  0.107,  0.187
 73920,  0.851,  0.005,  0.742,  0.092,  0.122,  0.158
 73980,  0.821,  0.095,  0.741,  0.113,  0.071,  0.245
 74040,  0.819,  0.070,  0.713,  0.102,  0.085,  0.264
 74100,  0.783,  0.123,  0.616,  0.096,  0.101,  0.190
 74160,  0.831,  0.104,  0.547,  0.107,  0.109,  0.242
 74220,  0.869,  0.050,  0.749,  0.121,  0.107,  0.212
 74280,  0.898,  0.068,  0.583,  0.135,  0.082,  0.358
 74340,  0.816,  0.087,  0.672,  0.109,  0.062,  0.210
 74400,  0.771,  0.166,  0.513,  0.267,  0.074,  0.238
 74460,  1.131, -0.008,  0.421,  0.120,  0.095,  0.352
 74520,  0.830,  0.074,  0.570,  0.105,  0.081,  0.223
 74580,  0.807,  0.025,  0.641,  0.115,  0.064,  0.266
 74640,  0.840,  0.019,  0.635,  0.108,  0.054,  0.236
 74700,  0.751,  0.123,  0.583,  0.142,  0.083,  0.244
 74760,  0.964,  0.040,  0.658,  0.095,  0.069,  0.262
 74820,  0.786,  0.044,  0.700,  0.105,  0.085,  0.441
 74880,  0.793,  0.050,  0.771,  0.111,  0.100,  0.410
 74940,  0.822,  0.079,  0.791,  0.123,  0.119,  0.467
 75000,  0.810,  0.080,  0.792,  0.136,  0.091,  0.505
 75060,  0.804,  0.106,  0.594,  0.118,  0.076,  0.526
 75120,  0.693,  0.059,  0.585,  0.101,  0.088,  0.504
 75180,  0.794,  0.113,  0.598,  0.096,  0.087,  0.429
 75240,  0.880,  0.043,  0.529,  0.142,  0.060,  0.595
 75300,  0.788,  0.065,  0.536,  0.084,  0.082,  0.481
 75360,  0.847,  0.070,  0.539,  0.077,  0.144,  0.584
 75420,  0.664,  0.091,  0.556,  0.106,  0.086,  0.578
 75480,  0.743,  0.038,  0.592,  0.078,  0.053,  0.526
 75540,  0.785,  0.011,  0.583,  0.068,  0.110,  0.551
 75600,  0.670,  0.069,  0.552,  0.090,  0.076,  0.501
 75660,  0.648,  0.078,  0.627,  0.080,  0.057,  0.556
 75720,  0.829,  0.056,  0.545,  0.090,  0.063,  0.473
 75780,  0.676,  0.075,  0.557,  0.095,  0.076,  0.541
 75840,  0.828,  0.112,  0.631,  0.081,  0.112,  0.533
 75900,  0.769,  0.014,  0.648,  0.092,  0.094,  0.580
 75960,  0.795,  0.095,  0.627,  0.096,  0.157,  0.596
 76020,  0.765,  0.085,  0.638,  0.137,  0.127,  0.615
 76080,  0.762,  0.095,  0.595,  0.127,  0.087,  0.616
 76140,  0.828,  0.024,  0.576,  0.146,  0.151,  0.626
 76200,  0.734,  0.091,  0.547,  0.110,  0.123,  0.523
 76260,  1.336, -0.048,  0.437,  0.133,  0.101,  0.636
 76320,  0.693,  0.033,  0.535,  0.122,  0.144,  0.759
 76380,  0.673,  0.048,  0.578,  0.141,  0.114,  0.767
 76440,  0.671,  0.013,  1.121,  0.245,  0.146,  0.666
 76500,  0.871,  0.048,  1.302,  0.433,  0.164,  0.762
 76560,  0.804,  0.077,  0.997,  0.434,  0.137,  0.648
 76620,  0.837,  0.097,  0.723,  0.449,  0.145,  0.673
 76680,  0.728,  0.049,  0.537,  0.455,  0.116,  0.713
 76740,  0.846,  0.066,  0.456,  0.374,  0.109,  0.644
 76800,  0.853,  0.066,  0.458,  0.464,  0.153,  0.694
 76860,  0.812,  0.041,  0.432,  0.437,  0.130,  0.659
 76920,  0.796,  0.080,  0.460,  0.384,  0.130,  0.850
 76980,  0.810,  0.059,  0.493,  0.332,  0.098,  0.648
 77040,  0.791,  0.050,  0.430,  0.178,  0.131,  0.461
 77100,  0.710,  0.106,  0.309,  0.110,  0.078,  0.229
 77160,  0.688,  0.127,  0.279,  0.095,  0.066,  0.207
 77220,  0.672,  0.080,  0.275,  0.070,  0.071,  0.168
 77280,  0.735,  0.081,  0.234,  0.076,  0.087,  0.132
 77340,  0.750,  0.101,  0.234,  0.065,  0.085,  0.284
 77400,  0.723,  0.128,  0.205,  0.101,  0.049,  0.296
 77460,  0.725,  0.091,  0.217,  0.132,  0.070,  0.437
 77520,  0.757,  0.133,  0.260,  0.111,  0.098,  0.301
 77580,  0.744,  0.074,  0.194,  0.155,  0.070,  0.263
 77640,  0.675,  0.094,  0.230,  0.131,  0.042,  0.260
 77700,  0.703,  0.087,  0.200,  0.213,  0.102,  0.334
 77760,  0.652,  0.140,  0.253,  0.235,  0.039,  0.350
 77820,  0.704,  0.046,  0.269,  0.206,  0.029,  0.374
 77880,  0.718,  0.064,  0.220,  0.132,  0.035,  0.340
 77940,  0.701,  0.096,  0.244,  0.240,  0.072,  0.537
 78000,  0.751,  0.094,  0.221,  0.269,  0.065,  0.474
 78060,  0.777,  0.128,  0.178,  0.194,  0.039,  0.311
 78120, -9999.000, -9999.000, -9999.000, -9999.000, -9999.000, -9999.000
 78180,  0.544,  0.079,  0.308,  0.276,  0.041,  0.515
 78240,  0.786,  0.050,  0.375,  0.251,  0.035,  0.548
 78300,  0.705, -9999.000,  0.275,  0.183,  0.035,  0.453
 78360,  0.657, -9999.000,  0.204,  0.180,  0.052,  0.385
 78420,  0.594, -9999.000,  0.189,  0.145,  0.029,  0.227
 78480,  0.603, -9999.000,  0.147,  0.087,  0.038,  0.258
 78540,  0.645, -9999.000,  0.155,  0.160,  0.023,  0.283
 78600,  0.725, -9999.000,  0.149,  0.119,  0.046,  0.299
 78660,  0.672, -9999.000,  0.168,  0.132,  0.048,  0.298
 78720,  0.595, -9999.000,  0.148,  0.129,  0.067,  0.238
 78780,  0.643, -9999.000,  0.186,  0.151,  0.050,  0.282
 78840,  0.552, -9999.000,  0.189,  0.128,  0.077,  0.172
 78900,  0.713, -9999.000,  0.296,  0.151,  0.050,  0.385
 78960,  0.734, -9999.000,  0.201,  0.135,  0.044,  0.364
 79020,  0.607, -9999.000,  0.225,  0.133,  0.068,  0.418
 79080,  0.529, -9999.000,  0.262,  0.152,  0.075,  0.480
 79140,  0.679, -9999.000,  0.185,  0.140,  0.075,  0.588
 79200,  0.659, -9999.000,  0.212,  0.124,  0.047,  0.536
 79260,  0.618, -9999.000,  0.243,  0.141,  0.053,  0.578
 79320,  0.618, -9999.000,  0.255,  0.169,  0.056,  1.984
 79380,  0.612, -9999.000,  0.258,  0.157,  0.061,  3.115
 79440,  0.553, -9999.000,  0.295,  0.142,  0.060,  3.314
 79500,  0.608, -9999.000,  0.267,  0.163,  0.058,  3.199
 79560,  0.608, -9999.000,  0.237,  0.162,  0.070,  3.010
 79620,  0.684, -9999.000,  0.265,  0.158,  0.037,  2.877
 79680,  0.659, -9999.000,  0.258,  0.136,  0.050,  2.412
 79740,  0.681, -9999.000,  0.224,  0.171,  0.062,  2.147
 79800,  0.632, -9999.000,  0.256,  0.136,  0.082,  1.909
 79860,  0.661, -9999.000,  0.164,  0.096,  0.086,  1.728
 79920,  0.687, -9999.000,  0.230,  0.131,  0.064,  1.513
 79980, -9999.000, -9999.000, -9999.000, -9999.000, -9999.000, -9999.000
 80040,  0.585, -9999.000,  0.230,  0.149,  0.073,  1.141
 80100,  0.670, -9999.000,  0.195,  0.106,  0.061,  1.045
 80160,  0.607, -9999.000,  0.192,  0.134,  0.064,  0.853
 80220,  0.612, -9999.000,  0.200,  0.140,  0.055,  0.955
 80280,  0.687, -9999.000,  0.195,  0.136,  0.087,  0.705
 80340,  0.628, -9999.000,  0.200,  0.133,  0.055,  0.744
 80400,  0.611, -9999.000,  0.212,  0.166,  0.064,  0.749
 80460,  0.559, -9999.000,  0.214,  0.144,  0.124,  0.588
 80520,  0.668, -9999.000,  0.189,  0.159,  0.056,  0.765
 80580,  0.534, -9999.000,  0.115,  0.161,  0.061,  0.663
 80640,  0.565, -9999.000,  0.181,  0.146,  0.077,  0.629
 80700,  0.549, -9999.000,  0.144,  0.156,  0.074,  0.605
 80760,  0.570, -9999.000,  0.124,  0.115,  0.077,  0.512
 80820,  0.596, -9999.000,  0.082,  0.096,  0.027,  0.478
 80880,  0.533, -9999.000,  0.089,  0.109,  0.044,  0.402
 80940,  0.538, -9999.000,  0.171,  0.124,  0.058,  0.448
 81000,  0.497, -9999.000,  0.109,  0.112,  0.070,  0.387
 81060,  0.641, -9999.000,  0.178,  0.105,  0.041,  0.388
 81120,  0.566, -9999.000,  0.194,  0.076,  0.054,  0.460
 81180,  0.540, -9999.000,  0.116,  0.104,  0.053,  0.571
 81240,  0.643, -9999.000,  0.109,  0.087,  0.077,  0.538
 81300,  0.577, -9999.000,  0.107,  0.087,  0.036,  0.656
 81360,  0.564, -9999.000,  0.093,  0.069,  0.075,  0.975
 81420,  0.541, -9999.000,  0.098,  0.109,  0.068,  2.348
 81480,  0.565, -9999.000,  0.234,  0.098,  0.059,  4.066
 81540,  0.508, -9999.000,  0.235,  0.132,  0.060,  5.256
 81600,  0.528, -9999.000,  0.292,  0.151,  0.029,  4.754
 81660,  0.417, -9999.000,  0.189,  0.116,  0.061,  3.400
 81720,  0.569, -9999.000,  0.166,  0.095,  0.053,  1.255
 81780,  0.391, -9999.000,  0.096,  0.111,  0.034,  0.866
 81840, -9999.000, -9999.000, -9999.000, -9999.000, -9999.000, -9999.000
 81900,  0.458, -9999.000,  0.083,  0.081,  0.065,  0.595
 81960,  0.643, -9999.000,  0.100,  0.097,  0.037,  0.853
 82020,  0.685, -9999.000,  0.125,  0.088,  0.053,  0.982
 82080,  0.521, -9999.000,  0.093,  0.088,  0.027,  0.784
 82140,  0.465, -9999.000,  0.082,  0.070,  0.016,  0.610
 82200,  0.546, -9999.000,  0.103,  0.053,  0.033,  0.518
 82260,  0.455, -9999.000,  0.128,  0.057,  0.036,  0.530
 82320,  0.528, -9999.000,  0.142,  0.078,  0.036,  0.582
 82380,  0.586, -9999.000,  0.159,  0.087,  0.057,  0.580
 82440,  0.511, -9999.000,  0.129,  0.078,  0.032,  0.633
 82500,  0.660, -9999.000,  0.149,  0.088,  0.013,  0.569
 82560,  0.483, -9999.000,  0.171,  0.099,  0.061,  0.654
 82620,  0.577, -9999.000,  0.099,  0.103,  0.038,  0.654
 82680,  0.583, -9999.000,  0.137,  0.086,  0.024,  0.640
 82740,  0.535, -9999.000,  0.169,  0.090,  0.040,  0.573
 82800,  0.581, -9999.000,  0.159,  0.086,  0.044,  0.429
 82860,  0.556, -9999.000,  0.163,  0.074,  0.036,  0.390
 82920,  0.673, -9999.000,  0.144,  0.097,  0.053,  0.540
 82980,  0.658, -9999.000,  0.167,  0.084,  0.034,  0.732
 83040,  0.527, -9999.000,  0.174,  0.105,  0.018,  0.659
 83100,  0.513, -9999.000,  0.202,  0.081,  0.019,  0.891
 83160,  0.618, -9999.000,  0.197,  0.103,  0.026,  1.285
 83220,  0.601, -9999.000,  0.210,  0.095,  0.019,  0.896
 83280,  0.587, -9999.000,  0.217,  0.103,  0.026,  0.542
 83340,  0.637, -9999.000,  0.179,  0.100,  0.026,  0.277
 83400,  0.477, -9999.000,  0.134,  0.102,  0.023,  0.358
 83460,  0.507, -9999.000,  0.168,  0.077,  0.025,  0.297
 83520,  0.520, -9999.000,  0.192,  0.066,  0.037,  0.202
 83580,  0.567, -9999.000,  0.211,  0.055,  0.028,  0.330
 83640,  0.508, -9999.000,  0.192,  0.038,  0.006,  0.326
 83700,  0.470, -9999.000,  0.161,  0.071,  0.031,  0.558
 83760,  0.559, -9999.000,  0.215,  0.097, -0.004,  0.549
 83820,  0.572,  0.067,  0.190,  0.091,  0.060,  0.599
 83880,  0.491,  0.078,  0.200,  0.059,  0.012,  0.594
 83940,  0.586,  0.038,  0.185,  0.073, -0.011,  0.596
 84000,  0.525,  0.079,  0.173,  0.086,  0.028,  0.673
 84060,  0.629,  0.015,  0.204,  0.084, -0.012,  0.674
 84120,  0.655,  0.077,  0.183,  0.081,  0.018,  0.766
 84180,  0.702,  0.055,  0.166,  0.063,  0.019,  1.049
 84240,  0.720,  0.010,  0.203,  0.093,  0.001,  0.768
 84300,  0.572,  0.004,  0.145,  0.068,  0.009,  0.978
 84360,  0.409,  0.041,  0.198,  0.071, -0.014,  0.855
