CampaignData_and_Merges/R0/CSL_MobileLab_Parked/raw/20240812/USOS-NOAAIodideCIMS-OrgNitrs_MobileLabGround_20240812_RA.ict
37, 1001
Michael A Robinson, Chris Jernigan, Subi Thakali
NOAA ESRL Chemical Sciences Laboratory and CIRES, U. of Colorado
NOAA Iodide CIMS Instrument
USOS
1, 1
2024, 08, 12, 2024, 08, 13
1
starttime_UTC, seconds_past_midnight, seconds_of_day_since_00:00:00_UTC
5
1, 1, 1, 1, 1
-9999, -9999, -9999, -9999, -9999
C4H7NO5_NOAACIMS, pptv, Gas_C4H7NO5_InSitu_S_AVMR, 
ISOPN_NOAACIMS, pptv, Gas_ISOPN_InSitu_S_AVMR, 
C5H10O3_NOAACIMS, pptv, Gas_C5H10O3_InSitu_S_AVMR, 
C5H9NO5_NOAACIMS, pptv, Gas_C5H9NO5_InSitu_S_AVMR, 
C10H17NO4_NOAACIMS, pptv, Gas_C10H17NO4_InSitu_S_AVMR, 
0
18
PI_CONTACT_INFO: 325 Broadway, R/CSD 7, Boulder, Colorado 80305; michael.a.robinson@noaa.gov; chris.jernigan@noaa.gov;
PLATFORM: NOAA CSL Mobile Lab
LOCATION: SLC, Utah
ASSOCIATED_DATA: 1Hz data also available on request.
INSTRUMENT_INFO: NOAA I- ToF CIMS
DATA_INFO: All data in parts per trillion by volume (pptv). 1 Hz data is available upon request.
UNCERTAINTY: TBD
ULOD_FLAG: -7777
ULOD_VALUE: N/A
LLOD_FLAG: -8888
LLOD_VALUE: N/A
DM_CONTACT_INFO: Nathan Howard; nathan.h.howard@noaa.gov
PROJECT_INFO: USOS, summer 2024. https://csl.noaa.gov/groups/csl7/measurements/2024usos/
STIPULATIONS_ON_USE: Users are strongly encouraged to contact the PI for proper data usage.
OTHER_COMMENTS: 
REVISION: RA
RA: Preliminary Data; For in-field use only
starttime_UTC, C4H7NO5_NOAACIMS, ISOPN_NOAACIMS, C5H10O3_NOAACIMS, C5H9NO5_NOAACIMS, C10H17NO4_NOAACIMS
[from data line 1342]
 80520,  0.774,  1.413,  6.075,  1.288,  0.454
 80580,  0.759,  1.533,  6.874,  1.362,  0.482
 80640,  0.779,  1.446,  6.627,  1.255,  0.481
 80700,  0.711,  1.515,  4.933,  1.148,  0.489
 80760,  0.653,  1.371,  4.828,  1.092,  0.442
 80820,  0.634,  1.522,  5.020,  1.073,  0.437
 80880,  0.600,  1.253,  4.643,  1.086,  0.479
 80940,  0.638,  1.339,  4.888,  1.003,  0.462
 81000,  0.659,  1.288,  4.977,  1.125,  0.481
 81060,  0.720,  1.400,  5.768,  1.278,  0.422
 81120,  0.724,  1.415,  6.206,  1.499,  0.438
 81180,  0.685,  1.665,  5.283,  1.703,  0.439
 81240,  0.738,  1.524,  6.084,  1.856,  0.504
 81300,  0.758,  1.632,  6.534,  1.975,  0.422
 81360,  0.758,  1.587,  6.834,  2.060,  0.427
 81420,  0.729,  1.626,  6.255,  1.814,  0.416
 81480,  0.785,  1.515,  6.590,  1.537,  0.405
 81540,  0.782,  1.374,  6.026,  1.306,  0.393
 81600,  0.797,  1.187,  6.687,  1.351,  0.375
 81660,  0.761,  1.264,  7.027,  1.354,  0.375
 81720,  0.753,  1.262,  6.233,  1.270,  0.380
 81780,  0.685,  1.152,  5.244,  1.153,  0.409
 81840, -9999.000, -9999.000, -9999.000, -9999.000, -9999.000
 81900,  0.714,  1.531,  6.292,  1.178,  0.368
 81960,  0.703,  1.510,  5.563,  1.166,  0.390
 82020,  0.678,  1.420,  4.700,  1.196,  0.365
 82080,  0.644,  1.259,  5.212,  1.174,  0.378
 82140,  0.638,  1.421,  5.003,  1.170,  0.374
 82200,  0.636,  1.172,  4.739,  1.138,  0.325
 82260,  0.600,  1.356,  4.008,  1.059,  0.356
 82320,  0.664,  1.388,  4.404,  1.091,  0.351
 82380,  0.669,  1.259,  4.965,  1.151,  0.384
 82440,  0.648,  1.403,  4.933,  1.155,  0.348
 82500,  0.668,  1.097,  4.742,  1.103,  0.353
 82560,  0.649,  1.121,  4.633,  1.098,  0.354
 82620,  0.639,  0.998,  4.384,  1.025,  0.300
 82680,  0.657,  0.991,  4.672,  1.096,  0.310
 82740,  0.643,  0.992,  4.357,  0.995,  0.265
 82800,  0.632,  1.129,  4.781,  0.974,  0.269
 82860,  0.645,  1.080,  4.964,  1.021,  0.231
 82920,  0.592,  1.163,  4.256,  1.011,  0.291
 82980,  0.606,  0.836,  3.595,  0.853,  0.263
 83040,  0.615,  1.297,  4.459,  0.951,  0.295
 83100,  0.626,  1.125,  4.599,  0.956,  0.263
 83160,  0.615,  1.007,  4.235,  0.948,  0.282
 83220,  0.600,  1.000,  3.635,  1.002,  0.230
 83280,  0.619,  1.127,  4.221,  0.999,  0.244
 83340,  0.599,  1.097,  4.419,  0.963,  0.225
 83400,  0.600,  1.114,  4.058,  0.959,  0.227
 83460,  0.595,  1.087,  3.665,  0.975,  0.262
 83520,  0.578,  0.998,  4.088,  0.966,  0.257
 83580,  0.585,  1.115,  4.193,  0.896,  0.282
 83640,  0.583,  1.093,  3.879,  0.858,  0.227
 83700,  0.585,  1.107,  4.295,  0.949,  0.292
 83760,  0.549,  1.188,  3.800,  0.851,  0.222
 83820,  0.538,  1.111,  3.166,  0.879,  0.255
 83880,  0.534,  1.071,  3.934,  0.917,  0.281
 83940,  0.544,  1.085,  4.040,  0.945,  0.276
 84000,  0.519,  1.155,  3.997,  0.851,  0.226
 84060,  0.510,  1.168,  3.276,  0.806,  0.201
 84120,  0.563,  1.244,  3.811,  0.845,  0.210
 84180,  0.526,  1.168,  4.620,  0.808,  0.236
 84240,  0.496,  1.113,  3.903,  0.794,  0.236
 84300,  0.491,  1.116,  3.032,  0.778,  0.230
 84360,  0.488,  1.151,  3.644,  0.852,  0.255
 84420,  0.478,  1.237,  3.482,  0.876,  0.289
 84480,  0.506,  1.143,  3.227,  0.826,  0.271
 84540,  0.515,  1.307,  3.332,  0.902,  0.294
 84600,  0.494,  1.252,  3.742,  0.897,  0.285
 84660,  0.468,  1.232,  3.028,  0.820,  0.282
 84720,  0.494,  1.179,  3.360,  0.808,  0.301
 84780,  0.526,  1.098,  3.302,  0.749,  0.348
 84840,  0.470,  1.292,  3.571,  0.813,  0.310
 84900,  0.488,  1.110,  3.454,  0.813,  0.299
 84960,  0.499,  1.192,  3.549,  0.862,  0.261
 85020,  0.513,  1.227,  3.780,  0.881,  0.267
 85080,  0.486,  1.325,  3.816,  0.967,  0.306
 85140,  0.489,  1.337,  3.699,  0.927,  0.324
 85200,  0.480,  1.193,  3.429,  1.044,  0.291
 85260,  0.494,  1.165,  4.134,  0.869,  0.311
 85320,  0.492,  1.190,  3.643,  0.847,  0.307
 85380,  0.464,  1.236,  3.600,  0.842,  0.296
 85440,  0.477,  1.369,  3.797,  0.793,  0.296
 85500, -9999.000, -9999.000, -9999.000, -9999.000, -9999.000
 85560,  0.474,  1.318,  3.924,  0.874,  0.293
 85620,  0.498,  1.095,  3.773,  0.871,  0.303
 85680,  0.471,  1.276,  4.056,  0.823,  0.255
 85740,  0.477,  1.064,  4.243,  0.821,  0.281
 85800,  0.476,  1.146,  3.853,  0.923,  0.262
 85860,  0.463,  1.209,  3.807,  0.830,  0.327
 85920,  0.462,  1.186,  3.941,  0.864,  0.258
 85980,  0.501,  1.170,  4.174,  0.799,  0.322
 86040,  0.477,  1.138,  4.030,  0.774,  0.256
 86100,  0.498,  1.116,  4.206,  0.819,  0.252
 86160,  0.488,  1.256,  4.292,  0.852,  0.263
 86220,  0.495,  1.171,  4.525,  0.776,  0.212
 86280,  0.493,  1.289,  4.113,  0.846,  0.281
 86340,  0.492,  0.963,  3.682,  0.796,  0.256
