CampaignData_and_Merges/R0/CSL_MobileLab_Parked/raw/20240719/USOS-PTR_MobileLabGround_20240719_R0.ict
58, 1001
Matthew Coggon, Kelvin Bates, Chelsea Stockwell, Carsten Warneke
NOAA ESRL Chemical Sciences Division
NOAA PTR-ToF-MS
USOS
1,1 
2024, 07, 19, 2025, 09, 19
0
Time_Start, seconds, number of seconds from 00:00 UTC 
22
1, 1, 1, 1, 1, 1, 1, 1, 1, 1, 1, 1, 1, 1, 1, 1, 1, 1, 1, 1, 1, 1
-9999, -9999, -9999, -9999, -9999, -9999, -9999, -9999, -9999, -9999, -9999, -9999, -9999, -9999, -9999, -9999, -9999, -9999, -9999, -9999, -9999, -9999
CH3OH_NOAAPTR_ppbv,  ppbv, Gas_CH3OH_InSitu_S_AVMR, (CH3OH) methanol
CH3CN_NOAAPTR_ppbv,  ppbv, Gas_CH3CN_InSitu_S_AVMR, (CH3CN) acetonitrile
CH3CHO_NOAAPTR_ppbv,  ppbv, Gas_CH3CHO_InSitu_S_AVMR, (CH3CHO) acetaldehyde plus contributions from ethylene glycol and ethylene oxide. Interference from ethanol has been subtracted out.
C2H5OH_NOAAPTR_ppbv,  ppbv, Gas_C2H5OH_InSitu_S_AVMR, (C2H5OH) ethanol
CH3SH_NOAAPTR_ppbv,  ppbv, Gas_CH3SH_InSitu_S_AVMR, (CH3SH) methanethiol, using calibration factor for DMS
Acrolein_NOAAPTR_ppbv,  ppbv, Gas_Acrolein_InSitu_S_AVMR, (C3H4O) acrolein
AcetonePropanal_NOAAPTR_ppbv,  ppbv, Gas_AcetoneAndPropanal_InSitu_S_AVMR, (C3H6O) sum of acetone (dominant isomer) and propanal, using calibration factor for acetone
DMS_NOAAPTR_ppbv,  ppbv, Gas_DMS_InSitu_S_AVMR, (C2H6S) dimethyl sulfide with possible small contributions from ethanethiol
C5H8_NOAAPTR_ppbv,  ppbv, Gas_Isoprene_InSitu_S_AVMR, (C5H8) isoprene and possible fragments from cycloalkanes and aldehydes. Interferences have been subtracted following methods described by Coggon et al (2023)
MVKMAC_NOAAPTR_ppbv,  ppbv, Gas_MVKAndMAC_InSitu_S_AVMR, (C4H6O) sum of methyl vinyl ketone, methacrolein, and small amounts of crotonaldehyde, using weighted calibration factor for MVK (0.637) and MACR (0.363)
Benzene_NOAAPTR_ppbv,  ppbv, Gas_Benzene_InSitu_S_AVMR, (C6H6) benzene
Toluene_NOAAPTR_ppbv,  ppbv, Gas_Toluene_InSitu_S_AVMR, (C7H8) toluene with possible small contributions of fragments from ethyltoluene
Styrene_NOAAPTR_ppbv,  ppbv, Gas_Styrene_InSitu_S_AVMR, (C8H8) styrene
Benzaldehyde_NOAAPTR_ppbv,  ppbv, Gas_Benzaldehyde_InSitu_S_AVMR, (C7H6O) benzaldehyde
C8Aromatics_NOAAPTR_ppbv,  ppbv, Gas_C8Aromatics_InSitu_M_AVMR, (C8H10) sum of m-xylene, p-xylene, o-xylene, and ethyl benzene
C9Aromatics_NOAAPTR_ppbv,  ppbv, Gas_C9Aromatics_InSitu_M_AVMR, (C9H12) sum of C9 aromatics
Naphthalene_NOAAPTR_ppbv,  ppbv, Gas_Naphthalene_InSitu_S_AVMR, (C10H8) naphthalene
Octanal_NOAAPTR_ppbv,  ppbv, Gas_Octanal_InSitu_S_AVMR, (C8H16O) octanal and small amounts of octanone
Monoterpenes_NOAAPTR_ppbv,  ppbv, Gas_Monoterpenes_InSitu_M_AVMR, (C10H16) sum of monoterpenes and possible contributions from fragments of oxygenated monoterpenoids such as eucalyptol.
Nonanal_NOAAPTR_ppbv,  ppbv, Gas_Nonanal_InSitu_M_AVMR, (C9H18O) nonanal and small amounts of nonanone
C7H4ClF3_NOAAPTR_ppbv,  ppbv, Gas_C7H4ClF3_InSitu_S_AVMR, (C7H4ClF3) parachlorobenzotrifluoride
C10H30O5Si5_NOAAPTR_ppbv,  ppbv, Gas_C10H30O5Si5_InSitu_S_AVMR, (C10H30O5Si5) decamethylcyclopentasiloxane
1
SPECIAL COMMENTS:N/A
21
PI_CONTACT_INFO: NOAA ESRL Chemical Sciences Division, Tropospheric Chemistry Group. 325 Broadway, R/CSD7, Boulder, CO 80305
PLATFORM: Mobile Laboratory.
LOCATION: Salt Lake City, UT
ASSOCIATED_DATA: N/A
INSTRUMENT_INFO: NOAA PTR-ToF-MS measurements on NOAA CSL Mobile Lab
DATA_INFO: Units: ppbv
UNCERTAINTY: See OTHER_COMMENTS
ULOD_FLAG: -7777
ULOD_VALUE: N/A
LLOD_FLAG: -8888
LLOD_VALUE: N/A.
DM_CONTACT_INFO: Data Managers: Matt Coggon, Kelvin Bates, Chelsea Stockwell; email: matthew.m.coggon@noaa.gov and kelvin.bates@colorado.edu
PROJECT_INFO: USOS Deployment July-August, 2024
STIPULATIONS_ON_USE: Use of these data require prior OK from PI.
OTHER_COMMENTS: Uncertainties:
CH3OH_NOAAPTR_ppbv:30%; CH3CN_NOAAPTR_ppbv:30%; CH3CHO_NOAAPTR_ppbv:30%; C2H5OH_NOAAPTR_ppbv:30%; CH3SH_NOAAPTR_ppbv:50%; Acrolein_NOAAPTR_ppbv:30%; AcetonePropanal_NOAAPTR_ppbv:30%; DMS_NOAAPTR_ppbv:30%; C5H8_NOAAPTR_ppbv:30%; MVKMAC_NOAAPTR_ppbv:30%; 
Benzene_NOAAPTR_ppbv:30%; Toluene_NOAAPTR_ppbv:30%; Styrene_NOAAPTR_ppbv:30%; Benzaldehyde_NOAAPTR_ppbv:30%; C8Aromatics_NOAAPTR_ppbv:30%; C9Aromatics_NOAAPTR_ppbv:30%; Naphthalene_NOAAPTR_ppbv:30%; Octanal_NOAAPTR_ppbv:30%; Monoterpenes_NOAAPTR_ppbv:30%; Nonanal_NOAAPTR_ppbv:30%; 
C7H4ClF3_NOAAPTR_ppbv:30%; C10H30O5Si5_NOAAPTR_ppbv:30%; 
REVISION: R0
R0: Calibrated PTR Data. See individual species comments for details about measurement uncertainties
Time_Start, CH3OH_NOAAPTR_ppbv, CH3CN_NOAAPTR_ppbv, CH3CHO_NOAAPTR_ppbv, C2H5OH_NOAAPTR_ppbv, CH3SH_NOAAPTR_ppbv, Acrolein_NOAAPTR_ppbv, AcetonePropanal_NOAAPTR_ppbv, DMS_NOAAPTR_ppbv, C5H8_NOAAPTR_ppbv, MVKMAC_NOAAPTR_ppbv, Benzene_NOAAPTR_ppbv, Toluene_NOAAPTR_ppbv, Styrene_NOAAPTR_ppbv, Benzaldehyde_NOAAPTR_ppbv, C8Aromatics_NOAAPTR_ppbv, C9Aromatics_NOAAPTR_ppbv, Naphthalene_NOAAPTR_ppbv, Octanal_NOAAPTR_ppbv, Monoterpenes_NOAAPTR_ppbv, Nonanal_NOAAPTR_ppbv, C7H4ClF3_NOAAPTR_ppbv, C10H30O5Si5_NOAAPTR_ppbv
[from data line 1310]
78600.0, 5.20836, 0.18856, 1.07876, 2.15703, 0.00507, 0.15081, 3.12725, -0.00032, 0.25753, 0.13782, -0.00646, 0.11815, 0.00251, -0.03244, 0.05752, 0.02639, -0.00595, 0.03016, 0.16528, 0.09011, 0.00725, 0.00238 
78660.0, 5.35967, 0.16993, 1.12970, 3.14395, -0.00088, 0.15798, 3.12260, 0.00424, 0.22452, 0.14450, 0.02596, 0.10118, 0.00439, -0.02461, 0.05326, 0.04174, 0.00097, 0.03992, 0.19729, 0.06028, 0.00786, 0.00105 
78720.0, 4.33005, 0.16920, 0.75657, 0.71912, -0.00004, 0.14066, 2.83099, -0.00032, 0.02887, 0.11077, 0.01553, 0.05081, -0.00837, -0.03402, 0.02936, 0.02001, -0.01827, 0.01584, 0.06998, 0.06162, 0.00298, 0.00345 
78780.0, 5.21114, 0.18842, 1.11925, 1.65313, 0.00424, 0.15358, 3.08114, -0.00032, 0.16444, 0.14552, 0.06589, 0.08588, 0.00087, -0.00972, 0.04500, 0.03319, -0.00691, 0.03714, 0.20054, 0.11381, 0.00639, -0.00104 
78840.0, 5.32292, 0.16346, 1.32550, 1.75467, 0.00637, 0.17388, 3.10512, 0.01425, 0.24156, 0.15664, 0.12658, 0.14060, 0.00101, 0.02324, 0.05986, 0.02718, -0.01025, 0.03674, 0.16705, 0.18060, 0.00571, -0.00087 
78900.0, 5.50221, 0.17768, 1.13947, 1.04371, -0.00032, 0.18203, 3.13394, -0.00032, 0.25109, 0.16836, 0.06785, 0.09150, -0.00584, -0.01334, 0.05681, 0.01579, -0.01530, 0.03226, 0.10666, 0.05103, 0.00290, 0.00253 
78960.0, 4.14528, 0.17208, 0.79315, 0.67709, -0.00050, 0.10138, 2.96668, 0.00558, 0.07399, 0.10849, -0.03556, 0.03204, -0.00930, -0.05900, 0.01999, 0.00900, -0.02374, 0.02210, 0.02306, 0.02792, 0.01132, -0.00005 
79020.0, 6.20927, 0.16241, 1.21971, 4.83470, 0.00023, 0.17348, 3.14884, 0.00238, 0.20343, 0.13568, 0.21444, 0.65459, 0.02921, -0.05892, 0.44353, 0.15238, -0.02120, 0.02631, 0.04990, 0.08950, 0.00922, 0.00056 
79080.0, 4.02068, 0.16424, 0.60038, 0.47227, 0.00079, 0.11935, 2.85387, -0.00031, 0.00000, 0.09103, 0.01648, 0.03466, -0.00927, -0.02193, 0.02133, 0.00670, -0.01906, 0.02581, 0.02306, 0.02268, 0.00735, 0.00251 
79140.0, 4.26057, 0.17082, 0.74761, 1.54295, 0.00266, 0.12247, 2.87569, 0.00091, 0.06529, 0.09234, 0.10862, 0.20192, 0.01253, -0.02172, 0.11325, 0.03406, -0.00965, 0.02617, 0.03797, 0.03753, 0.00561, -0.00013 
79200.0, 6.10761, 0.17107, 1.17173, 4.35936, -0.00089, 0.20464, 3.12246, -0.00031, 0.14176, 0.14381, 0.24722, 0.63450, 0.03735, -0.02754, 0.34718, 0.11296, 0.01425, 0.03934, 0.05003, 0.06847, 0.00961, 0.00151 
79260.0, 3.97274, 0.17225, 0.71140, 0.45772, 0.00079, 0.10573, 2.84886, -0.00031, 0.00472, 0.10015, -0.00645, 0.03907, -0.00024, -0.01203, 0.02294, 0.00680, -0.01243, 0.01869, 0.00419, 0.02207, 0.00231, 0.00127 
79320.0, 4.56999, 0.17088, 1.08815, 3.67934, -0.00001, 0.15931, 3.17040, -0.00031, 0.07535, 0.14523, 0.15964, 0.56869, -0.00920, -0.04404, 0.32995, 0.11867, -0.00471, 0.03727, 0.02948, 0.08391, 0.00778, 0.00015 
79380.0, 5.58650, 0.17006, 0.91308, 1.03666, -0.00090, 0.14788, 3.00865, -0.00031, 0.08246, 0.13937, 0.07112, 0.07656, -0.00126, -0.00854, 0.04488, 0.01600, -0.00506, 0.02685, 0.04910, 0.04731, 0.00005, 0.00185 
79440.0, 6.55367, 0.17863, 1.06567, 2.45273, 0.00130, 0.16139, 3.11413, -0.00031, 0.17713, 0.16671, 0.13613, 0.32585, 0.02487, -0.03682, 0.16887, 0.06112, -0.00432, 0.02475, 0.06627, 0.05414, 0.00608, 0.00084 
79500.0, 5.16076, 0.17313, 0.67762, 0.81857, -0.00031, 0.13720, 2.84666, 0.00750, 0.27482, 0.15287, 0.02040, 0.07321, -0.00331, -0.03409, 0.04412, 0.01542, 0.00285, 0.02004, 0.07229, 0.04351, 0.01354, 0.00030 
79560.0, 4.22936, 0.18803, 0.52917, 0.24708, -0.00090, 0.07632, 2.75825, 0.00606, 0.05577, 0.10099, 0.00286, 0.03998, -0.00019, -0.02074, 0.01381, 0.00573, -0.00703, 0.01730, 0.05422, 0.02480, 0.00696, 0.00085 
79620.0, 3.69400, 0.16153, 0.57168, 0.47509, -0.00006, 0.11824, 2.70953, -0.00030, 0.04883, 0.10642, 0.02073, 0.04111, 0.00276, -0.00934, 0.02811, 0.00734, -0.01048, 0.00872, 0.03303, 0.02660, 0.00506, 0.00069 
79680.0, 4.48639, 0.17209, 0.56741, 0.50360, -0.00087, 0.12548, 2.66615, -0.00030, 0.00000, 0.08013, -0.04835, 0.04392, -0.00910, -0.05803, 0.02253, 0.00851, -0.02335, 0.01066, 0.01260, 0.02008, 0.01054, 0.00187 
79740.0, 6.04500, 0.17520, 0.92177, 0.36523, -0.00090, 0.15655, 2.85595, 0.00004, 0.04895, 0.12443, -0.05911, 0.05594, -0.00908, -0.05795, 0.02151, 0.01106, -0.02332, 0.00843, 0.04470, 0.02364, 0.01113, 0.00180 
79800.0, 5.79818, 0.18069, 1.13731, 1.12130, 0.00177, 0.19014, 2.98861, -0.00030, 0.17449, 0.18532, -0.00629, 0.07224, 0.00502, -0.01907, 0.04638, 0.02546, -0.01933, 0.03004, 0.07123, 0.06053, 0.00732, 0.00192 
79860.0, 5.58639, 0.17236, 1.10047, 4.74723, 0.00177, 0.19535, 3.14373, 0.00885, 0.20478, 0.16527, 0.23098, 0.55670, 0.04299, -0.03407, 0.35168, 0.13452, 0.00437, 0.02914, 0.11718, 0.13854, 0.00688, 0.00231 
79920.0, 6.28128, 0.16486, 1.25536, 1.72195, 0.00093, 0.20428, 3.12787, 0.00412, 0.24496, 0.21167, 0.06136, 0.18640, 0.02051, -0.02278, 0.10659, 0.04648, -0.00581, 0.04667, 0.10758, 0.06181, 0.00458, 0.00043 
79980.0, 5.23594, 0.16994, 1.01832, 0.87883, 0.00169, 0.19517, 2.93510, -0.00030, 0.33541, 0.19961, 0.05095, 0.10994, 0.00789, -0.02786, 0.07869, 0.04292, -0.01916, 0.02181, 0.07718, 0.06387, 0.00739, 0.00047 
80040.0, 5.13097, 0.17911, 0.88414, 1.19001, -0.00090, 0.12991, 2.83661, 0.00536, 0.26139, 0.17363, -0.00838, 0.09627, 0.00928, -0.02383, 0.05447, 0.02097, -0.01489, 0.03011, 0.08133, 0.01430, 0.00735, 0.00019 
80100.0, 6.29955, 0.18363, 1.24123, 1.44594, 0.00021, 0.14891, 3.10761, -0.00029, 0.33164, 0.16562, 0.02840, 0.16860, -0.00539, -0.01556, 0.06485, 0.02382, -0.01910, 0.02700, 0.09769, 0.07377, 0.00792, -0.00093 
80160.0, 4.72570, 0.15842, 1.22459, 1.40777, -0.00041, 0.16778, 3.11276, 0.01024, 0.32316, 0.18318, 0.01572, 0.22092, -0.00896, -0.03505, 0.05380, 0.02763, -0.01724, 0.02181, 0.16637, 0.04849, 0.00620, -0.00022 
80220.0, 6.61815, 0.17553, 1.44088, 3.23778, 0.00273, 0.18903, 3.30352, -0.00029, 0.44177, 0.23100, 0.05182, 0.61096, 0.01247, -0.01618, 0.08958, 0.03645, -0.01403, 0.03586, 0.25040, 0.21054, 0.00791, 0.00018 
80280.0, 3.34795, 0.17039, 0.67628, 0.52804, 0.00149, 0.12111, 2.65448, 0.00571, 0.00000, 0.12598, 0.04560, 0.06988, -0.00893, -0.00309, 0.02191, 0.00391, -0.01646, 0.01443, 0.05302, 0.04364, 0.01144, 0.00315 
80340.0, 4.82795, 0.15647, 0.90189, 0.75671, 0.00053, 0.10956, 2.65611, 0.00902, 0.16453, 0.11477, 0.42154, 0.06193, -0.00468, 0.16119, 0.00716, 0.00979, -0.01871, 0.03065, 0.05771, 0.14331, 0.00355, 0.00166 
80400.0, 4.99399, 0.16065, 0.95209, 0.90501, 0.00104, 0.15405, 2.70195, 0.00406, 0.18963, 0.13473, 0.02978, 0.09624, -0.00889, -0.01850, 0.03838, 0.01617, -0.02296, 0.01340, 0.06941, 0.12735, 0.00660, 0.00135 
80460.0, 4.69771, 0.15843, 0.92057, 1.59853, 0.00162, 0.11990, 2.78725, 0.00695, 0.16034, 0.16772, -0.01654, 0.12579, -0.00887, -0.05698, 0.04300, 0.01571, -0.02293, 0.01685, 0.11402, 0.04375, 0.00819, 0.00022 
80520.0, 4.96434, 0.16073, 0.89170, 1.28460, -0.00041, 0.12773, 2.73036, 0.01359, 0.21766, 0.15703, 0.04564, 0.07948, -0.00886, -0.04440, 0.02049, 0.00813, -0.02290, 0.00723, 0.07797, 0.04286, 0.00651, 0.00073 
80580.0, 5.41436, 0.17384, 0.85918, 1.08170, 0.00200, 0.12932, 2.66729, 0.00953, 0.16013, 0.13833, 0.05586, 0.08276, -0.00884, -0.04021, 0.01858, 0.01257, -0.02286, 0.01825, 0.09248, 0.10486, 0.00295, 0.00039 
80640.0, 5.68830, 0.18266, 1.09234, 1.57753, 0.00005, 0.14781, 2.91662, 0.00291, 0.22598, 0.17374, 0.05383, 0.12055, 0.01815, 0.00631, 0.04651, 0.02116, -0.00635, 0.05196, 0.19729, 0.13372, 0.00341, 0.00339 
80700.0, 4.78394, 0.16568, 0.83736, 0.97881, 0.00017, 0.11838, 2.73726, 0.00453, 0.11010, 0.14974, 0.02845, 0.05755, 0.00382, -0.01495, 0.02953, 0.01085, -0.02029, 0.03452, 0.06431, 0.08133, 0.00375, 0.00055 
80760.0, 3.39504, 0.16005, 0.72651, 0.66139, 0.00118, 0.11510, 2.61201, -0.00028, 0.07486, 0.12872, 0.01061, 0.04856, -0.00879, -0.01290, 0.01807, 0.00884, -0.01573, 0.01567, 0.01980, 0.02436, 0.00397, -0.00008 
80820.0, 5.28949, 0.18123, 1.00922, 1.80292, -0.00089, 0.13810, 2.85310, 0.00209, 0.18406, 0.17434, 0.01672, 0.12408, 0.01009, -0.01285, 0.04695, 0.01388, -0.01482, 0.01993, 0.16269, 0.06399, 0.00570, 0.00106 
80880.0, 4.74361, 0.16167, 0.94250, 1.53841, 0.00173, 0.13768, 2.72491, 0.00767, 0.07941, 0.16265, 0.04205, 0.08532, 0.01240, -0.02406, 0.04761, 0.02552, -0.02270, 0.01319, 0.11708, 0.10664, 0.00439, 0.00163 
80940.0, 5.14116, 0.16450, 1.08679, 2.63299, 0.00048, 0.14309, 2.88728, 0.01362, 0.19517, 0.17222, 0.47805, 0.33019, 0.02253, 0.17264, 0.20284, 0.07229, -0.02267, 0.02418, 0.07759, 0.11657, 0.00483, 0.00020 
81000.0, 5.11890, 0.17556, 0.99753, 0.92728, 0.00284, 0.09760, 2.72113, 0.00605, 0.14021, 0.16140, 0.05249, 0.15919, 0.01114, -0.00599, 0.03571, 0.01974, -0.00858, 0.02756, 0.16271, 0.07908, 0.00538, 0.00053 
81060.0, 5.67796, 0.17260, 0.88715, 0.85600, 0.00382, 0.14435, 2.80331, 0.00087, 0.18070, 0.16528, 0.08102, 0.13537, -0.00132, 0.03661, 0.03443, 0.01912, -0.00560, 0.02273, 0.10610, 0.13254, 0.00082, 0.00183 
81120.0, 5.73947, 0.17227, 0.99468, 1.86177, -0.00019, 0.15135, 2.77042, -0.00027, 0.18175, 0.17238, 0.08100, 0.23911, 0.00888, -0.00820, 0.10641, 0.03756, -0.01093, 0.03620, 0.10039, 0.05143, 0.00263, 0.00281 
81180.0, 27.61483, 0.18095, 1.00127, 1.39968, 0.00112, 0.16475, 2.74484, 0.00427, 0.27277, 0.16984, 0.07284, 0.20787, 0.01042, -0.00680, 0.08331, 0.03750, -0.01272, 0.04034, 0.15897, 0.17169, 0.00721, 0.00226 
81240.0, 6.09550, 0.16822, -9999.00000, 3.71559, 0.00025, 0.16733, 2.75477, 0.00314, -9999.00000, 0.18570, 0.18606, 0.43579, 0.02161, -0.00331, 0.21619, 0.07448, 0.00851, 0.03830, 0.12083, 0.05997, 0.00061, 0.00011 
81300.0, -9999.00000, -9999.00000, -9999.00000, -9999.00000, -9999.00000, -9999.00000, -9999.00000, -9999.00000, -9999.00000, -9999.00000, -9999.00000, -9999.00000, -9999.00000, -9999.00000, -9999.00000, -9999.00000, -9999.00000, -9999.00000, -9999.00000, -9999.00000, -9999.00000, -9999.00000 
81360.0, -9999.00000, -9999.00000, -9999.00000, -9999.00000, -9999.00000, -9999.00000, -9999.00000, -9999.00000, -9999.00000, -9999.00000, -9999.00000, -9999.00000, -9999.00000, -9999.00000, -9999.00000, -9999.00000, -9999.00000, -9999.00000, -9999.00000, -9999.00000, -9999.00000, -9999.00000 
81420.0, -9999.00000, -9999.00000, -9999.00000, -9999.00000, -9999.00000, -9999.00000, -9999.00000, -9999.00000, -9999.00000, -9999.00000, -9999.00000, -9999.00000, -9999.00000, -9999.00000, -9999.00000, -9999.00000, -9999.00000, -9999.00000, -9999.00000, -9999.00000, -9999.00000, -9999.00000 
81480.0, -9999.00000, -9999.00000, -9999.00000, -9999.00000, -9999.00000, -9999.00000, -9999.00000, -9999.00000, -9999.00000, -9999.00000, -9999.00000, -9999.00000, -9999.00000, -9999.00000, -9999.00000, -9999.00000, -9999.00000, -9999.00000, -9999.00000, -9999.00000, -9999.00000, -9999.00000 
81540.0, -9999.00000, -9999.00000, -9999.00000, -9999.00000, -9999.00000, -9999.00000, -9999.00000, -9999.00000, -9999.00000, -9999.00000, -9999.00000, -9999.00000, -9999.00000, -9999.00000, -9999.00000, -9999.00000, -9999.00000, -9999.00000, -9999.00000, -9999.00000, -9999.00000, -9999.00000 
81600.0, -9999.00000, -9999.00000, -9999.00000, -9999.00000, -9999.00000, -9999.00000, -9999.00000, -9999.00000, -9999.00000, -9999.00000, -9999.00000, -9999.00000, -9999.00000, -9999.00000, -9999.00000, -9999.00000, -9999.00000, -9999.00000, -9999.00000, -9999.00000, -9999.00000, -9999.00000 
81660.0, -9999.00000, -9999.00000, -9999.00000, -9999.00000, -9999.00000, -9999.00000, -9999.00000, -9999.00000, -9999.00000, -9999.00000, -9999.00000, -9999.00000, -9999.00000, -9999.00000, -9999.00000, -9999.00000, -9999.00000, -9999.00000, -9999.00000, -9999.00000, -9999.00000, -9999.00000 
81720.0, -9999.00000, -9999.00000, -9999.00000, -9999.00000, -9999.00000, -9999.00000, -9999.00000, -9999.00000, -9999.00000, -9999.00000, -9999.00000, -9999.00000, -9999.00000, -9999.00000, -9999.00000, -9999.00000, -9999.00000, -9999.00000, -9999.00000, -9999.00000, -9999.00000, -9999.00000 
81780.0, -9999.00000, -9999.00000, -9999.00000, -9999.00000, -9999.00000, -9999.00000, -9999.00000, -9999.00000, -9999.00000, -9999.00000, -9999.00000, -9999.00000, -9999.00000, -9999.00000, -9999.00000, -9999.00000, -9999.00000, -9999.00000, -9999.00000, -9999.00000, -9999.00000, -9999.00000 
81840.0, -9999.00000, -9999.00000, -9999.00000, -9999.00000, -9999.00000, -9999.00000, -9999.00000, -9999.00000, -9999.00000, -9999.00000, -9999.00000, -9999.00000, -9999.00000, -9999.00000, -9999.00000, -9999.00000, -9999.00000, -9999.00000, -9999.00000, -9999.00000, -9999.00000, -9999.00000 
81900.0, 4.12681, 0.18491, -9999.00000, 0.60055, 0.00028, 0.09953, 2.52683, -0.00027, -9999.00000, 0.11684, 0.03732, 0.05470, 0.00654, -0.01888, 0.02590, 0.02346, -0.00575, 0.02450, 0.02136, 0.02275, 0.00680, 0.00176 
81960.0, 4.08781, 0.16285, 0.75873, 0.80279, 0.00118, 0.12676, 2.52343, -0.00027, 0.07303, 0.15207, -0.02186, 0.06628, -0.00001, -0.03490, 0.03247, 0.01306, 0.00163, 0.02800, 0.05903, 0.04849, 0.00366, 0.00259 
82020.0, 5.86592, 0.16626, 0.99212, 1.34335, 0.00279, 0.16429, 2.77371, 0.00801, 0.16223, 0.17481, 0.12784, 0.08555, 0.00172, 0.02737, 0.03995, 0.02714, -0.01370, 0.04042, 0.10480, 0.07715, 0.00243, 0.00188 
82080.0, 5.15491, 0.16953, 0.84377, 0.95803, 0.00071, 0.14989, 2.56918, 0.01105, 0.30536, 0.17654, -0.02101, 0.07391, -0.00326, -0.03247, 0.03560, 0.01592, -0.00604, 0.01672, 0.11040, 0.03859, 0.00477, 0.00294 
82140.0, 4.85326, 0.14586, 0.71871, 1.17830, 0.00104, 0.13435, 2.56643, 0.00110, 0.26251, 0.15972, 0.03241, 0.06554, 0.00575, -0.01316, 0.03692, 0.02058, -0.01696, 0.03066, 0.13727, 0.09041, 0.00457, -0.00003 
82200.0, 3.75971, 0.15495, 0.57446, 0.68663, -0.00075, 0.13236, 2.48637, 0.00849, 0.20339, 0.14486, -0.04929, 0.03132, 0.00275, -0.02023, 0.02213, 0.01522, -0.02180, 0.01441, 0.06944, 0.03916, 0.00777, 0.00041 
82260.0, 4.69466, 0.16168, 0.91351, 0.99264, 0.00042, 0.17222, 2.59839, -0.00027, 0.13587, 0.15223, 0.00619, 0.07344, 0.00063, -0.01905, 0.03655, 0.01470, -0.00495, 0.03684, 0.07189, 0.04692, 0.00414, 0.00198 
82320.0, 5.65717, 0.15873, 0.92763, 1.17211, 0.00342, 0.15696, 2.63950, 0.01667, 0.21128, 0.17541, 0.91186, 0.07848, 0.01270, 0.40018, 0.06124, 0.02597, 0.00684, 0.05068, 0.12497, 0.09211, 0.00275, 0.00254 
82380.0, 4.09345, 0.16302, 0.55813, 0.26310, 0.00080, 0.10307, 2.29081, -0.00027, 0.01999, 0.10161, 0.03343, 0.02212, -0.00121, -0.01188, 0.01020, 0.00915, -0.00842, 0.02625, 0.03833, 0.04014, 0.00177, 0.00066 
82440.0, 4.81186, 0.17062, 0.75510, 0.99596, 0.00151, 0.15155, 2.51435, -0.00027, 0.16594, 0.17137, 0.57595, 0.03263, -0.00853, 0.17304, 0.00218, -0.00203, 0.00574, 0.04034, 0.03440, 0.02730, -0.00077, -0.00131 
82500.0, 5.07527, 0.16451, -9999.00000, 1.61785, 0.00042, 0.12289, 2.54081, -0.00027, -9999.00000, 0.15193, 0.56291, 0.05746, 0.01045, 0.17527, 0.01168, -0.00110, -0.00072, 0.05121, 0.04883, 0.05143, -0.00037, -0.00130 
82560.0, -9999.00000, -9999.00000, -9999.00000, -9999.00000, -9999.00000, -9999.00000, -9999.00000, -9999.00000, -9999.00000, -9999.00000, -9999.00000, -9999.00000, -9999.00000, -9999.00000, -9999.00000, -9999.00000, -9999.00000, -9999.00000, -9999.00000, -9999.00000, -9999.00000, -9999.00000 
82620.0, -9999.00000, -9999.00000, -9999.00000, -9999.00000, -9999.00000, -9999.00000, -9999.00000, -9999.00000, -9999.00000, -9999.00000, -9999.00000, -9999.00000, -9999.00000, -9999.00000, -9999.00000, -9999.00000, -9999.00000, -9999.00000, -9999.00000, -9999.00000, -9999.00000, -9999.00000 
82680.0, -9999.00000, -9999.00000, -9999.00000, -9999.00000, -9999.00000, -9999.00000, -9999.00000, -9999.00000, -9999.00000, -9999.00000, -9999.00000, -9999.00000, -9999.00000, -9999.00000, -9999.00000, -9999.00000, -9999.00000, -9999.00000, -9999.00000, -9999.00000, -9999.00000, -9999.00000 
