CampaignData_and_Merges/R0/CSL_MobileLab_Parked/raw/20240719/USOS-MetNav_MobileLabGround_20240719_R0.ict
44, 1001
Carrie Womack, Nate Howard, Mike Zucker
NOAA Chemical Sciences Laboratory
Mobile Lab MetNav Station
USOS
1, 1
2024, 07, 19, 2024, 12, 21
60
Time_Start, seconds_past_midnight, Seconds from midnight UTC
11
1, 1, 1, 1, 1, 1, 1, 1, 1, 1, 1
-9999, -9999, -9999, -9999, -9999, -9999, -9999, -9999, -9999, -9999, -9999
GPS_Alt_m, meters, Altitude from Differential GPS
GPS_Course_deg, degrees, Course from Differential GPS
GPS_GndSpd_m_s, m/s, Ground Speed from Differential GPS
GPS_Heading_deg, degrees, Heading from Differential GPS
GPS_Lat_deg, degrees, Latitude from Differential GPS
GPS_Lon_deg, degrees, Longitude from Differential GPS
AirTemp_C, Celsius, Air Temperature from Airmar
RelHumidity_pct, percent, Relative Humidity from Airmar
Pressure_mb, millibars, Pressure from Honeywell
WindDir_calc_deg, degrees, Wind Direction from Airmar corrected for van movement
WindSpd_calc_m_s, m/s, Wind Speed from Airmar corrected for van movement
1
SPECIAL COMMENTS:
18
PI_CONTACT_INFO: Address: 325 Broadway R/CSL7, Boulder, CO, 80305
PLATFORM: CSL Mobile Lab
LOCATION: Salt Lake City, UT
ASSOCIATED_DATA: N/A
INSTRUMENT_INFO: N/A
DATA_INFO: Units:
UNCERTAINTY: N/A
ULOD_FLAG: -7777
ULOD_VALUE: N/A
LLOD_FLAG: -8888
LLOD_VALUE: N/A
DM_CONTACT_INFO: Data Manager: Nate Howard
PROJECT_INFO: 
STIPULATIONS_ON_USE: Use of these data require prior ok from PI.
OTHER_COMMENTS: 
REVISION: R0
R0: Final data. Fixed bug in wind averaging code. RA: Preliminary Data. For in-field use only. 
Time_Start, GPS_Alt_m, GPS_Course_deg, GPS_GndSpd_m_s, GPS_Heading_deg, GPS_Lat_deg, GPS_Lon_deg, AirTemp_C, RelHumidity_pct, Pressure_mb, WindDir_calc_deg, WindSpd_calc_m_s
0.0,-9999.0,-9999.00,-9999.00,-9999.00,-9999.00000,-9999.00000,-9999.0,-9999.0,-9999.0,-9999.00,-9999.0
60.0,-9999.0,-9999.00,-9999.00,-9999.00,-9999.00000,-9999.00000,-9999.0,-9999.0,-9999.0,-9999.00,-9999.0
120.0,-9999.0,-9999.00,-9999.00,-9999.00,-9999.00000,-9999.00000,-9999.0,-9999.0,-9999.0,-9999.00,-9999.0
180.0,-9999.0,-9999.00,-9999.00,-9999.00,-9999.00000,-9999.00000,-9999.0,-9999.0,-9999.0,-9999.00,-9999.0
240.0,-9999.0,-9999.00,-9999.00,-9999.00,-9999.00000,-9999.00000,-9999.0,-9999.0,-9999.0,-9999.00,-9999.0
300.0,-9999.0,-9999.00,-9999.00,-9999.00,-9999.00000,-9999.00000,-9999.0,-9999.0,-9999.0,-9999.00,-9999.0
360.0,-9999.0,-9999.00,-9999.00,-9999.00,-9999.00000,-9999.00000,-9999.0,-9999.0,-9999.0,-9999.00,-9999.0
420.0,-9999.0,-9999.00,-9999.00,-9999.00,-9999.00000,-9999.00000,-9999.0,-9999.0,-9999.0,-9999.00,-9999.0
480.0,-9999.0,-9999.00,-9999.00,-9999.00,-9999.00000,-9999.00000,-9999.0,-9999.0,-9999.0,-9999.00,-9999.0
540.0,-9999.0,-9999.00,-9999.00,-9999.00,-9999.00000,-9999.00000,-9999.0,-9999.0,-9999.0,-9999.00,-9999.0
600.0,-9999.0,-9999.00,-9999.00,-9999.00,-9999.00000,-9999.00000,-9999.0,-9999.0,-9999.0,-9999.00,-9999.0
660.0,-9999.0,-9999.00,-9999.00,-9999.00,-9999.00000,-9999.00000,-9999.0,-9999.0,-9999.0,-9999.00,-9999.0
720.0,-9999.0,-9999.00,-9999.00,-9999.00,-9999.00000,-9999.00000,-9999.0,-9999.0,-9999.0,-9999.00,-9999.0
780.0,-9999.0,-9999.00,-9999.00,-9999.00,-9999.00000,-9999.00000,-9999.0,-9999.0,-9999.0,-9999.00,-9999.0
840.0,1310.5,0.13,0.04,0.13,40.73434,-111.87211,33.9,19.3,876.5,187.17,1.4
900.0,1310.4,359.87,0.05,359.87,40.73434,-111.87211,34.0,19.7,876.5,158.52,1.8
960.0,1310.6,0.07,0.05,0.07,40.73434,-111.87211,34.1,19.9,876.5,151.34,1.4
1020.0,1310.3,359.72,0.04,359.72,40.73434,-111.87211,34.2,19.4,876.5,156.03,2.0
1080.0,1310.1,359.61,0.05,359.61,40.73434,-111.87211,34.2,19.2,876.5,168.10,2.0
1140.0,1310.3,359.64,0.05,359.64,40.73434,-111.87211,34.3,19.2,876.5,150.59,2.0
1200.0,1310.4,359.54,0.05,359.54,40.73434,-111.87211,34.3,19.5,876.4,144.09,1.7
1260.0,1310.3,359.55,0.05,359.55,40.73434,-111.87211,34.4,19.8,876.3,128.86,1.9
1320.0,1310.5,359.58,0.05,359.58,40.73434,-111.87211,34.4,19.2,876.3,143.99,1.8
1380.0,1310.4,359.52,0.05,359.52,40.73434,-111.87211,34.5,19.1,876.3,168.96,1.2
1440.0,1310.9,359.27,0.05,359.27,40.73434,-111.87211,34.7,18.8,876.3,159.35,1.0
1500.0,1310.9,359.61,0.05,359.61,40.73434,-111.87211,34.9,18.7,876.3,156.99,1.3
1560.0,1310.7,359.96,0.05,359.96,40.73434,-111.87211,35.0,18.8,876.3,146.83,1.7
1620.0,1310.3,359.45,0.05,359.45,40.73434,-111.87211,35.0,18.9,876.4,138.38,2.1
1680.0,1310.1,359.68,0.06,359.68,40.73434,-111.87211,34.9,19.3,876.4,139.74,2.1
1740.0,1310.0,359.78,0.06,359.78,40.73434,-111.87211,34.9,18.8,876.4,137.35,2.1
1800.0,1309.7,359.57,0.04,359.57,40.73433,-111.87211,34.9,18.6,876.5,163.16,1.8
1860.0,1309.7,359.71,0.05,359.71,40.73433,-111.87211,34.8,18.4,876.4,154.19,2.7
1920.0,1309.9,0.08,0.04,0.08,40.73433,-111.87210,34.7,18.6,876.4,137.56,2.7
1980.0,1309.9,359.74,0.05,359.74,40.73434,-111.87210,34.7,19.1,876.2,146.82,2.6
2040.0,1309.9,359.56,0.05,359.56,40.73434,-111.87210,34.7,18.6,876.2,156.49,2.2
2100.0,1310.0,359.63,0.05,359.63,40.73434,-111.87210,34.7,18.8,876.2,145.85,2.3
2160.0,1309.9,359.56,0.05,359.56,40.73433,-111.87210,34.7,19.4,876.2,143.67,2.6
2220.0,1309.7,359.43,0.05,359.43,40.73433,-111.87210,34.6,18.7,876.2,154.81,2.6
2280.0,1309.3,359.45,0.03,359.45,40.73433,-111.87210,34.6,18.6,876.2,151.99,2.8
2340.0,1309.4,359.37,0.04,359.37,40.73433,-111.87210,34.6,18.7,876.0,155.81,2.1
2400.0,1309.3,359.67,0.04,359.67,40.73433,-111.87210,34.6,18.5,876.0,149.93,2.2
2460.0,1309.3,359.59,0.05,359.59,40.73434,-111.87210,34.6,18.7,876.0,152.46,1.8
2520.0,1309.1,359.76,0.05,359.76,40.73434,-111.87210,34.6,18.4,876.0,152.34,2.1
2580.0,1309.1,359.90,0.05,359.90,40.73434,-111.87210,34.6,18.3,876.1,154.60,1.5
2640.0,1309.0,359.64,0.04,359.64,40.73433,-111.87210,34.7,18.2,876.1,156.74,2.5
2700.0,1308.9,359.43,0.04,359.43,40.73434,-111.87210,34.6,18.7,876.1,154.33,2.3
2760.0,1308.7,359.61,0.05,359.61,40.73433,-111.87210,34.7,18.8,876.1,152.93,1.7
2820.0,1308.6,359.22,0.05,359.22,40.73433,-111.87210,34.7,18.7,876.1,147.22,2.0
2880.0,1308.6,359.45,0.05,359.45,40.73433,-111.87210,34.7,18.8,876.2,141.34,1.4
2940.0,1308.5,359.77,0.05,359.77,40.73433,-111.87210,34.8,18.7,876.2,144.91,2.4
3000.0,1308.4,359.68,0.04,359.68,40.73433,-111.87210,34.7,18.7,876.2,151.93,2.3
3060.0,1308.4,359.58,0.05,359.58,40.73433,-111.87210,34.8,18.6,876.2,150.74,1.3
3120.0,1308.4,359.55,0.05,359.55,40.73433,-111.87210,34.9,18.6,876.2,149.21,1.1
3180.0,1308.4,359.83,0.05,359.83,40.73433,-111.87210,34.9,18.9,876.3,138.73,1.1
3240.0,1308.3,358.90,0.05,358.90,40.73433,-111.87210,35.1,19.2,876.4,128.54,0.5
3300.0,1308.3,358.84,0.05,358.84,40.73433,-111.87210,35.1,19.6,876.5,57.56,0.1
3360.0,1308.5,359.21,0.05,359.21,40.73433,-111.87210,35.1,19.7,876.6,93.45,0.4
3420.0,1308.4,359.24,0.06,359.24,40.73433,-111.87211,35.1,19.4,876.6,234.21,0.9
3480.0,1308.3,359.26,0.06,359.26,40.73433,-111.87210,34.8,19.5,876.6,287.09,0.4
3540.0,1308.5,359.48,0.05,359.48,40.73433,-111.87210,34.6,19.8,876.6,356.60,0.6
3600.0,1308.5,359.62,0.05,359.62,40.73433,-111.87210,34.5,19.9,876.6,319.94,0.3
3660.0,1308.5,359.53,0.05,359.53,40.73433,-111.87210,34.5,20.2,876.6,117.37,0.9
3720.0,1308.5,359.51,0.05,359.51,40.73433,-111.87210,34.4,19.8,876.6,230.08,0.9
3780.0,1308.4,359.55,0.05,359.55,40.73433,-111.87210,34.4,19.5,876.6,253.40,0.7
3840.0,1308.5,358.85,0.05,358.85,40.73433,-111.87210,34.3,19.6,876.7,216.80,0.5
3900.0,1308.3,358.61,0.05,358.61,40.73433,-111.87210,34.4,19.4,876.7,125.40,0.9
3960.0,1308.3,358.55,0.05,358.55,40.73433,-111.87210,34.4,19.4,876.7,190.69,0.8
4020.0,1308.1,359.36,0.05,359.36,40.73433,-111.87210,34.3,19.4,876.8,286.52,1.2
4080.0,1308.1,359.24,0.06,359.24,40.73433,-111.87210,34.1,19.5,876.8,293.94,1.0
4140.0,1308.3,359.26,0.04,359.26,40.73433,-111.87210,34.2,19.7,876.8,65.41,0.1
4200.0,1308.2,359.52,0.05,359.52,40.73434,-111.87210,34.2,19.7,876.8,199.42,0.7
4260.0,1308.3,359.52,0.05,359.52,40.73434,-111.87210,34.1,19.5,876.9,221.74,0.7
4320.0,1308.3,359.14,0.05,359.14,40.73434,-111.87210,34.1,19.4,876.9,238.35,1.1
4380.0,1308.4,358.66,0.04,358.66,40.73434,-111.87210,33.9,19.1,876.9,245.04,2.5
4440.0,1308.5,358.69,0.05,358.69,40.73434,-111.87210,33.8,19.1,876.9,242.88,2.3
4500.0,1308.5,358.91,0.05,358.91,40.73434,-111.87210,33.9,19.3,876.9,223.45,1.2
4560.0,1308.4,358.67,0.05,358.67,40.73434,-111.87210,33.9,19.4,877.0,212.49,0.9
4620.0,1308.5,358.87,0.04,358.87,40.73434,-111.87211,33.6,19.3,877.0,241.25,2.2
4680.0,1308.7,359.04,0.05,359.04,40.73434,-111.87211,33.4,19.4,877.0,233.49,3.1
4740.0,1308.7,359.19,0.04,359.19,40.73434,-111.87211,33.4,19.6,877.0,242.62,1.4
4800.0,1309.2,359.44,0.05,359.44,40.73434,-111.87211,33.4,19.7,877.0,228.61,1.0
4860.0,1309.2,359.21,0.04,359.21,40.73434,-111.87211,33.3,19.7,877.0,223.60,1.4
4920.0,1309.1,359.44,0.04,359.44,40.73434,-111.87211,33.2,19.9,877.0,278.55,0.4
4980.0,1309.2,359.99,0.04,359.99,40.73434,-111.87211,33.1,19.9,877.0,236.06,0.4
5040.0,1309.1,0.22,0.04,0.22,40.73434,-111.87211,33.2,19.9,877.0,155.14,0.5
5100.0,1309.2,0.68,0.05,0.68,40.73434,-111.87211,33.2,19.9,877.0,166.33,0.3
5160.0,1309.3,0.68,0.05,0.68,40.73434,-111.87211,33.0,19.7,877.0,204.62,0.8
5220.0,1309.4,0.39,0.05,0.39,40.73434,-111.87211,33.0,19.7,877.0,239.56,1.2
5280.0,1309.5,0.08,0.05,0.08,40.73434,-111.87211,32.9,19.6,877.1,267.44,1.0
5340.0,1309.6,359.93,0.05,359.93,40.73434,-111.87211,32.9,19.8,877.1,106.83,0.4
5400.0,1309.5,359.87,0.06,359.87,40.73434,-111.87211,32.8,19.7,877.2,257.44,2.1
5460.0,1309.6,359.54,0.05,359.54,40.73434,-111.87211,32.8,19.8,877.2,223.64,1.5
5520.0,1309.6,359.51,0.05,359.51,40.73434,-111.87211,32.8,19.9,877.3,214.29,1.2
5580.0,1309.4,359.52,0.04,359.52,40.73434,-111.87211,32.7,19.9,877.2,200.41,1.3
5640.0,1309.4,359.82,0.05,359.82,40.73434,-111.87211,32.6,20.1,877.3,238.97,1.9
5700.0,1309.3,359.71,0.05,359.71,40.73434,-111.87211,32.6,20.2,877.2,236.94,1.7
5760.0,1309.3,359.60,0.05,359.60,40.73434,-111.87211,32.6,20.2,877.2,218.85,1.3
5820.0,1309.4,359.25,0.05,359.25,40.73434,-111.87211,32.6,20.2,877.3,180.30,0.8
5880.0,1309.4,359.33,0.04,359.33,40.73434,-111.87211,32.6,20.2,877.3,199.33,1.0
5940.0,1309.2,359.22,0.05,359.22,40.73434,-111.87211,32.7,20.1,877.2,236.71,0.7
6000.0,1309.1,359.40,0.05,359.40,40.73434,-111.87211,32.7,20.1,877.3,159.57,0.3
6060.0,1309.0,358.88,0.05,358.88,40.73434,-111.87211,32.6,19.9,877.3,211.39,0.9
6120.0,1308.8,358.56,0.05,358.56,40.73434,-111.87211,32.7,19.8,877.3,183.28,0.5
6180.0,1308.8,359.10,0.05,359.10,40.73434,-111.87211,32.8,19.8,877.3,151.33,0.5
6240.0,1308.8,359.39,0.05,359.39,40.73434,-111.87211,32.8,19.6,877.3,181.04,1.2
6300.0,1308.9,358.88,0.04,358.88,40.73434,-111.87211,32.8,19.6,877.4,159.11,0.9
6360.0,1308.9,358.57,0.04,358.57,40.73434,-111.87211,32.7,19.6,877.4,187.99,2.6
6420.0,1308.9,358.65,0.05,358.65,40.73434,-111.87211,32.8,19.7,877.4,177.90,1.3
6480.0,1308.9,358.75,0.05,358.75,40.73434,-111.87211,32.8,19.7,877.4,194.23,1.3
6540.0,1308.9,358.62,0.05,358.62,40.73434,-111.87211,32.8,19.7,877.4,203.35,0.9
6600.0,1308.7,358.64,0.06,358.64,40.73434,-111.87211,32.8,19.9,877.4,115.97,0.6
6660.0,1308.5,358.93,0.06,358.93,40.73434,-111.87211,32.8,19.8,877.4,130.53,1.2
6720.0,1308.5,359.02,0.05,359.02,40.73434,-111.87211,32.7,19.8,877.4,16.26,0.1
6780.0,1308.4,359.04,0.05,359.04,40.73434,-111.87211,32.7,19.8,877.4,165.36,0.6
6840.0,1308.4,358.89,0.05,358.89,40.73434,-111.87211,32.6,19.8,877.4,145.87,1.5
6900.0,1308.6,359.29,0.05,359.29,40.73434,-111.87211,32.5,19.8,877.4,123.80,1.4
6960.0,1308.9,359.77,0.05,359.77,40.73434,-111.87211,32.4,20.0,877.5,117.63,1.0
7020.0,1309.1,0.32,0.05,0.32,40.73434,-111.87211,32.3,20.6,877.5,116.26,0.8
7080.0,1309.2,0.05,0.04,0.05,40.73434,-111.87211,32.3,20.0,877.5,130.85,1.0
7140.0,1309.2,359.85,0.05,359.85,40.73434,-111.87211,32.3,19.4,877.5,138.27,0.6
7200.0,1309.4,0.07,0.05,0.07,40.73433,-111.87211,32.2,19.9,877.6,147.80,2.8
7260.0,1309.3,0.37,0.05,0.37,40.73433,-111.87211,32.2,19.6,877.6,154.16,2.4
7320.0,1309.3,1.10,0.05,1.10,40.73433,-111.87211,32.0,19.6,877.7,150.68,3.3
7380.0,1309.4,0.74,0.05,0.74,40.73433,-111.87211,31.9,20.4,877.8,133.32,3.3
7440.0,1309.3,0.46,0.05,0.46,40.73434,-111.87211,31.8,20.2,877.8,149.84,3.2
7500.0,1309.4,0.32,0.05,0.32,40.73434,-111.87211,31.7,20.1,877.8,139.87,3.0
7560.0,1309.4,0.10,0.05,0.10,40.73434,-111.87211,31.7,20.1,877.8,162.59,2.0
7620.0,1309.4,359.61,0.05,359.61,40.73434,-111.87211,31.7,19.8,877.8,157.37,3.2
7680.0,1309.5,0.10,0.05,0.10,40.73433,-111.87210,31.5,20.3,877.8,150.13,3.8
7740.0,1309.6,0.24,0.05,0.24,40.73433,-111.87210,31.5,20.4,877.8,150.52,3.0
7800.0,1309.6,0.72,0.04,0.72,40.73433,-111.87210,31.3,20.5,877.8,144.82,4.2
7860.0,1309.6,0.19,0.05,0.19,40.73433,-111.87210,31.2,20.8,877.8,130.05,3.4
7920.0,1309.5,0.24,0.05,0.24,40.73433,-111.87210,31.2,20.8,877.8,140.33,2.6
7980.0,1309.5,359.92,0.05,359.92,40.73433,-111.87210,31.0,20.8,877.7,116.03,3.7
8040.0,1309.5,359.77,0.05,359.77,40.73433,-111.87210,31.0,20.5,877.8,145.17,3.9
8100.0,1309.6,359.19,0.05,359.19,40.73433,-111.87210,30.9,20.1,877.8,137.39,5.7
8160.0,1309.6,359.32,0.05,359.32,40.73433,-111.87210,30.8,20.0,877.8,145.27,4.9
8220.0,1309.7,359.51,0.05,359.51,40.73433,-111.87210,30.9,19.5,877.8,160.72,4.2
8280.0,1309.9,0.00,0.05,0.00,40.73433,-111.87210,31.0,19.0,877.8,157.26,4.4
8340.0,1309.9,359.59,0.04,359.59,40.73433,-111.87210,31.2,18.9,877.8,184.22,1.9
8400.0,1309.9,359.63,0.05,359.63,40.73433,-111.87210,31.4,18.8,877.8,181.95,1.6
8460.0,1310.5,359.83,0.05,359.83,40.73433,-111.87210,31.6,18.7,877.7,164.63,1.0
8520.0,1310.5,359.93,0.06,359.93,40.73433,-111.87210,31.7,18.6,877.7,176.53,1.4
8580.0,1310.2,359.68,0.05,359.68,40.73433,-111.87210,32.0,18.4,877.7,185.17,1.8
8640.0,1309.9,359.53,0.05,359.53,40.73433,-111.87210,32.2,18.3,877.7,182.07,1.1
8700.0,1309.9,359.16,0.05,359.16,40.73433,-111.87210,32.3,18.2,877.7,176.90,1.6
8760.0,1310.0,359.23,0.05,359.23,40.73433,-111.87210,32.4,18.1,877.6,171.75,1.4
8820.0,1309.9,359.51,0.05,359.51,40.73433,-111.87210,32.5,18.1,877.6,191.08,1.7
8880.0,1309.8,0.02,0.05,0.02,40.73433,-111.87210,32.6,18.1,877.6,164.53,1.7
8940.0,1309.6,0.26,0.05,0.26,40.73433,-111.87210,32.6,18.2,877.6,157.24,1.2
9000.0,1309.7,0.24,0.05,0.24,40.73433,-111.87210,32.6,18.1,877.7,161.07,1.4
9060.0,1309.9,359.78,0.05,359.78,40.73433,-111.87210,32.6,19.1,877.7,130.65,1.4
9120.0,1310.0,0.05,0.06,0.05,40.73433,-111.87210,32.5,18.7,877.7,143.00,1.8
9180.0,1310.3,359.99,0.05,359.99,40.73434,-111.87210,32.4,18.9,877.7,123.32,1.5
9240.0,1309.8,359.60,0.06,359.60,40.73434,-111.87210,32.3,18.5,877.8,139.74,2.0
9300.0,1309.8,359.57,0.06,359.57,40.73434,-111.87210,32.2,18.9,877.8,131.18,1.7
9360.0,1309.7,359.82,0.06,359.82,40.73434,-111.87210,32.1,18.8,877.8,128.53,1.6
9420.0,1309.6,359.51,0.06,359.51,40.73434,-111.87210,32.1,18.9,877.8,117.30,2.0
9480.0,1309.4,359.22,0.06,359.22,40.73433,-111.87210,31.9,19.0,877.9,115.14,2.3
9540.0,1309.4,358.89,0.06,358.89,40.73433,-111.87210,31.8,18.9,877.9,117.83,2.1
9600.0,1309.3,358.82,0.06,358.82,40.73433,-111.87210,31.7,19.2,877.9,130.73,2.3
9660.0,1309.2,358.86,0.06,358.86,40.73433,-111.87210,31.7,19.4,877.9,129.18,2.4
9720.0,1309.1,358.99,0.06,358.99,40.73433,-111.87210,31.7,19.5,877.9,153.19,1.8
9780.0,1309.0,359.18,0.06,359.18,40.73433,-111.87210,31.8,19.3,877.9,156.73,1.2
9840.0,1309.0,359.15,0.06,359.15,40.73433,-111.87210,31.8,19.9,877.9,133.05,1.6
9900.0,1309.0,358.99,0.07,358.99,40.73433,-111.87210,31.8,19.5,877.9,114.84,1.3
9960.0,1308.9,358.67,0.05,358.67,40.73433,-111.87210,31.6,19.9,877.9,141.95,2.5
10020.0,1308.9,358.89,0.05,358.89,40.73433,-111.87210,31.6,19.8,877.9,135.77,1.5
10080.0,1308.9,358.82,0.06,358.82,40.73433,-111.87210,31.4,20.0,877.9,117.29,2.4
10140.0,1308.9,358.81,0.06,358.81,40.73433,-111.87210,31.3,20.0,877.9,123.19,2.6
10200.0,1308.7,359.06,0.04,359.06,40.73433,-111.87210,31.2,19.5,877.9,138.76,3.1
10260.0,1308.8,359.18,0.05,359.18,40.73433,-111.87210,31.1,19.6,877.9,126.78,2.7
10320.0,1308.9,358.86,0.05,358.86,40.73433,-111.87210,31.2,19.4,877.9,153.09,2.5
10380.0,1308.9,358.78,0.06,358.78,40.73433,-111.87210,31.1,19.9,877.9,142.05,2.5
10440.0,1308.9,358.89,0.06,358.89,40.73433,-111.87210,30.9,19.9,877.9,136.40,4.5
10500.0,1308.7,358.94,0.05,358.94,40.73433,-111.87210,30.9,20.0,878.0,161.52,3.5
10560.0,1308.9,359.12,0.05,359.12,40.73433,-111.87210,31.0,20.1,878.0,184.44,2.5
10620.0,1308.9,358.55,0.05,358.55,40.73433,-111.87210,31.1,20.2,878.0,177.47,2.3
10680.0,1309.0,358.55,0.05,358.55,40.73433,-111.87210,31.1,20.2,878.0,160.52,2.9
10740.0,1309.2,358.79,0.05,358.79,40.73433,-111.87210,31.1,20.4,878.0,149.80,1.3
10800.0,1309.0,358.58,0.06,358.58,40.73433,-111.87210,31.1,20.4,878.0,166.22,2.4
10860.0,1309.2,358.08,0.05,358.08,40.73433,-111.87210,31.1,20.9,878.0,144.38,1.3
10920.0,1309.3,358.58,0.05,358.58,40.73433,-111.87210,31.2,20.6,878.0,144.98,0.8
10980.0,1309.4,358.45,0.06,358.45,40.73433,-111.87210,30.9,21.0,878.1,126.90,3.3
11040.0,1309.4,358.66,0.06,358.66,40.73433,-111.87210,31.0,20.9,878.1,151.27,1.2
11100.0,1309.5,358.53,0.06,358.53,40.73433,-111.87211,31.0,20.8,878.1,137.88,1.3
11160.0,1309.6,358.73,0.05,358.73,40.73433,-111.87211,31.0,20.8,878.1,133.83,1.0
11220.0,1309.7,359.00,0.06,359.00,40.73433,-111.87211,31.0,21.0,878.1,143.19,1.3
11280.0,1309.7,359.27,0.06,359.27,40.73433,-111.87211,30.9,21.3,878.1,121.21,2.2
11340.0,1309.7,359.38,0.06,359.38,40.73433,-111.87211,30.8,21.4,878.2,144.22,1.3
11400.0,1309.7,358.81,0.05,358.81,40.73433,-111.87211,30.9,21.2,878.2,141.33,1.7
11460.0,1309.6,358.62,0.05,358.62,40.73433,-111.87211,30.8,21.3,878.2,133.21,2.0
11520.0,1309.4,358.37,0.06,358.37,40.73433,-111.87210,30.7,21.6,878.2,126.49,1.6
11580.0,1309.4,358.18,0.05,358.18,40.73433,-111.87210,30.7,21.3,878.2,138.21,1.3
11640.0,1309.4,358.61,0.06,358.61,40.73433,-111.87210,30.7,21.5,878.3,126.58,0.7
11700.0,1309.4,359.23,0.05,359.23,40.73433,-111.87210,30.8,21.6,878.3,98.48,0.2
