CampaignData_and_Merges/R0/CSL_MobileLab_Parked/raw/20240719/USOS-O3_MobileLabGround_20240719_R0.ict
34, 1001
Carrie Womack
NOAA Chemical Sciences Laboratory
2B Tech O3 UV Analyzer
USOS
1, 1
2024, 07, 19, 2024, 12, 21
60
Time_Start, seconds_past_midnight, Seconds from midnight UTC
1
1
-9999
O3_ppb, ppb, Ozone from 2B Tech UV Analyzer
1
SPECIAL COMMENTS:
18
PI_CONTACT_INFO: Address: 325 Broadway R/CSL7, Boulder, CO, 80305
PLATFORM: CSL Mobile Lab
LOCATION: Salt Lake City, UT
ASSOCIATED_DATA: N/A
INSTRUMENT_INFO: N/A
DATA_INFO: Units:
UNCERTAINTY: N/A
ULOD_FLAG: -7777
ULOD_VALUE: N/A
LLOD_FLAG: -8888
LLOD_VALUE: N/A
DM_CONTACT_INFO: Data Manager: Nate Howard
PROJECT_INFO: 
STIPULATIONS_ON_USE: Use of these data require prior ok from PI.
OTHER_COMMENTS: N/A
REVISION: R0
R0: Final data. RA: Preliminary Data.  For in-field use only.
Time_Start, O3_ppb
0.0,-9999.0
60.0,-9999.0
120.0,-9999.0
180.0,-9999.0
240.0,-9999.0
300.0,-9999.0
360.0,-9999.0
420.0,-9999.0
480.0,-9999.0
540.0,-9999.0
600.0,-9999.0
660.0,-9999.0
720.0,-9999.0
780.0,-9999.0
840.0,59.9
900.0,58.4
960.0,57.6
1020.0,59.6
1080.0,61.0
1140.0,60.6
1200.0,57.6
1260.0,57.2
1320.0,56.9
1380.0,60.1
1440.0,59.8
1500.0,60.9
1560.0,60.0
1620.0,58.7
1680.0,55.3
1740.0,60.7
1800.0,59.8
1860.0,57.9
1920.0,57.0
1980.0,58.9
2040.0,59.8
2100.0,60.5
2160.0,59.4
2220.0,60.0
2280.0,57.8
2340.0,60.4
2400.0,61.1
2460.0,58.3
2520.0,59.4
2580.0,59.8
2640.0,60.8
2700.0,60.4
2760.0,56.2
2820.0,58.1
2880.0,57.7
2940.0,57.6
3000.0,60.0
3060.0,59.2
3120.0,58.9
3180.0,56.0
3240.0,48.9
3300.0,52.8
3360.0,54.4
3420.0,54.5
3480.0,56.2
3540.0,56.9
3600.0,57.2
3660.0,55.7
3720.0,56.8
3780.0,58.8
3840.0,58.0
3900.0,58.3
3960.0,57.2
4020.0,60.1
4080.0,60.1
4140.0,59.5
4200.0,58.8
4260.0,57.9
4320.0,56.0
4380.0,57.4
4440.0,57.5
4500.0,57.3
4560.0,55.2
4620.0,56.8
4680.0,57.4
4740.0,55.6
4800.0,55.3
4860.0,57.1
4920.0,57.2
4980.0,56.5
5040.0,56.6
5100.0,56.2
5160.0,56.8
5220.0,56.1
5280.0,57.2
5340.0,55.5
5400.0,56.0
5460.0,55.3
5520.0,55.8
5580.0,52.4
5640.0,54.7
5700.0,53.8
5760.0,52.6
5820.0,52.4
5880.0,52.3
5940.0,53.2
6000.0,54.9
6060.0,54.4
6120.0,54.2
6180.0,53.8
6240.0,52.2
6300.0,52.1
6360.0,53.7
6420.0,56.5
6480.0,54.7
6540.0,54.5
6600.0,52.0
6660.0,52.7
6720.0,50.4
6780.0,52.7
6840.0,52.5
6900.0,53.7
6960.0,51.9
7020.0,52.8
7080.0,52.8
7140.0,52.2
7200.0,53.6
7260.0,57.1
7320.0,53.3
7380.0,53.1
7440.0,53.0
7500.0,53.3
7560.0,53.7
7620.0,54.4
7680.0,54.6
7740.0,54.1
7800.0,53.9
7860.0,54.8
7920.0,52.1
7980.0,52.3
8040.0,55.2
8100.0,55.5
8160.0,56.5
8220.0,57.8
8280.0,60.3
8340.0,60.3
8400.0,60.1
8460.0,60.0
8520.0,59.4
8580.0,59.3
8640.0,60.3
8700.0,58.4
8760.0,58.7
8820.0,58.3
8880.0,56.2
8940.0,58.5
9000.0,57.9
9060.0,58.0
9120.0,58.2
9180.0,53.4
9240.0,54.4
9300.0,53.1
9360.0,51.7
9420.0,53.0
9480.0,54.5
9540.0,55.1
9600.0,52.1
9660.0,53.8
9720.0,53.5
9780.0,53.0
9840.0,54.1
9900.0,53.9
9960.0,53.6
10020.0,50.2
10080.0,51.8
10140.0,50.6
10200.0,50.6
10260.0,51.6
10320.0,52.7
10380.0,54.0
10440.0,54.4
10500.0,52.6
10560.0,54.3
10620.0,54.0
10680.0,53.7
10740.0,53.8
10800.0,54.4
10860.0,52.3
10920.0,53.0
10980.0,53.9
11040.0,52.4
11100.0,54.2
11160.0,53.6
11220.0,52.6
11280.0,50.5
11340.0,50.3
11400.0,52.8
11460.0,54.0
11520.0,53.2
11580.0,52.8
11640.0,52.1
11700.0,52.0
11760.0,50.0
11820.0,50.9
11880.0,51.9
11940.0,51.2
12000.0,53.3
12060.0,51.9
12120.0,51.5
12180.0,50.8
12240.0,49.7
12300.0,49.0
12360.0,50.3
12420.0,50.8
12480.0,50.4
12540.0,50.5
12600.0,52.9
12660.0,53.4
12720.0,52.2
12780.0,50.6
12840.0,48.9
12900.0,49.5
12960.0,49.5
13020.0,50.0
13080.0,48.2
13140.0,47.8
13200.0,48.1
13260.0,45.3
13320.0,46.5
13380.0,45.6
13440.0,44.0
13500.0,46.2
13560.0,46.9
13620.0,49.0
13680.0,48.3
13740.0,50.0
13800.0,52.8
13860.0,47.7
13920.0,34.5
13980.0,40.2
14040.0,39.8
14100.0,34.4
14160.0,39.2
14220.0,39.3
14280.0,34.8
14340.0,35.4
14400.0,40.0
14460.0,40.8
14520.0,51.0
14580.0,51.4
14640.0,51.4
14700.0,52.3
14760.0,50.0
14820.0,49.7
14880.0,50.1
14940.0,51.0
15000.0,50.8
15060.0,47.1
15120.0,47.6
15180.0,45.4
15240.0,46.0
15300.0,45.7
15360.0,38.1
15420.0,44.2
15480.0,46.3
15540.0,49.7
15600.0,48.8
15660.0,47.5
15720.0,41.6
15780.0,40.9
15840.0,41.0
15900.0,39.1
15960.0,44.8
16020.0,43.7
16080.0,43.4
16140.0,44.2
16200.0,43.6
16260.0,44.2
16320.0,43.5
16380.0,44.0
16440.0,43.9
16500.0,44.1
16560.0,41.5
16620.0,43.4
16680.0,45.2
16740.0,43.0
16800.0,43.1
16860.0,43.3
16920.0,41.6
16980.0,46.2
17040.0,48.2
17100.0,48.3
17160.0,47.8
17220.0,49.2
17280.0,47.9
17340.0,46.7
17400.0,46.8
17460.0,49.4
17520.0,49.3
17580.0,48.7
17640.0,47.7
17700.0,47.0
17760.0,47.5
17820.0,47.4
17880.0,49.3
17940.0,48.6
18000.0,48.9
18060.0,48.7
18120.0,48.1
18180.0,48.6
18240.0,48.2
18300.0,47.9
18360.0,49.1
18420.0,50.1
18480.0,49.8
18540.0,51.0
18600.0,51.2
18660.0,50.7
18720.0,50.5
18780.0,50.7
18840.0,50.1
18900.0,50.8
18960.0,51.9
19020.0,51.0
19080.0,51.5
19140.0,51.2
19200.0,51.5
19260.0,51.9
19320.0,50.7
19380.0,50.0
19440.0,51.2
19500.0,52.0
19560.0,51.8
19620.0,52.0
19680.0,51.2
19740.0,51.9
19800.0,52.2
19860.0,53.1
19920.0,53.6
19980.0,53.5
20040.0,54.0
20100.0,53.2
20160.0,54.6
20220.0,53.7
20280.0,53.4
20340.0,53.9
20400.0,54.8
20460.0,55.1
20520.0,54.7
20580.0,53.8
20640.0,54.8
20700.0,54.1
20760.0,53.9
20820.0,54.3
20880.0,54.7
20940.0,54.4
21000.0,54.7
21060.0,54.4
21120.0,54.9
21180.0,54.3
21240.0,54.2
21300.0,54.7
21360.0,54.8
21420.0,54.8
21480.0,54.0
21540.0,54.4
21600.0,54.0
21660.0,53.5
21720.0,54.1
21780.0,54.2
21840.0,54.2
21900.0,53.9
21960.0,53.2
22020.0,53.4
22080.0,53.6
22140.0,53.0
22200.0,54.1
22260.0,54.0
22320.0,54.3
22380.0,53.4
22440.0,53.6
22500.0,54.5
22560.0,53.8
22620.0,54.0
22680.0,53.3
22740.0,53.7
22800.0,53.5
22860.0,53.0
22920.0,52.6
22980.0,53.2
23040.0,53.3
23100.0,53.5
23160.0,54.2
23220.0,54.4
23280.0,53.7
23340.0,53.1
23400.0,53.7
23460.0,54.5
23520.0,52.9
23580.0,54.9
23640.0,52.6
23700.0,53.4
23760.0,54.3
23820.0,53.0
23880.0,53.4
23940.0,53.4
24000.0,53.1
24060.0,53.0
24120.0,53.0
24180.0,52.5
24240.0,50.0
24300.0,53.5
24360.0,52.9
24420.0,54.1
24480.0,53.3
24540.0,53.8
24600.0,52.8
24660.0,51.9
24720.0,52.4
24780.0,52.3
24840.0,53.3
24900.0,51.8
24960.0,52.3
25020.0,52.1
25080.0,52.5
25140.0,52.7
25200.0,52.5
25260.0,52.7
25320.0,52.3
25380.0,53.2
25440.0,54.0
25500.0,53.5
25560.0,53.7
25620.0,52.3
25680.0,51.9
25740.0,52.7
25800.0,51.9
25860.0,51.7
25920.0,51.2
25980.0,53.1
26040.0,52.4
26100.0,52.5
26160.0,53.4
26220.0,53.2
26280.0,52.0
26340.0,53.0
26400.0,53.2
26460.0,52.5
26520.0,52.3
26580.0,52.2
26640.0,51.6
26700.0,51.7
26760.0,52.0
26820.0,52.2
26880.0,51.6
26940.0,53.2
27000.0,52.3
27060.0,51.4
27120.0,52.3
27180.0,51.8
27240.0,52.8
27300.0,52.7
27360.0,51.3
27420.0,51.5
27480.0,51.3
27540.0,51.1
27600.0,51.8
27660.0,51.9
27720.0,51.3
27780.0,51.2
27840.0,51.7
27900.0,51.8
27960.0,52.5
28020.0,51.7
28080.0,51.4
28140.0,51.5
28200.0,50.9
28260.0,51.5
28320.0,51.1
28380.0,51.1
28440.0,50.6
28500.0,49.5
28560.0,49.1
28620.0,48.9
28680.0,49.4
28740.0,51.2
28800.0,51.4
28860.0,50.9
28920.0,49.8
28980.0,49.5
29040.0,49.0
29100.0,48.5
29160.0,48.2
29220.0,47.4
29280.0,49.7
29340.0,48.1
29400.0,46.8
29460.0,46.7
29520.0,46.2
29580.0,45.6
29640.0,46.5
29700.0,46.6
29760.0,45.2
29820.0,47.1
29880.0,48.4
29940.0,46.5
30000.0,48.0
30060.0,47.2
30120.0,47.2
30180.0,46.0
30240.0,44.1
30300.0,46.8
30360.0,48.5
30420.0,48.7
30480.0,49.6
30540.0,49.2
30600.0,49.5
30660.0,48.7
30720.0,49.6
30780.0,49.3
30840.0,49.9
30900.0,48.6
30960.0,48.5
31020.0,45.9
31080.0,46.5
31140.0,46.9
31200.0,47.7
31260.0,46.4
31320.0,45.7
31380.0,47.0
31440.0,47.3
31500.0,47.9
31560.0,45.4
31620.0,45.9
31680.0,45.8
31740.0,45.1
31800.0,44.8
31860.0,45.8
31920.0,45.1
31980.0,44.7
32040.0,43.6
32100.0,43.1
32160.0,42.2
32220.0,41.8
32280.0,42.3
32340.0,41.6
32400.0,41.3
32460.0,41.2
32520.0,41.6
32580.0,40.8
32640.0,41.2
32700.0,41.8
32760.0,41.6
32820.0,41.5
32880.0,41.7
32940.0,42.2
33000.0,42.7
33060.0,41.6
33120.0,41.8
33180.0,41.9
33240.0,43.1
33300.0,41.9
33360.0,41.9
33420.0,42.5
33480.0,41.9
33540.0,41.0
33600.0,41.9
33660.0,41.7
33720.0,42.8
33780.0,42.6
33840.0,41.7
33900.0,41.8
33960.0,43.3
34020.0,42.2
34080.0,41.9
34140.0,42.2
34200.0,46.1
34260.0,43.2
34320.0,43.6
34380.0,45.0
34440.0,44.3
34500.0,43.5
34560.0,42.5
34620.0,41.7
34680.0,39.6
34740.0,39.7
34800.0,39.9
34860.0,39.9
34920.0,38.8
34980.0,40.2
35040.0,39.7
35100.0,39.9
35160.0,40.9
35220.0,38.2
35280.0,39.5
35340.0,39.5
35400.0,39.3
35460.0,39.7
35520.0,39.1
35580.0,38.3
35640.0,38.7
35700.0,39.2
35760.0,39.8
35820.0,39.1
35880.0,38.6
35940.0,38.2
36000.0,39.0
36060.0,39.7
36120.0,42.4
36180.0,41.2
36240.0,42.1
36300.0,42.7
36360.0,43.0
36420.0,42.5
36480.0,42.3
36540.0,42.1
36600.0,41.3
36660.0,40.9
36720.0,40.6
36780.0,38.5
36840.0,34.4
36900.0,36.4
36960.0,39.6
37020.0,40.8
37080.0,41.5
37140.0,40.5
37200.0,40.8
37260.0,41.1
37320.0,41.2
37380.0,40.8
37440.0,41.1
37500.0,41.3
37560.0,41.4
37620.0,40.4
37680.0,44.0
37740.0,42.4
37800.0,42.8
37860.0,43.3
37920.0,42.7
37980.0,43.5
38040.0,42.9
38100.0,42.2
38160.0,42.2
38220.0,42.2
38280.0,41.7
38340.0,41.5
38400.0,40.6
38460.0,39.6
38520.0,40.7
38580.0,42.1
38640.0,43.5
38700.0,40.0
38760.0,40.9
38820.0,40.3
38880.0,40.8
38940.0,40.3
39000.0,39.7
39060.0,38.8
39120.0,39.1
39180.0,38.4
39240.0,37.1
39300.0,37.6
39360.0,36.5
39420.0,38.6
39480.0,40.3
39540.0,38.3
39600.0,37.0
39660.0,36.3
39720.0,38.6
39780.0,39.9
39840.0,40.7
39900.0,39.4
39960.0,39.5
40020.0,40.2
40080.0,38.5
40140.0,40.6
40200.0,39.3
40260.0,39.3
40320.0,40.1
40380.0,41.1
40440.0,39.6
40500.0,39.2
40560.0,38.3
40620.0,38.7
40680.0,40.5
40740.0,39.0
40800.0,39.5
40860.0,39.4
40920.0,39.5
40980.0,40.9
41040.0,39.5
41100.0,39.2
41160.0,37.8
41220.0,39.1
41280.0,39.6
41340.0,38.1
41400.0,40.0
41460.0,40.5
41520.0,39.9
41580.0,41.0
41640.0,41.0
41700.0,40.2
41760.0,39.9
41820.0,38.5
41880.0,39.9
41940.0,38.0
42000.0,38.8
42060.0,40.1
42120.0,39.9
42180.0,39.8
42240.0,38.7
42300.0,37.2
42360.0,25.1
42420.0,29.3
42480.0,38.8
42540.0,39.9
42600.0,37.8
42660.0,40.3
42720.0,40.4
42780.0,35.4
42840.0,35.0
42900.0,34.6
42960.0,38.3
43020.0,39.5
43080.0,41.7
43140.0,39.8
43200.0,40.6
43260.0,41.7
43320.0,40.6
43380.0,39.9
43440.0,39.1
43500.0,41.2
43560.0,38.7
43620.0,39.6
43680.0,39.6
43740.0,40.1
43800.0,41.4
43860.0,38.6
43920.0,38.4
43980.0,39.2
44040.0,40.7
44100.0,39.5
44160.0,41.2
44220.0,41.1
44280.0,41.6
44340.0,41.3
44400.0,41.6
44460.0,42.0
44520.0,40.5
44580.0,40.3
44640.0,40.6
44700.0,38.0
44760.0,37.3
44820.0,35.9
44880.0,35.0
44940.0,37.5
45000.0,37.5
45060.0,34.8
45120.0,32.9
45180.0,34.5
45240.0,32.7
45300.0,28.3
45360.0,30.3
45420.0,36.1
45480.0,33.0
45540.0,33.1
45600.0,32.2
45660.0,34.3
45720.0,34.7
45780.0,31.2
45840.0,34.8
45900.0,37.2
45960.0,39.5
46020.0,38.1
46080.0,36.1
46140.0,36.4
46200.0,35.2
46260.0,36.2
46320.0,36.5
46380.0,34.5
46440.0,39.0
46500.0,37.0
46560.0,40.6
46620.0,40.1
46680.0,39.0
46740.0,42.3
46800.0,43.2
46860.0,42.7
46920.0,42.3
46980.0,39.4
47040.0,40.4
47100.0,38.5
47160.0,39.8
47220.0,41.0
47280.0,43.3
47340.0,42.1
47400.0,44.2
47460.0,44.0
47520.0,43.2
47580.0,40.6
47640.0,39.5
47700.0,42.3
47760.0,40.2
47820.0,36.4
47880.0,39.1
47940.0,35.5
48000.0,32.0
48060.0,34.3
48120.0,34.1
48180.0,27.9
48240.0,31.1
48300.0,35.1
48360.0,39.4
48420.0,39.9
48480.0,38.4
48540.0,36.7
48600.0,38.6
48660.0,36.9
48720.0,34.6
48780.0,31.5
48840.0,33.0
48900.0,29.2
48960.0,21.0
49020.0,16.6
49080.0,12.6
49140.0,18.6
49200.0,16.4
49260.0,12.5
49320.0,13.1
49380.0,24.4
49440.0,23.2
49500.0,26.0
49560.0,25.7
49620.0,26.1
49680.0,25.6
49740.0,24.0
49800.0,25.1
49860.0,24.3
49920.0,26.2
49980.0,29.4
50040.0,30.1
50100.0,32.9
50160.0,32.2
50220.0,33.2
50280.0,32.5
50340.0,34.3
50400.0,34.9
50460.0,33.3
50520.0,36.2
50580.0,32.2
50640.0,31.7
50700.0,32.2
50760.0,27.6
50820.0,24.3
50880.0,24.4
50940.0,22.5
51000.0,20.5
51060.0,19.9
51120.0,21.1
51180.0,20.6
51240.0,24.7
51300.0,25.3
51360.0,29.9
51420.0,29.7
51480.0,29.8
51540.0,28.5
51600.0,30.5
51660.0,31.7
51720.0,32.2
51780.0,33.5
51840.0,33.8
51900.0,33.0
51960.0,34.3
52020.0,33.9
52080.0,35.1
52140.0,34.5
52200.0,35.6
52260.0,34.7
52320.0,33.5
52380.0,35.0
52440.0,33.3
52500.0,33.8
52560.0,34.3
52620.0,33.8
52680.0,34.1
52740.0,34.5
52800.0,33.9
52860.0,33.8
52920.0,34.5
52980.0,33.6
53040.0,33.5
53100.0,35.4
53160.0,33.5
53220.0,35.2
53280.0,35.0
53340.0,35.4
53400.0,34.9
53460.0,36.6
53520.0,36.6
53580.0,36.9
53640.0,36.9
53700.0,40.5
53760.0,40.0
53820.0,40.3
53880.0,40.9
53940.0,41.1
54000.0,38.2
54060.0,37.3
54120.0,42.2
54180.0,40.9
54240.0,42.1
54300.0,43.1
54360.0,41.2
54420.0,41.8
54480.0,43.7
54540.0,45.1
54600.0,44.8
54660.0,41.3
54720.0,43.0
54780.0,42.8
54840.0,43.5
54900.0,42.4
54960.0,41.0
55020.0,39.5
55080.0,42.5
55140.0,42.2
55200.0,41.4
55260.0,42.8
55320.0,44.1
55380.0,43.2
55440.0,44.5
55500.0,45.6
55560.0,45.3
55620.0,45.2
55680.0,45.1
55740.0,45.8
55800.0,45.5
55860.0,44.7
55920.0,46.1
55980.0,46.1
56040.0,44.8
56100.0,45.4
56160.0,46.7
56220.0,47.8
56280.0,47.2
56340.0,48.2
56400.0,49.4
56460.0,49.7
56520.0,46.5
56580.0,47.8
56640.0,42.7
56700.0,45.6
56760.0,45.7
56820.0,44.1
56880.0,46.6
56940.0,45.7
57000.0,46.6
57060.0,44.1
57120.0,45.1
57180.0,45.8
57240.0,45.5
57300.0,44.5
57360.0,48.4
57420.0,51.4
57480.0,51.2
57540.0,52.0
57600.0,52.6
57660.0,51.9
57720.0,52.3
57780.0,50.1
57840.0,47.2
57900.0,50.2
57960.0,46.2
58020.0,48.2
58080.0,53.1
58140.0,53.7
58200.0,56.1
58260.0,54.4
58320.0,52.5
58380.0,54.8
58440.0,54.9
58500.0,54.9
58560.0,54.2
58620.0,51.8
58680.0,49.9
58740.0,53.4
58800.0,52.9
58860.0,54.4
58920.0,55.1
58980.0,55.6
59040.0,54.1
59100.0,55.5
59160.0,55.7
59220.0,55.7
59280.0,54.6
59340.0,51.7
59400.0,55.0
59460.0,53.9
59520.0,53.2
59580.0,52.3
59640.0,52.6
59700.0,56.9
59760.0,56.9
59820.0,53.9
59880.0,56.3
59940.0,56.6
60000.0,57.2
60060.0,57.7
60120.0,58.6
60180.0,58.0
60240.0,57.5
60300.0,56.8
60360.0,57.7
60420.0,58.9
60480.0,59.1
60540.0,58.7
60600.0,55.9
60660.0,55.9
60720.0,56.7
60780.0,58.9
60840.0,55.5
60900.0,55.7
60960.0,56.8
61020.0,55.2
61080.0,57.7
61140.0,57.9
61200.0,57.3
61260.0,59.8
61320.0,59.7
61380.0,58.1
61440.0,59.8
61500.0,60.2
61560.0,59.9
61620.0,60.0
61680.0,58.9
61740.0,60.2
61800.0,60.4
61860.0,61.0
61920.0,61.3
61980.0,57.8
62040.0,59.5
62100.0,61.4
62160.0,61.3
62220.0,61.9
62280.0,61.7
62340.0,62.6
62400.0,60.8
62460.0,60.4
62520.0,60.7
62580.0,59.3
62640.0,58.8
62700.0,58.7
62760.0,56.3
62820.0,55.5
62880.0,56.6
62940.0,56.5
63000.0,55.5
63060.0,55.5
63120.0,52.8
63180.0,55.3
63240.0,57.7
63300.0,54.6
63360.0,58.9
63420.0,56.9
63480.0,56.6
63540.0,57.9
63600.0,56.6
63660.0,56.3
63720.0,55.4
63780.0,55.0
63840.0,55.4
63900.0,60.2
63960.0,57.3
64020.0,57.6
64080.0,60.5
64140.0,60.6
64200.0,57.8
64260.0,54.1
64320.0,59.9
64380.0,56.4
64440.0,59.9
64500.0,58.7
64560.0,59.6
64620.0,60.9
64680.0,60.7
64740.0,62.9
64800.0,60.4
64860.0,59.7
64920.0,60.9
64980.0,62.0
65040.0,60.5
65100.0,63.2
65160.0,61.5
65220.0,57.2
65280.0,52.8
65340.0,57.1
65400.0,59.8
65460.0,60.0
65520.0,62.6
65580.0,60.3
65640.0,60.2
65700.0,60.9
65760.0,65.5
65820.0,64.0
65880.0,62.7
65940.0,63.2
66000.0,60.8
66060.0,62.0
66120.0,64.2
66180.0,66.1
66240.0,66.0
66300.0,68.6
66360.0,68.6
66420.0,67.6
66480.0,68.9
66540.0,69.5
66600.0,70.1
66660.0,70.6
66720.0,70.1
66780.0,70.5
66840.0,71.0
66900.0,70.3
66960.0,72.6
67020.0,72.9
67080.0,72.5
67140.0,73.2
67200.0,74.4
67260.0,71.5
67320.0,72.4
67380.0,72.5
67440.0,73.4
67500.0,74.8
67560.0,74.6
67620.0,73.0
67680.0,72.4
67740.0,76.2
67800.0,74.0
67860.0,71.1
67920.0,75.8
67980.0,77.0
68040.0,75.7
68100.0,77.0
68160.0,78.1
68220.0,77.5
68280.0,78.5
68340.0,78.6
68400.0,78.2
68460.0,77.7
68520.0,75.9
68580.0,76.9
68640.0,77.5
68700.0,77.4
68760.0,76.9
68820.0,78.4
68880.0,77.7
68940.0,79.9
69000.0,80.6
69060.0,80.2
69120.0,79.0
69180.0,78.6
69240.0,76.5
69300.0,74.8
69360.0,77.0
69420.0,79.8
69480.0,76.3
69540.0,77.8
69600.0,75.2
69660.0,75.5
69720.0,75.5
69780.0,72.5
69840.0,73.4
69900.0,70.8
69960.0,72.4
70020.0,76.1
70080.0,73.6
70140.0,74.3
70200.0,74.6
70260.0,76.7
70320.0,75.6
70380.0,76.5
70440.0,74.7
70500.0,75.3
70560.0,75.2
70620.0,70.4
70680.0,74.4
70740.0,69.9
70800.0,67.7
70860.0,-9999.0
70920.0,-9999.0
70980.0,-9999.0
71040.0,-9999.0
71100.0,-9999.0
71160.0,-9999.0
71220.0,-9999.0
71280.0,-9999.0
71340.0,-9999.0
71400.0,-9999.0
71460.0,-9999.0
71520.0,-9999.0
71580.0,-9999.0
71640.0,-9999.0
71700.0,74.4
71760.0,78.6
71820.0,80.3
71880.0,80.9
71940.0,79.7
72000.0,83.1
72060.0,82.2
72120.0,79.1
72180.0,77.8
72240.0,78.7
72300.0,77.3
72360.0,78.0
72420.0,78.6
72480.0,77.5
72540.0,77.9
72600.0,78.9
72660.0,79.9
72720.0,78.8
72780.0,78.7
72840.0,76.8
72900.0,77.0
72960.0,76.2
73020.0,78.0
73080.0,77.8
73140.0,78.6
73200.0,79.1
73260.0,73.7
73320.0,74.6
73380.0,74.5
73440.0,83.0
73500.0,83.1
73560.0,83.2
73620.0,84.4
73680.0,85.5
73740.0,84.5
73800.0,80.3
73860.0,79.7
73920.0,81.2
73980.0,81.0
74040.0,81.1
74100.0,78.6
74160.0,77.5
74220.0,78.8
74280.0,77.8
74340.0,81.1
74400.0,79.0
74460.0,79.7
74520.0,79.8
74580.0,77.6
74640.0,75.8
74700.0,73.2
74760.0,72.4
74820.0,68.9
74880.0,66.5
74940.0,69.8
75000.0,71.0
75060.0,71.3
75120.0,71.4
75180.0,71.1
75240.0,72.4
75300.0,74.2
75360.0,73.8
75420.0,72.1
75480.0,73.0
75540.0,73.5
75600.0,72.1
75660.0,72.4
75720.0,76.5
75780.0,76.4
75840.0,77.2
75900.0,77.1
75960.0,78.3
76020.0,75.8
76080.0,72.9
76140.0,72.3
76200.0,74.3
76260.0,76.2
76320.0,75.7
76380.0,77.4
76440.0,79.0
76500.0,77.7
76560.0,76.9
76620.0,75.0
76680.0,74.9
76740.0,72.1
76800.0,74.5
76860.0,73.4
76920.0,78.0
76980.0,78.1
77040.0,77.4
77100.0,77.9
77160.0,76.9
77220.0,76.4
77280.0,74.2
77340.0,75.7
77400.0,75.4
77460.0,75.2
77520.0,74.2
77580.0,73.8
77640.0,72.9
77700.0,72.6
77760.0,74.8
77820.0,75.3
77880.0,72.8
77940.0,76.6
78000.0,75.1
78060.0,72.5
78120.0,75.3
78180.0,73.5
78240.0,68.2
78300.0,67.3
78360.0,70.9
78420.0,71.2
78480.0,71.3
78540.0,70.2
78600.0,69.4
78660.0,70.6
78720.0,70.9
78780.0,68.9
78840.0,69.3
78900.0,68.7
78960.0,71.3
79020.0,70.5
79080.0,71.3
79140.0,72.7
79200.0,71.4
79260.0,72.8
79320.0,71.8
79380.0,67.6
79440.0,71.0
79500.0,70.0
79560.0,69.8
79620.0,69.7
79680.0,68.8
79740.0,67.2
79800.0,67.9
79860.0,66.6
79920.0,65.1
79980.0,68.1
80040.0,69.1
80100.0,69.3
80160.0,67.6
80220.0,66.7
80280.0,66.6
80340.0,67.8
80400.0,68.0
80460.0,67.0
80520.0,67.2
80580.0,67.3
80640.0,67.3
80700.0,69.6
80760.0,70.1
80820.0,68.5
80880.0,67.6
80940.0,68.9
81000.0,68.5
81060.0,65.8
81120.0,66.5
81180.0,66.5
81240.0,67.2
81300.0,67.6
81360.0,68.2
81420.0,68.4
81480.0,68.5
81540.0,68.5
81600.0,68.3
81660.0,68.8
81720.0,66.7
81780.0,68.0
81840.0,67.6
81900.0,67.6
81960.0,68.5
82020.0,66.5
82080.0,67.2
82140.0,67.3
82200.0,68.5
82260.0,67.1
82320.0,65.1
82380.0,67.4
82440.0,66.4
82500.0,66.5
82560.0,65.9
82620.0,65.3
82680.0,66.3
82740.0,65.4
82800.0,64.2
82860.0,65.2
82920.0,65.8
82980.0,65.3
83040.0,65.4
83100.0,65.0
83160.0,66.4
83220.0,64.4
83280.0,64.9
83340.0,67.1
83400.0,67.6
83460.0,67.2
83520.0,66.4
83580.0,66.9
83640.0,65.3
83700.0,66.3
83760.0,65.6
83820.0,66.3
83880.0,65.7
83940.0,64.6
84000.0,64.8
84060.0,63.3
84120.0,63.8
84180.0,62.8
84240.0,61.9
84300.0,63.3
84360.0,63.9
84420.0,62.8
84480.0,61.4
84540.0,63.9
84600.0,65.4
84660.0,65.0
84720.0,64.3
84780.0,63.8
84840.0,63.4
84900.0,65.1
84960.0,64.8
85020.0,65.7
85080.0,64.8
85140.0,64.2
85200.0,63.7
85260.0,62.9
85320.0,62.4
85380.0,62.0
85440.0,62.1
85500.0,62.6
85560.0,62.4
85620.0,64.0
85680.0,65.4
85740.0,64.8
85800.0,66.0
85860.0,64.2
85920.0,62.7
85980.0,62.3
86040.0,63.7
86100.0,63.5
86160.0,64.0
86220.0,66.5
86280.0,67.2
86340.0,68.2
