CampaignData_and_Merges/R0/CSL_MobileLab_Parked/raw/20240719/USOS-NOy-LIF_MobileLabGround_20240719_R0.ict
39,1001
Rollins, A.; Waxman, E.; Zuraski, K.; Chace, W.
NOAA Chemical Sciences Laboratory
LIF NO/NOx/NOy on CSL Mobile Lab
AMMBEC / USOS
1, 1
2024,07,19, 2025,01,03
1
Time_Start, seconds, number_of_seconds_since_0000_UTC
7
1, 1, 1, 1, 1, 1, 1
-9999, -9999, -9999, -9999, -9999, -9999, -9999
Time_Stop, seconds, number_of_seconds_since_0000_UTC
NO_LIF, pptv, Gas_NO_InSitu_S_AVMR, volume mixing ratio of nitric oxide in air
NO2_LIF, pptv, Gas_NO2_InSitu_S_AVMR, volume mixing ratio of nitrogen dioxide in air
NOy_LIF, pptv, Gas_NOy_InSitu_S_AVMR, volume mixing ratio of total oxidized nitrogen in air
NO_LIF_1SigmaAccuracy, pptv, Gas_NO_InSitu_S_AVMR, volume mixing ratio of nitric oxide in air
NO2_LIF_1SigmaAccuracy, pptv, Gas_NO2_InSitu_S_AVMR, volume mixing ratio of nitrogen dioxide in air
NOy_LIF_1SigmaAccuracy, pptv, Gas_NOy_InSitu_S_AVMR, volume mixing ratio of total oxidized nitrogen in air
0
18
PI_CONTACT_INFO: andrew.rollins@noaa.gov
PLATFORM: CSL Mobile Lab
LOCATION: Salt Lake City, UT
ASSOCIATED_DATA:
INSTRUMENT_INFO: NO detection by laser induced fluorescence. NO2 detection by photolytic conversion to NO. NOy detection by catalytic conversion to NO on gold surface
DATA_INFO:
UNCERTAINTY: Included 1 Sigma Accuracy waves represent the combined calibration uncertainties (±6%, ±9%, ±10%) and zero uncertainties (3 ppt, 20 ppt, 100 ppt) for NO, NO2, and NOy, respectively.
ULOD_FLAG: -7777
ULOD_VALUE: N/A
LLOD_FLAG: -8888
LLOD_VALUE: N/A
DM_CONTACT_INFO: andrew.rollins@noaa.gov
PROJECT_INFO: USOS Project, July - August 2024
STIPULATIONS_ON_USE: Users are strongly encouraged to contact the PI for proper data usage.
OTHER_COMMENTS:
REVISION: R0
R0: final data
Time_Start, Time_Stop, NO_LIF, NO2_LIF, NOy_LIF, NO_LIF_1SigmaAccuracy, NO2_LIF_1SigmaAccuracy, NOy_LIF_1SigmaAccuracy
[from data line 798]
   47880,   47940,3595.1,7504.9,12974,218.7, 695.44, 1397.4
   47940,   48000,2808.4,7977.3,9391.8,171.5, 737.95, 1039.2
   48000,   48060,-9999,-9999,-9999,-9999, -9999, -9999
   48060,   48120,-9999,-9999,-9999,-9999, -9999, -9999
   48120,   48180,-9999,-9999,-9999,-9999, -9999, -9999
   48180,   48240,-9999,-9999,-9999,-9999, -9999, -9999
   48240,   48300,-9999,-9999,-9999,-9999, -9999, -9999
   48300,   48360,-9999,-9999,-9999,-9999, -9999, -9999
   48360,   48420,-9999,-9999,-9999,-9999, -9999, -9999
   48420,   48480,911.18,6243.7,8158.2,57.671, 581.93, 915.82
   48480,   48540,1082.9,6922.9,8975.1,67.973, 643.06, 997.51
   48540,   48600,1118.8,7210.8,9890.8,70.126, 668.97, 1089.1
   48600,   48660,843.34,6050,8856.8,53.601, 564.5, 985.68
   48660,   48720,1421.1,8391.3,10934,88.265, 775.22, 1193.4
   48720,   48780,2200.4,10520,13817,135.03, 966.76, 1481.7
   48780,   48840,2446.5,11327,15451,149.79, 1039.5, 1645.1
   48840,   48900,2250.7,11276,15580,138.04, 1034.8, 1658
   48900,   48960,8895.9,14314,22058,536.75, 1308.3, 2305.8
   48960,   49020,20337,23686,51432,1223.2, 2151.7, 5243.2
   49020,   49080,27839,28705,65221,1673.3, 2603.5, 6622.1
   49080,   49140,32449,33166,61244,1949.9, 3004.9, 6224.4
   49140,   49200,17636,27758,60149,1061.2, 2518.2, 6114.9
   49200,   49260,14442,28174,55587,869.5, 2555.7, 5658.7
   49260,   49320,20422,32897,57369,1228.3, 2980.7, 5836.9
   49320,   49380,26505,33953,55942,1593.3, 3075.7, 5694.2
   49380,   49440,6398.6,19573,41048,386.91, 1781.6, 4204.8
   49440,   49500,11132,21987,34710,670.91, 1998.8, 3571
   49500,   49560,6600,19016,28231,399, 1731.4, 2923.1
   49560,   49620,6819.7,20045,29899,412.18, 1824.1, 3089.9
   49620,   49680,6402.2,19928,31268,387.13, 1813.5, 3226.8
   49680,   49740,6385.5,19476,29223,386.13, 1772.9, 3022.3
   49740,   49800,8593.7,20929,32749,518.62, 1903.6, 3374.9
   49800,   49860,8582.9,21024,33207,517.97, 1912.2, 3420.7
   49860,   49920,8738.3,20378,31178,527.3, 1854, 3217.8
   49920,   49980,6688.2,17878,27990,404.29, 1629.1, 2899
   49980,   50040,5252.6,15763,24656,318.16, 1438.7, 2565.6
   50040,   50100,4110.3,13912,21158,249.62, 1272.1, 2215.8
   50100,   50160,3327.8,11942,17542,202.67, 1094.8, 1854.2
   50160,   50220,5908.8,14338,20933,357.53, 1310.4, 2193.3
   50220,   50280,4256.7,12531,20206,258.4, 1147.8, 2120.6
   50280,   50340,4227.6,13088,17650,256.66, 1197.9, 1865
   50340,   50400,3705.4,11749,16606,225.33, 1077.4, 1760.6
   50400,   50460,3348.3,11298,14929,203.9, 1036.8, 1592.9
   50460,   50520,3598.1,11978,16746,218.89, 1098, 1774.6
   50520,   50580,3039.4,11078,16930,185.36, 1017, 1793
   50580,   50640,3640,13388,17445,221.4, 1224.9, 1844.5
   50640,   50700,4342.8,14211,19380,263.57, 1298.9, 2038
   50700,   50760,3265.8,13899,19336,198.95, 1270.9, 2033.6
   50760,   50820,5574.5,18661,26722,337.47, 1699.5, 2772.2
   50820,   50880,6389.5,20788,30101,386.37, 1890.9, 3110.1
   50880,   50940,6666.5,22195,32014,402.99, 2017.5, 3301.4
   50940,   51000,7599,23722,34908,458.94, 2154.9, 3590.8
   51000,   51060,8785.5,25320,37013,530.13, 2298.8, 3801.3
   51060,   51120,8855.2,25608,38314,534.31, 2324.7, 3931.4
   51120,   51180,7687.7,24461,35509,464.26, 2221.5, 3650.9
   51180,   51240,8181.2,24836,36753,493.87, 2255.2, 3775.3
   51240,   51300,5996.8,21085,31062,362.81, 1917.6, 3206.2
   51300,   51360,5631.8,21053,29923,340.91, 1914.8, 3092.3
   51360,   51420,3663.6,16433,22612,222.81, 1499, 2361.2
   51420,   51480,3416.8,15864,21467,208.01, 1447.7, 2246.7
   51480,   51540,3445,15991,22261,209.7, 1459.2, 2326.1
   51540,   51600,3419.3,15910,22030,208.16, 1451.9, 2303
   51600,   51660,3541.4,15445,21696,215.49, 1410, 2269.6
   51660,   51720,3719.3,15061,21385,226.16, 1375.5, 2238.5
   51720,   51780,4186.1,14160,20837,254.16, 1294.4, 2183.7
   51780,   51840,3677,12554,18458,223.62, 1149.9, 1945.8
   51840,   51900,3334.2,12360,17914,203.05, 1132.4, 1891.4
   51900,   51960,3392.5,12482,18637,206.55, 1143.4, 1963.7
   51960,   52020,2654.5,11714,16821,162.27, 1074.2, 1782.1
   52020,   52080,3058.1,12644,17475,186.49, 1157.9, 1847.5
   52080,   52140,2696.2,11791,16818,164.77, 1081.2, 1781.8
   52140,   52200,2944.5,12530,17629,179.67, 1147.7, 1862.9
   52200,   52260,2581.1,11926,16637,157.86, 1093.3, 1763.7
   52260,   52320,2648.1,12111,16674,161.88, 1110, 1767.4
   52320,   52380,2742.1,12055,16999,167.53, 1105, 1799.9
   52380,   52440,-9999,-9999,-9999,-9999, -9999, -9999
   52440,   52500,-9999,-9999,-9999,-9999, -9999, -9999
   52500,   52560,-9999,-9999,-9999,-9999, -9999, -9999
   52560,   52620,-9999,-9999,-9999,-9999, -9999, -9999
   52620,   52680,-9999,-9999,-9999,-9999, -9999, -9999
   52680,   52740,-9999,-9999,-9999,-9999, -9999, -9999
   52740,   52800,-9999,-9999,-9999,-9999, -9999, -9999
   52800,   52860,4520.5,11785,18053,274.23, 1080.7, 1905.3
   52860,   52920,4072.3,11213,18026,247.34, 1029.1, 1902.6
   52920,   52980,3808.5,11332,17745,231.51, 1039.9, 1874.5
   52980,   53040,3584.6,11824,17844,218.08, 1084.1, 1884.4
   53040,   53100,3563,11894,18134,216.78, 1090.4, 1913.4
   53100,   53160,3612.8,11119,17279,219.77, 1020.7, 1827.9
   53160,   53220,3578.6,11500,17528,217.72, 1055, 1852.8
   53220,   53280,4573.6,12483,19631,277.41, 1143.4, 2063.1
   53280,   53340,4338.9,11901,18719,263.33, 1091.1, 1971.9
   53340,   53400,4141,11691,18171,251.46, 1072.2, 1917.1
   53400,   53460,4197.6,11788,18427,254.85, 1080.9, 1942.7
   53460,   53520,4140.6,11376,17891,251.44, 1043.9, 1889.1
   53520,   53580,4166.4,11492,17931,252.99, 1054.2, 1893.1
   53580,   53640,3836.9,11049,17379,233.22, 1014.4, 1837.9
   53640,   53700,3904.7,11051,17158,237.28, 1014.6, 1815.8
   53700,   53760,3068.2,9303.6,14227,187.09, 857.32, 1522.7
   53760,   53820,3289,9632.8,15653,200.34, 886.95, 1665.3
   53820,   53880,3186.4,9582.9,15446,194.18, 882.46, 1644.6
   53880,   53940,3123.2,9239.3,14560,190.39, 851.53, 1556
   53940,   54000,2870.3,8317,12980,175.22, 768.53, 1398
   54000,   54060,5339.9,11892,15352,323.39, 1090.3, 1635.2
   54060,   54120,5708.1,12867,20641,345.49, 1178, 2164.1
   54120,   54180,3236.6,8911.1,16261,197.2, 822, 1726.1
   54180,   54240,4193.1,10017,16044,254.59, 921.57, 1704.4
   54240,   54300,4100.7,10338,15292,249.04, 950.38, 1629.2
   54300,   54360,2738.9,8242.4,12983,167.34, 761.81, 1398.3
   54360,   54420,3907.5,9727.5,15161,237.45, 895.48, 1616.1
   54420,   54480,3015.3,9234.7,14727,183.92, 851.12, 1572.7
   54480,   54540,2622.8,8124.6,13001,160.37, 751.22, 1400.1
   54540,   54600,2294.6,7315.3,11745,140.68, 678.37, 1274.5
   54600,   54660,2853.7,8599.1,12219,174.22, 793.92, 1321.9
   54660,   54720,3932.4,10698,15614,238.94, 982.86, 1661.4
   54720,   54780,3222.7,9458.3,14694,196.36, 871.25, 1569.4
   54780,   54840,3043.1,9039.4,14254,185.59, 833.55, 1525.4
   54840,   54900,3048.2,9058.5,14283,185.89, 835.26, 1528.3
   54900,   54960,3216.8,9400.7,14764,196.01, 866.06, 1576.4
   54960,   55020,3321.5,9594.1,15419,202.29, 883.46, 1641.9
   55020,   55080,5279.4,12234,17696,319.76, 1121.1, 1869.6
   55080,   55140,2990,8827,15146,182.4, 814.43, 1614.6
   55140,   55200,3042,8997.1,13987,185.52, 829.74, 1498.7
   55200,   55260,3223.1,9343.1,14967,196.38, 860.88, 1596.7
   55260,   55320,3037.3,8783.5,14099,185.24, 810.52, 1509.9
   55320,   55380,2876.3,8580.9,13553,175.58, 792.28, 1455.3
   55380,   55440,4257.2,10018,15669,258.43, 921.63, 1666.9
   55440,   55500,2686.8,8069,12938,164.21, 746.21, 1393.8
   55500,   55560,2535.2,7713.1,12060,155.11, 714.18, 1306
   55560,   55620,2483,8060.1,12581,151.98, 745.41, 1358.1
   55620,   55680,2656,8551.2,12841,162.36, 789.61, 1384.1
   55680,   55740,2462,8169.5,13130,150.72, 755.25, 1413
   55740,   55800,2636.8,8032.1,13080,161.21, 742.89, 1408
   55800,   55860,3056.1,8909.5,14220,186.37, 821.86, 1522
   55860,   55920,3129.9,9047.5,14675,190.8, 834.28, 1567.5
   55920,   55980,2651.4,7893.8,12784,162.08, 730.45, 1378.4
   55980,   56040,2606.7,7818.5,12826,159.4, 723.66, 1382.6
   56040,   56100,2858.2,8569,13764,174.49, 791.21, 1476.4
   56100,   56160,3074.3,8725.9,14334,187.46, 805.33, 1533.4
   56160,   56220,2928.1,8462.3,13853,178.69, 781.6, 1485.3
   56220,   56280,2631,7796.2,12904,160.86, 721.66, 1390.4
   56280,   56340,2695.4,7893.3,13028,164.72, 730.4, 1402.8
   56340,   56400,2389.4,7633.7,12659,146.36, 707.03, 1365.9
   56400,   56460,1830.7,6751.4,11135,112.84, 627.63, 1213.5
   56460,   56520,1674.1,6808.7,10714,103.45, 632.78, 1171.4
   56520,   56580,3056.6,9728.2,13112,186.39, 895.53, 1411.2
   56580,   56640,2140.1,8305.6,12513,131.41, 767.5, 1351.3
   56640,   56700,7059.8,16072,28773,426.59, 1466.5, 2977.3
   56700,   56760,3914.5,11840,17323,237.87, 1085.6, 1832.3
   56760,   56820,-9999,-9999,-9999,-9999, -9999, -9999
   56820,   56880,-9999,-9999,-9999,-9999, -9999, -9999
   56880,   56940,-9999,-9999,-9999,-9999, -9999, -9999
   56940,   57000,-9999,-9999,-9999,-9999, -9999, -9999
   57000,   57060,-9999,-9999,-9999,-9999, -9999, -9999
   57060,   57120,-9999,-9999,-9999,-9999, -9999, -9999
   57120,   57180,-9999,-9999,-9999,-9999, -9999, -9999
   57180,   57240,6815.1,14399,28612,411.9, 1315.9, 2961.2
   57240,   57300,4810.6,12541,22195,291.64, 1148.7, 2319.5
   57300,   57360,6281.9,13689,19291,379.92, 1252, 2029.1
   57360,   57420,5622.2,11479,20442,340.33, 1053.1, 2144.2
   57420,   57480,1878.2,6415.9,10978,115.69, 597.43, 1197.8
   57480,   57540,1279.9,5331,8867.5,79.792, 499.79, 986.75
   57540,   57600,1359.4,5607.6,9208.4,84.562, 524.68, 1020.8
   57600,   57660,1164.5,5227.1,9010.4,72.872, 490.44, 1001
   57660,   57720,1145.6,5150.3,8458.6,71.737, 483.53, 945.86
   57720,   57780,1034.3,4924.6,8165.3,65.059, 463.21, 916.53
   57780,   57840,2907.6,7819.6,11155,177.46, 723.77, 1215.5
   57840,   57900,5734.5,13528,18528,347.07, 1237.5, 1952.8
   57900,   57960,4154.5,9888.9,15235,252.27, 910, 1623.5
   57960,   58020,6291.3,13312,17688,380.48, 1218.1, 1868.8
   58020,   58080,4492.3,11579,15281,272.54, 1062.1, 1628.1
   58080,   58140,1160.3,4916.4,7597.8,72.618, 462.47, 859.78
   58140,   58200,903.65,4148.3,6526.8,57.219, 393.35, 752.68
   58200,   58260,574.2,2961.6,5302.5,37.452, 286.54, 630.25
   58260,   58320,858.74,3905.1,6513.2,54.524, 371.46, 751.32
   58320,   58380,2221,7114,11708,136.26, 660.26, 1270.8
   58380,   58440,968.3,4546.8,7676.2,61.098, 429.21, 867.62
   58440,   58500,797.16,3757.5,6809.2,50.829, 358.18, 780.92
   58500,   58560,868.61,3922.9,6609.4,55.117, 373.07, 760.94
   58560,   58620,864.96,3874.8,6999.7,54.898, 368.73, 799.97
   58620,   58680,3262.1,8319.1,14330,198.72, 768.72, 1533
   58680,   58740,11891,16650,19187,716.47, 1518.5, 2018.7
   58740,   58800,2037.7,5444.8,15836,125.26, 510.04, 1683.6
   58800,   58860,3690.1,8483.1,12334,224.41, 783.48, 1333.4
   58860,   58920,1975.1,6160.3,8257.9,121.51, 574.43, 925.79
   58920,   58980,1544.7,5129.1,7829.2,95.68, 481.62, 882.92
   58980,   59040,1303.1,4869.6,7292.2,81.188, 458.26, 829.22
   59040,   59100,1489.1,5442.9,8982,92.345, 509.86, 998.2
   59100,   59160,706.7,3597.8,6198.4,45.402, 343.8, 719.84
   59160,   59220,490.12,2792.2,5292.9,32.407, 271.3, 629.29
   59220,   59280,470.85,2626.1,4870.3,31.251, 256.35, 587.03
   59280,   59340,464.54,2643.5,4811.7,30.872, 257.92, 581.17
   59340,   59400,406.65,2675.9,4765.6,27.399, 260.83, 576.56
   59400,   59460,478.45,2682.3,4885.5,31.707, 261.41, 588.55
   59460,   59520,475.43,2677,4854.3,31.526, 260.93, 585.43
   59520,   59580,480.23,2619.3,4865.4,31.814, 255.73, 586.54
   59580,   59640,2542.1,7033.8,8720.2,155.52, 653.04, 972.02
   59640,   59700,1115.7,4106,8533.3,69.942, 389.54, 953.33
   59700,   59760,658.35,2636.6,5591.2,42.501, 257.29, 659.12
   59760,   59820,623.99,2818.9,5285.8,40.439, 273.7, 628.58
   59820,   59880,996.57,4002.6,6591.3,62.794, 380.23, 759.13
   59880,   59940,731.13,3231.3,5956.8,46.868, 310.82, 695.68
   59940,   60000,603.75,2927.8,5551.9,39.225, 283.5, 655.19
   60000,   60060,714.2,3067.4,5974.4,45.852, 296.07, 697.44
   60060,   60120,584.86,2620.6,4963.7,38.091, 255.85, 596.37
   60120,   60180,460,2129.3,4244.3,30.6, 211.64, 524.43
   60180,   60240,438.94,2205.3,4412.5,29.336, 218.48, 541.25
   60240,   60300,553.18,2563.6,5195.1,36.191, 250.73, 619.51
   60300,   60360,484.21,2410.1,4754.2,32.053, 236.91, 575.42
   60360,   60420,521.51,2274.9,4671,34.291, 224.75, 567.1
   60420,   60480,507.31,2067.5,4380.7,33.439, 206.07, 538.07
   60480,   60540,424.75,1598.8,3939.8,28.485, 163.9, 493.98
   60540,   60600,389.23,1775.9,3715.1,26.354, 179.83, 471.51
   60600,   60660,2290.3,6010.2,7707.6,140.42, 560.92, 870.76
   60660,   60720,1949.1,6680.4,9902.2,119.95, 621.24, 1090.2
   60720,   60780,552.11,2504.6,5327.3,36.127, 245.41, 632.73
   60780,   60840,380.05,2065.5,4361.7,25.803, 205.89, 536.17
   60840,   60900,422.45,2437,4727.1,28.347, 239.33, 572.71
   60900,   60960,740.83,3788.5,6561,47.45, 360.96, 756.1
   60960,   61020,558.44,3026.6,5884,36.506, 292.39, 688.4
   61020,   61080,605.01,3139.6,5879.2,39.301, 302.56, 687.92
   61080,   61140,593.11,2884.4,5698.1,38.587, 279.59, 669.81
   61140,   61200,-9999,-9999,-9999,-9999, -9999, -9999
   61200,   61260,-9999,-9999,-9999,-9999, -9999, -9999
   61260,   61320,-9999,-9999,-9999,-9999, -9999, -9999
   61320,   61380,-9999,-9999,-9999,-9999, -9999, -9999
   61380,   61440,-9999,-9999,-9999,-9999, -9999, -9999
   61440,   61500,-9999,-9999,-9999,-9999, -9999, -9999
   61500,   61560,-9999,-9999,-9999,-9999, -9999, -9999
   61560,   61620,510.52,2321.3,4940.7,33.631, 228.91, 594.07
   61620,   61680,544.53,2537.3,5242.3,35.672, 248.35, 624.23
   61680,   61740,525.08,2614.3,5161,34.505, 255.29, 616.1
   61740,   61800,577.99,2816.7,5529.6,37.679, 273.5, 652.96
   61800,   61860,606.44,2750.4,5635.5,39.386, 267.54, 663.55
   61860,   61920,847.98,3489,6361.6,53.879, 334.01, 736.16
   61920,   61980,711.91,3490.5,6898.9,45.715, 334.14, 789.89
   61980,   62040,1350.8,5083,8812.7,84.049, 477.47, 981.27
   62040,   62100,1029.4,4591.2,8351.6,64.763, 433.2, 935.16
   62100,   62160,665.55,3544.5,6835.5,42.933, 339, 783.55
   62160,   62220,780.94,3717.1,7099.6,49.856, 354.54, 809.96
   62220,   62280,598.86,3387.7,6658.2,38.932, 324.89, 765.82
   62280,   62340,544.3,3307,6737.5,35.658, 317.63, 773.75
   62340,   62400,620.33,3778.5,7188.4,40.22, 360.06, 818.84
   62400,   62460,732.58,3787.8,7157.5,46.955, 360.9, 815.75
   62460,   62520,945.85,4212.1,7667.7,59.751, 399.09, 866.77
   62520,   62580,1037.6,5363,9453.5,65.255, 502.67, 1045.3
   62580,   62640,903.73,5507.9,9586.4,57.224, 515.71, 1058.6
   62640,   62700,875.28,5722.8,9490,55.517, 535.05, 1049
   62700,   62760,1331.1,7386.4,11963,82.867, 684.77, 1296.3
   62760,   62820,1325.9,8134.2,12808,82.557, 752.08, 1380.8
   62820,   62880,1267,8381.9,12801,79.023, 774.37, 1380.1
   62880,   62940,1496.2,9408.6,13877,92.773, 866.78, 1487.7
   62940,   63000,1513.4,9636.7,14775,93.804, 887.3, 1577.5
   63000,   63060,1652.2,9772.1,15540,102.13, 899.49, 1654
   63060,   63120,1565.3,9751.9,16009,96.915, 897.67, 1700.9
   63120,   63180,1287.4,9062.2,14575,80.246, 835.6, 1557.5
   63180,   63240,1465,9208.8,14713,90.899, 848.79, 1571.3
   63240,   63300,1783.6,8272.1,13345,110.02, 764.48, 1434.5
   63300,   63360,4965,12082,16086,300.9, 1107.3, 1708.6
   63360,   63420,1459.5,8100.2,13537,90.57, 749.02, 1453.7
   63420,   63480,1393.9,8414.3,14077,86.633, 777.29, 1507.7
   63480,   63540,1545.9,8595.1,14648,95.752, 793.56, 1564.8
   63540,   63600,2072.8,8580.7,14743,127.37, 792.26, 1574.3
   63600,   63660,1775.6,8904.7,15019,109.53, 821.42, 1601.9
   63660,   63720,2060.4,8875.5,14952,126.62, 818.79, 1595.2
   63720,   63780,2326.9,9000.1,15790,142.61, 830.01, 1679
   63780,   63840,2006.2,8932.7,15692,123.37, 823.94, 1669.2
   63840,   63900,1814.3,9175.5,15313,111.86, 845.8, 1631.3
