CampaignData_and_Merges/R0/CSL_MobileLab_Parked/raw/20240719/USOS-NOy-LIF_MobileLabGround_20240719_R0.ict
39,1001
Rollins, A.; Waxman, E.; Zuraski, K.; Chace, W.
NOAA Chemical Sciences Laboratory
LIF NO/NOx/NOy on CSL Mobile Lab
AMMBEC / USOS
1, 1
2024,07,19, 2025,01,03
1
Time_Start, seconds, number_of_seconds_since_0000_UTC
7
1, 1, 1, 1, 1, 1, 1
-9999, -9999, -9999, -9999, -9999, -9999, -9999
Time_Stop, seconds, number_of_seconds_since_0000_UTC
NO_LIF, pptv, Gas_NO_InSitu_S_AVMR, volume mixing ratio of nitric oxide in air
NO2_LIF, pptv, Gas_NO2_InSitu_S_AVMR, volume mixing ratio of nitrogen dioxide in air
NOy_LIF, pptv, Gas_NOy_InSitu_S_AVMR, volume mixing ratio of total oxidized nitrogen in air
NO_LIF_1SigmaAccuracy, pptv, Gas_NO_InSitu_S_AVMR, volume mixing ratio of nitric oxide in air
NO2_LIF_1SigmaAccuracy, pptv, Gas_NO2_InSitu_S_AVMR, volume mixing ratio of nitrogen dioxide in air
NOy_LIF_1SigmaAccuracy, pptv, Gas_NOy_InSitu_S_AVMR, volume mixing ratio of total oxidized nitrogen in air
0
18
PI_CONTACT_INFO: andrew.rollins@noaa.gov
PLATFORM: CSL Mobile Lab
LOCATION: Salt Lake City, UT
ASSOCIATED_DATA:
INSTRUMENT_INFO: NO detection by laser induced fluorescence. NO2 detection by photolytic conversion to NO. NOy detection by catalytic conversion to NO on gold surface
DATA_INFO:
UNCERTAINTY: Included 1 Sigma Accuracy waves represent the combined calibration uncertainties (±6%, ±9%, ±10%) and zero uncertainties (3 ppt, 20 ppt, 100 ppt) for NO, NO2, and NOy, respectively.
ULOD_FLAG: -7777
ULOD_VALUE: N/A
LLOD_FLAG: -8888
LLOD_VALUE: N/A
DM_CONTACT_INFO: andrew.rollins@noaa.gov
PROJECT_INFO: USOS Project, July - August 2024
STIPULATIONS_ON_USE: Users are strongly encouraged to contact the PI for proper data usage.
OTHER_COMMENTS:
REVISION: R0
R0: final data
Time_Start, Time_Stop, NO_LIF, NO2_LIF, NOy_LIF, NO_LIF_1SigmaAccuracy, NO2_LIF_1SigmaAccuracy, NOy_LIF_1SigmaAccuracy
[from data line 1066]
   63960,   64020,1765.3,9383.4,15691,108.92, 864.51, 1669.1
   64020,   64080,2062.3,9050.5,15522,126.74, 834.55, 1652.2
   64080,   64140,2647.5,8688.9,16268,161.85, 802, 1726.8
   64140,   64200,2742.9,8748.9,16541,167.57, 807.4, 1754.1
   64200,   64260,9151.5,15869,20836,552.09, 1448.2, 2183.6
   64260,   64320,7461.7,15590,28230,450.7, 1423.1, 2923
   64320,   64380,2946.3,9209,19199,179.78, 848.81, 2019.9
   64380,   64440,5549.3,13117,19965,335.96, 1200.6, 2096.5
   64440,   64500,2396.2,8759.1,17294,146.77, 808.32, 1829.4
   64500,   64560,2290.7,8598.1,15771,140.44, 793.83, 1677.1
   64560,   64620,2198,8146.8,14940,134.88, 753.21, 1594
   64620,   64680,2148.9,8202.6,14736,131.93, 758.23, 1573.6
   64680,   64740,2217.5,8030.1,14467,136.05, 742.71, 1546.7
   64740,   64800,2253.3,7908.6,14604,138.2, 731.77, 1560.4
   64800,   64860,2119.3,8076.3,14600,130.16, 746.87, 1560
   64860,   64920,4319,11578,21157,262.14, 1062.1, 2215.7
   64920,   64980,2682.6,7858,14703,163.96, 727.22, 1570.3
   64980,   65040,2510.2,7044.2,15422,153.61, 653.98, 1642.2
   65040,   65100,3888.1,8832.6,15068,236.29, 814.94, 1606.8
   65100,   65160,1279,4559.7,8300.2,79.738, 430.37, 930.02
   65160,   65220,1146,3385.9,6186,71.763, 324.73, 718.6
   65220,   65280,3165.2,6854.8,12321,192.91, 636.93, 1332.1
   65280,   65340,5348.7,10750,20246,323.92, 987.47, 2124.6
   65340,   65400,3820.5,8019.1,14208,232.23, 741.72, 1520.8
   65400,   65460,1537.2,4841.1,8579.2,95.232, 455.7, 957.92
   65460,   65520,1757.3,5411.2,10589,108.44, 507, 1158.9
   65520,   65580,-9999,-9999,-9999,-9999, -9999, -9999
   65580,   65640,-9999,-9999,-9999,-9999, -9999, -9999
   65640,   65700,-9999,-9999,-9999,-9999, -9999, -9999
   65700,   65760,-9999,-9999,-9999,-9999, -9999, -9999
   65760,   65820,-9999,-9999,-9999,-9999, -9999, -9999
   65820,   65880,-9999,-9999,-9999,-9999, -9999, -9999
   65880,   65940,-9999,-9999,-9999,-9999, -9999, -9999
   65940,   66000,894.77,3955.4,8225.1,56.686, 375.98, 922.51
   66000,   66060,570.25,2781.1,6671.1,37.215, 270.3, 767.11
   66060,   66120,647.62,2865.8,5876.9,41.857, 277.93, 687.69
   66120,   66180,911.52,4093.2,8006.1,57.691, 388.39, 900.61
   66180,   66240,1088.5,4831.5,9919.6,68.307, 454.83, 1092
   66240,   66300,1093.2,4903.3,10257,68.592, 461.3, 1125.7
   66300,   66360,1187.9,4866.4,10558,74.272, 457.98, 1155.8
   66360,   66420,1170.1,4752.7,10411,73.206, 447.75, 1141.1
   66420,   66480,1074.1,4655.1,9971.8,67.447, 438.96, 1097.2
   66480,   66540,1904.7,6395.3,12370,117.28, 595.57, 1337
   66540,   66600,1421.7,5821.2,13505,88.301, 543.9, 1450.5
   66600,   66660,1327.2,5950.3,12561,82.634, 555.53, 1356.1
   66660,   66720,1280.8,5675.2,12188,79.85, 530.76, 1318.8
   66720,   66780,1235.1,5681.5,12312,77.109, 531.33, 1331.2
   66780,   66840,1213.8,5907.4,12143,75.831, 551.67, 1314.3
   66840,   66900,1211,5978.8,12697,75.658, 558.09, 1369.7
   66900,   66960,1256.8,6055.2,13597,78.411, 564.96, 1459.7
   66960,   67020,1267.8,5679,12591,79.07, 531.11, 1359.1
   67020,   67080,1145.9,5869.5,12270,71.755, 548.25, 1327
   67080,   67140,1145.3,5784.5,12318,71.719, 540.61, 1331.8
   67140,   67200,1160.3,5803.6,12692,72.619, 542.33, 1369.2
   67200,   67260,1194.4,5381,12306,74.661, 504.29, 1330.6
   67260,   67320,1003.8,5443.2,11742,63.229, 509.89, 1274.2
   67320,   67380,1211.6,5912,11562,75.698, 552.08, 1256.2
   67380,   67440,1271.3,6262.9,13047,79.279, 583.66, 1404.7
   67440,   67500,1034.8,5377.2,11879,65.086, 503.95, 1287.9
   67500,   67560,1024,5224.5,11514,64.44, 490.2, 1251.4
   67560,   67620,974.72,4857.1,11059,61.483, 457.14, 1205.9
   67620,   67680,975.58,5100.8,11197,61.535, 479.07, 1219.7
   67680,   67740,1939.5,7055.2,13400,119.37, 654.97, 1440
   67740,   67800,1190.5,5172.7,12640,74.433, 485.54, 1364
   67800,   67860,1357.4,6015.1,11989,84.443, 561.36, 1298.9
   67860,   67920,1420.8,6695.2,13004,88.249, 622.56, 1400.4
   67920,   67980,992.07,4652.4,10814,62.524, 438.71, 1181.4
   67980,   68040,844.72,4031.8,10068,53.683, 382.86, 1106.8
   68040,   68100,1002.1,4644.6,10504,63.126, 438.01, 1150.4
   68100,   68160,819.15,3939.6,10130,52.149, 374.57, 1113
   68160,   68220,794.46,3921.4,10039,50.668, 372.92, 1103.9
   68220,   68280,787.65,4012.1,10175,50.259, 381.09, 1117.5
   68280,   68340,781.76,3816.8,9667.5,49.906, 363.51, 1066.7
   68340,   68400,744.22,3598.3,9288.3,47.653, 343.84, 1028.8
   68400,   68460,701.73,3442.9,8815.8,45.104, 329.86, 981.58
   68460,   68520,802.76,3745.5,8836.2,51.165, 357.09, 983.62
   68520,   68580,1005.8,4477.5,10853,63.351, 422.98, 1185.3
   68580,   68640,1168.2,5206.3,10996,73.092, 488.57, 1199.6
   68640,   68700,1038.4,4666.8,11048,65.306, 440.01, 1204.8
   68700,   68760,854.32,4129.1,10576,54.259, 391.62, 1157.6
   68760,   68820,837.07,4157.1,10491,53.224, 394.14, 1149.1
   68820,   68880,990.84,4404.2,11119,62.45, 416.38, 1211.9
   68880,   68940,896.49,4304.2,10770,56.79, 407.38, 1177
   68940,   69000,663.8,3379,9042.3,42.828, 324.11, 1004.2
   69000,   69060,622.08,3192.8,8644.3,40.325, 307.35, 964.43
   69060,   69120,743.25,3551.9,9416.6,47.595, 339.67, 1041.7
   69120,   69180,722.97,3506.2,9144.6,46.378, 335.56, 1014.5
   69180,   69240,885.52,4092.8,9525.4,56.131, 388.35, 1052.5
   69240,   69300,1129,4531.1,9972,70.741, 427.8, 1097.2
   69300,   69360,2679.5,6451.9,13568,163.77, 600.67, 1456.8
   69360,   69420,1704.3,5563.1,14136,105.26, 520.68, 1513.6
   69420,   69480,555.58,2848.9,7956,36.335, 276.4, 895.6
   69480,   69540,517.73,2828.5,7660.3,34.064, 274.56, 866.03
   69540,   69600,585.3,2993.5,7661.9,38.118, 289.41, 866.19
   69600,   69660,447.36,2217.5,6471.8,29.842, 219.58, 747.18
   69660,   69720,1830,4517.4,11553,112.8, 426.56, 1255.3
   69720,   69780,584.48,2395.9,6918.9,38.069, 235.63, 791.89
   69780,   69840,2157.7,6015.8,13535,132.46, 561.42, 1453.5
   69840,   69900,1143.1,4537.8,12101,71.585, 428.4, 1310.1
   69900,   69960,-9999,-9999,-9999,-9999, -9999, -9999
   69960,   70020,-9999,-9999,-9999,-9999, -9999, -9999
   70020,   70080,-9999,-9999,-9999,-9999, -9999, -9999
   70080,   70140,-9999,-9999,-9999,-9999, -9999, -9999
   70140,   70200,-9999,-9999,-9999,-9999, -9999, -9999
   70200,   70260,-9999,-9999,-9999,-9999, -9999, -9999
   70260,   70320,-9999,-9999,-9999,-9999, -9999, -9999
   70320,   70380,249.76,1511.5,4884.8,17.986, 156.04, 588.48
   70380,   70440,247.53,1509,4824.1,17.852, 155.81, 582.41
   70440,   70500,253.46,1585.9,4964.6,18.208, 162.73, 596.46
   70500,   70560,270.55,1669,5011.7,19.233, 170.21, 601.17
   70560,   70620,332.34,1805.9,5440.3,22.941, 182.53, 644.03
   70620,   70680,4408.5,8752.4,15221,267.51, 807.71, 1622.1
   70680,   70740,1098.2,3233.4,10188,68.893, 311.01, 1118.8
   70740,   70800,163.88,871.84,3610.2,12.833, 98.465, 461.02
   70800,   70860,172.5,904.08,3042.1,13.35, 101.37, 404.21
   70860,   70920,270.95,1163.8,3525.2,19.257, 124.74, 452.52
   70920,   70980,233.71,1192.1,4204.5,17.023, 127.29, 520.45
   70980,   71040,249.04,1301.5,4270,17.942, 137.14, 527
   71040,   71100,473.35,1975,5493.2,31.401, 197.75, 649.32
   71100,   71160,869.31,2999.8,6526.6,55.159, 289.98, 752.66
   71160,   71220,249.82,1248.1,4005.3,17.989, 132.33, 500.53
   71220,   71280,290.26,1028.1,3165,20.416, 112.53, 416.5
   71280,   71340,884.59,2616.5,6269,56.076, 255.48, 726.9
   71340,   71400,308.36,1594.7,4974.7,21.502, 163.52, 597.47
   71400,   71460,933.92,2871.2,5896.5,59.035, 278.41, 689.65
   71460,   71520,562.42,2341.8,6083.9,36.745, 230.77, 708.39
   71520,   71580,1221.5,4230.8,10399,76.288, 400.77, 1139.9
   71580,   71640,431.62,2212.1,6298.7,28.897, 219.09, 729.87
   71640,   71700,411.28,2134.2,5799.2,27.677, 212.08, 679.92
   71700,   71760,725.02,3474.1,8670.9,46.501, 332.67, 967.09
   71760,   71820,911.6,4176.8,9773.9,57.696, 395.92, 1077.4
   71820,   71880,821.62,3898.4,8740.5,52.297, 370.86, 974.05
   71880,   71940,563.37,2926.6,7249.8,36.802, 283.39, 824.98
   71940,   72000,536.23,2921.7,7221.5,35.174, 282.95, 822.15
   72000,   72060,960.42,3986.4,11454,60.625, 378.77, 1245.4
   72060,   72120,1235.3,4159.2,10072,77.119, 394.33, 1107.2
   72120,   72180,301.25,1972.1,6164.4,21.075, 197.49, 716.44
   72180,   72240,265.53,1737.1,5625,18.932, 176.34, 662.5
   72240,   72300,255.85,1663.9,5389,18.351, 169.75, 638.9
   72300,   72360,253.91,1626.6,5344.3,18.234, 166.39, 634.43
   72360,   72420,404.63,2050.5,5669.2,27.278, 204.54, 666.92
   72420,   72480,318.13,1963.5,5761.6,22.088, 196.72, 676.16
   72480,   72540,736.38,3529.8,7160.4,47.183, 337.68, 816.04
   72540,   72600,365.69,2319.1,6594.5,24.941, 228.72, 759.45
   72600,   72660,289.94,1967.5,5803.2,20.396, 197.08, 680.32
   72660,   72720,304.13,1926.7,5747,21.248, 193.4, 674.7
   72720,   72780,297.18,1949.3,5665.7,20.831, 195.44, 666.57
   72780,   72840,252.18,1678.6,5437.4,18.131, 171.08, 643.74
   72840,   72900,199.76,1319.2,4690.3,14.986, 138.73, 569.03
   72900,   72960,202.88,1366.8,4554.6,15.173, 143.01, 555.46
   72960,   73020,266.36,1438.8,4824.4,18.982, 149.49, 582.44
   73020,   73080,239.44,1374.4,4798.7,17.366, 143.7, 579.87
   73080,   73140,239.17,1457.5,4741.1,17.35, 151.17, 574.11
   73140,   73200,271.6,1728.3,5101.8,19.296, 175.55, 610.18
   73200,   73260,171.67,1121.9,4682.8,13.3, 120.97, 568.28
   73260,   73320,492.32,1907.8,4071.9,32.539, 191.7, 507.19
   73320,   73380,610.58,2821.7,6008.5,39.635, 273.95, 700.85
   73380,   73440,543.25,2809.7,6115,35.595, 272.87, 711.5
   73440,   73500,259.67,1766.3,5353.4,18.58, 178.97, 635.34
   73500,   73560,262.73,1869.5,5810,18.764, 188.25, 681
   73560,   73620,272.3,1923.7,6000.1,19.338, 193.13, 700.01
   73620,   73680,263.4,1752.7,5762.9,18.804, 177.75, 676.29
   73680,   73740,276.35,1856.7,6005.5,19.581, 187.1, 700.55
   73740,   73800,319.26,2125.1,6259.1,22.156, 211.26, 725.91
   73800,   73860,995.68,3706.6,9071.9,62.741, 353.59, 1007.2
   73860,   73920,260.86,1879,5725.2,18.651, 189.11, 672.52
   73920,   73980,245.85,1680.6,5113.2,17.751, 171.25, 611.32
   73980,   74040,238.44,1568.3,5045.3,17.307, 161.14, 604.53
   74040,   74100,271.62,1638.6,5137.1,19.297, 167.47, 613.71
   74100,   74160,471.47,2307.5,6255.9,31.288, 227.68, 725.59
   74160,   74220,358.22,2118.6,6614.2,24.493, 210.67, 761.42
   74220,   74280,238.29,1515.5,4927.2,17.297, 156.4, 592.72
   74280,   74340,-9999,-9999,-9999,-9999, -9999, -9999
   74340,   74400,-9999,-9999,-9999,-9999, -9999, -9999
   74400,   74460,-9999,-9999,-9999,-9999, -9999, -9999
   74460,   74520,-9999,-9999,-9999,-9999, -9999, -9999
   74520,   74580,-9999,-9999,-9999,-9999, -9999, -9999
   74580,   74640,-9999,-9999,-9999,-9999, -9999, -9999
   74640,   74700,-9999,-9999,-9999,-9999, -9999, -9999
   74700,   74760,183.48,1154.4,3688.7,14.009, 123.89, 468.87
   74760,   74820,193.01,1141.7,3549.5,14.581, 122.75, 454.95
   74820,   74880,159.45,890.14,2882,12.567, 100.11, 388.2
   74880,   74940,161.43,882.55,2778.5,12.686, 99.429, 377.85
   74940,   75000,159.62,933.52,3118.1,12.577, 104.02, 411.81
   75000,   75060,156.91,928.45,3109.5,12.414, 103.56, 410.95
   75060,   75120,294.07,1293.4,3343,20.644, 136.41, 434.3
   75120,   75180,148.17,842.12,2941.8,11.89, 95.791, 394.18
   75180,   75240,147.74,836.28,2921.2,11.864, 95.265, 392.12
   75240,   75300,154.77,936.26,3067.5,12.286, 104.26, 406.75
   75300,   75360,171.04,957.81,3145.5,13.262, 106.2, 414.55
   75360,   75420,164.96,962.61,3252.9,12.897, 106.63, 425.29
   75420,   75480,169.39,995.71,3322.7,13.164, 109.61, 432.27
   75480,   75540,187.74,1118,3483,14.264, 120.62, 448.3
   75540,   75600,179.38,1085.6,3396,13.763, 117.7, 439.6
   75600,   75660,177.71,1029.4,3265.4,13.663, 112.64, 426.54
   75660,   75720,175.23,1109.6,3422.4,13.514, 119.86, 442.24
   75720,   75780,177.85,1136.5,3733.2,13.671, 122.28, 473.32
   75780,   75840,179.93,1111.9,3767.4,13.796, 120.07, 476.74
   75840,   75900,180.36,1092.2,3704.5,13.822, 118.3, 470.45
   75900,   75960,180.35,1114.1,3779.6,13.821, 120.27, 477.96
   75960,   76020,170.75,1056.2,3774.6,13.245, 115.06, 477.46
   76020,   76080,691.33,1738.5,5842.2,44.48, 176.46, 684.22
   76080,   76140,744.76,2466.9,7028.4,47.686, 242.02, 802.84
   76140,   76200,617.18,2732.2,5526.9,40.031, 265.89, 652.69
   76200,   76260,248.83,1378.9,4029.3,17.93, 144.1, 502.93
   76260,   76320,250.31,1437.9,4193.8,18.019, 149.41, 519.38
   76320,   76380,222.01,1434.8,4395.7,16.321, 149.14, 539.57
   76380,   76440,260.86,1496.3,4844.4,18.652, 154.67, 584.44
   76440,   76500,183.2,1146.4,4110.2,13.992, 123.17, 511.02
   76500,   76560,211.02,1260.1,4039.6,15.661, 133.4, 503.96
   76560,   76620,283.54,1528.4,4455.9,20.013, 157.55, 545.59
   76620,   76680,217.68,1316.4,4310.8,16.061, 138.47, 531.08
   76680,   76740,1165.4,3025.5,9296.8,72.924, 292.3, 1029.7
   76740,   76800,4571.6,7272.7,15870,277.29, 674.54, 1687
   76800,   76860,824.4,2747.6,8856,52.464, 267.29, 985.6
   76860,   76920,4350.5,7396.9,13976,264.03, 685.72, 1497.6
   76920,   76980,555.09,1901,5341.7,36.306, 191.09, 634.17
   76980,   77040,182.3,1172.6,4120.5,13.938, 125.53, 512.05
   77040,   77100,282.73,1713,4583.8,19.964, 174.17, 558.38
   77100,   77160,198.43,1335.4,4440,14.906, 140.18, 544
   77160,   77220,180.31,1230,4135.7,13.818, 130.7, 513.57
   77220,   77280,238.69,1492.9,4064.9,17.321, 154.36, 506.49
   77280,   77340,278.51,1803,4624.1,19.711, 182.27, 562.41
   77340,   77400,253.77,1544.8,4514.4,18.226, 159.04, 551.44
   77400,   77460,212.43,1272.9,3928.5,15.746, 134.56, 492.85
   77460,   77520,191.35,1179,3745.7,14.481, 126.11, 474.57
   77520,   77580,229.71,1323,3952.1,16.783, 139.07, 495.21
   77580,   77640,228.37,1340.6,3926.6,16.702, 140.66, 492.66
   77640,   77700,242.57,1423.9,4067.4,17.554, 148.15, 506.74
   77700,   77760,240.15,1400.8,3957.8,17.409, 146.07, 495.78
   77760,   77820,208.78,1204.3,3808.5,15.527, 128.39, 480.85
   77820,   77880,-9999,-9999,-9999,-9999, -9999, -9999
   77880,   77940,-9999,-9999,-9999,-9999, -9999, -9999
   77940,   78000,-9999,-9999,-9999,-9999, -9999, -9999
   78000,   78060,-9999,-9999,-9999,-9999, -9999, -9999
   78060,   78120,-9999,-9999,-9999,-9999, -9999, -9999
   78120,   78180,-9999,-9999,-9999,-9999, -9999, -9999
   78180,   78240,-9999,-9999,-9999,-9999, -9999, -9999
   78240,   78300,-9999,-9999,-9999,-9999, -9999, -9999
   78300,   78360,-9999,-9999,-9999,-9999, -9999, -9999
   78360,   78420,-9999,-9999,-9999,-9999, -9999, -9999
   78420,   78480,-9999,-9999,-9999,-9999, -9999, -9999
   78480,   78540,-9999,-9999,-9999,-9999, -9999, -9999
   78540,   78600,-9999,-9999,-9999,-9999, -9999, -9999
   78600,   78660,-9999,-9999,-9999,-9999, -9999, -9999
   78660,   78720,-9999,-9999,-9999,-9999, -9999, -9999
   78720,   78780,-9999,-9999,-9999,-9999, -9999, -9999
   78780,   78840,-9999,-9999,-9999,-9999, -9999, -9999
   78840,   78900,-9999,-9999,-9999,-9999, -9999, -9999
   78900,   78960,-9999,-9999,-9999,-9999, -9999, -9999
   78960,   79020,-9999,-9999,-9999,-9999, -9999, -9999
   79020,   79080,-9999,-9999,-9999,-9999, -9999, -9999
   79080,   79140,-9999,-9999,-9999,-9999, -9999, -9999
   79140,   79200,-9999,-9999,-9999,-9999, -9999, -9999
   79200,   79260,-9999,-9999,-9999,-9999, -9999, -9999
   79260,   79320,-9999,-9999,-9999,-9999, -9999, -9999
   79320,   79380,-9999,-9999,-9999,-9999, -9999, -9999
   79380,   79440,-9999,-9999,-9999,-9999, -9999, -9999
   79440,   79500,-9999,-9999,-9999,-9999, -9999, -9999
   79500,   79560,-9999,-9999,-9999,-9999, -9999, -9999
   79560,   79620,-9999,-9999,-9999,-9999, -9999, -9999
   79620,   79680,-9999,-9999,-9999,-9999, -9999, -9999
   79680,   79740,-9999,-9999,-9999,-9999, -9999, -9999
   79740,   79800,-9999,-9999,-9999,-9999, -9999, -9999
   79800,   79860,-9999,-9999,-9999,-9999, -9999, -9999
   79860,   79920,-9999,-9999,-9999,-9999, -9999, -9999
   79920,   79980,-9999,-9999,-9999,-9999, -9999, -9999
