CampaignData_and_Merges/R0/CSL_MobileLab_Parked/raw/20240719/USOS-jNO2_MobileLabGround_20240719_R0.ict
52,1001
Waxman, E.; Rollins, A.; Zuraski, K.; Chace, W.
NOAA Chemical Sciences Laboratory
jNO2 filter radiometer on CSL Mobile Lab
AMMBEC / USOS
1, 1
2024,07,19, 2025,04,01
60
Time_Start, seconds, number_of_seconds_since_0000_UTC
20
1, 1, 1, 1, 1, 1, 1, 1, 1, 1, 1, 1, 1, 1, 1, 1, 1, 1, 1, 1
-9999, -9999, -9999, -9999, -9999, -9999, -9999, -9999, -9999, -9999, -9999, -9999, -9999, -9999, -9999, -9999, -9999, -9999, -9999, -9999
Time_Stop, seconds, number_of_seconds_since_0000_UTC
jNO2_meas, per second, photolysis rate of NO2 measured using a filter radiometer.
jBrCl, per second, photolysis rate of BrCl -> Br + Cl calculated in TUV for cloud-free sky with local AOD
jBr2, per second, photolysis rate of Br2 -> Br + Br calculated in TUV for cloud-free sky with local AOD
jCCl4, per second, photolysis rate of CCl4 -> Products calcualted in TUV for cloud-free sky with local AOD
jCH2Oa, per second, photolysis rate of CH2O -> H + HCO calculated in TUV for cloud-free sky with local AOD
jCH2Ob, per second, photolysis rate of CH2O -> H2 + CO calculated in TUV for cloud-free sky with local AOD
jClNO2, per second, photolysis rate of ClNO2 -> Cl + NO2 calculated in TUV for cloud-free sky with local AOD
jClOa, per second, photolysis rate of ClO -> Cl + O(1D) calculated in TUV for cloud-free sky with local AOD
jClOb, per second, photolysis rate of ClO -> Cl + O(3P) calculated in TUV for cloud-free sky with local AOD
jCl2, per second, photolysis rate of Cl2 -> Cl + Cl calculated in TUV for cloud-free sky with local AOD
jHNO2, per second, photolysis rate of HNO2 -> OH + NO calculated in TUV for cloud-free sky with local AOD
jHNO3, per second, photolysis rate of HNO3 -> OH + NO2 calculated in TUV for cloud-free sky with local AOD
jI2, per second, photolysis rate of I2 -> I + I calculated in TUV for cloud-free sky with local AOD
jNO2, per second, photolysis rate of NO2 -> NO + O(3P) calculated in TUV for cloud-free sky with local AOD
jNO3a, per second, photolysis rate of NO3 -> NO + O2 calculated in TUV for cloud-free sky with local AOD
jNO3b, per second, photolysis rate of NO3 -> NO2 + O(3P) calculated in TUV for cloud-free sky with local AOD
jN2O5, per second, photolysis rate of N2O5 -> NO3 + NO + O(3P) calculated in TUV for cloud-free sky with local AOD
jO3, per second, photolysis rate of O3 -> O2 + O(1D) calculated in TUV for cloud-free sky with local AOD
AOD_500nm, unitless, UTC daily mean AOD at 500 nm from an AERONET station located at 40.178 N, -112.452 E
0
18
PI_CONTACT_INFO: eleanor.waxman@noaa.gov
PLATFORM: CSL Mobile Lab, at ground site
LOCATION: Salt Lake City, UT
ASSOCIATED_DATA:
INSTRUMENT_INFO: jNO2 filter radiometer.  TUV calculations are for mobile van lat/lon/altitude assuming clear sky (cloud AOD = 0) and daily mean AOD.
DATA_INFO:
UNCERTAINTY: Data uncertainties are +/- 20%.  These come from uncertainties in radiometer angular response, radiometer thermal response, local interferences from clouds/aerosols/shadows etc.
ULOD_FLAG: -7777
ULOD_VALUE: N/A
LLOD_FLAG: -8888
LLOD_VALUE: N/A
DM_CONTACT_INFO: eleanor.waxman@noaa.gov
PROJECT_INFO: USOS Project, July - August 2024
STIPULATIONS_ON_USE: Users are strongly encouraged to contact the PI for proper data usage.
OTHER_COMMENTS: 
REVISION: R0
R0: final data
Time_Start, Time_Stop, jNO2_meas, jBrCl, jBr2, jCCl4, jCH2Oa, jCH2Ob, jClNO2, jClOa, jClOb, jCl2, jHNO2, jHNO3, jI2, jNO2, jNO3a, jNO3b, jN2O5, jO3, AOD_500nm
[from data line 84]
    5040,    5100,0.00037055,0.004134,0.01468,5.556e-26,4.376e-06,9.718e-06,0.0001016,2.047e-26,1.984e-06,0.0006084,0.000428,5.198e-08,0.06033,0.002868,0.01278,0.09654,8.074e-06,1.232e-06,0.138
    5100,    5160,0.00036142,0.004077,0.01451,5.471e-26,4.274e-06,9.524e-06,9.966e-05,2.017e-26,1.92e-06,0.0005977,0.0004206,5.064e-08,0.05972,0.002821,0.01267,0.09561,7.914e-06,1.194e-06,0.138
    5160,    5220,0.0003468,0.004022,0.01434,5.392e-26,4.179e-06,9.343e-06,9.784e-05,1.989e-26,1.862e-06,0.0005877,0.0004136,4.94e-08,0.05914,0.002777,0.01257,0.09473,7.764e-06,1.159e-06,0.138
    5220,    5280,0.00034407,0.003964,0.01416,5.309e-26,4.078e-06,9.151e-06,9.591e-05,1.96e-26,1.802e-06,0.0005771,0.0004063,4.811e-08,0.05851,0.002729,0.01245,0.09377,7.606e-06,1.123e-06,0.138
    5280,    5340,0.00033065,0.003906,0.01398,5.227e-26,3.979e-06,8.961e-06,9.399e-05,1.931e-26,1.742e-06,0.0005665,0.0003989,4.683e-08,0.05788,0.002682,0.01234,0.09281,7.449e-06,1.088e-06,0.138
    5340,    5400,0.00032183,0.003851,0.0138,5.151e-26,3.888e-06,8.783e-06,9.219e-05,1.904e-26,1.688e-06,0.0005566,0.0003919,4.565e-08,0.05728,0.002638,0.01223,0.09189,7.302e-06,1.055e-06,0.138
    5400,    5460,0.0003096,0.003792,0.01362,5.071e-26,3.791e-06,8.596e-06,9.03e-05,1.875e-26,1.632e-06,0.000546,0.0003846,4.442e-08,0.05663,0.00259,0.01211,0.0909,7.147e-06,1.022e-06,0.138
    5460,    5520,0.00030206,0.003733,0.01343,4.992e-26,3.696e-06,8.41e-06,8.842e-05,1.847e-26,1.577e-06,0.0005356,0.0003772,4.321e-08,0.05597,0.002543,0.01199,0.0899,6.993e-06,9.889e-07,0.138
    5520,    5580,0.00029144,0.003677,0.01326,4.919e-26,3.608e-06,8.236e-06,8.665e-05,1.821e-26,1.527e-06,0.0005257,0.0003704,4.208e-08,0.05535,0.002499,0.01188,0.08894,6.85e-06,9.586e-07,0.138
    5580,    5640,0.00029252,0.003617,0.01307,4.842e-26,3.514e-06,8.053e-06,8.479e-05,1.793e-26,1.474e-06,0.0005153,0.0003631,4.09e-08,0.05468,0.002452,0.01175,0.08791,6.698e-06,9.271e-07,0.138
    5640,    5700,0.00027333,0.003557,0.01287,4.766e-26,3.423e-06,7.872e-06,8.294e-05,1.766e-26,1.423e-06,0.0005049,0.0003558,3.975e-08,0.054,0.002405,0.01163,0.08687,6.548e-06,8.968e-07,0.138
    5700,    5760,0.00026916,0.003498,0.01269,4.656e-26,3.336e-06,7.696e-06,8.115e-05,1.731e-26,1.377e-06,0.0004947,0.0003486,3.866e-08,0.05332,0.002358,0.0115,0.08584,6.403e-06,8.684e-07,0.138
    5760,    5820,0.0002554,0.003436,0.01248,4.616e-26,3.242e-06,7.512e-06,7.927e-05,1.714e-26,1.325e-06,0.0004841,0.0003412,3.748e-08,0.0526,0.00231,0.01137,0.08474,6.25e-06,8.381e-07,0.138
    5820,    5880,0.00024855,0.003375,0.01229,4.507e-26,3.155e-06,7.336e-06,7.747e-05,1.673e-26,1.277e-06,0.0004739,0.000334,3.639e-08,0.0519,0.002263,0.01124,0.08365,6.104e-06,8.091e-07,0.138
    5880,    5940,0.00023861,0.003318,0.0121,4.473e-26,3.074e-06,7.172e-06,7.579e-05,1.661e-26,1.235e-06,0.0004644,0.0003273,3.539e-08,0.05123,0.002219,0.01111,0.08263,5.968e-06,7.839e-07,0.138
    5940,    6000,0.00023005,0.003257,0.01191,4.401e-26,2.989e-06,7e-06,7.402e-05,1.636e-26,1.191e-06,0.0004542,0.0003202,3.434e-08,0.05051,0.002172,0.01098,0.08152,5.825e-06,7.573e-07,0.138
    6000,    6060,0.00021844,0.003196,0.01171,4.33e-26,2.906e-06,6.83e-06,7.226e-05,1.61e-26,1.148e-06,0.0004442,0.0003131,3.331e-08,0.04978,0.002126,0.01084,0.0804,5.684e-06,7.315e-07,0.138
    6060,    6120,0.00021281,0.003139,0.01152,4.263e-26,2.828e-06,6.671e-06,7.063e-05,1.587e-26,1.108e-06,0.0004348,0.0003065,3.236e-08,0.04909,0.002082,0.01071,0.07933,5.552e-06,7.078e-07,0.138
    6120,    6180,0.00020326,0.00308,0.01132,4.199e-26,2.749e-06,6.509e-06,6.896e-05,1.564e-26,1.068e-06,0.0004252,0.0002997,3.139e-08,0.04837,0.002038,0.01057,0.07821,5.418e-06,6.836e-07,0.138
    6180,    6240,0.00019652,0.00302,0.01112,4.13e-26,2.672e-06,6.35e-06,6.73e-05,1.539e-26,1.029e-06,0.0004155,0.0002929,3.045e-08,0.04763,0.001993,0.01043,0.07708,5.285e-06,6.603e-07,0.138
    6240,    6300,0.00018916,0.002962,0.01093,4.066e-26,2.599e-06,6.197e-06,6.572e-05,1.516e-26,9.935e-07,0.0004063,0.0002864,2.956e-08,0.04692,0.00195,0.0103,0.07598,5.158e-06,6.386e-07,0.138
    6300,    6360,0.0001865,0.0029,0.01072,3.999e-26,2.522e-06,6.035e-06,6.404e-05,1.491e-26,9.56e-07,0.0003965,0.0002795,2.863e-08,0.04615,0.001904,0.01015,0.07478,5.023e-06,6.16e-07,0.138
    6360,    6420,0.00017928,0.002838,0.01052,3.932e-26,2.446e-06,5.877e-06,6.239e-05,1.467e-26,9.197e-07,0.0003869,0.0002727,2.771e-08,0.04537,0.001859,0.01001,0.07358,4.891e-06,5.94e-07,0.138
    6420,    6480,0.00017394,0.00278,0.01032,3.869e-26,2.376e-06,5.729e-06,6.085e-05,1.445e-26,8.864e-07,0.0003779,0.0002663,2.687e-08,0.04463,0.001816,0.009863,0.07243,4.768e-06,5.739e-07,0.138
    6480,    6540,0.00017491,0.002718,0.01011,3.804e-26,2.303e-06,5.575e-06,5.924e-05,1.421e-26,8.522e-07,0.0003683,0.0002596,2.6e-08,0.04384,0.001771,0.009711,0.0712,4.639e-06,5.531e-07,0.138
    6540,    6600,0.00016728,0.002656,0.0099,3.739e-26,2.232e-06,5.422e-06,5.764e-05,1.398e-26,8.19e-07,0.0003589,0.000253,2.514e-08,0.04303,0.001727,0.009556,0.06995,4.512e-06,5.33e-07,0.138
    6600,    6660,0.0001626,0.002598,0.0097,3.679e-26,2.166e-06,5.281e-06,5.616e-05,1.376e-26,7.886e-07,0.0003501,0.0002468,2.435e-08,0.04227,0.001685,0.009408,0.06875,4.393e-06,5.145e-07,0.138
    6660,    6720,0.00016104,0.002536,0.009487,3.615e-26,2.097e-06,5.133e-06,5.46e-05,1.353e-26,7.574e-07,0.0003409,0.0002402,2.354e-08,0.04145,0.001641,0.009249,0.06748,4.27e-06,4.955e-07,0.138
    6720,    6780,0.00016183,0.002475,0.009274,3.552e-26,2.03e-06,4.987e-06,5.307e-05,1.331e-26,7.272e-07,0.0003317,0.0002338,2.274e-08,0.04062,0.001597,0.009087,0.06619,4.148e-06,4.771e-07,0.138
    6780,    6840,0.00015462,0.002417,0.009072,3.494e-26,1.968e-06,4.852e-06,5.165e-05,1.309e-26,6.997e-07,0.0003232,0.0002278,2.201e-08,0.03984,0.001556,0.008934,0.06496,4.035e-06,4.603e-07,0.138
    6840,    6900,0.00015142,0.002355,0.008857,3.432e-26,1.903e-06,4.711e-06,5.016e-05,1.287e-26,6.714e-07,0.0003143,0.0002215,2.124e-08,0.03899,0.001514,0.008768,0.06364,3.916e-06,4.43e-07,0.138
    6900,    6960,0.00014901,0.002294,0.008642,3.371e-26,1.84e-06,4.573e-06,4.87e-05,1.265e-26,6.44e-07,0.0003054,0.0002152,2.05e-08,0.03814,0.001471,0.0086,0.06231,3.8e-06,4.262e-07,0.138
    6960,    7020,0.00014723,0.002236,0.008438,3.313e-26,1.781e-06,4.444e-06,4.733e-05,1.244e-26,6.19e-07,0.0002972,0.0002094,1.982e-08,0.03734,0.001431,0.00844,0.06104,3.692e-06,4.108e-07,0.138
    7020,    7080,0.00014709,0.002176,0.008221,3.253e-26,1.72e-06,4.31e-06,4.591e-05,1.222e-26,5.933e-07,0.0002885,0.0002033,1.911e-08,0.03647,0.00139,0.008268,0.05968,3.579e-06,3.95e-07,0.138
    7080,    7140,0.00014064,0.002115,0.008004,3.193e-26,1.661e-06,4.178e-06,4.452e-05,1.2e-26,5.686e-07,0.00028,0.0001973,1.842e-08,0.0356,0.001349,0.008094,0.0583,3.469e-06,3.797e-07,0.138
    7140,    7200,0.00014026,0.002058,0.0078,3.138e-26,1.607e-06,4.056e-06,4.322e-05,1.18e-26,5.46e-07,0.0002721,0.0001917,1.779e-08,0.03478,0.00131,0.007928,0.057,3.366e-06,3.657e-07,0.138
    7200,    7260,0.00013975,0.001998,0.007583,3.079e-26,1.55e-06,3.929e-06,4.187e-05,1.159e-26,5.229e-07,0.0002638,0.0001859,1.714e-08,0.03389,0.00127,0.00775,0.0556,3.259e-06,3.514e-07,0.138
    7260,    7320,0.00013895,0.001938,0.007366,3.021e-26,1.494e-06,3.805e-06,4.054e-05,1.137e-26,5.005e-07,0.0002556,0.0001802,1.65e-08,0.033,0.001231,0.007569,0.05419,3.154e-06,3.375e-07,0.138
    7320,    7380,0.00014212,0.001882,0.007161,2.967e-26,1.443e-06,3.69e-06,3.931e-05,1.118e-26,4.802e-07,0.000248,0.0001749,1.591e-08,0.03216,0.001194,0.007397,0.05286,3.057e-06,3.248e-07,0.138
    7380,    7440,0.00014043,0.001824,0.006945,2.909e-26,1.391e-06,3.57e-06,3.803e-05,1.097e-26,4.594e-07,0.0002401,0.0001693,1.531e-08,0.03126,0.001155,0.007212,0.05143,2.956e-06,3.117e-07,0.138
    7440,    7500,0.00014004,0.001765,0.006729,2.852e-26,1.339e-06,3.452e-06,3.678e-05,1.076e-26,4.393e-07,0.0002323,0.0001638,1.472e-08,0.03036,0.001118,0.007026,0.04999,2.857e-06,2.991e-07,0.138
    7500,    7560,0.00014122,0.001711,0.006526,2.799e-26,1.292e-06,3.344e-06,3.562e-05,1.056e-26,4.21e-07,0.0002251,0.0001588,1.418e-08,0.0295,0.001082,0.006849,0.04862,2.766e-06,2.876e-07,0.138
    7560,    7620,0.00014307,0.001653,0.006311,2.743e-26,1.242e-06,3.231e-06,3.441e-05,1.036e-26,4.023e-07,0.0002176,0.0001535,1.362e-08,0.02859,0.001046,0.006659,0.04716,2.671e-06,2.758e-07,0.138
    7620,    7680,0.00014586,0.001596,0.006097,2.687e-26,1.194e-06,3.12e-06,3.322e-05,1.015e-26,3.843e-07,0.0002102,0.0001483,1.308e-08,0.02767,0.00101,0.006466,0.04569,2.578e-06,2.644e-07,0.138
    7680,    7740,0.00015415,0.001543,0.005897,2.635e-26,1.15e-06,3.018e-06,3.213e-05,9.962e-27,3.679e-07,0.0002033,0.0001436,1.258e-08,0.02681,0.0009765,0.006284,0.04431,2.492e-06,2.54e-07,0.138
    7740,    7800,0.00015648,0.001488,0.005686,2.581e-26,1.105e-06,2.912e-06,3.1e-05,9.76e-27,3.512e-07,0.0001962,0.0001386,1.207e-08,0.02589,0.0009418,0.006089,0.04283,2.403e-06,2.433e-07,0.138
    7800,    7860,0.00016341,0.001433,0.005477,2.526e-26,1.06e-06,2.808e-06,2.989e-05,9.559e-27,3.35e-07,0.0001892,0.0001337,1.158e-08,0.02497,0.0009078,0.005892,0.04135,2.316e-06,2.329e-07,0.138
    7860,    7920,0.00017492,0.001382,0.005281,2.474e-26,1.02e-06,2.712e-06,2.887e-05,9.371e-27,3.204e-07,0.0001827,0.0001293,1.112e-08,0.02411,0.0008765,0.005706,0.03995,2.235e-06,2.235e-07,0.138
    7920,    7980,0.00018191,0.001329,0.005075,2.421e-26,9.775e-07,2.613e-06,2.78e-05,9.173e-27,3.055e-07,0.000176,0.0001246,1.065e-08,0.02319,0.0008439,0.005507,0.03846,2.152e-06,2.139e-07,0.138
    7980,    8040,0.00019375,0.001277,0.004871,2.367e-26,9.364e-07,2.515e-06,2.676e-05,8.975e-27,2.91e-07,0.0001694,0.00012,1.019e-08,0.02228,0.000812,0.005306,0.03697,2.07e-06,2.045e-07,0.138
    8040,    8100,0.00019697,0.001228,0.004682,2.317e-26,8.988e-07,2.425e-06,2.581e-05,8.789e-27,2.78e-07,0.0001633,0.0001159,9.777e-09,0.02142,0.0007827,0.005117,0.03557,1.995e-06,1.96e-07,0.138
    8100,    8160,0.00020659,0.001177,0.004483,2.265e-26,8.599e-07,2.332e-06,2.482e-05,8.593e-27,2.647e-07,0.000157,0.0001115,9.347e-09,0.02051,0.0007522,0.004915,0.03409,1.917e-06,1.873e-07,0.138
    8160,    8220,0.00021484,0.001128,0.004288,2.212e-26,8.22e-07,2.241e-06,2.385e-05,8.398e-27,2.519e-07,0.0001509,0.0001072,8.931e-09,0.01961,0.0007226,0.004713,0.03261,1.841e-06,1.788e-07,0.138
    8220,    8280,0.00021932,0.001082,0.004106,2.162e-26,7.874e-07,2.158e-06,2.296e-05,8.216e-27,2.403e-07,0.0001452,0.0001033,8.551e-09,0.01877,0.0006953,0.004523,0.03123,1.772e-06,1.712e-07,0.138
    8280,    8340,0.00022091,0.001034,0.003917,2.111e-26,7.515e-07,2.07e-06,2.203e-05,8.022e-27,2.284e-07,0.0001393,9.928e-05,8.158e-09,0.01789,0.000667,0.00432,0.02976,1.699e-06,1.633e-07,0.138
    8340,    8400,0.00022594,0.0009879,0.003731,2.059e-26,7.168e-07,1.985e-06,2.113e-05,7.829e-27,2.17e-07,0.0001336,9.532e-05,7.778e-09,0.01701,0.0006395,0.004118,0.02831,1.629e-06,1.557e-07,0.138
    8400,    8460,0.00021866,0.0009452,0.00356,2.011e-26,6.85e-07,1.907e-06,2.03e-05,7.649e-27,2.068e-07,0.0001283,9.169e-05,7.431e-09,0.0162,0.0006143,0.003929,0.02696,1.564e-06,1.488e-07,0.138
    8460,    8520,0.00021659,0.000901,0.003383,1.96e-26,6.522e-07,1.826e-06,1.944e-05,7.458e-27,1.963e-07,0.0001228,8.793e-05,7.075e-09,0.01535,0.0005883,0.003728,0.02554,1.497e-06,1.417e-07,0.138
    8520,    8580,0.00020992,0.000858,0.00321,1.909e-26,6.204e-07,1.747e-06,1.861e-05,7.267e-27,1.862e-07,0.0001175,8.425e-05,6.73e-09,0.01451,0.000563,0.003529,0.02414,1.432e-06,1.348e-07,0.138
    8580,    8640,0.00020891,0.0008186,0.003051,1.861e-26,5.913e-07,1.674e-06,1.784e-05,7.088e-27,1.771e-07,0.0001126,8.088e-05,6.415e-09,0.01374,0.0005398,0.003343,0.02284,1.372e-06,1.286e-07,0.138
    8640,    8700,0.00020334,0.0007779,0.002887,1.811e-26,5.613e-07,1.598e-06,1.704e-05,6.899e-27,1.679e-07,0.0001075,7.738e-05,6.091e-09,0.01293,0.0005157,0.003148,0.02148,1.309e-06,1.223e-07,0.138
    8700,    8760,0.00019833,0.0007386,0.002728,1.761e-26,5.323e-07,1.524e-06,1.626e-05,6.71e-27,1.59e-07,0.0001026,7.397e-05,5.779e-09,0.01215,0.0004924,0.002955,0.02015,1.249e-06,1.161e-07,0.138
    8760,    8820,0.00019957,0.0007028,0.002583,1.714e-26,5.059e-07,1.456e-06,1.555e-05,6.533e-27,1.51e-07,9.811e-05,7.084e-05,5.495e-09,0.01143,0.0004711,0.002776,0.01893,1.193e-06,1.106e-07,0.138
    8820,    8880,0.00019313,0.000666,0.002435,1.665e-26,4.787e-07,1.386e-06,1.481e-05,6.346e-27,1.428e-07,9.344e-05,6.76e-05,5.203e-09,0.01069,0.0004491,0.002589,0.01767,1.136e-06,1.049e-07,0.138
    8880,    8940,0.00018275,0.0006304,0.002292,1.616e-26,4.525e-07,1.318e-06,1.41e-05,6.159e-27,1.35e-07,8.891e-05,6.443e-05,4.922e-09,0.009978,0.0004277,0.002407,0.01644,1.08e-06,9.938e-08,0.138
    8940,    9000,0.00018091,0.0005982,0.002163,1.57e-26,4.286e-07,1.255e-06,1.344e-05,5.984e-27,1.28e-07,8.475e-05,6.153e-05,4.666e-09,0.00933,0.0004081,0.002239,0.01532,1.029e-06,9.441e-08,0.138
    9000,    9060,0.00016724,0.0005651,0.00203,1.521e-26,4.041e-07,1.19e-06,1.276e-05,5.798e-27,1.208e-07,8.045e-05,5.852e-05,4.404e-09,0.008667,0.0003878,0.002066,0.01418,9.765e-07,8.931e-08,0.138
    9060,    9120,0.00017402,0.0005334,0.001904,1.473e-26,3.805e-07,1.127e-06,1.21e-05,5.613e-27,1.14e-07,7.628e-05,5.558e-05,4.152e-09,0.008035,0.0003682,0.001898,0.01308,9.253e-07,8.442e-08,0.138
    9120,    9180,0.00017133,0.0005047,0.001791,1.428e-26,3.591e-07,1.07e-06,1.149e-05,5.439e-27,1.079e-07,7.248e-05,5.29e-05,3.924e-09,0.007468,0.0003502,0.001746,0.01209,8.784e-07,8e-08,0.138
    9180,    9240,0.00016252,0.0004754,0.001676,1.38e-26,3.372e-07,1.01e-06,1.086e-05,5.255e-27,1.016e-07,6.855e-05,5.011e-05,3.69e-09,0.006896,0.0003316,0.001591,0.0111,8.301e-07,7.548e-08,0.138
    9240,    9300,0.00015985,0.0004473,0.001567,1.333e-26,3.162e-07,9.525e-07,1.026e-05,5.072e-27,9.566e-08,6.474e-05,4.74e-05,3.466e-09,0.006357,0.0003136,0.001444,0.01015,7.833e-07,7.114e-08,0.138
    9300,    9360,0.00015522,0.0004218,0.00147,1.289e-26,2.972e-07,8.998e-07,9.701e-06,4.9e-27,9.029e-08,6.125e-05,4.491e-05,3.263e-09,0.005878,0.000297,0.001312,0.009317,7.404e-07,6.721e-08,0.138
    9360,    9420,0.00014781,0.000396,0.001371,1.243e-26,2.778e-07,8.457e-07,9.13e-06,4.718e-27,8.485e-08,5.767e-05,4.235e-05,3.057e-09,0.005403,0.00028,0.00118,0.008485,6.965e-07,6.321e-08,0.138
    9420,    9480,0.00014355,0.0003712,0.001278,1.197e-26,2.593e-07,7.934e-07,8.577e-06,4.537e-27,7.967e-08,5.421e-05,3.985e-05,2.859e-09,0.004961,0.0002635,0.001058,0.007713,6.54e-07,5.938e-08,0.138
    9480,    9540,0.0001393,0.0003488,0.001196,1.155e-26,2.426e-07,7.459e-07,8.074e-06,4.368e-27,7.501e-08,5.105e-05,3.758e-05,2.681e-09,0.004575,0.0002484,0.000951,0.007041,6.153e-07,5.593e-08,0.138
    9540,    9600,0.00013078,0.0003261,0.001112,1.111e-26,2.257e-07,6.973e-07,7.557e-06,4.189e-27,7.03e-08,4.781e-05,3.523e-05,2.501e-09,0.004194,0.0002328,0.0008469,0.006384,5.757e-07,5.242e-08,0.138
    9600,    9660,0.00012726,0.0003043,0.001033,1.067e-26,2.096e-07,6.505e-07,7.059e-06,4.011e-27,6.581e-08,4.469e-05,3.297e-05,2.328e-09,0.003844,0.0002178,0.0007526,0.005786,5.375e-07,4.907e-08,0.138
    9660,    9720,0.00011977,0.0002845,0.0009629,1.028e-26,1.951e-07,6.081e-07,6.607e-06,3.845e-27,6.178e-08,4.185e-05,3.09e-05,2.173e-09,0.00354,0.0002041,0.0006728,0.005272,5.029e-07,4.605e-08,0.138
    9720,    9780,0.00011807,0.0002645,0.0008921,9.866e-27,1.805e-07,5.65e-07,6.146e-06,3.671e-27,5.771e-08,3.895e-05,2.879e-05,2.017e-09,0.003243,0.0001901,0.0005976,0.004779,4.677e-07,4.299e-08,0.138
    9780,    9840,0.00011059,0.0002454,0.0008251,9.463e-27,1.668e-07,5.239e-07,5.706e-06,3.499e-27,5.386e-08,3.617e-05,2.676e-05,1.869e-09,0.00297,0.0001767,0.0005319,0.004335,4.34e-07,4.009e-08,0.138
    9840,    9900,0.00010816,0.0002281,0.0007653,9.11e-27,1.545e-07,4.871e-07,5.31e-06,3.339e-27,5.042e-08,3.367e-05,2.493e-05,1.737e-09,0.002733,0.0001645,0.0004779,0.003958,4.038e-07,3.749e-08,0.138
