CampaignData_and_Merges/R0/CSL_MobileLab_Parked/raw/20240719/USOS-Picarro-CO2-CH4-CO-H2O_MobileLabGround_20240719_R0.ict
38, 1001
Ilana Pollack, Nell Schafer, and Jeff Peischl
NOAA Chemical Sciences Laboratory
Picarro 2401-m CO2/CH4/CO/H2O Analyzer
USOS
1, 1
2024, 07, 19, 2024, 11, 20
0
StartTime_UTC, seconds_past_midnight, seconds past midnight
5
1, 1, 1, 1, 1
-9999, -9999, -9999, -9999, -9999
StopTime_UTC, seconds_past_midnight, seconds past midnight
CO2_ppm_1min, ppm, Gas_CO2_InSitu_S_DMF, carbon dioxide mixing ratio
CH4_ppb_1min, ppb, Gas_CH4_InSitu_S_DMF, methane mixing ratio
CO_ppb_1min, ppb, Gas_CO_InSitu_S_DMF, carbon monoxide mixing ratio
H2O_ppmv_1min, ppmv, Met_H2OMRV_InSitu_S_AVMR, water vapor mixing ratio
1
SPECIAL COMMENTS: N/A
18
PI_CONTACT_INFO: Address: NOAA Chemical Sciences Laboratory, Mail Stop CSL7, 325 Broadway, Boulder, CO 80305; Email: Ilana.Pollack@noaa.gov
PLATFORM: NOAA CSL Mobile Laboratory
LOCATION: The mobile lab was stationed in Salt Lake City, Utah.
ASSOCIATED_DATA: N/A
INSTRUMENT_INFO: CO2, CH4, and CO are reported as dry air mole fractions using a commercial wavelength-scanned cavity ring-down analyzer (Picarro 2401-m). An in-field calibration gas standard of 432±0.07 ppm CO2, 2095±1 ppb CH4, and 183±1 ppb CO, calibrated in the Boulder laboratories before and after the field project using primary CO2, CH4, and CO standard tanks tied to the WMO standard (X2019, X2004A, and X2014A, respectively) from the Global Monitoring Laboratory (GML), was delivered to the inlet every 2-3 days to evaluate instrument sensitivity. A H2O measurement was calibrated before the project with a Dew Point Mirror 373 hygrometer. The water correction calculated from these calibrations was applied to the H2O measurement for the entire campaign. Species are measured at 0.5 Hz and reported as 1-minute averages for stationary measurements.
DATA_INFO: Units: CO2, ppm, dry air mole fraction; CH4, ppb, dry air mole fraction; CO, ppb, dry air mole fraction; H2O, ppmv
UNCERTAINTY: Total uncertainties are estimated as ±0.1 ppm for CO2, ±1 ppb for CH4, ±5 ppb for CO, and ±(50 ppm + 4%) for H2O.
ULOD_FLAG: -7777
ULOD_VALUE: N/A
LLOD_FLAG: -8888
LLOD_VALUE: N/A
DM_CONTACT_INFO: Data Manager: Nathan Howard; nathan.h.howard@noaa.gov
PROJECT_INFO: USOS Dates of Study: July – August 2024
STIPULATIONS_ON_USE: Use of these data require prior ok from PI.
OTHER_COMMENTS: Data are averaged to 1 minute intervals. Stationary data collected from a 10 ft tower on top of the mobile van.
REVISION: R0
R0: Final Data
StartTime_UTC, StopTime_UTC, CO2_ppm_1min, CH4_ppb_1min, CO_ppb_1min, H2O_ppmv_1min
[from data line 393]
23580,23640,431.78,1953.9,121.3,13451.9775
23640,23700,432.07,1953.9,122.1,13485.5068
23700,23760,432.91,1953.9,123.8,13492.2578
23760,23820,432.06,1953.6,119.7,13435.3906
23820,23880,431.90,1953.4,121.1,13447.6846
23880,23940,432.63,1954.1,120.3,13482.8105
23940,24000,432.37,1953.4,120.4,13477.9268
24000,24060,432.99,1953.4,123.1,13555.0049
24060,24120,432.28,1953.3,126.0,13465.2529
24120,24180,433.01,1953.4,122.1,13501.5068
24180,24240,433.25,1953.3,125.2,13521.6045
24240,24300,433.96,1954.2,145.2,13484.1270
24300,24360,433.23,1953.7,125.5,13502.2910
24360,24420,432.58,1953.5,121.9,13476.4883
24420,24480,432.69,1954.4,125.5,13462.0986
24480,24540,433.24,1955.5,146.7,13522.4785
24540,24600,432.44,1953.9,124.9,13474.0195
24600,24660,433.48,1954.3,124.5,13544.9629
24660,24720,433.49,1954.6,132.2,13512.5166
24720,24780,432.65,1954.1,141.6,13459.1191
24780,24840,433.13,1953.7,124.6,13510.3125
24840,24900,433.08,1953.8,123.0,13501.8564
24900,24960,434.24,1954.4,123.5,13619.8584
24960,25020,434.15,1954.4,122.7,13536.6289
25020,25080,433.27,1954.5,121.4,13502.9746
25080,25140,433.41,1954.7,123.4,13500.4795
25140,25200,433.82,1954.4,129.8,13509.3438
25200,25260,432.82,1953.3,120.8,13439.3242
25260,25320,433.10,1953.1,127.0,13389.8389
25320,25380,433.95,1952.7,126.7,13391.2754
25380,25440,432.50,1952.4,118.0,13289.5254
25440,25500,432.72,1953.6,122.5,13266.2627
25500,25560,433.52,1953.4,120.9,13286.1064
25560,25620,434.68,1954.3,121.4,13317.2402
25620,25680,435.01,1955.5,122.7,13374.8760
25680,25740,434.85,1955.7,122.5,13369.5186
25740,25800,435.19,1955.1,134.0,13377.5342
25800,25860,434.27,1956.4,121.6,13433.1445
25860,25920,433.95,1956.8,123.6,13410.4795
25920,25980,434.66,1954.5,125.4,13414.5771
25980,26040,433.38,1954.6,128.5,13376.4785
26040,26100,434.04,1955.0,122.6,13435.0195
26100,26160,434.12,1955.9,122.0,13430.6523
26160,26220,434.36,1954.2,121.9,13406.6670
26220,26280,433.78,1954.4,122.3,13324.5264
26280,26340,433.86,1953.6,121.6,13340.7207
26340,26400,433.88,1953.8,122.1,13324.0664
26400,26460,433.50,1953.7,122.3,13292.5400
26460,26520,433.52,1953.6,121.9,13274.4521
26520,26580,434.15,1954.2,123.3,13326.5039
26580,26640,434.24,1955.5,124.3,13353.3467
26640,26700,435.56,1955.2,122.1,13423.0293
26700,26760,434.36,1953.6,123.0,13355.5723
26760,26820,434.51,1954.7,122.4,13353.6318
26820,26880,436.34,1955.4,125.4,13445.7598
26880,26940,433.95,1954.3,121.3,13273.2549
26940,27000,434.73,1955.0,123.0,13320.1133
27000,27060,436.05,1955.3,135.1,13317.3867
27060,27120,434.46,1954.9,133.2,13202.7900
27120,27180,436.86,1956.1,133.7,13387.0576
27180,27240,435.85,1955.5,128.2,13354.6123
27240,27300,434.32,1953.9,123.3,13262.5371
27300,27360,434.45,1954.8,122.8,13261.3701
27360,27420,436.15,1956.3,123.2,13341.1074
27420,27480,435.83,1954.8,126.1,13327.1416
27480,27540,437.63,1955.7,129.6,13423.5371
27540,27600,435.79,1956.0,127.9,13329.8545
27600,27660,434.62,1955.1,125.5,13285.6465
27660,27720,434.60,1954.7,125.3,13279.0195
27720,27780,435.85,1954.4,122.3,13329.9502
27780,27840,436.71,1954.8,121.6,13379.8916
27840,27900,434.68,1954.2,121.1,13175.8262
27900,27960,433.60,1955.2,121.6,13118.8125
27960,28020,435.33,1954.8,122.6,13252.9893
28020,28080,434.24,1953.4,121.3,13156.6875
28080,28140,434.04,1954.6,121.3,13179.3604
28140,28200,435.18,1954.9,121.8,13238.2686
28200,28260,435.42,1957.0,124.0,13233.2559
28260,28320,435.83,1957.9,123.2,13279.0205
28320,28380,435.68,1957.9,124.5,13257.4873
28380,28440,436.34,1958.9,123.7,13290.8584
28440,28500,438.15,1961.3,124.4,13398.2705
28500,28560,438.34,1961.0,125.9,13413.2266
28560,28620,437.35,1961.0,129.1,13398.3701
28620,28680,437.71,1961.4,130.3,13413.4023
28680,28740,435.79,1957.7,127.0,13252.2324
28740,28800,435.91,1956.5,126.0,13180.6211
28800,28860,434.69,1955.7,127.1,13151.7090
28860,28920,435.62,1957.0,128.3,13263.2412
28920,28980,436.68,1957.9,130.5,13320.2852
28980,29040,436.69,1958.7,130.7,13344.3438
29040,29100,438.15,1959.6,130.0,13391.7441
29100,29160,438.22,1961.4,130.2,13403.7646
29160,29220,439.25,1963.0,131.4,13436.4951
29220,29280,438.28,1962.2,135.9,13394.3018
29280,29340,439.22,1962.5,140.9,13432.6064
29340,29400,440.36,1966.4,147.6,13597.3428
29400,29460,441.78,1968.7,150.4,13689.8418
29460,29520,442.59,1968.5,147.9,13680.3018
29520,29580,443.06,1968.5,150.5,13660.7334
29580,29640,443.26,1970.0,151.7,13684.9531
29640,29700,443.00,1971.3,151.7,13711.5381
29700,29760,444.88,1974.3,151.0,13721.0352
29760,29820,444.67,1985.4,147.4,13749.6172
29820,29880,439.92,1976.5,144.0,13499.0381
29880,29940,442.28,1991.4,167.9,13666.0820
29940,30000,441.37,1985.9,145.5,13589.6680
30000,30060,441.71,1984.0,137.7,13578.4951
30060,30120,441.42,1980.6,138.4,13535.3389
30120,30180,441.84,1977.0,135.5,13520.2285
30180,30240,445.08,1979.6,142.5,13618.2871
30240,30300,444.66,1977.4,139.8,13583.4043
30300,30360,440.01,1970.2,131.7,13381.3584
30360,30420,442.04,1971.5,132.9,13452.8047
30420,30480,439.72,1964.7,128.8,13290.8105
30480,30540,439.93,1962.6,126.2,13312.0068
30540,30600,439.99,1961.3,127.2,13336.5215
30600,30660,439.56,1961.6,127.8,13324.6494
30660,30720,439.11,1959.7,126.5,13314.2441
30720,30780,438.63,1959.1,126.1,13305.0059
30780,30840,438.37,1959.1,125.3,13294.3516
30840,30900,438.52,1961.0,126.6,13310.2773
30900,30960,439.36,1965.0,132.3,13337.6084
30960,31020,442.52,1966.4,131.2,13430.3633
31020,31080,442.12,1966.7,129.8,13433.7539
31080,31140,442.36,1971.8,131.5,13459.9717
31140,31200,443.17,1974.8,131.8,13512.9580
31200,31260,443.08,1974.0,135.6,13515.6846
31260,31320,444.29,1973.9,141.9,13523.1689
31320,31380,446.06,1972.2,134.6,13592.5059
31380,31440,443.56,1972.8,141.5,13606.2510
31440,31500,443.91,1977.1,129.2,13633.3857
31500,31560,445.04,1984.9,129.9,13729.6973
31560,31620,445.16,1978.8,135.0,13739.7197
31620,31680,446.11,1977.1,130.8,13776.8105
31680,31740,447.15,1978.0,134.0,13864.8125
31740,31800,446.49,1978.6,136.2,13828.8623
31800,31860,447.12,1980.3,137.9,13845.7266
31860,31920,446.53,1983.1,140.6,13839.1318
31920,31980,447.74,1987.9,138.0,13889.3076
31980,32040,447.35,1987.9,139.0,13929.0732
32040,32100,448.43,1989.1,142.6,14011.8955
32100,32160,450.69,1992.6,142.6,14117.5674
32160,32220,450.38,1995.3,143.9,14123.1338
32220,32280,450.24,1996.8,144.8,14115.1318
32280,32340,450.93,1995.1,145.1,14155.3379
32340,32400,451.14,1992.5,143.7,14144.6299
32400,32460,452.62,1995.2,150.0,14189.7891
32460,32520,452.26,1996.1,150.9,14151.6660
32520,32580,454.52,1993.3,151.6,14212.0889
32580,32640,451.10,1990.7,148.8,14139.5869
32640,32700,452.69,1994.0,145.6,14203.7207
32700,32760,451.65,1991.1,152.9,14164.5078
32760,32820,454.37,1993.5,148.4,14238.7930
32820,32880,452.48,1990.3,144.9,14217.8516
32880,32940,450.91,1990.0,143.6,14151.0771
32940,33000,451.62,1988.0,142.5,14174.7900
33000,33060,451.78,1985.1,141.7,14172.3193
33060,33120,454.80,1984.1,141.7,14254.7061
33120,33180,450.89,1980.5,140.1,14211.3848
33180,33240,449.71,1978.3,139.8,14154.6611
33240,33300,449.91,1981.3,139.8,14162.8164
33300,33360,450.10,1981.8,143.5,14166.4668
33360,33420,450.50,1981.3,142.2,14169.5283
33420,33480,449.79,1979.1,140.6,14143.4961
33480,33540,450.07,1982.6,141.7,14174.0225
33540,33600,451.08,1986.7,142.0,14225.2158
33600,33660,452.05,1983.9,141.4,14246.3398
33660,33720,449.64,1978.1,140.8,14141.9736
33720,33780,450.63,1979.6,139.6,14193.0967
33780,33840,452.36,1980.2,141.0,14271.8643
33840,33900,452.30,1979.2,140.0,14201.6270
33900,33960,450.02,1976.0,136.6,14050.0234
33960,34020,454.20,1978.3,138.0,14224.9111
34020,34080,454.06,1978.9,137.5,14200.1543
34080,34140,450.74,1979.7,135.8,14118.6631
34140,34200,448.47,1977.7,138.6,13966.2617
34200,34260,447.32,1973.7,137.0,13828.1865
34260,34320,448.43,1976.1,138.3,13920.5010
34320,34380,446.74,1973.4,134.4,13788.0635
34380,34440,448.64,1975.6,134.9,13897.4668
34440,34500,447.88,1975.5,137.7,13878.0811
34500,34560,449.65,1977.7,138.6,13967.1709
34560,34620,451.98,1988.4,137.8,14135.8125
34620,34680,453.22,1986.0,139.1,14280.0381
34680,34740,454.63,1989.9,140.4,14355.7256
34740,34800,454.86,1990.3,140.4,14378.2451
34800,34860,453.49,1985.5,141.2,14330.9619
34860,34920,453.91,1987.8,141.9,14335.1650
34920,34980,455.80,1989.6,140.8,14384.3154
34980,35040,454.42,1986.3,138.9,14331.1504
35040,35100,456.65,1991.1,141.0,14413.5215
35100,35160,453.53,1993.7,142.6,14242.6377
35160,35220,457.31,1995.4,145.5,14513.3838
35220,35280,454.73,1993.5,145.0,14443.1084
35280,35340,455.49,1996.9,146.9,14383.5635
35340,35400,458.07,1996.4,145.1,14378.5781
35400,35460,455.21,1999.0,150.8,14361.5498
35460,35520,455.82,1998.1,161.5,14415.1260
35520,35580,455.86,1996.5,163.6,14424.3408
35580,35640,457.62,2000.7,157.0,14496.9434
35640,35700,457.54,2000.9,150.2,14587.4795
35700,35760,457.11,2003.2,147.2,14566.8271
35760,35820,455.11,2006.0,145.4,14470.7236
35820,35880,458.31,2009.2,145.5,14634.8330
35880,35940,456.94,2006.7,145.0,14550.5176
35940,36000,457.28,2007.5,144.7,14545.1279
36000,36060,454.80,2006.1,143.6,14434.8418
36060,36120,452.17,2000.3,141.2,14249.5313
36120,36180,452.99,1997.9,140.9,14216.8037
36180,36240,452.54,2002.6,140.8,14192.7324
36240,36300,450.57,2001.4,138.0,14128.3145
36300,36360,449.82,1998.9,138.0,14132.8359
36360,36420,450.60,1999.2,137.3,14190.4199
36420,36480,450.52,1997.7,139.1,14201.8701
36480,36540,451.04,1996.5,138.9,14250.7227
36540,36600,449.80,1992.1,137.4,14201.8359
36600,36660,451.14,1994.0,138.3,14232.4121
36660,36720,451.24,1993.2,137.9,14181.6387
36720,36780,453.82,1996.8,138.8,14300.2568
36780,36840,459.06,1999.2,142.7,14483.2168
36840,36900,457.18,2000.0,142.3,14415.3203
36900,36960,455.53,1992.1,143.1,14185.0703
36960,37020,452.75,1988.9,142.3,14016.8320
37020,37080,453.67,1988.3,142.0,14017.6172
37080,37140,454.10,1988.0,142.0,14028.7832
37140,37200,454.65,1991.7,143.2,14086.3174
37200,37260,454.66,1989.8,145.4,14013.8711
37260,37320,455.86,1988.7,146.5,13995.0039
37320,37380,456.44,1987.9,149.7,13967.7314
37380,37440,455.13,1987.0,143.5,13901.2168
37440,37500,455.21,1985.8,143.2,13882.3135
37500,37560,454.68,1983.9,142.6,13825.8760
37560,37620,454.90,1983.2,142.9,13794.6406
37620,37680,453.25,1979.1,140.8,13651.8271
37680,37740,452.05,1975.9,139.7,13533.0332
37740,37800,452.28,1976.4,140.1,13533.7295
37800,37860,452.24,1975.9,139.9,13512.5459
37860,37920,453.14,1977.5,141.7,13558.7021
37920,37980,452.14,1978.2,139.2,13529.2441
37980,38040,452.54,1978.3,141.1,13549.7383
38040,38100,453.60,1978.7,140.6,13590.1152
38100,38160,453.64,1977.1,141.6,13579.0527
38160,38220,453.58,1977.5,141.7,13608.8955
38220,38280,454.51,1978.1,142.6,13671.6396
38280,38340,454.94,1979.0,145.7,13744.6758
38340,38400,455.27,1979.5,144.2,13745.1221
38400,38460,457.15,1982.4,149.1,13823.7002
38460,38520,457.34,2001.0,149.0,13835.0449
38520,38580,455.21,1984.3,144.2,13697.2617
38580,38640,452.78,1976.3,142.9,13469.8057
38640,38700,456.21,1985.8,144.9,13699.7998
38700,38760,456.06,1984.3,144.9,13735.0264
38760,38820,456.70,1982.5,143.9,13749.1934
38820,38880,456.86,1983.0,143.4,13765.7051
38880,38940,456.47,1985.1,142.9,13799.4121
38940,39000,457.22,1983.9,143.6,13858.9229
39000,39060,459.43,1990.0,148.7,13994.8203
39060,39120,460.88,1991.6,150.4,14006.7490
39120,39180,461.65,1991.5,148.3,14030.2139
39180,39240,463.25,1990.9,145.6,14064.9990
39240,39300,465.33,1989.5,145.1,14090.1855
39300,39360,467.85,1992.9,145.4,14198.1855
39360,39420,463.15,1988.5,147.5,13942.2617
39420,39480,458.49,1984.2,148.0,13783.2432
39480,39540,459.32,1985.9,154.3,13783.1572
39540,39600,461.69,1987.4,170.3,13885.5918
39600,39660,460.80,1984.6,161.0,13840.7334
39660,39720,457.05,1981.8,149.2,13747.2598
39720,39780,457.20,1982.0,149.5,13763.3057
39780,39840,457.21,1981.9,145.8,13790.9482
39840,39900,456.83,1982.2,143.2,13789.5771
39900,39960,459.06,1984.4,148.1,13891.2275
39960,40020,455.80,1982.5,148.5,13712.7344
40020,40080,458.23,1985.4,152.5,13812.3691
40080,40140,457.61,1986.3,148.4,13796.1797
40140,40200,458.27,1984.5,147.0,13818.7061
40200,40260,458.29,1984.3,146.1,13839.1055
40260,40320,458.39,1984.4,144.3,13866.0781
40320,40380,457.05,1984.3,144.5,13835.9473
40380,40440,458.06,1985.4,148.6,13865.6719
40440,40500,460.49,1988.4,147.9,13976.1514
40500,40560,464.33,1989.8,147.8,14043.9492
40560,40620,460.86,1987.8,144.7,13965.2334
40620,40680,457.84,1984.4,145.3,13882.7432
40680,40740,457.12,1983.7,146.4,13872.2197
40740,40800,457.07,1983.0,144.8,13840.5752
40800,40860,459.75,1982.8,143.8,13926.6904
40860,40920,458.68,1983.0,143.8,13889.1309
40920,40980,458.87,1982.4,145.2,13874.8086
40980,41040,457.73,1981.0,144.8,13847.2725
41040,41100,457.07,1982.2,152.4,13841.4775
41100,41160,457.02,1981.1,173.9,13813.3564
41160,41220,456.43,1981.7,173.0,13809.9092
41220,41280,457.41,1982.5,161.9,13878.8271
41280,41340,458.35,1981.3,151.2,13955.7021
41340,41400,457.64,1981.0,150.5,13916.8018
41400,41460,456.61,1978.8,150.1,13846.8184
41460,41520,456.52,1978.4,149.4,13860.0469
41520,41580,456.60,1979.6,148.9,13861.0234
41580,41640,456.50,1980.1,149.3,13864.6973
41640,41700,456.82,1980.2,147.4,13823.3916
41700,41760,459.08,1980.3,152.6,13895.1230
41760,41820,458.90,1979.7,151.8,13891.3301
41820,41880,457.81,1978.9,163.3,13835.1094
41880,41940,460.09,1980.1,174.8,13842.1689
41940,42000,460.44,1981.6,173.2,13831.6699
42000,42060,459.94,1981.3,162.7,13813.8193
42060,42120,458.75,1979.5,148.2,13832.9756
42120,42180,462.00,1983.9,168.2,13959.7227
42180,42240,461.51,1986.1,156.8,13982.1523
42240,42300,462.01,1986.4,156.0,14030.6885
42300,42360,465.99,1990.9,195.0,14104.3965
42360,42420,468.88,1993.8,216.6,14137.3613
42420,42480,464.14,1989.9,208.2,14085.9834
42480,42540,462.47,1985.5,189.1,14026.6846
42540,42600,461.28,1982.5,167.9,13942.9395
42600,42660,467.73,1983.9,171.2,14078.2549
42660,42720,461.04,1982.1,171.0,13961.6133
42720,42780,461.41,1981.0,166.0,13959.6211
42780,42840,461.41,1980.7,167.5,13948.9717
42840,42900,462.60,1984.9,170.0,14018.4219
42900,42960,461.71,1985.4,212.1,13952.9033
42960,43020,458.37,1987.5,234.6,13881.9346
43020,43080,457.19,1984.5,160.1,13797.3008
43080,43140,458.69,1984.1,167.3,13810.8643
43140,43200,458.07,1982.1,158.5,13843.7852
43200,43260,460.36,1985.2,154.9,13865.7510
43260,43320,454.44,1980.0,146.9,13695.3994
43320,43380,462.73,1982.8,154.1,13848.5479
43380,43440,459.03,1980.1,157.6,13789.3350
43440,43500,455.62,1978.3,156.3,13657.2998
43500,43560,457.77,1979.3,167.5,13673.2822
43560,43620,458.67,1982.4,189.6,13733.9258
43620,43680,459.71,1983.3,187.8,13721.9404
43680,43740,454.59,1980.0,175.6,13596.0527
43740,43800,462.40,1984.4,190.8,13700.2822
43800,43860,461.95,1983.3,242.0,13667.6387
43860,43920,466.42,1988.6,301.9,13708.2285
43920,43980,459.65,1982.7,217.9,13614.4814
43980,44040,459.00,1982.0,171.3,13633.8604
44040,44100,459.44,1982.6,172.8,13638.9521
44100,44160,455.75,1983.4,162.0,13620.6641
44160,44220,461.87,1982.6,161.4,13653.8516
44220,44280,455.37,1989.0,158.7,13663.1211
44280,44340,456.63,2003.4,167.6,13760.1543
44340,44400,455.52,1997.6,185.4,13727.9502
44400,44460,455.95,1993.6,175.7,13737.1895
44460,44520,456.58,1988.6,162.0,13741.7998
44520,44580,459.40,1990.2,163.3,13796.9541
44580,44640,458.47,1988.5,161.0,13743.1289
44640,44700,462.74,1989.8,164.8,13838.4756
44700,44760,463.47,1989.8,191.1,13844.8379
44760,44820,465.28,1988.6,225.2,13834.9063
44820,44880,465.23,1986.7,203.6,13803.9082
44880,44940,463.72,1984.5,193.4,13746.0576
44940,45000,464.38,1989.7,203.7,13788.5156
45000,45060,463.94,1987.8,188.8,13788.1865
45060,45120,467.25,2001.8,189.1,13871.0586
45120,45180,466.51,1999.6,210.9,13812.8721
45180,45240,464.84,1989.8,206.2,13730.4238
45240,45300,468.30,1990.8,217.1,13760.9902
45300,45360,475.00,1990.8,251.7,13954.4707
45360,45420,464.83,1986.3,209.0,13880.6924
45420,45480,465.03,1983.8,211.8,13743.2285
45480,45540,467.34,1989.7,189.8,13990.0244
45540,45600,466.51,1991.0,187.2,14043.5830
45600,45660,466.44,1991.6,284.6,13979.2090
45660,45720,466.93,1991.7,428.3,13867.6748
45720,45780,466.56,1992.6,303.2,14015.0967
45780,45840,470.32,1989.3,325.0,13842.5859
45840,45900,459.76,1983.9,192.3,13652.0293
