CampaignData_and_Merges/R0/CSL_MobileLab_Parked/raw/20240719/USOS-POPS_MobileLabGround_20240719_R0.ict
78, 1001
Thornberry, T. D.
NOAA Chemical Sciences Laboratory
Portable Optical Particle Spectrometer (POPS)
USOS
1, 1
2024, 07, 19, 2025, 05, 08
60
Time_Start, seconds_past_midnight, Start time of measurement
45
1, 1, 1, 1, 1, 1, 1, 1, 1, 1, 1, 1, 1, 1, 1, 1, 1, 1, 1, 1, 1, 1, 1, 1, 1, 1, 1, 1, 1, 1, 1, 1, 1, 1, 1, 1, 1, 1, 1, 1, 1, 1, 1, 1, 1
-9999, -9999, -9999, -9999, -9999, -9999, -9999, -9999, -9999, -9999, -9999, -9999, -9999, -9999, -9999, -9999, -9999, -9999, -9999, -9999, -9999, -9999, -9999, -9999, -9999, -9999, -9999, -9999, -9999, -9999, -9999, -9999, -9999, -9999, -9999, -9999, -9999, -9999, -9999, -9999, -9999, -9999, -9999, -9999, -9999
Time_Stop, seconds_past_midnight, Stop time of measurement
Time_Mid, seconds_past_midnight, Mid time of measurement
Press_mb, mb, Pressure reported (mb)
Temp_C, degrees C, POPS temperature measurement
Aerosol_concentration, cm^-3, Aerosol concentration
Surface_Area_Conc, um^2 cm^-3, Surface area concentration
Volume_density, um^3 cm^-3, Volume density
Effective_radius, um, Effective radius
Extinction, km^-1, Extinction
Bin01, cm^-3, particle concentration in size range [1401 - 146.3 nm]
Bin02, cm^-3, particle concentration in size range [146.3 - 152.8 nm]
Bin03, cm^-3, particle concentration in size range [152.8 - 159.6 nm]
Bin04, cm^-3, particle concentration in size range [159.6 - 166.8 nm]
Bin05, cm^-3, particle concentration in size range [166.8 - 174.2 nm]
Bin06, cm^-3, particle concentration in size range [174.2 - 181.9 nm]
Bin07, cm^-3, particle concentration in size range [181.9 - 190.0 nm]
Bin08, cm^-3, particle concentration in size range [190.0 - 198.5 nm]
Bin09, cm^-3, particle concentration in size range [198.5 - 207.4 nm]
Bin10, cm^-3, particle concentration in size range [207.4 - 216.6 nm]
Bin11, cm^-3, particle concentration in size range [216.6 - 226.2 nm]
Bin12, cm^-3, particle concentration in size range [226.2 - 236.3 nm]
Bin13, cm^-3, particle concentration in size range [236.3 - 246.8 nm]
Bin14, cm^-3, particle concentration in size range [246.8 - 257.8 nm]
Bin15, cm^-3, particle concentration in size range [257.8 - 269.3 nm]
Bin16, cm^-3, particle concentration in size range [269.3 - 343.4 nm]
Bin17, cm^-3, particle concentration in size range [343.4 - 450.7 nm]
Bin18, cm^-3, particle concentration in size range [450.7 - 525.9 nm]
Bin19, cm^-3, particle concentration in size range [525.9 - 618.5 nm]
Bin20, cm^-3, particle concentration in size range [618.5 - 710.0 nm]
Bin21, cm^-3, particle concentration in size range [710.0 - 822.7 nm]
Bin22, cm^-3, particle concentration in size range [822.7 - 885.9 nm]
Bin23, cm^-3, particle concentration in size range [885.9 - 953.9 nm]
Bin24, cm^-3, particle concentration in size range [953.9 - 1027.2 nm]
Bin25, cm^-3, particle concentration in size range [1027.2 - 1106.1 nm]
Bin26, cm^-3, particle concentration in size range [1106.1 - 1191.0 nm]
Bin27, cm^-3, particle concentration in size range [1191.0 - 1282.5 nm]
Bin28, cm^-3, particle concentration in size range [1282.5 - 1381.0 nm]
Bin29, cm^-3, particle concentration in size range [1381.0 - 1487.1 nm]
Bin30, cm^-3, particle concentration in size range [1487.1 - 1601.3 nm]
Bin31, cm^-3, particle concentration in size range [1601.3 - 1724.3 nm]
[...]
PLATFORM: NOAA CSL Mobile Lab
LOCATION: USOS
ASSOCIATED_DATA: N/A
INSTRUMENT_INFO: Printed Optical Particle Spectrometer counts particles from 140 - 2500 nm in diameter 
DATA_INFO: Particle concentrations reported in number per cubic centimeter,1 Hz data
UNCERTAINTY: Counting uncertainty dominated by air flow, less than 5 percent. Measurement range is ~0 - 3000 per cm3 (varies depending on flow rate- manufacturer quotes 1250 per cm3 at 1.667 cc/s)
ULOD_FLAG: -7777
ULOD_VALUE: N/A
LLOD_FLAG: -8888
LLOD_VALUE: N/A
DM_CONTACT_INFO: Troy Thornberry, 325 Broadway R/CSL6, Boulder, CO 80305; troy.thornberry@noaa.gov; 303-497-3373
PROJECT_INFO: USOS, Utah POPS data from NOAA CSL Mobile Lab
STIPULATIONS_ON_USE: Please contact the PIs for questions regarding applications and uncertainties
OTHER_COMMENTS: POPS bin Edges (nm):  140.1, 146.3, 152.8, 159.6, 166.8, 174.2, 181.9, 190.0, 198.5, 207.4, 216.6, 226.2, 236.3, 246.8, 257.8, 269.3, 343.4, 450.7, 525.9, 618.5, 710.0, 822.7, 885.9, 953.9, 1027.2, 1106.1, 1191.0, 1282.5, 1381.0, 1487.1, 1601.3, 1724.3, 1856.7, 1999.3, 2152.8, 2318.2, 2496.2
Calculations assume organic aerosol refractive index of 1.52+0.00j and extinction wavelength = 532 nm
REVISION: R0
R0: Final data
Time_Start, Time_Stop, Time_Mid, Press_mb, Temp_C, Aerosol_concentration, Surface_Area_Conc, Volume_density, Effective_radius, Extinction, Bin01, Bin02, Bin03, Bin04, Bin05, Bin06, Bin07, Bin08, Bin09, Bin10, Bin11, Bin12, Bin13, Bin14, Bin15, Bin16, Bin17, Bin18, Bin19, Bin20, Bin21, Bin22, Bin23, Bin24, Bin25, Bin26, Bin27, Bin28, Bin29, Bin30, Bin31, Bin32, Bin33, Bin34, Bin35, Bin36
[from data line 782]
46920,46979,46950,875.781,32.154,277.723,45.378,3.038,0.195,0.013,23.401417,21.583216,20.100246,20.028212,19.513535,17.935738,16.097660,15.699729,14.681460,13.119699,12.580568,12.239417,11.519047,10.740356,8.703403,30.311455,6.992329,1.268946,0.440347,0.114289,0.074760,0.114498,0.022881,0.051685,0.028346,0.028439,0.039837,0.028371,0.028800,0.040085,0.023426,0.051508,0.051291,0.011234,0.040456,0.016740
46980,47039,47010,875.799,32.225,284.140,45.968,3.105,0.198,0.013,23.673147,22.761320,21.514950,20.690775,19.538441,17.939257,17.171186,15.924490,14.670838,14.080920,12.693870,12.806874,11.887514,10.592624,9.125432,30.049755,6.682090,1.174772,0.444094,0.113193,0.079088,0.056736,0.056834,0.045372,0.027688,0.011243,0.028274,0.005612,0.022758,0.045064,0.067484,0.039873,0.022872,0.016804,0.033780,0.044705
47040,47099,47070,875.801,32.168,281.760,44.749,2.741,0.180,0.012,24.366697,22.708004,20.536028,20.447931,19.656431,17.963083,17.239004,15.464632,14.079786,13.222568,12.478950,12.824004,12.020612,10.939369,8.872575,30.002356,6.576171,1.287981,0.428289,0.064116,0.088062,0.046663,0.081503,0.058919,0.023731,0.029488,0.006008,0.017363,0.035700,0.058427,0.017906,0.041222,0.035533,0.017344,0.000000,0.023410
47100,47159,47130,875.806,32.113,277.662,46.146,3.249,0.207,0.013,22.923311,21.935894,20.887056,20.095966,18.690834,17.311058,16.190517,15.474310,14.252501,13.229237,13.098954,12.157202,11.699458,10.579597,8.988580,30.384010,7.119093,1.332998,0.503380,0.108886,0.103364,0.057595,0.051503,0.057704,0.040511,0.050760,0.023389,0.022379,0.017229,0.051384,0.046226,0.039807,0.034635,0.011324,0.029069,0.062093
47160,47219,47190,875.810,32.097,276.003,44.195,2.645,0.176,0.012,22.858969,21.438816,20.756823,19.853867,18.836962,17.939442,16.775164,15.391844,14.045919,13.130627,12.367871,12.660097,11.428970,10.773534,8.914461,29.599482,6.752447,1.257761,0.510081,0.108574,0.086199,0.091631,0.051619,0.040088,0.022699,0.028292,0.068751,0.028914,0.022933,0.040259,0.023204,0.028956,0.028275,0.016721,0.005690,0.017119
47220,47279,47250,875.814,32.032,285.576,46.056,2.969,0.189,0.013,25.431839,23.463188,21.950809,20.692553,19.459455,17.687431,16.511362,15.803144,14.820762,13.494312,12.450444,12.584556,11.362047,10.491322,9.317246,30.387543,7.043652,1.362801,0.447532,0.108894,0.102717,0.080871,0.069425,0.069463,0.039959,0.029052,0.017422,0.034259,0.033480,0.051789,0.051108,0.045705,0.028633,0.011573,0.017050,0.022961
47280,47339,47310,875.821,31.977,278.499,44.695,2.775,0.181,0.012,23.295073,21.240938,21.236311,20.103567,19.186758,18.022371,16.058475,15.478212,14.534174,13.414099,12.643386,12.997374,11.706159,10.750236,8.968128,29.791222,6.752131,1.228954,0.458202,0.062592,0.078753,0.073864,0.028323,0.051052,0.039526,0.028403,0.028313,0.027960,0.028618,0.033811,0.034002,0.022619,0.033947,0.005539,0.022602,0.033592
47340,47399,47370,875.817,31.848,278.606,45.019,2.782,0.182,0.012,23.376001,21.482624,20.506147,19.934744,19.005779,17.752409,16.783295,15.601308,15.269190,13.732035,12.726707,12.257282,11.529679,10.841286,8.663193,29.659946,7.026465,1.270011,0.478562,0.121960,0.078223,0.044445,0.027166,0.044088,0.055351,0.022265,0.027708,0.055513,0.044530,0.028092,0.066053,0.011149,0.022008,0.011002,0.016527,0.033175
47400,47459,47430,875.818,31.797,278.653,44.397,2.698,0.179,0.012,23.238245,21.787098,20.359896,19.999758,19.580450,18.019321,16.850513,16.049103,14.579178,13.415942,12.549310,12.273689,11.554654,10.523793,9.041033,29.759935,6.752346,1.210658,0.465330,0.086742,0.097721,0.085626,0.074576,0.028535,0.028846,0.005864,0.028804,0.017500,0.005690,0.023165,0.056406,0.022897,0.016821,0.017313,0.005845,0.040696
47460,47519,47490,875.819,31.752,276.375,44.484,2.789,0.183,0.012,22.194225,21.479374,20.003340,19.247652,18.937410,17.962933,16.411135,16.085236,15.029802,13.705676,12.568502,12.668035,12.024549,10.464830,8.749291,29.835442,6.784095,1.148318,0.455673,0.107846,0.072680,0.051149,0.039377,0.027565,0.028254,0.028057,0.016785,0.022235,0.022433,0.022402,0.033630,0.028466,0.050958,0.022493,0.028173,0.016954
47520,47579,47550,875.818,31.654,276.260,44.157,2.672,0.178,0.012,23.224745,21.818214,20.779209,19.418610,18.634220,17.293762,16.732981,15.881669,13.804545,13.744039,12.852222,12.737073,12.133780,10.260280,8.217164,29.908669,6.349318,1.300853,0.499862,0.101413,0.071112,0.065159,0.060156,0.053631,0.036076,0.024157,0.029631,0.029529,0.018002,0.018181,0.060206,0.023839,0.035955,0.006033,0.011885,0.023582
47580,47639,47610,875.832,31.545,278.988,44.348,2.673,0.178,0.012,23.859045,22.052486,21.451277,20.033958,19.227303,17.969952,16.608223,15.730450,14.310791,13.246242,12.762029,12.211725,11.440129,10.684126,8.623634,29.798626,6.625458,1.176533,0.508012,0.128315,0.105446,0.032851,0.016961,0.038544,0.038393,0.055193,0.038433,0.016767,0.022245,0.027342,0.043660,0.021867,0.027291,0.010987,0.027204,0.016412
47640,47699,47670,875.861,31.472,281.665,45.357,2.784,0.180,0.012,23.571636,22.951456,21.050501,20.326357,19.675959,17.536936,16.891331,15.496741,15.096438,13.201117,12.985488,12.303622,11.654189,10.535814,8.618286,30.463449,6.753649,1.265412,0.504173,0.115480,0.092218,0.092338,0.086014,0.023263,0.040253,0.028740,0.023130,0.046065,0.063379,0.022963,0.063161,0.011106,0.023362,0.000000,0.011257,0.039895
47700,47759,47730,875.865,31.431,279.549,45.183,2.959,0.192,0.012,23.315052,22.349411,20.799101,19.983494,19.209076,18.188070,16.484446,15.733024,14.098636,13.964513,13.299031,12.156569,11.853394,10.533503,8.739537,29.914885,6.659814,1.184387,0.385165,0.113073,0.067677,0.038992,0.050840,0.050355,0.005557,0.044507,0.045037,0.034327,0.022598,0.033628,0.068130,0.022404,0.005785,0.016783,0.022535,0.055344
47760,47819,47790,875.868,31.383,279.154,45.153,2.954,0.192,0.012,23.527735,21.630365,20.157318,20.196764,19.051205,17.961897,16.568659,15.964083,14.734566,13.864231,12.592140,12.525146,12.038900,10.553445,8.709268,29.990152,6.711620,1.275857,0.409047,0.088475,0.093375,0.052298,0.076020,0.029658,0.047029,0.017654,0.017585,0.035249,0.023541,0.029220,0.029039,0.035254,0.029510,0.023471,0.023631,0.041048
47820,47879,47850,875.880,31.403,274.990,45.139,3.121,0.201,0.013,23.606426,22.259815,20.130014,19.722654,19.029097,17.768999,15.824358,15.353745,14.435081,13.243183,12.246386,12.132929,11.429382,10.094208,8.702155,29.826786,6.618230,1.316705,0.483441,0.072917,0.067739,0.100726,0.050936,0.011154,0.045676,0.039825,0.033673,0.050520,0.011206,0.067505,0.062902,0.050075,0.027994,0.017218,0.011206,0.044930
47880,47939,47910,875.884,31.534,278.425,44.610,2.775,0.183,0.012,24.293659,22.693531,20.990538,19.984425,19.086803,17.606583,16.520887,15.038214,14.472775,13.382298,12.701758,12.122756,11.289607,10.482164,8.714636,29.976576,6.689022,1.205376,0.425122,0.097950,0.133147,0.098041,0.057491,0.039622,0.022981,0.022997,0.057029,0.017458,0.017418,0.034562,0.041061,0.017114,0.023288,0.000000,0.028696,0.039810
47940,47999,47970,875.893,31.673,280.401,44.447,2.681,0.177,0.012,25.062126,22.826056,20.785572,19.688774,19.546404,17.810953,16.114424,15.842028,14.630572,12.877139,13.299480,12.250590,11.756586,11.025395,8.195472,29.631456,6.569236,1.307346,0.450666,0.104101,0.103910,0.051946,0.057377,0.063383,0.039694,0.040141,0.028593,0.057888,0.034923,0.022653,0.034919,0.045946,0.016944,0.011515,0.000000,0.017150
48000,48059,48030,875.891,31.845,292.322,47.594,3.451,0.212,0.013,28.760775,26.484085,22.786396,21.419088,20.052841,17.839602,17.078568,15.471355,14.357816,13.632138,12.728771,12.200241,11.391042,10.681483,8.455067,29.291697,6.722962,1.390926,0.538696,0.178289,0.160216,0.075061,0.040328,0.075022,0.045606,0.040198,0.052106,0.028497,0.056959,0.039716,0.063317,0.051664,0.011439,0.034263,0.028719,0.057166
48060,48119,48090,875.906,32.029,289.308,47.367,3.293,0.203,0.013,26.359264,24.522015,22.838411,20.651152,19.536398,18.217089,16.837734,15.660120,14.675443,13.988062,13.006404,12.591676,12.017570,10.662903,8.583474,30.190384,6.151887,1.245947,0.535335,0.161708,0.103991,0.064490,0.097898,0.085704,0.028840,0.057720,0.051083,0.058119,0.040355,0.063634,0.073918,0.023322,0.028623,0.017265,0.040365,0.040132
48120,48179,48150,875.915,32.097,287.051,49.800,4.078,0.232,0.015,26.877131,24.174868,22.499914,20.383190,19.615286,17.724773,16.777786,15.290611,14.566854,13.602005,12.446215,12.124006,11.911603,10.706706,8.576407,29.368711,6.970840,1.414318,0.543077,0.128336,0.199142,0.150400,0.100108,0.116528,0.072611,0.116236,0.071964,0.067074,0.055699,0.049993,0.071344,0.055052,0.055316,0.077395,0.055548,0.033442
48180,48239,48210,875.923,32.129,299.281,81.951,14.996,0.493,0.034,28.947786,26.155561,22.683989,21.656067,19.637859,17.925493,17.274113,16.068762,14.700394,13.268755,12.584070,12.318781,11.218788,10.935591,8.922501,30.434160,6.989660,1.662439,1.093614,0.360472,0.287297,0.270589,0.192869,0.219579,0.168896,0.235966,0.225857,0.175247,0.208741,0.247964,0.415228,0.377626,0.343642,0.314480,0.244044,0.513799
48240,48299,48270,875.922,32.068,291.560,76.134,12.991,0.478,0.031,25.664175,23.745165,21.899063,20.464556,19.251118,17.843451,16.572750,16.288042,14.440493,13.906483,13.323960,12.823161,11.532105,10.479894,8.945013,30.484585,7.206110,1.531849,0.901076,0.187091,0.357592,0.275320,0.169630,0.199612,0.169557,0.139621,0.228744,0.274793,0.210066,0.226912,0.346946,0.306373,0.263063,0.221677,0.286860,0.393025
48300,48359,48330,875.941,32.003,289.930,67.110,10.120,0.422,0.025,25.740959,24.245468,21.673330,20.898977,18.760468,18.335091,17.336672,15.757085,15.265771,13.623126,12.798786,12.476363,11.611913,10.248150,8.547034,30.411388,6.900777,1.414792,0.687024,0.180893,0.304645,0.176130,0.140553,0.158098,0.118143,0.140527,0.123735,0.193128,0.135331,0.163395,0.281737,0.209516,0.197843,0.152895,0.147045,0.372764
48360,48419,48390,875.949,31.936,283.401,48.444,3.729,0.223,0.014,24.594179,23.041334,21.996086,20.236336,19.339962,17.968472,16.149363,15.459869,14.470735,13.388081,12.846279,12.076427,11.870558,10.814954,8.686550,30.194078,7.102369,1.411999,0.543266,0.132353,0.138687,0.132580,0.116643,0.050093,0.050778,0.033339,0.049941,0.071840,0.072196,0.061651,0.083749,0.060880,0.066405,0.022007,0.022340,0.044676
48420,48479,48450,875.951,31.876,285.452,46.723,3.273,0.204,0.013,24.997652,22.916601,21.267832,20.801430,19.431932,18.276577,17.392771,16.078337,14.523418,13.628522,12.687357,12.288519,11.989454,10.838774,8.882711,30.259720,6.673980,1.260305,0.430227,0.084433,0.129237,0.078589,0.027689,0.022571,0.033137,0.028241,0.039349,0.045683,0.056267,0.050942,0.045130,0.044676,0.039109,0.022303,0.056635,0.022258
48480,48539,48510,875.958,31.820,285.044,46.071,3.034,0.193,0.013,25.263700,22.465452,21.414995,20.221464,18.983677,18.260014,16.655540,15.840466,14.807593,13.850338,13.438707,12.319814,11.356401,10.808431,8.744552,31.075253,7.009914,1.479561,0.368252,0.115242,0.091529,0.051859,0.052152,0.017138,0.034940,0.005987,0.028844,0.046055,0.028954,0.023154,0.017361,0.040117,0.034380,0.028853,0.017389,0.046190
48540,48599,48570,875.975,31.798,287.162,46.730,3.076,0.193,0.013,25.096420,22.510807,21.632078,20.937231,19.776268,17.904604,16.376652,15.724934,14.762212,13.972431,13.131815,12.442462,12.166382,10.887706,8.559178,31.452314,7.268299,1.264860,0.468957,0.159301,0.101378,0.061856,0.067874,0.022888,0.073626,0.028125,0.033889,0.056986,0.022295,0.011225,0.033889,0.039861,0.022614,0.017141,0.039477,0.033557
48600,48659,48630,875.975,31.753,286.865,46.729,3.014,0.188,0.013,24.618090,23.333233,21.912580,20.295858,19.431820,17.922119,16.706348,15.689096,15.249819,13.682973,13.074383,12.671930,11.860743,11.124062,8.691111,30.950785,6.935352,1.409344,0.365085,0.197576,0.157131,0.056576,0.033162,0.062695,0.039762,0.072642,0.022518,0.016700,0.044830,0.056320,0.044727,0.022577,0.045476,0.017143,0.028024,0.022147
48660,48719,48690,875.990,31.667,293.132,46.969,2.963,0.185,0.013,26.117411,24.518169,22.189209,20.736513,19.713587,18.626732,17.332487,16.481409,15.024894,14.119731,12.797725,12.753695,11.848374,10.737637,9.293653,31.399458,7.001250,1.206206,0.505703,0.072341,0.111153,0.066525,0.038396,0.044858,0.033176,0.044366,0.061801,0.022088,0.022270,0.027891,0.055760,0.016400,0.038580,0.016598,0.011319,0.044425
48720,48779,48750,875.982,31.616,298.192,47.518,2.923,0.182,0.013,27.240294,24.497282,22.237110,21.617708,20.800415,18.117111,17.445700,16.739309,15.000175,14.456384,12.758746,13.270885,11.866188,11.287826,8.924250,31.844404,7.430440,1.377282,0.558649,0.085268,0.101555,0.078908,0.050367,0.044987,0.050362,0.005707,0.039539,0.033642,0.033483,0.050763,0.040046,0.039652,0.017082,0.011169,0.016636,0.022741
48780,48839,48810,875.978,31.567,307.248,49.351,3.275,0.193,0.014,28.786762,26.159988,23.761162,22.492043,20.527796,19.166348,17.746738,16.626347,15.456939,14.626079,13.831154,13.058497,12.433796,11.420633,9.395393,31.758173,7.069918,1.485923,0.563397,0.146082,0.119006,0.044799,0.068049,0.090422,0.056202,0.028297,0.011134,0.050380,0.022487,0.028555,0.062443,0.039850,0.022389,0.027760,0.005726,0.057232
48840,48899,48870,875.976,31.533,310.688,48.650,2.987,0.182,0.013,29.849743,26.867697,24.291025,22.851225,21.415838,19.578600,17.855103,16.633711,15.816024,14.539461,13.237477,13.062328,12.259498,11.102010,9.334802,32.245796,7.093772,1.427836,0.454510,0.135360,0.112920,0.051297,0.067658,0.068068,0.039460,0.022325,0.033808,0.016843,0.039070,0.028067,0.044764,0.033740,0.011114,0.005669,0.022145,0.039054
48900,48959,48930,875.971,31.474,303.423,48.334,3.105,0.189,0.013,28.078941,26.201069,23.392879,22.401638,21.070301,18.778942,17.422306,16.448803,15.133417,14.197184,13.939186,12.539712,12.379331,10.564680,9.316761,31.706284,7.331735,1.193985,0.528579,0.142819,0.110968,0.080321,0.055622,0.025263,0.024926,0.018543,0.030613,0.031360,0.061402,0.018605,0.061775,0.024314,0.036746,0.006277,0.012145,0.055191
48960,49019,48990,875.989,31.402,330.918,55.163,4.430,0.233,0.017,35.666573,31.324074,26.523092,25.166355,23.074957,20.297539,18.997593,17.058777,15.621860,14.413650,13.571153,13.364571,11.788924,10.890225,9.628222,31.865177,7.640740,1.574605,0.917082,0.219655,0.271380,0.109150,0.124444,0.073928,0.056438,0.067954,0.068766,0.050338,0.061812,0.045361,0.101637,0.079331,0.050017,0.045272,0.038983,0.067818
49020,49079,49050,875.995,31.347,339.221,61.150,5.771,0.275,0.020,38.735287,33.106064,27.621925,24.418579,23.239178,20.476776,18.652180,17.523035,15.443130,14.154825,13.555400,13.462046,12.273827,11.310650,9.176623,32.812531,8.185279,1.743137,0.933018,0.316517,0.267991,0.228944,0.129382,0.143328,0.178932,0.149054,0.080811,0.154915,0.092611,0.123313,0.123154,0.074396,0.117676,0.037705,0.074367,0.104323
49080,49139,49110,875.990,31.278,341.392,61.265,5.693,0.271,0.020,38.297249,32.928539,28.425014,25.793573,23.107683,21.002407,18.876743,17.614620,15.106862,14.413183,13.624276,13.177553,12.907476,11.309226,9.437119,32.334473,7.789854,1.717580,0.869059,0.303179,0.321759,0.284257,0.194084,0.197823,0.206003,0.145616,0.164401,0.115339,0.139359,0.090024,0.146616,0.096283,0.066731,0.036287,0.072945,0.079293
49140,49199,49170,876.008,31.261,348.719,76.282,11.133,0.409,0.028,39.524986,33.675468,29.411821,25.447086,23.627909,21.023714,19.149702,18.124557,16.289589,14.691685,13.610340,13.408773,12.176794,11.110962,9.233864,33.917576,7.899618,1.716136,1.038593,0.282790,0.283652,0.255888,0.171244,0.214822,0.215395,0.152297,0.142216,0.141019,0.119316,0.214731,0.300436,0.224891,0.193122,0.125064,0.170871,0.431757
49200,49259,49230,876.005,31.248,346.471,70.515,8.969,0.367,0.025,39.008911,32.773712,28.666750,25.004717,24.031488,21.144772,19.449741,17.467102,16.505733,14.786603,14.198356,13.233418,12.562294,11.673328,9.364279,32.814819,8.016174,1.747655,0.936014,0.202568,0.344357,0.186032,0.155657,0.168552,0.150106,0.199947,0.160593,0.154832,0.114943,0.115467,0.229575,0.143519,0.230773,0.143298,0.108994,0.275790
