CampaignData_and_Merges/R0/CSL_MobileLab_Parked/raw/20240719/USOS-PTR_MobileLabGround_20240719_R0.ict
58, 1001
Matthew Coggon, Kelvin Bates, Chelsea Stockwell, Carsten Warneke
NOAA ESRL Chemical Sciences Division
NOAA PTR-ToF-MS
USOS
1,1 
2024, 07, 19, 2025, 09, 19
0
Time_Start, seconds, number of seconds from 00:00 UTC 
22
1, 1, 1, 1, 1, 1, 1, 1, 1, 1, 1, 1, 1, 1, 1, 1, 1, 1, 1, 1, 1, 1
-9999, -9999, -9999, -9999, -9999, -9999, -9999, -9999, -9999, -9999, -9999, -9999, -9999, -9999, -9999, -9999, -9999, -9999, -9999, -9999, -9999, -9999
CH3OH_NOAAPTR_ppbv,  ppbv, Gas_CH3OH_InSitu_S_AVMR, (CH3OH) methanol
CH3CN_NOAAPTR_ppbv,  ppbv, Gas_CH3CN_InSitu_S_AVMR, (CH3CN) acetonitrile
CH3CHO_NOAAPTR_ppbv,  ppbv, Gas_CH3CHO_InSitu_S_AVMR, (CH3CHO) acetaldehyde plus contributions from ethylene glycol and ethylene oxide. Interference from ethanol has been subtracted out.
C2H5OH_NOAAPTR_ppbv,  ppbv, Gas_C2H5OH_InSitu_S_AVMR, (C2H5OH) ethanol
CH3SH_NOAAPTR_ppbv,  ppbv, Gas_CH3SH_InSitu_S_AVMR, (CH3SH) methanethiol, using calibration factor for DMS
Acrolein_NOAAPTR_ppbv,  ppbv, Gas_Acrolein_InSitu_S_AVMR, (C3H4O) acrolein
AcetonePropanal_NOAAPTR_ppbv,  ppbv, Gas_AcetoneAndPropanal_InSitu_S_AVMR, (C3H6O) sum of acetone (dominant isomer) and propanal, using calibration factor for acetone
DMS_NOAAPTR_ppbv,  ppbv, Gas_DMS_InSitu_S_AVMR, (C2H6S) dimethyl sulfide with possible small contributions from ethanethiol
C5H8_NOAAPTR_ppbv,  ppbv, Gas_Isoprene_InSitu_S_AVMR, (C5H8) isoprene and possible fragments from cycloalkanes and aldehydes. Interferences have been subtracted following methods described by Coggon et al (2023)
MVKMAC_NOAAPTR_ppbv,  ppbv, Gas_MVKAndMAC_InSitu_S_AVMR, (C4H6O) sum of methyl vinyl ketone, methacrolein, and small amounts of crotonaldehyde, using weighted calibration factor for MVK (0.637) and MACR (0.363)
Benzene_NOAAPTR_ppbv,  ppbv, Gas_Benzene_InSitu_S_AVMR, (C6H6) benzene
Toluene_NOAAPTR_ppbv,  ppbv, Gas_Toluene_InSitu_S_AVMR, (C7H8) toluene with possible small contributions of fragments from ethyltoluene
Styrene_NOAAPTR_ppbv,  ppbv, Gas_Styrene_InSitu_S_AVMR, (C8H8) styrene
Benzaldehyde_NOAAPTR_ppbv,  ppbv, Gas_Benzaldehyde_InSitu_S_AVMR, (C7H6O) benzaldehyde
C8Aromatics_NOAAPTR_ppbv,  ppbv, Gas_C8Aromatics_InSitu_M_AVMR, (C8H10) sum of m-xylene, p-xylene, o-xylene, and ethyl benzene
C9Aromatics_NOAAPTR_ppbv,  ppbv, Gas_C9Aromatics_InSitu_M_AVMR, (C9H12) sum of C9 aromatics
Naphthalene_NOAAPTR_ppbv,  ppbv, Gas_Naphthalene_InSitu_S_AVMR, (C10H8) naphthalene
Octanal_NOAAPTR_ppbv,  ppbv, Gas_Octanal_InSitu_S_AVMR, (C8H16O) octanal and small amounts of octanone
Monoterpenes_NOAAPTR_ppbv,  ppbv, Gas_Monoterpenes_InSitu_M_AVMR, (C10H16) sum of monoterpenes and possible contributions from fragments of oxygenated monoterpenoids such as eucalyptol.
Nonanal_NOAAPTR_ppbv,  ppbv, Gas_Nonanal_InSitu_M_AVMR, (C9H18O) nonanal and small amounts of nonanone
C7H4ClF3_NOAAPTR_ppbv,  ppbv, Gas_C7H4ClF3_InSitu_S_AVMR, (C7H4ClF3) parachlorobenzotrifluoride
C10H30O5Si5_NOAAPTR_ppbv,  ppbv, Gas_C10H30O5Si5_InSitu_S_AVMR, (C10H30O5Si5) decamethylcyclopentasiloxane
1
SPECIAL COMMENTS:N/A
21
PI_CONTACT_INFO: NOAA ESRL Chemical Sciences Division, Tropospheric Chemistry Group. 325 Broadway, R/CSD7, Boulder, CO 80305
PLATFORM: Mobile Laboratory.
LOCATION: Salt Lake City, UT
ASSOCIATED_DATA: N/A
INSTRUMENT_INFO: NOAA PTR-ToF-MS measurements on NOAA CSL Mobile Lab
DATA_INFO: Units: ppbv
UNCERTAINTY: See OTHER_COMMENTS
ULOD_FLAG: -7777
ULOD_VALUE: N/A
LLOD_FLAG: -8888
LLOD_VALUE: N/A.
DM_CONTACT_INFO: Data Managers: Matt Coggon, Kelvin Bates, Chelsea Stockwell; email: matthew.m.coggon@noaa.gov and kelvin.bates@colorado.edu
PROJECT_INFO: USOS Deployment July-August, 2024
STIPULATIONS_ON_USE: Use of these data require prior OK from PI.
OTHER_COMMENTS: Uncertainties:
CH3OH_NOAAPTR_ppbv:30%; CH3CN_NOAAPTR_ppbv:30%; CH3CHO_NOAAPTR_ppbv:30%; C2H5OH_NOAAPTR_ppbv:30%; CH3SH_NOAAPTR_ppbv:50%; Acrolein_NOAAPTR_ppbv:30%; AcetonePropanal_NOAAPTR_ppbv:30%; DMS_NOAAPTR_ppbv:30%; C5H8_NOAAPTR_ppbv:30%; MVKMAC_NOAAPTR_ppbv:30%; 
Benzene_NOAAPTR_ppbv:30%; Toluene_NOAAPTR_ppbv:30%; Styrene_NOAAPTR_ppbv:30%; Benzaldehyde_NOAAPTR_ppbv:30%; C8Aromatics_NOAAPTR_ppbv:30%; C9Aromatics_NOAAPTR_ppbv:30%; Naphthalene_NOAAPTR_ppbv:30%; Octanal_NOAAPTR_ppbv:30%; Monoterpenes_NOAAPTR_ppbv:30%; Nonanal_NOAAPTR_ppbv:30%; 
C7H4ClF3_NOAAPTR_ppbv:30%; C10H30O5Si5_NOAAPTR_ppbv:30%; 
REVISION: R0
R0: Calibrated PTR Data. See individual species comments for details about measurement uncertainties
Time_Start, CH3OH_NOAAPTR_ppbv, CH3CN_NOAAPTR_ppbv, CH3CHO_NOAAPTR_ppbv, C2H5OH_NOAAPTR_ppbv, CH3SH_NOAAPTR_ppbv, Acrolein_NOAAPTR_ppbv, AcetonePropanal_NOAAPTR_ppbv, DMS_NOAAPTR_ppbv, C5H8_NOAAPTR_ppbv, MVKMAC_NOAAPTR_ppbv, Benzene_NOAAPTR_ppbv, Toluene_NOAAPTR_ppbv, Styrene_NOAAPTR_ppbv, Benzaldehyde_NOAAPTR_ppbv, C8Aromatics_NOAAPTR_ppbv, C9Aromatics_NOAAPTR_ppbv, Naphthalene_NOAAPTR_ppbv, Octanal_NOAAPTR_ppbv, Monoterpenes_NOAAPTR_ppbv, Nonanal_NOAAPTR_ppbv, C7H4ClF3_NOAAPTR_ppbv, C10H30O5Si5_NOAAPTR_ppbv
[from data line 1090]
65400.0, 8.70806, 0.22691, 1.84387, 3.11441, 0.00292, 0.20328, 4.69318, -0.00019, 0.05710, 0.30170, 0.01225, 0.25431, 0.01595, -0.04204, 0.13179, 0.02664, -0.00753, 0.04984, 0.05526, 0.04598, 0.05447, 0.00803 
65460.0, 8.99074, 0.21346, 1.70039, 3.22218, -0.00025, 0.25397, 4.70511, -0.00019, 0.01639, 0.32119, 0.07954, 0.27362, -0.00993, -0.00891, 0.11494, 0.04123, 0.00164, 0.03559, 0.05140, 0.06789, 0.03865, 0.00267 
65520.0, 9.41052, 0.21903, 1.69565, 3.47068, 0.00168, 0.20753, 4.82013, -0.00019, 0.03260, 0.29197, 0.03188, 0.24693, 0.00454, -0.03138, 0.13082, 0.03550, -0.01844, 0.02293, 0.04266, 0.05441, 0.04977, 0.00490 
65580.0, 10.65071, 0.20615, 2.06522, 4.08777, 0.00047, 0.24761, 5.17517, -0.00019, 0.00000, 0.36460, 0.05701, 0.29695, 0.02525, -0.02259, 0.13843, 0.04003, -0.00031, 0.02155, 0.05156, 0.04033, 0.07046, 0.00336 
65640.0, 11.10646, 0.21850, 2.52395, 4.62126, 0.00457, 0.38390, 5.46632, -0.00019, 0.04048, 0.47408, 0.12609, 0.39917, 0.02251, -0.02000, 0.16792, 0.07887, 0.00036, 0.04230, 0.07926, 0.04084, 0.06976, 0.00653 
65700.0, 10.62880, 0.21911, 2.29983, 3.87433, -0.00050, 0.27431, 5.26920, -0.00019, 0.00000, 0.39675, 0.13081, 0.38199, 0.02939, -0.01425, 0.16402, 0.05027, 0.00391, 0.01725, 0.08417, 0.03614, 0.04364, 0.00622 
65760.0, 11.40250, 0.20193, 2.17785, 4.33294, 0.00080, 0.28847, 5.20420, -0.00019, 0.06303, 0.37083, 0.12685, 0.34744, 0.01688, -0.02520, 0.15039, 0.04659, 0.00204, 0.04708, 0.05445, 0.03358, 0.04901, 0.00778 
65820.0, 10.78688, 0.19337, 2.33651, 4.45467, 0.00362, 0.29346, 5.15697, -0.00020, 0.09362, 0.36488, 0.13844, 0.41480, 0.02026, -0.04187, 0.18544, 0.07623, 0.00445, 0.03329, 0.06910, 0.14823, 0.04518, 0.00526 
65880.0, 12.42256, 0.21127, 2.50288, 4.96318, 0.00662, 0.28279, 5.26208, -0.00020, 0.06448, 0.40338, 0.10937, 0.45659, 0.01968, -0.05592, 0.19455, 0.08385, 0.00046, 0.07327, 0.12109, 0.18247, 0.03862, 0.00336 
65940.0, 10.84658, 0.21109, 2.28041, 4.19389, 0.00329, 0.27141, 5.15214, 0.00451, 0.11548, 0.35528, 0.11756, 0.34972, -0.00273, 0.00959, 0.13849, 0.03697, 0.00942, 0.06587, 0.07667, 0.23960, 0.04316, 0.00981 
66000.0, 9.93507, 0.21267, 1.56879, 2.34419, 0.00581, 0.22144, 4.05972, 0.00188, 0.08679, 0.23822, 0.42936, 0.19358, -0.00356, 0.16659, 0.07191, 0.01541, 0.02253, 0.04967, 0.10368, 0.14248, 0.01830, 0.00342 
66060.0, 11.34587, 0.21987, 2.33502, 4.89611, 0.00018, 0.27917, 5.13043, 0.00401, 0.07542, 0.36718, 0.09392, 0.31099, 0.01679, 0.01037, 0.12791, 0.04169, -0.00301, 0.04924, 0.16413, 0.23822, 0.03090, 0.00542 
66120.0, 12.95643, 0.21940, 2.46316, 4.50164, 0.00554, 0.25999, 5.27364, -0.00020, 0.13040, 0.38707, 0.09159, 0.30313, -0.00998, -0.02875, 0.10990, 0.03161, 0.00936, 0.05870, 0.16550, 0.21353, 0.04836, 0.00530 
66180.0, 13.08201, 0.22371, 2.72855, 5.71408, 0.00115, 0.30259, 5.72934, -0.00020, 0.17093, 0.42301, 0.16504, 0.40597, 0.01464, -0.01528, 0.17137, 0.04631, -0.00676, 0.08028, 0.14308, 0.16059, 0.06526, 0.00472 
66240.0, 11.78091, 0.20637, 2.58071, 4.91058, -0.00087, 0.30191, 5.64747, 0.00723, 0.00239, 0.41392, 0.15310, 0.38634, 0.01081, -0.00112, 0.14862, 0.04225, -0.00206, 0.05692, 0.10833, 0.09923, 0.06085, 0.00331 
66300.0, 11.95599, 0.20378, 2.28496, 4.21223, 0.00302, 0.28170, 5.54008, 0.00765, 0.09959, 0.41405, 0.08080, 0.34834, 0.01905, -0.01580, 0.16108, 0.04355, 0.00325, 0.05995, 0.06525, 0.02185, 0.06264, 0.00900 
66360.0, 11.47709, 0.21438, 2.37912, 4.52222, 0.00421, 0.29848, 5.59140, -0.00021, 0.22181, 0.42996, 0.05060, 0.34580, 0.00899, -0.03700, 0.13661, 0.03011, -0.01029, 0.05031, 0.06021, 0.04106, 0.04715, 0.00544 
66420.0, 12.30876, 0.20019, 2.44992, 4.81859, 0.00110, 0.26530, 5.62656, -0.00021, 0.16870, 0.42644, 0.11256, 0.36575, -0.01001, -0.01289, 0.15778, 0.03699, -0.00863, 0.03546, 0.08470, 0.07832, 0.05331, 0.00568 
66480.0, 12.22691, 0.22659, 2.62879, 8.87052, 0.00358, 0.31771, 5.91815, -0.00021, 0.14349, 0.45816, 0.31405, 1.00497, -0.01001, -0.04586, 0.58734, 0.20067, 0.00198, 0.03692, 0.07001, 0.05306, 0.07324, 0.00972 
66540.0, 12.81014, 0.23049, 2.59153, 5.37001, 0.00294, 0.28919, 5.98250, -0.00021, 0.06372, 0.43431, 0.11926, 0.41752, -0.01002, -0.02680, 0.16520, 0.04404, 0.02265, 0.06332, 0.04990, 0.06211, 0.07406, 0.00796 
66600.0, 13.65293, 0.21858, 2.63405, 5.13120, 0.00082, 0.28908, 5.86233, 0.00710, 0.06637, 0.44945, 0.09655, 0.38074, 0.00992, -0.03007, 0.15821, 0.02713, -0.01089, 0.01695, 0.05611, 0.03309, 0.07323, 0.00856 
66660.0, 13.90606, 0.21607, 2.64805, 5.24206, 0.00457, 0.30356, 5.91953, -0.00022, 0.06137, 0.44944, 0.09789, 0.42834, 0.01379, -0.00597, 0.16212, 0.03173, 0.03067, 0.06803, 0.11369, 0.03185, 0.07552, 0.01118 
66720.0, 15.00654, 0.19318, 2.85887, 5.68624, 0.00184, 0.36079, 6.13830, -0.00002, 0.14481, 0.43859, 0.08069, 0.43073, 0.00884, -0.03415, 0.16382, 0.03013, 0.01442, 0.05721, 0.09079, 0.20616, 0.07801, 0.00751 
66780.0, 15.56532, 0.18983, 2.86422, 4.75022, 0.00311, 0.35610, 6.13313, 0.01250, 0.06870, 0.46207, 0.12473, 0.42679, -0.01004, -0.02631, 0.15736, 0.03926, 0.04142, 0.07831, 0.09958, 0.13258, 0.08737, 0.00230 
66840.0, 13.08681, 0.21372, -9999.00000, 5.48152, 0.00027, 0.34548, 6.18332, 0.00995, -9999.00000, 0.48517, 0.17722, 0.42937, 0.00079, 0.02421, 0.15888, 0.04489, 0.01617, 0.04697, 0.13136, 0.20758, 0.07176, 0.00566 
66900.0, -9999.00000, -9999.00000, -9999.00000, -9999.00000, -9999.00000, -9999.00000, -9999.00000, -9999.00000, -9999.00000, -9999.00000, -9999.00000, -9999.00000, -9999.00000, -9999.00000, -9999.00000, -9999.00000, -9999.00000, -9999.00000, -9999.00000, -9999.00000, -9999.00000, -9999.00000 
66960.0, -9999.00000, -9999.00000, -9999.00000, -9999.00000, -9999.00000, -9999.00000, -9999.00000, -9999.00000, -9999.00000, -9999.00000, -9999.00000, -9999.00000, -9999.00000, -9999.00000, -9999.00000, -9999.00000, -9999.00000, -9999.00000, -9999.00000, -9999.00000, -9999.00000, -9999.00000 
67020.0, -9999.00000, -9999.00000, -9999.00000, -9999.00000, -9999.00000, -9999.00000, -9999.00000, -9999.00000, -9999.00000, -9999.00000, -9999.00000, -9999.00000, -9999.00000, -9999.00000, -9999.00000, -9999.00000, -9999.00000, -9999.00000, -9999.00000, -9999.00000, -9999.00000, -9999.00000 
67080.0, -9999.00000, -9999.00000, -9999.00000, -9999.00000, -9999.00000, -9999.00000, -9999.00000, -9999.00000, -9999.00000, -9999.00000, -9999.00000, -9999.00000, -9999.00000, -9999.00000, -9999.00000, -9999.00000, -9999.00000, -9999.00000, -9999.00000, -9999.00000, -9999.00000, -9999.00000 
67140.0, -9999.00000, -9999.00000, -9999.00000, -9999.00000, -9999.00000, -9999.00000, -9999.00000, -9999.00000, -9999.00000, -9999.00000, -9999.00000, -9999.00000, -9999.00000, -9999.00000, -9999.00000, -9999.00000, -9999.00000, -9999.00000, -9999.00000, -9999.00000, -9999.00000, -9999.00000 
67200.0, -9999.00000, -9999.00000, -9999.00000, -9999.00000, -9999.00000, -9999.00000, -9999.00000, -9999.00000, -9999.00000, -9999.00000, -9999.00000, -9999.00000, -9999.00000, -9999.00000, -9999.00000, -9999.00000, -9999.00000, -9999.00000, -9999.00000, -9999.00000, -9999.00000, -9999.00000 
67260.0, -9999.00000, -9999.00000, -9999.00000, -9999.00000, -9999.00000, -9999.00000, -9999.00000, -9999.00000, -9999.00000, -9999.00000, -9999.00000, -9999.00000, -9999.00000, -9999.00000, -9999.00000, -9999.00000, -9999.00000, -9999.00000, -9999.00000, -9999.00000, -9999.00000, -9999.00000 
67320.0, -9999.00000, -9999.00000, -9999.00000, -9999.00000, -9999.00000, -9999.00000, -9999.00000, -9999.00000, -9999.00000, -9999.00000, -9999.00000, -9999.00000, -9999.00000, -9999.00000, -9999.00000, -9999.00000, -9999.00000, -9999.00000, -9999.00000, -9999.00000, -9999.00000, -9999.00000 
67380.0, -9999.00000, -9999.00000, -9999.00000, -9999.00000, -9999.00000, -9999.00000, -9999.00000, -9999.00000, -9999.00000, -9999.00000, -9999.00000, -9999.00000, -9999.00000, -9999.00000, -9999.00000, -9999.00000, -9999.00000, -9999.00000, -9999.00000, -9999.00000, -9999.00000, -9999.00000 
67440.0, -9999.00000, -9999.00000, -9999.00000, -9999.00000, -9999.00000, -9999.00000, -9999.00000, -9999.00000, -9999.00000, -9999.00000, -9999.00000, -9999.00000, -9999.00000, -9999.00000, -9999.00000, -9999.00000, -9999.00000, -9999.00000, -9999.00000, -9999.00000, -9999.00000, -9999.00000 
67500.0, 13.42334, 0.23917, -9999.00000, 5.44358, 0.00154, 0.35331, 6.15446, 0.01652, -9999.00000, 0.47909, 0.20831, 0.35683, 0.01534, 0.04819, 0.15961, 0.05424, 0.00617, 0.06247, 0.09369, 0.19454, 0.06386, 0.00718 
67560.0, 12.16790, 0.20203, 2.65513, 5.64167, 0.00457, 0.31552, 5.89814, 0.01647, 0.03055, 0.44215, 0.12588, 0.45998, -0.01010, -0.02956, 0.27742, 0.08018, -0.00920, 0.06063, 0.05509, 0.08824, 0.07702, 0.00669 
67620.0, 12.36370, 0.20686, 2.87897, 5.42826, 0.00267, 0.31468, 5.91018, 0.01142, 0.07063, 0.45109, 0.20162, 0.40399, -0.01011, 0.00854, 0.18344, 0.04188, 0.02021, 0.04635, 0.08080, 0.13378, 0.06820, 0.00773 
67680.0, 13.42190, 0.21166, 2.75979, 5.18614, 0.00211, 0.37693, 6.00953, 0.01691, 1.06559, 0.49684, 0.16241, 0.39325, -0.01011, -0.00888, 0.14495, 0.04579, -0.01729, 0.03763, 0.09024, 0.05614, 0.06781, 0.00205 
67740.0, 12.49937, 0.21179, 2.53665, 4.53053, -0.00086, 0.24845, 5.85257, -0.00024, 0.05585, 0.40738, 0.05433, 0.31635, -0.00705, -0.05180, 0.12023, 0.02594, -0.00713, 0.06048, 0.03088, 0.03191, 0.07966, 0.00460 
67800.0, 13.46467, 0.21805, 2.88011, 5.50609, 0.00390, 0.31898, 6.00887, 0.00563, 0.18610, 0.42792, 0.14954, 0.36207, 0.01257, 0.01649, 0.14398, 0.03562, -0.00755, 0.05119, 0.08744, 0.03969, 0.06937, 0.00983 
67860.0, 13.81534, 0.20335, 2.72265, 5.22037, 0.00353, 0.31802, 5.91991, 0.00865, 0.35247, 0.42760, 0.13569, 0.34811, 0.02538, -0.01743, 0.15078, 0.04857, 0.01252, 0.05179, 0.06544, 0.03449, 0.07357, 0.00782 
67920.0, 11.33596, 0.21962, 2.30219, 4.18199, 0.00012, 0.26194, 5.55593, 0.00369, 0.03218, 0.33933, -0.00624, 0.30421, -0.01013, -0.06425, 0.11446, 0.03133, -0.01716, 0.03810, 0.06169, 0.04625, 0.06860, 0.00366 
67980.0, 10.49720, 0.24108, 2.26546, 4.99214, 0.00156, 0.25369, 5.63518, -0.00025, 0.04867, 0.32349, 0.09183, 0.26490, -0.01014, -0.01152, 0.13100, 0.03288, -0.02081, 0.03687, 0.06413, 0.01186, 0.06819, 0.00142 
68040.0, 9.68886, 0.22243, 2.44928, 4.79394, 0.00033, 0.27513, 5.73732, -0.00025, 0.07486, 0.35107, 0.05789, 0.29542, 0.01000, -0.02447, 0.12832, 0.03626, -0.02087, 0.03432, 0.07847, 0.04236, 0.06625, 0.00196 
68100.0, 10.80824, 0.22673, 2.27984, 4.07876, 0.00020, 0.27261, 5.68367, -0.00025, 0.04926, 0.34465, 0.08102, 0.28522, -0.01015, -0.03972, 0.11981, 0.01845, -0.01925, 0.02075, 0.03003, 0.03567, 0.07412, 0.00688 
68160.0, 11.35584, 0.21443, 2.25948, 4.51014, 0.00220, 0.26052, 5.68163, 0.00649, 0.03009, 0.33359, 0.08639, 0.26068, -0.00242, -0.03988, 0.10288, 0.03522, -0.02097, 0.01687, 0.03244, 0.01757, 0.07928, 0.00413 
68220.0, 12.09146, 0.20570, 2.40080, 4.79237, 0.00052, 0.31592, 5.77143, -0.00026, 0.04557, 0.34158, 0.09131, 0.27140, 0.00014, -0.02615, 0.11972, 0.03213, -0.02102, 0.02850, 0.07763, 0.04370, 0.06427, 0.00340 
68280.0, 10.09158, 0.19639, 2.29631, 4.39587, 0.00153, 0.27872, 5.61187, 0.01775, 0.09839, 0.35300, -0.01747, 0.24605, -0.01016, -0.03815, 0.11396, 0.02408, -0.02107, 0.03246, 0.03807, 0.02290, 0.07899, 0.00271 
68340.0, 10.16847, 0.20277, 2.16820, 4.47213, 0.00125, 0.25048, 5.52548, -0.00026, 0.02851, 0.31228, 0.07150, 0.28330, 0.00456, -0.02032, 0.11923, 0.02781, -0.01111, 0.03329, 0.03358, 0.02628, 0.05669, 0.00566 
68400.0, 9.83005, 0.21360, 2.20529, 3.94588, 0.00390, 0.25953, 5.44654, -0.00026, 0.05835, 0.29079, 0.01244, 0.24486, -0.01017, -0.04582, 0.10889, 0.02000, -0.02118, 0.03551, 0.04031, 0.03841, 0.05868, 0.00461 
68460.0, 10.17045, 0.20377, 2.20643, 4.19644, 0.00255, 0.26726, 5.54717, -0.00026, 0.02948, 0.32532, 0.06081, 0.24629, 0.00506, -0.03931, 0.10239, 0.01949, -0.01418, 0.03729, 0.05218, 0.02416, 0.06864, 0.00735 
68520.0, 13.29586, 0.23307, 2.78027, 4.73559, 0.01151, 0.40033, 6.04436, 0.00861, 0.33294, 0.43113, 0.06644, 0.24441, 0.00537, -0.05387, 0.10676, 0.01882, -0.02100, 0.01830, 0.20200, 0.03573, 0.06699, 0.00268 
68580.0, 10.39065, 0.21980, 2.40393, 4.37188, 0.00117, 0.24293, 5.51808, -0.00026, 0.10908, 0.32487, 0.09226, 0.28507, -0.00028, -0.01912, 0.11868, 0.03830, -0.00190, 0.01647, 0.07664, 0.01939, 0.05100, 0.00330 
68640.0, 9.82869, 0.21219, 2.31786, 4.01390, 0.00065, 0.24854, 5.40850, 0.00387, 0.05369, 0.31646, 0.01145, 0.28142, -0.01019, -0.04350, 0.10599, 0.03009, -0.00917, 0.04670, 0.05502, 0.05229, 0.06539, 0.00296 
68700.0, 9.85040, 0.19518, 2.26378, 4.25637, 0.00106, 0.24621, 5.55772, -0.00027, 0.04981, 0.32457, 0.06118, 0.28779, -0.00198, -0.00929, 0.11330, 0.03355, -0.01274, 0.01662, 0.06298, 0.06583, 0.06070, 0.00492 
68760.0, 11.99741, 0.20551, 2.55242, 4.89561, 0.00256, 0.29261, 5.88117, 0.01708, 0.15468, 0.34050, 0.07458, 0.34432, -0.01020, -0.04804, 0.15085, 0.04505, -0.01069, 0.03580, 0.11763, 0.04393, 0.06265, 0.00321 
68820.0, 10.27955, 0.17784, 2.24149, 3.93379, 0.00183, 0.26571, 5.38183, -0.00027, 0.05592, 0.28259, 0.02426, 0.23994, -0.00632, -0.01980, 0.09340, 0.03693, -0.02154, 0.02596, 0.04263, 0.02714, 0.05926, 0.00624 
68880.0, 10.35191, 0.20297, 2.21452, 4.49594, 0.00070, 0.28007, 5.39708, -0.00027, 0.06246, 0.30879, 0.01637, 0.29551, 0.01351, -0.02709, 0.13145, 0.04121, -0.02074, 0.05147, 0.06404, 0.08237, 0.06321, 0.00628 
68940.0, 9.62995, 0.19929, 2.09810, 3.96385, -0.00085, 0.24366, 5.26894, -0.00027, 0.04365, 0.30688, 0.06299, 0.25884, 0.01119, -0.02126, 0.09139, 0.02431, -0.01338, 0.02569, 0.03911, 0.02822, 0.05684, 0.00376 
69000.0, 9.74254, 0.18500, 2.01791, 3.42844, 0.00263, 0.26579, 5.32756, 0.01238, 0.12821, 0.29865, 0.01814, 0.23416, -0.01022, -0.03436, 0.08636, 0.02177, -0.02170, 0.02269, 0.04670, 0.03454, 0.06176, 0.00356 
69060.0, 10.28808, 0.18519, 2.28022, 4.31429, 0.00117, 0.26344, 5.43674, -0.00028, 0.21586, 0.34080, 0.07133, 0.30194, 0.00644, -0.01336, 0.12694, 0.03375, -0.02175, 0.04076, 0.05677, 0.06877, 0.06564, 0.00270 
69120.0, 9.62682, 0.19422, 2.10081, 3.55410, 0.00088, 0.24096, 5.18131, -0.00028, 0.14584, 0.30112, 0.05826, 0.24273, 0.00843, -0.02836, 0.09408, 0.02412, -0.02180, 0.02481, 0.04303, 0.03128, 0.06406, 0.00170 
69180.0, 9.91586, 0.20541, 2.18537, 4.09200, 0.00087, 0.23065, 5.41426, 0.00255, 0.15901, 0.30862, 0.04982, 0.24166, 0.01436, -0.01787, 0.12191, 0.02289, -0.01514, 0.05304, 0.06529, 0.04090, 0.06486, 0.00506 
69240.0, 8.47501, 0.21035, 2.03465, 3.38155, 0.00128, 0.23610, 5.26439, 0.00780, 0.11044, 0.26605, 0.04316, 0.22891, -0.01024, 0.00691, 0.10748, 0.03428, -0.02191, 0.03913, 0.04449, 0.04822, 0.06937, 0.00323 
69300.0, 8.71646, 0.21155, 1.74781, 3.27394, 0.00419, 0.22537, 5.11772, -0.00028, 0.00000, 0.26168, 0.02298, 0.25054, 0.01580, 0.02213, 0.08784, 0.02308, -0.00591, 0.05220, 0.05805, 0.01887, 0.05846, 0.00159 
69360.0, 9.09292, 0.17517, 2.02800, 2.97585, -0.00085, 0.21861, 5.24288, -0.00028, 0.02521, 0.26859, -0.00036, 0.21563, -0.01025, 0.00995, 0.10383, 0.02373, -0.01512, 0.03786, 0.05210, 0.03498, 0.04757, 0.00509 
69420.0, 9.33505, 0.20297, 1.75578, 3.13076, 0.00102, 0.22197, 5.11408, -0.00029, 0.00000, 0.25373, 0.03740, 0.18766, 0.00542, -0.00448, 0.09180, 0.02716, -0.02051, 0.03812, 0.02701, 0.04874, 0.05777, 0.00236 
69480.0, 8.72093, 0.20590, 1.81041, 3.30889, 0.00157, 0.22499, 5.14142, 0.00409, 0.19736, 0.27970, 0.02868, 0.24101, 0.00004, 0.00241, 0.09947, 0.01949, -0.02212, 0.04256, 0.08315, 0.03568, 0.05641, 0.00284 
69540.0, 8.75268, 0.20445, 1.95276, 3.23162, 0.00313, 0.25022, 5.27490, -0.00029, 0.17571, 0.29314, 0.01770, 0.24938, -0.00906, 0.01770, 0.10248, 0.02188, -0.02217, 0.02244, 0.07088, 0.05525, 0.05772, 0.00429 
69600.0, 7.60815, 0.20907, 1.65160, 2.58917, 0.00106, 0.23759, 5.03065, 0.00208, 0.18388, 0.23860, -0.02756, 0.17933, -0.01027, 0.02115, 0.09151, 0.01996, -0.01506, 0.02387, 0.08562, 0.02417, 0.05702, 0.00031 
