CampaignData_and_Merges/R0/CSL_MobileLab_Parked/raw/20240719/USOS-NOAAIodideCIMS-N2O5_MobileLabGround_20240719_RA.ict
34, 1001
Michael A Robinson, Chris Jernigan, Subi Thakali
NOAA ESRL Chemical Sciences Laboratory and CIRES, U. of Colorado
NOAA Iodide CIMS Instrument
USOS
1, 1
2024, 07, 19, 2024, 07, 20
0
starttime_UTC, seconds_past_midnight, seconds_of_day_since_00:00:00_UTC
1
1
-9999
N2O5_NOAACIMS, pptv, Gas_N2O5_InSitu_S_AVMR
1
N/A
18
PI_CONTACT_INFO: 325 Broadway, R/CSD 7, Boulder, Colorado 80305; michael.a.robinson@noaa.gov; chris.jernigan@noaa.gov;
PLATFORM: NOAA CSL Mobile Lab
LOCATION: SLC, Utah
ASSOCIATED_DATA: 1Hz data also available on request.
INSTRUMENT_INFO: NOAA I- ToF CIMS
DATA_INFO: Units: pptv
UNCERTAINTY: tbd
ULOD_FLAG: -7777
ULOD_VALUE: N/A
LLOD_FLAG: -8888
LLOD_VALUE: N/A
DM_CONTACT_INFO: Nathan Howard; nathan.h.howard@noaa.gov
PROJECT_INFO: USOS, summer 2024. https://csl.noaa.gov/groups/csl7/measurements/2024usos/
STIPULATIONS_ON_USE: only the USOS science team is allowed to use this data
OTHER_COMMENTS: Field data; Data are averaged to 1 minute intervals. Stationary data collected from a 10 ft tower on top of the mobile lab
REVISION: RA
RA: Preliminary Data; For in-field use only
starttime_UTC, N2O5_NOAACIMS
0,-9999.000
60,-9999.000
120,-9999.000
180,-9999.000
240,-9999.000
300,-9999.000
360,-9999.000
420,-9999.000
480,-9999.000
540,-9999.000
600,-9999.000
660,-9999.000
720,-9999.000
780,-9999.000
840,-9999.000
900,-9999.000
960,-9999.000
1020,-9999.000
1080,-9999.000
1140,-9999.000
1200,-9999.000
1260,-9999.000
1320,-9999.000
1380,-9999.000
1440,-9999.000
1500,-9999.000
1560,-9999.000
1620,-9999.000
1680,-9999.000
1740,-9999.000
1800,-9999.000
1860,-9999.000
1920,-9999.000
1980,-9999.000
2040,-9999.000
2100,-9999.000
2160,-9999.000
2220,-9999.000
2280,-9999.000
2340,-9999.000
2400,-9999.000
2460,-9999.000
2520,-9999.000
2580,-9999.000
2640,-9999.000
2700,-9999.000
2760,-9999.000
2820,-9999.000
2880,-9999.000
2940,-9999.000
3000,-9999.000
3060,-9999.000
3120,-9999.000
3180,-9999.000
3240,-9999.000
3300,-9999.000
3360,-9999.000
3420,-9999.000
3480,-9999.000
3540,-9999.000
3600,-9999.000
3660,-9999.000
3720,-9999.000
3780,-9999.000
3840,-9999.000
3900,-9999.000
3960,-9999.000
4020,-9999.000
4080,-9999.000
4140,-9999.000
4200,-9999.000
4260,-9999.000
4320,-9999.000
4380,-9999.000
4440,-9999.000
4500,1.652
4560,1.379
4620,1.096
4680,1.128
4740,1.099
4800,1.192
4860,1.206
4920,0.871
4980,1.436
5040,1.318
5100,1.128
5160,0.912
5220,1.049
5280,1.298
5340,0.943
5400,1.114
5460,1.209
5520,1.237
5580,1.264
5640,1.408
5700,1.422
5760,1.302
5820,1.250
5880,1.794
5940,1.652
6000,1.901
6060,1.633
6120,2.058
6180,1.864
6240,1.670
6300,2.799
6360,2.995
6420,2.402
6480,3.168
6540,3.187
6600,2.939
6660,2.941
6720,2.441
6780,1.895
6840,3.910
6900,4.346
6960,3.746
7020,5.075
7080,2.790
7140,2.659
7200,2.913
7260,4.003
7320,2.440
7380,2.461
7440,2.024
7500,2.577
7560,3.147
7620,3.703
7680,2.808
7740,2.743
7800,2.322
7860,1.674
7920,1.689
7980,2.561
8040,2.151
8100,1.739
8160,1.402
8220,1.310
8280,0.990
8340,1.263
8400,1.438
8460,1.294
8520,1.167
8580,1.224
8640,1.247
8700,1.357
8760,1.476
8820,1.381
8880,1.624
8940,1.773
9000,1.540
9060,1.773
9120,2.152
9180,2.890
9240,3.152
9300,2.844
9360,2.237
9420,2.356
9480,3.621
9540,2.631
9600,2.363
9660,3.177
9720,3.066
9780,3.588
9840,5.474
9900,5.254
9960,4.135
10020,3.356
10080,3.695
10140,1.841
10200,1.930
10260,2.825
10320,3.396
10380,3.605
10440,2.586
10500,3.253
10560,4.852
10620,3.170
10680,4.483
10740,4.057
10800,4.589
10860,3.180
10920,4.402
10980,2.478
11040,3.037
11100,4.130
11160,5.274
11220,4.895
11280,2.797
11340,3.245
11400,2.877
11460,2.480
11520,2.453
11580,2.426
11640,2.687
11700,3.690
11760,4.164
11820,5.194
11880,3.617
11940,2.857
12000,3.241
12060,3.456
12120,3.200
12180,2.162
12240,3.526
12300,2.593
12360,5.094
12420,5.024
12480,6.971
12540,6.647
12600,9.087
12660,8.799
12720,8.314
12780,8.078
12840,6.170
12900,7.274
12960,3.718
13020,7.360
13080,4.991
13140,5.520
13200,5.515
13260,4.412
13320,5.716
13380,3.311
13440,4.792
13500,5.150
13560,7.617
13620,11.889
13680,7.404
13740,17.117
13800,17.319
13860,6.394
13920,7.608
13980,15.727
14040,12.281
14100,7.979
14160,-9999.000
14220,10.110
14280,8.096
14340,8.542
14400,9.242
14460,16.898
14520,22.106
14580,18.742
14640,12.450
14700,13.667
14760,8.743
14820,12.653
14880,13.786
14940,16.394
15000,18.997
15060,19.854
15120,18.425
15180,14.485
15240,11.173
15300,12.844
15360,10.851
15420,19.968
15480,19.465
15540,41.620
15600,39.710
15660,24.543
15720,11.388
15780,10.300
15840,13.251
15900,10.055
15960,12.615
16020,39.157
16080,36.629
16140,32.250
16200,42.994
16260,40.860
16320,26.639
16380,32.949
16440,38.286
16500,58.148
16560,24.882
16620,20.678
16680,18.646
16740,16.669
16800,10.794
16860,8.750
16920,8.586
16980,11.943
17040,11.214
17100,9.124
17160,11.004
17220,9.705
17280,8.539
17340,8.527
17400,9.128
17460,8.736
17520,9.595
17580,9.736
17640,8.191
17700,7.146
17760,6.348
17820,6.338
17880,5.548
17940,6.020
18000,5.699
18060,4.983
18120,5.894
18180,6.018
18240,6.476
18300,6.035
18360,4.712
18420,4.170
18480,4.179
18540,3.774
18600,3.500
18660,3.663
18720,3.457
18780,3.691
18840,3.929
18900,3.684
18960,3.466
19020,3.416
19080,3.093
19140,3.264
19200,3.396
19260,3.295
19320,3.081
19380,3.199
19440,3.306
19500,2.945
19560,3.067
19620,2.778
19680,2.711
19740,2.781
19800,2.306
19860,2.611
19920,3.055
19980,3.079
20040,2.344
20100,2.203
20160,2.642
20220,2.405
20280,1.884
20340,2.250
20400,2.384
20460,2.582
20520,2.446
20580,2.517
20640,2.513
20700,2.215
20760,2.168
20820,2.342
20880,2.381
20940,2.341
21000,2.639
21060,2.612
21120,2.668
21180,2.622
21240,2.720
21300,2.402
21360,2.898
21420,2.701
21480,2.418
21540,2.560
21600,-9999.000
21660,-9999.000
21720,-9999.000
21780,-9999.000
21840,-9999.000
21900,-9999.000
21960,-9999.000
22020,-9999.000
22080,-9999.000
22140,-9999.000
22200,-9999.000
22260,-9999.000
22320,-9999.000
22380,-9999.000
22440,-9999.000
22500,1.854
22560,2.183
22620,1.970
22680,1.826
22740,1.640
22800,1.842
22860,2.037
22920,1.698
22980,2.066
23040,1.959
23100,2.088
23160,2.211
23220,2.069
23280,1.922
23340,2.268
23400,1.839
23460,2.060
23520,2.546
23580,2.106
23640,2.083
23700,1.993
23760,2.068
23820,2.172
23880,2.173
23940,2.017
24000,2.036
24060,2.254
24120,2.095
24180,2.136
24240,2.153
24300,2.089
24360,2.294
24420,2.078
24480,2.119
24540,1.940
24600,2.015
24660,1.893
24720,1.842
24780,2.168
24840,2.339
24900,1.930
24960,1.941
25020,2.335
25080,2.047
25140,1.912
25200,2.147
25260,2.404
25320,2.566
25380,2.708
25440,2.549
25500,2.808
25560,2.780
25620,2.393
25680,2.196
25740,2.566
25800,2.327
25860,2.169
25920,2.256
25980,2.336
26040,2.195
26100,2.104
26160,1.809
26220,2.289
26280,1.928
26340,1.926
26400,1.846
26460,2.275
26520,2.278
26580,2.221
26640,2.032
26700,2.227
26760,2.006
26820,1.711
26880,2.067
26940,2.201
27000,2.149
27060,2.309
27120,1.643
27180,1.891
27240,2.063
27300,2.094
27360,1.983
27420,2.003
27480,2.302
27540,2.239
27600,2.254
27660,1.666
27720,2.184
27780,2.197
27840,2.220
27900,2.282
27960,1.971
28020,1.897
28080,2.265
28140,1.796
28200,2.153
28260,2.115
28320,2.337
28380,2.598
28440,2.403
28500,3.092
28560,4.176
28620,4.932
28680,4.555
28740,4.569
28800,4.397
28860,8.287
28920,6.784
28980,7.328
29040,6.508
29100,7.089
29160,6.427
29220,6.786
29280,6.289
29340,15.366
29400,18.381
29460,16.190
29520,9.337
29580,9.709
29640,14.773
29700,8.779
29760,7.013
29820,8.258
29880,8.671
29940,7.424
30000,7.577
30060,7.566
30120,6.734
30180,5.099
30240,4.432
30300,5.348
30360,4.498
30420,3.220
30480,2.666
30540,2.580
30600,2.398
30660,2.376
30720,2.737
30780,2.385
30840,3.075
30900,2.583
30960,3.764
31020,3.729
31080,4.396
31140,4.196
31200,3.791
31260,3.750
31320,3.714
31380,2.612
31440,2.528
31500,3.384
31560,3.808
31620,4.268
31680,5.806
31740,8.808
31800,5.290
31860,6.593
31920,5.990
31980,5.780
32040,8.687
32100,10.272
32160,10.249
32220,12.545
32280,12.731
32340,14.563
32400,13.830
32460,13.862
32520,14.895
32580,14.532
32640,-9999.000
32700,16.088
32760,14.379
32820,14.294
32880,15.704
32940,14.043
33000,15.323
33060,14.910
33120,13.250
33180,16.218
33240,18.999
33300,17.046
33360,16.272
33420,17.237
33480,19.622
33540,16.481
33600,15.802
33660,18.098
33720,18.782
33780,17.042
33840,15.368
33900,12.148
33960,10.646
34020,10.088
34080,11.519
34140,10.329
34200,6.579
34260,6.323
34320,7.400
34380,7.055
34440,6.073
34500,6.080
34560,5.693
34620,7.932
34680,12.087
34740,13.030
34800,18.032
34860,19.274
34920,12.530
34980,12.496
35040,10.261
35100,9.257
35160,8.059
35220,8.640
35280,10.480
35340,11.963
35400,11.906
35460,9.506
35520,8.453
35580,8.059
35640,7.421
35700,9.559
35760,7.746
35820,7.104
35880,8.194
35940,6.371
36000,7.882
36060,5.842
36120,8.663
36180,6.498
36240,8.314
36300,10.060
36360,9.417
36420,8.534
36480,11.282
36540,9.360
36600,8.899
36660,8.711
36720,8.709
36780,10.089
36840,12.847
36900,11.795
36960,6.585
37020,6.287
37080,5.841
37140,5.506
37200,5.268
37260,4.157
37320,3.791
37380,3.586
37440,3.532
37500,2.927
37560,3.588
37620,2.779
37680,3.308
37740,2.809
37800,2.865
37860,2.734
37920,2.650
37980,3.215
38040,2.383
38100,2.701
38160,1.972
38220,2.120
38280,2.520
38340,2.312
38400,2.929
38460,1.874
38520,2.454
38580,2.713
38640,2.571
38700,2.146
38760,2.836
38820,2.395
38880,3.062
38940,3.419
39000,2.916
39060,2.561
39120,2.299
39180,2.251
39240,1.568
39300,1.826
39360,1.577
39420,2.244
39480,2.634
39540,2.691
39600,2.491
39660,3.196
39720,4.479
39780,4.125
39840,3.840
39900,3.354
39960,3.824
40020,4.246
40080,4.548
40140,4.684
40200,4.873
40260,4.876
40320,3.582
40380,3.778
40440,3.536
40500,3.015
40560,2.716
40620,2.814
40680,3.777
40740,2.934
40800,3.136
40860,3.016
40920,4.029
40980,3.849
41040,3.940
41100,3.902
41160,4.200
41220,5.031
41280,4.876
41340,4.978
41400,4.709
41460,4.599
41520,4.069
41580,4.017
41640,4.532
41700,4.487
41760,5.952
41820,4.831
41880,5.502
41940,4.898
42000,5.231
42060,5.632
42120,5.473
42180,4.472
42240,4.563
42300,4.097
42360,3.214
42420,4.496
42480,4.689
42540,5.335
42600,4.025
42660,5.100
42720,4.779
42780,4.093
42840,4.478
42900,5.638
42960,5.447
43020,5.316
43080,5.007
43140,4.188
43200,5.063
43260,4.522
43320,4.531
43380,4.162
43440,3.875
43500,4.055
43560,3.335
43620,5.074
43680,4.749
43740,4.097
43800,4.125
43860,3.484
43920,4.332
43980,3.987
44040,3.749
44100,3.803
44160,4.843
44220,4.414
44280,5.060
44340,4.325
44400,4.856
44460,5.781
44520,6.542
44580,7.016
44640,4.767
44700,5.429
44760,5.390
44820,5.030
44880,5.464
44940,5.046
45000,4.988
45060,5.230
45120,6.859
45180,4.638
45240,4.536
45300,3.514
45360,4.443
45420,3.794
45480,4.805
45540,5.873
45600,4.164
45660,4.059
45720,3.985
45780,2.641
45840,2.419
45900,2.182
45960,2.509
46020,1.723
46080,2.219
46140,1.943
46200,2.273
46260,1.930
46320,2.169
46380,2.178
46440,1.989
46500,2.112
46560,2.114
46620,2.170
46680,1.817
46740,2.077
46800,1.474
46860,1.683
46920,0.804
46980,0.989
47040,0.988
47100,0.784
47160,0.998
47220,0.884
47280,0.863
47340,0.651
47400,1.244
47460,0.599
47520,1.249
47580,0.840
47640,1.077
47700,0.880
47760,0.961
47820,0.889
47880,0.759
47940,0.843
48000,0.628
48060,0.825
48120,0.526
48180,0.642
48240,0.642
48300,0.675
48360,0.679
48420,0.817
48480,0.593
48540,0.722
48600,0.883
48660,0.770
48720,0.673
48780,0.660
48840,0.849
48900,0.867
48960,0.697
49020,0.716
49080,0.592
49140,0.748
49200,0.568
49260,0.393
49320,0.622
49380,0.829
49440,1.043
49500,0.861
49560,0.877
49620,1.128
49680,0.609
49740,0.830
49800,0.582
49860,0.691
49920,0.626
49980,0.778
50040,0.748
50100,0.749
50160,0.660
50220,0.779
50280,0.630
50340,0.771
50400,0.824
50460,0.633
50520,0.795
50580,0.895
50640,0.965
50700,0.764
50760,0.728
50820,0.715
50880,0.740
50940,0.537
51000,0.684
51060,0.424
51120,-9999.000
51180,0.586
51240,0.560
51300,0.774
51360,0.905
51420,0.492
51480,0.767
51540,0.535
51600,0.655
51660,0.850
51720,0.527
51780,0.841
51840,0.533
51900,0.626
51960,0.632
52020,0.627
52080,0.710
52140,0.631
52200,0.507
52260,0.612
52320,0.517
52380,0.465
52440,0.305
52500,0.472
52560,0.623
52620,0.914
52680,0.927
52740,1.417
52800,0.995
52860,1.476
52920,1.250
52980,1.348
53040,1.532
53100,1.747
53160,1.796
53220,1.809
53280,2.027
53340,1.991
53400,2.005
53460,1.886
53520,2.139
53580,1.738
53640,1.749
53700,2.045
53760,1.697
53820,1.874
53880,1.748
53940,1.836
54000,1.893
54060,2.389
54120,2.031
54180,1.847
54240,1.687
54300,1.883
54360,2.043
54420,2.185
54480,2.137
54540,2.114
54600,1.989
54660,1.953
54720,2.159
54780,1.631
54840,1.758
54900,2.073
54960,1.870
55020,1.952
55080,2.200
55140,2.267
55200,1.775
55260,1.834
55320,1.373
55380,1.763
55440,1.421
55500,1.329
55560,1.728
55620,1.455
55680,1.741
55740,1.428
55800,1.651
55860,1.480
55920,1.513
55980,1.350
56040,1.573
56100,1.561
56160,1.606
56220,1.584
56280,1.289
56340,1.351
56400,1.340
56460,1.603
56520,1.344
56580,1.559
56640,1.201
56700,1.300
56760,1.406
56820,1.520
56880,1.603
56940,1.237
57000,1.091
57060,1.392
57120,1.199
57180,1.482
57240,1.419
57300,1.241
57360,1.101
57420,1.191
57480,1.036
57540,1.276
57600,1.165
57660,1.147
57720,1.031
57780,1.074
57840,1.006
57900,1.028
57960,0.804
58020,1.102
58080,1.069
58140,1.166
58200,1.234
58260,1.008
58320,1.196
58380,0.991
58440,1.039
58500,1.902
58560,0.786
58620,0.810
58680,0.872
58740,0.867
58800,0.666
58860,0.833
58920,0.724
58980,0.806
59040,0.716
59100,0.694
59160,0.899
59220,0.932
59280,0.661
59340,0.746
59400,0.829
59460,0.791
59520,0.702
59580,0.874
59640,0.839
59700,0.719
59760,0.660
59820,0.707
59880,0.694
59940,0.770
60000,0.921
60060,1.012
60120,0.684
60180,0.579
60240,0.652
60300,0.951
60360,-0.194
60420,-9999.000
60480,-9999.000
60540,-9999.000
60600,-9999.000
60660,-9999.000
60720,-9999.000
60780,-9999.000
60840,-9999.000
60900,-9999.000
60960,-9999.000
61020,-9999.000
61080,-9999.000
61140,-9999.000
61200,-9999.000
61260,-9999.000
61320,-9999.000
61380,-9999.000
61440,-9999.000
61500,-9999.000
61560,-9999.000
61620,-9999.000
61680,-9999.000
61740,-9999.000
61800,-9999.000
61860,-9999.000
61920,-9999.000
61980,-9999.000
62040,-9999.000
62100,-9999.000
62160,-9999.000
62220,-9999.000
62280,-9999.000
62340,-9999.000
62400,-9999.000
62460,-9999.000
62520,-9999.000
62580,-9999.000
62640,-9999.000
62700,-9999.000
62760,-9999.000
62820,-9999.000
62880,-9999.000
62940,-9999.000
63000,-9999.000
63060,-9999.000
63120,-9999.000
63180,-9999.000
63240,-9999.000
63300,-9999.000
63360,-9999.000
63420,-9999.000
63480,-9999.000
63540,-9999.000
63600,-9999.000
63660,-9999.000
63720,-9999.000
63780,-9999.000
63840,-9999.000
63900,-9999.000
63960,-9999.000
64020,-9999.000
64080,-9999.000
64140,-9999.000
64200,-9999.000
64260,-9999.000
64320,-9999.000
64380,-9999.000
64440,-9999.000
64500,-9999.000
64560,-9999.000
64620,-9999.000
64680,-9999.000
64740,-9999.000
64800,-9999.000
64860,-9999.000
64920,-9999.000
64980,-9999.000
65040,-9999.000
65100,-9999.000
65160,-9999.000
65220,-9999.000
65280,-9999.000
65340,-9999.000
65400,-9999.000
65460,-9999.000
65520,-9999.000
65580,-9999.000
65640,-9999.000
65700,-9999.000
65760,-9999.000
65820,-9999.000
65880,-9999.000
65940,-9999.000
66000,-9999.000
66060,-9999.000
66120,-9999.000
66180,-9999.000
66240,-9999.000
66300,-9999.000
66360,-9999.000
66420,-9999.000
66480,-9999.000
66540,-9999.000
66600,-9999.000
66660,-9999.000
66720,-9999.000
66780,-9999.000
66840,-9999.000
66900,-9999.000
66960,-9999.000
67020,-9999.000
67080,-9999.000
67140,-9999.000
67200,-9999.000
67260,-9999.000
67320,-9999.000
67380,-9999.000
67440,-9999.000
67500,-9999.000
67560,-9999.000
67620,-9999.000
67680,-9999.000
67740,-9999.000
67800,-9999.000
67860,-9999.000
67920,-9999.000
67980,-9999.000
68040,-9999.000
68100,-9999.000
68160,-9999.000
68220,-9999.000
68280,-9999.000
68340,-9999.000
68400,-9999.000
68460,-9999.000
68520,-9999.000
68580,-9999.000
68640,-9999.000
68700,-9999.000
68760,-9999.000
68820,-9999.000
68880,-9999.000
68940,-9999.000
69000,-9999.000
69060,-9999.000
69120,-9999.000
69180,-9999.000
69240,-9999.000
69300,-9999.000
69360,-9999.000
69420,-9999.000
69480,-9999.000
69540,-9999.000
69600,-9999.000
69660,-9999.000
69720,-9999.000
69780,-9999.000
69840,-9999.000
69900,-9999.000
69960,-9999.000
70020,-9999.000
70080,-9999.000
70140,-9999.000
70200,-9999.000
70260,-9999.000
70320,-9999.000
70380,-9999.000
70440,-9999.000
70500,-9999.000
70560,-9999.000
70620,-9999.000
70680,-9999.000
70740,-9999.000
70800,-9999.000
70860,-9999.000
70920,-9999.000
70980,-9999.000
71040,-9999.000
71100,-9999.000
71160,-9999.000
71220,-9999.000
71280,-9999.000
71340,-9999.000
71400,-9999.000
71460,-9999.000
71520,-9999.000
71580,-9999.000
71640,-9999.000
71700,-9999.000
71760,-9999.000
71820,-9999.000
71880,-9999.000
71940,-9999.000
72000,-9999.000
72060,-9999.000
72120,-9999.000
72180,-9999.000
72240,-9999.000
72300,-9999.000
72360,-9999.000
72420,-9999.000
72480,-9999.000
72540,-9999.000
72600,-9999.000
72660,-9999.000
72720,-9999.000
72780,-9999.000
72840,-9999.000
72900,-9999.000
72960,-9999.000
73020,-9999.000
73080,-9999.000
73140,-9999.000
73200,-9999.000
73260,-9999.000
73320,-9999.000
73380,-9999.000
73440,-9999.000
73500,-9999.000
73560,-9999.000
73620,-9999.000
73680,-9999.000
73740,-9999.000
73800,-9999.000
73860,-9999.000
73920,-9999.000
73980,-9999.000
74040,-9999.000
74100,-9999.000
74160,-9999.000
74220,-9999.000
74280,-9999.000
74340,-9999.000
74400,-9999.000
74460,-9999.000
74520,-9999.000
74580,-9999.000
74640,-9999.000
74700,-9999.000
74760,-9999.000
74820,-9999.000
74880,-9999.000
74940,-9999.000
75000,-9999.000
75060,-9999.000
75120,-9999.000
75180,-9999.000
75240,-9999.000
75300,-9999.000
75360,-9999.000
75420,-9999.000
75480,-9999.000
75540,-9999.000
75600,-9999.000
75660,-9999.000
75720,-9999.000
75780,-9999.000
75840,-9999.000
75900,-9999.000
75960,-9999.000
76020,-9999.000
76080,-9999.000
76140,-9999.000
76200,-9999.000
76260,-9999.000
76320,-9999.000
76380,-9999.000
76440,-9999.000
76500,-9999.000
76560,-9999.000
76620,-9999.000
76680,-9999.000
76740,-9999.000
76800,-9999.000
76860,-9999.000
76920,-9999.000
76980,-9999.000
77040,-9999.000
77100,-9999.000
77160,-9999.000
77220,-9999.000
77280,-9999.000
77340,-9999.000
77400,-9999.000
77460,-9999.000
77520,-9999.000
77580,-9999.000
77640,-9999.000
77700,-9999.000
77760,-9999.000
77820,-9999.000
77880,-9999.000
77940,-9999.000
78000,-9999.000
78060,-9999.000
78120,-9999.000
78180,-9999.000
78240,-9999.000
78300,-9999.000
78360,-9999.000
78420,0.008
78480,0.082
78540,0.024
78600,0.016
78660,0.111
78720,0.036
78780,-0.025
78840,0.062
78900,0.080
78960,0.084
79020,0.028
79080,0.017
79140,0.039
79200,-0.004
79260,0.008
79320,0.033
79380,-0.034
79440,0.011
79500,0.058
79560,-0.020
79620,-0.035
79680,0.059
79740,0.112
79800,-0.009
79860,0.058
79920,0.018
79980,0.052
80040,0.026
80100,-0.014
80160,-0.016
80220,0.009
80280,0.123
80340,-0.013
80400,-9999.000
80460,0.002
80520,0.025
80580,-0.043
80640,0.044
80700,-0.133
80760,0.051
80820,-0.007
80880,0.004
80940,0.030
81000,-0.020
81060,0.005
81120,0.014
81180,0.005
81240,0.010
81300,-0.007
81360,-9999.000
81420,-9999.000
81480,-9999.000
81540,-9999.000
81600,-9999.000
81660,-9999.000
81720,-9999.000
81780,-9999.000
81840,-9999.000
81900,-9999.000
81960,-9999.000
82020,-9999.000
82080,-9999.000
82140,-9999.000
82200,-9999.000
82260,-9999.000
82320,-9999.000
82380,-9999.000
82440,-9999.000
82500,-9999.000
82560,-9999.000
82620,-9999.000
82680,-9999.000
82740,0.006
82800,0.013
82860,0.035
82920,0.074
82980,0.058
83040,0.096
83100,-0.007
83160,0.010
83220,0.087
83280,0.081
83340,0.012
83400,0.108
83460,0.108
83520,0.048
83580,0.052
83640,0.186
83700,-9999.000
83760,-9999.000
83820,-9999.000
83880,-9999.000
83940,-9999.000
84000,-9999.000
84060,-9999.000
84120,-9999.000
84180,-9999.000
84240,-9999.000
84300,-9999.000
84360,-9999.000
84420,-9999.000
84480,-9999.000
84540,-9999.000
84600,-9999.000
84660,-9999.000
84720,-9999.000
84780,-9999.000
84840,-9999.000
84900,-9999.000
84960,-9999.000
85020,-9999.000
85080,-9999.000
85140,-9999.000
85200,-9999.000
85260,-9999.000
85320,-9999.000
85380,-9999.000
85440,-9999.000
85500,-9999.000
85560,-9999.000
85620,-9999.000
85680,-9999.000
85740,-9999.000
85800,-9999.000
85860,-9999.000
85920,-9999.000
85980,-9999.000
86040,-9999.000
86100,-9999.000
86160,-9999.000
86220,-9999.000
86280,0.053
86340,-0.004
