CampaignData_and_Merges/R0/CSL_MobileLab_Parked/raw/20240719/USOS-POPS_MobileLabGround_20240719_R0.ict
78, 1001
Thornberry, T. D.
NOAA Chemical Sciences Laboratory
Portable Optical Particle Spectrometer (POPS)
USOS
1, 1
2024, 07, 19, 2025, 05, 08
60
Time_Start, seconds_past_midnight, Start time of measurement
45
1, 1, 1, 1, 1, 1, 1, 1, 1, 1, 1, 1, 1, 1, 1, 1, 1, 1, 1, 1, 1, 1, 1, 1, 1, 1, 1, 1, 1, 1, 1, 1, 1, 1, 1, 1, 1, 1, 1, 1, 1, 1, 1, 1, 1
-9999, -9999, -9999, -9999, -9999, -9999, -9999, -9999, -9999, -9999, -9999, -9999, -9999, -9999, -9999, -9999, -9999, -9999, -9999, -9999, -9999, -9999, -9999, -9999, -9999, -9999, -9999, -9999, -9999, -9999, -9999, -9999, -9999, -9999, -9999, -9999, -9999, -9999, -9999, -9999, -9999, -9999, -9999, -9999, -9999
Time_Stop, seconds_past_midnight, Stop time of measurement
Time_Mid, seconds_past_midnight, Mid time of measurement
Press_mb, mb, Pressure reported (mb)
Temp_C, degrees C, POPS temperature measurement
Aerosol_concentration, cm^-3, Aerosol concentration
Surface_Area_Conc, um^2 cm^-3, Surface area concentration
Volume_density, um^3 cm^-3, Volume density
Effective_radius, um, Effective radius
Extinction, km^-1, Extinction
Bin01, cm^-3, particle concentration in size range [1401 - 146.3 nm]
Bin02, cm^-3, particle concentration in size range [146.3 - 152.8 nm]
Bin03, cm^-3, particle concentration in size range [152.8 - 159.6 nm]
Bin04, cm^-3, particle concentration in size range [159.6 - 166.8 nm]
Bin05, cm^-3, particle concentration in size range [166.8 - 174.2 nm]
Bin06, cm^-3, particle concentration in size range [174.2 - 181.9 nm]
Bin07, cm^-3, particle concentration in size range [181.9 - 190.0 nm]
Bin08, cm^-3, particle concentration in size range [190.0 - 198.5 nm]
Bin09, cm^-3, particle concentration in size range [198.5 - 207.4 nm]
Bin10, cm^-3, particle concentration in size range [207.4 - 216.6 nm]
Bin11, cm^-3, particle concentration in size range [216.6 - 226.2 nm]
Bin12, cm^-3, particle concentration in size range [226.2 - 236.3 nm]
Bin13, cm^-3, particle concentration in size range [236.3 - 246.8 nm]
Bin14, cm^-3, particle concentration in size range [246.8 - 257.8 nm]
Bin15, cm^-3, particle concentration in size range [257.8 - 269.3 nm]
Bin16, cm^-3, particle concentration in size range [269.3 - 343.4 nm]
Bin17, cm^-3, particle concentration in size range [343.4 - 450.7 nm]
Bin18, cm^-3, particle concentration in size range [450.7 - 525.9 nm]
Bin19, cm^-3, particle concentration in size range [525.9 - 618.5 nm]
Bin20, cm^-3, particle concentration in size range [618.5 - 710.0 nm]
Bin21, cm^-3, particle concentration in size range [710.0 - 822.7 nm]
Bin22, cm^-3, particle concentration in size range [822.7 - 885.9 nm]
Bin23, cm^-3, particle concentration in size range [885.9 - 953.9 nm]
Bin24, cm^-3, particle concentration in size range [953.9 - 1027.2 nm]
Bin25, cm^-3, particle concentration in size range [1027.2 - 1106.1 nm]
Bin26, cm^-3, particle concentration in size range [1106.1 - 1191.0 nm]
Bin27, cm^-3, particle concentration in size range [1191.0 - 1282.5 nm]
Bin28, cm^-3, particle concentration in size range [1282.5 - 1381.0 nm]
Bin29, cm^-3, particle concentration in size range [1381.0 - 1487.1 nm]
Bin30, cm^-3, particle concentration in size range [1487.1 - 1601.3 nm]
Bin31, cm^-3, particle concentration in size range [1601.3 - 1724.3 nm]
[...]
PLATFORM: NOAA CSL Mobile Lab
LOCATION: USOS
ASSOCIATED_DATA: N/A
INSTRUMENT_INFO: Printed Optical Particle Spectrometer counts particles from 140 - 2500 nm in diameter 
DATA_INFO: Particle concentrations reported in number per cubic centimeter,1 Hz data
UNCERTAINTY: Counting uncertainty dominated by air flow, less than 5 percent. Measurement range is ~0 - 3000 per cm3 (varies depending on flow rate- manufacturer quotes 1250 per cm3 at 1.667 cc/s)
ULOD_FLAG: -7777
ULOD_VALUE: N/A
LLOD_FLAG: -8888
LLOD_VALUE: N/A
DM_CONTACT_INFO: Troy Thornberry, 325 Broadway R/CSL6, Boulder, CO 80305; troy.thornberry@noaa.gov; 303-497-3373
PROJECT_INFO: USOS, Utah POPS data from NOAA CSL Mobile Lab
STIPULATIONS_ON_USE: Please contact the PIs for questions regarding applications and uncertainties
OTHER_COMMENTS: POPS bin Edges (nm):  140.1, 146.3, 152.8, 159.6, 166.8, 174.2, 181.9, 190.0, 198.5, 207.4, 216.6, 226.2, 236.3, 246.8, 257.8, 269.3, 343.4, 450.7, 525.9, 618.5, 710.0, 822.7, 885.9, 953.9, 1027.2, 1106.1, 1191.0, 1282.5, 1381.0, 1487.1, 1601.3, 1724.3, 1856.7, 1999.3, 2152.8, 2318.2, 2496.2
Calculations assume organic aerosol refractive index of 1.52+0.00j and extinction wavelength = 532 nm
REVISION: R0
R0: Final data
Time_Start, Time_Stop, Time_Mid, Press_mb, Temp_C, Aerosol_concentration, Surface_Area_Conc, Volume_density, Effective_radius, Extinction, Bin01, Bin02, Bin03, Bin04, Bin05, Bin06, Bin07, Bin08, Bin09, Bin10, Bin11, Bin12, Bin13, Bin14, Bin15, Bin16, Bin17, Bin18, Bin19, Bin20, Bin21, Bin22, Bin23, Bin24, Bin25, Bin26, Bin27, Bin28, Bin29, Bin30, Bin31, Bin32, Bin33, Bin34, Bin35, Bin36
[from data line 585]
35100,35159,35130,875.062,31.449,336.555,58.717,3.941,0.198,0.018,26.537699,25.347885,23.920153,22.868464,22.447105,20.181450,20.044502,17.946350,17.132893,16.418274,15.406009,15.267211,13.965221,12.724434,10.869288,40.278831,9.937279,2.627168,1.274880,0.236437,0.315650,0.150273,0.046129,0.063160,0.075254,0.057488,0.022951,0.034655,0.074849,0.046222,0.069555,0.028810,0.046324,0.034291,0.028679,0.028710
35160,35219,35190,875.073,31.404,332.280,58.446,3.905,0.196,0.019,26.321190,25.461227,23.349983,22.238810,21.288715,19.976730,18.672661,18.401983,17.194792,15.930931,15.112807,14.667760,14.686053,12.584902,10.825381,39.489815,10.441833,2.788654,1.459717,0.304262,0.298034,0.167838,0.063192,0.058148,0.040141,0.045471,0.051477,0.040591,0.045469,0.058124,0.080824,0.023224,0.017386,0.022862,0.005905,0.062705
35220,35279,35250,875.079,31.312,331.868,58.479,4.162,0.210,0.018,26.393772,24.305754,23.427259,22.464869,21.942015,20.618891,19.776529,18.289734,16.531799,15.897987,14.486547,14.545720,14.447603,13.320903,11.053799,39.168331,10.131206,2.433579,1.207007,0.224857,0.274757,0.190251,0.124411,0.035648,0.064832,0.041508,0.047713,0.065486,0.059169,0.023268,0.071502,0.059103,0.041646,0.029977,0.017495,0.053348
35280,35339,35310,875.095,31.218,337.348,59.940,4.285,0.209,0.019,26.519503,24.560545,23.508999,22.697042,22.425791,20.972109,19.499422,18.274145,17.248590,16.319294,15.089464,15.271196,14.510756,12.880595,11.280432,40.362511,10.487372,2.738757,1.234853,0.311065,0.287957,0.164543,0.096606,0.056260,0.051193,0.050288,0.050810,0.028413,0.039483,0.062968,0.034351,0.039929,0.051541,0.051178,0.033536,0.056440
35340,35399,35370,875.095,31.201,335.868,59.009,3.930,0.197,0.019,27.094526,25.369020,23.599953,22.593542,22.396990,20.137165,19.084892,18.160759,16.927017,16.028986,15.000898,14.645437,14.229969,13.215568,11.116941,40.004818,10.595254,2.867902,1.352716,0.293547,0.337177,0.147430,0.096477,0.051098,0.079074,0.051409,0.034188,0.039633,0.045127,0.079197,0.056992,0.028085,0.011362,0.022094,0.027832,0.045203
35400,35459,35430,875.076,31.132,331.417,58.136,3.921,0.198,0.018,25.770287,25.070141,23.320024,22.287863,21.947830,19.839849,18.887846,17.870235,16.806675,15.720376,14.887959,15.072237,13.819896,12.956172,11.341217,40.206207,10.305739,2.757454,1.234384,0.288545,0.265735,0.119666,0.102403,0.056923,0.057151,0.050699,0.016988,0.017143,0.045672,0.084692,0.050244,0.039843,0.033795,0.022686,0.005450,0.056927
35460,35519,35490,875.068,31.073,330.013,57.728,3.762,0.192,0.018,26.888371,24.085703,22.998833,22.292027,21.121412,20.213491,19.011673,18.079140,16.621708,15.980214,14.694806,14.738896,14.117518,12.982511,10.728711,39.552841,10.423968,2.847014,1.291170,0.245625,0.334026,0.155122,0.083602,0.048356,0.083645,0.065752,0.017676,0.041864,0.023615,0.064959,0.059265,0.017944,0.017961,0.011847,0.006012,0.065466
35520,35579,35550,875.050,31.037,329.700,57.919,3.901,0.199,0.018,26.358282,25.029865,23.044718,22.335917,21.729429,20.192205,18.923119,17.882010,16.740168,15.869266,14.559241,14.736645,13.243912,12.686580,10.836173,39.174156,10.954750,2.722281,1.266916,0.310552,0.312017,0.149209,0.077999,0.089248,0.060347,0.055904,0.038599,0.021689,0.027947,0.049859,0.044655,0.044023,0.038999,0.033548,0.038514,0.021720
35580,35639,35610,875.032,30.991,326.828,57.963,4.139,0.211,0.018,26.450415,24.204470,23.261999,22.656996,21.289679,20.758585,18.501900,17.510466,16.613342,15.660051,14.549947,14.486267,14.125627,11.978410,10.851926,38.770557,9.676099,2.726779,1.248921,0.247508,0.332147,0.161667,0.114223,0.057813,0.074924,0.068548,0.017361,0.045412,0.086729,0.045814,0.068904,0.039886,0.029278,0.034715,0.017497,0.063312
35640,35699,35670,875.027,30.982,329.880,57.843,3.856,0.195,0.018,25.978914,25.014860,23.783789,22.012251,21.880228,19.855064,18.581057,18.264870,16.840858,16.392836,14.646317,14.969215,13.696911,12.447301,10.611139,39.403511,10.028269,2.720606,1.256249,0.362870,0.322554,0.118988,0.084659,0.118599,0.085101,0.073738,0.022609,0.040070,0.028412,0.028073,0.068210,0.011510,0.028296,0.011303,0.022772,0.068282
35700,35759,35730,875.016,31.101,323.626,55.591,3.516,0.187,0.017,25.770195,24.286522,23.224085,22.611271,21.283258,20.141661,19.004272,17.778757,16.378838,15.183586,14.453386,14.352089,13.321176,12.458749,10.491894,38.005314,9.865066,2.584832,1.178476,0.232073,0.228298,0.176922,0.105691,0.082954,0.038662,0.049281,0.050200,0.033034,0.022058,0.044761,0.065951,0.033213,0.027947,0.039685,0.016596,0.005556
35760,35819,35790,875.004,31.246,325.870,55.657,3.626,0.192,0.017,26.518183,25.190916,22.754412,22.226479,21.350206,20.296574,18.887838,18.098888,17.359730,15.829102,14.726192,14.292126,13.642083,12.279581,10.269052,38.057640,9.372698,2.362284,0.993230,0.306379,0.228567,0.195789,0.104063,0.104106,0.078039,0.032999,0.032105,0.013226,0.032747,0.032736,0.064854,0.045680,0.032689,0.000000,0.026299,0.032346
35820,35879,35850,874.958,31.389,325.319,55.879,3.760,0.198,0.017,26.574139,24.333500,23.345230,22.613741,21.717463,20.327417,19.310589,18.216431,16.723612,15.403856,14.684140,14.111023,13.385240,12.330372,10.521345,37.529770,9.668855,2.198844,1.011672,0.221081,0.287789,0.161124,0.077696,0.033031,0.066129,0.032981,0.050144,0.038432,0.061290,0.077832,0.049920,0.049483,0.033268,0.027486,0.016676,0.027573
35880,35939,35910,874.972,31.571,320.012,54.965,3.754,0.200,0.017,26.061867,24.051626,22.896519,22.287598,21.410139,20.387875,18.774412,17.171165,16.297878,15.735950,14.731890,14.129500,13.132961,12.440513,10.014199,36.888039,9.062190,2.265446,1.060776,0.264162,0.247052,0.073456,0.055911,0.066737,0.039073,0.089462,0.016914,0.056105,0.010941,0.061071,0.073508,0.034104,0.022506,0.022572,0.016732,0.061258
35940,35999,35970,874.994,31.713,317.619,54.480,3.721,0.200,0.017,26.071306,24.287779,23.049141,21.849997,21.319847,19.799915,18.240509,17.461096,16.165928,15.527197,14.202530,13.804682,13.229798,12.362411,10.366919,36.429554,8.957936,2.362643,0.941799,0.202638,0.196991,0.137174,0.053820,0.101320,0.065390,0.041846,0.047921,0.024054,0.029612,0.036414,0.095596,0.041901,0.018204,0.023634,0.029666,0.041632
36000,36059,36030,875.003,31.710,314.756,52.948,3.450,0.193,0.016,25.288996,24.055620,23.117563,21.749126,21.136251,19.660786,18.354599,17.682903,16.292414,14.867196,14.213751,14.296556,12.628489,12.092731,10.363181,36.268322,8.665756,2.096686,0.855957,0.222083,0.175845,0.070358,0.103732,0.052552,0.070417,0.041256,0.017785,0.047294,0.011918,0.052224,0.069854,0.053016,0.022831,0.023276,0.000000,0.034709
36060,36119,36090,875.001,31.703,314.154,53.691,3.901,0.211,0.016,26.218367,24.800529,22.927389,21.987942,20.691116,19.519354,18.691273,17.685923,16.198099,15.055039,14.035223,13.547723,12.884390,12.098737,9.876956,35.422932,8.454499,2.049525,0.857162,0.200508,0.172191,0.125631,0.080442,0.068618,0.016907,0.034469,0.045863,0.028565,0.040667,0.051653,0.068974,0.068340,0.046198,0.023261,0.034229,0.045717
36120,36179,36150,874.989,31.639,312.440,50.839,3.150,0.183,0.014,26.604433,25.049109,23.475931,22.327335,21.484106,19.536047,18.358276,16.919165,15.730003,15.141469,14.434047,13.362040,12.599696,12.301791,9.414404,34.338203,8.250417,1.571175,0.643202,0.200012,0.102970,0.046159,0.079734,0.039588,0.075470,0.052105,0.028777,0.034536,0.017221,0.027904,0.086021,0.029272,0.017228,0.023011,0.017021,0.022315
36180,36239,36210,874.991,31.587,307.952,51.543,3.521,0.201,0.015,26.183842,23.502211,22.625698,22.123857,20.560747,19.617739,18.070543,17.268394,15.566214,15.137537,13.651759,13.519341,12.805372,11.157400,9.666501,34.969269,8.218266,1.548190,0.665876,0.192314,0.124519,0.084977,0.084547,0.055976,0.108074,0.050839,0.062973,0.028451,0.034164,0.039836,0.067704,0.062073,0.022605,0.022970,0.017162,0.033645
36240,36299,36270,874.992,31.510,304.579,50.519,3.327,0.193,0.014,25.587658,23.793011,22.537895,21.266129,20.135443,19.559124,18.242754,16.766548,15.657413,14.601921,13.979071,14.087700,12.556662,11.454090,9.424719,33.960350,7.682312,1.687265,0.605725,0.146594,0.133830,0.104618,0.075880,0.070715,0.029301,0.040670,0.070368,0.029091,0.034911,0.028934,0.093124,0.035462,0.011430,0.035488,0.034846,0.017490
36300,36359,36330,874.993,31.470,305.882,50.435,3.276,0.190,0.014,25.574505,23.993711,21.914722,21.470491,20.907209,19.236639,18.114788,17.129677,16.209318,14.726746,13.891862,13.621639,12.767883,11.652157,9.716259,34.129539,7.856658,1.435516,0.642443,0.119845,0.138319,0.103257,0.051527,0.028613,0.046339,0.028689,0.051445,0.052362,0.051933,0.023109,0.057463,0.022767,0.011052,0.034767,0.034389,0.034514
36360,36419,36390,874.985,31.404,304.363,51.072,3.594,0.205,0.015,25.383776,23.457991,23.000999,21.707027,20.798216,18.992405,18.079885,17.245478,15.761373,14.396589,14.047483,12.675639,12.972419,11.501192,9.590493,33.920498,7.646225,1.581102,0.581438,0.135695,0.169545,0.062080,0.096195,0.079997,0.017320,0.033475,0.028273,0.039858,0.022293,0.067273,0.078470,0.033505,0.051586,0.022705,0.044736,0.039367
36420,36479,36450,874.972,31.318,307.143,51.299,3.559,0.203,0.015,25.601376,24.609457,22.254116,21.969490,20.588907,19.344521,17.961287,16.964855,16.130075,15.141535,13.610652,13.513739,12.536990,11.744383,9.716821,34.907124,7.675168,1.322994,0.553034,0.121199,0.127429,0.121728,0.042592,0.060368,0.060595,0.036346,0.030542,0.060381,0.043183,0.042849,0.066698,0.030542,0.049399,0.024467,0.024373,0.053935
36480,36539,36510,874.971,31.311,305.634,51.496,3.741,0.212,0.015,26.072510,23.926842,22.425938,21.852812,21.155624,19.486244,17.916817,16.626875,15.698359,15.118058,13.285741,12.968492,12.293297,11.587183,9.876385,34.307301,7.963657,1.483890,0.615811,0.138595,0.108587,0.078943,0.072172,0.060430,0.030329,0.024621,0.054178,0.053451,0.024280,0.030638,0.072412,0.042278,0.047684,0.030015,0.055137,0.048493
36540,36599,36570,874.962,31.267,308.038,50.810,3.374,0.195,0.014,25.349136,24.128220,22.653791,21.791555,21.309137,19.901320,18.439463,17.281069,15.619623,15.176327,13.905673,14.145594,12.542281,11.413181,9.127722,33.998077,8.032063,1.719316,0.657528,0.127585,0.104847,0.105445,0.033152,0.055195,0.060723,0.027794,0.021997,0.027807,0.027714,0.038600,0.044232,0.033218,0.044434,0.010897,0.044078,0.038904
36600,36659,36630,874.957,31.158,305.713,50.975,3.488,0.202,0.015,25.960659,23.573257,22.374683,21.770365,20.724552,19.116772,17.807341,16.809155,16.010983,15.261250,13.781816,13.612004,12.747905,11.778154,9.471088,33.742973,8.021832,1.594818,0.624873,0.169906,0.116031,0.064921,0.029103,0.040719,0.058290,0.029306,0.041209,0.023145,0.053107,0.082488,0.046921,0.034614,0.058184,0.005809,0.028419,0.046637
36660,36719,36690,874.955,31.055,305.999,51.406,3.628,0.206,0.015,25.229187,24.138166,22.741514,21.417446,20.686686,18.952469,18.082947,17.674496,16.089540,15.261567,13.456814,13.761729,12.444407,11.271928,9.458041,34.374020,7.601422,1.702938,0.615065,0.125220,0.156013,0.086760,0.057342,0.069013,0.039707,0.028802,0.028814,0.057428,0.057539,0.092196,0.068340,0.057352,0.040117,0.016943,0.011382,0.045341
36720,36779,36750,874.957,31.007,306.312,51.092,3.576,0.206,0.015,26.192675,23.931223,22.575726,21.725912,20.589899,19.506704,17.756527,17.949549,15.300421,14.703659,13.793287,13.582178,12.754115,11.398973,9.527050,34.167770,7.655829,1.589023,0.608973,0.155421,0.150413,0.074394,0.051392,0.057839,0.069208,0.063950,0.017425,0.029183,0.034287,0.046118,0.052012,0.051842,0.051927,0.028632,0.028786,0.039916
36780,36839,36810,874.943,31.017,307.780,51.757,3.744,0.211,0.015,26.115591,24.391451,22.680319,21.405844,20.653643,19.506731,18.228678,17.552290,16.267139,15.285165,14.257932,13.168973,12.446430,11.173364,9.151136,34.078083,8.152147,1.642958,0.564064,0.199500,0.129074,0.099084,0.040594,0.052097,0.034805,0.047025,0.053636,0.058369,0.041111,0.023852,0.057961,0.058462,0.058168,0.028495,0.017701,0.058539
36840,36899,36870,874.926,31.059,316.540,53.198,3.627,0.200,0.016,26.848606,25.437754,23.615021,22.477711,21.300993,20.143181,18.468880,17.451532,15.797190,14.727224,14.443866,13.727989,12.820802,11.549850,10.083947,35.726379,8.314438,1.793771,0.742796,0.154923,0.154848,0.068500,0.063590,0.092043,0.069707,0.028109,0.040597,0.045644,0.051719,0.068886,0.063256,0.023106,0.040321,0.040026,0.011553,0.051327
36900,36959,36930,874.906,31.203,316.635,52.390,3.484,0.195,0.015,26.452919,24.888325,23.639713,22.227949,22.034763,20.609547,18.276506,17.906157,16.183453,15.605452,14.179569,13.719782,13.152328,11.521441,9.712423,34.651814,8.427609,1.808515,0.665973,0.114501,0.131538,0.098198,0.068350,0.080524,0.051543,0.068473,0.023304,0.046517,0.040076,0.051859,0.028874,0.046001,0.034431,0.028862,0.023166,0.034259
36960,37019,36990,874.911,31.359,312.467,52.088,3.765,0.210,0.015,26.514982,24.069304,23.376261,22.034437,21.404076,19.850449,18.743839,17.704266,15.821626,14.968169,14.673739,13.699944,12.991558,11.534888,9.797379,34.253754,7.887873,1.512062,0.645253,0.143314,0.137857,0.103866,0.052076,0.045834,0.045634,0.045635,0.017204,0.034576,0.028306,0.040211,0.063515,0.074717,0.052149,0.017497,0.028704,0.052106
37020,37079,37050,874.908,31.541,311.698,51.692,3.505,0.199,0.015,26.208229,24.627758,23.127659,21.863312,22.244156,19.498470,18.021095,16.958632,16.115223,14.733942,14.498643,13.585977,12.767721,11.819882,9.712797,34.745106,8.079118,1.468967,0.605658,0.135710,0.142775,0.107226,0.095052,0.053400,0.059288,0.041327,0.042082,0.047877,0.023444,0.012048,0.082412,0.047597,0.041694,0.018021,0.029638,0.035816
37080,37139,37110,874.902,31.700,304.988,51.176,3.674,0.211,0.015,25.660358,24.340260,22.425976,21.451941,20.595930,19.242296,18.215658,16.502932,15.751577,14.626351,14.075923,13.439189,12.839537,11.245884,9.771640,34.047508,7.723621,1.401289,0.632393,0.087812,0.163135,0.087578,0.075781,0.052253,0.058618,0.058046,0.047126,0.052957,0.046835,0.029409,0.023176,0.046299,0.046536,0.011486,0.053163,0.057851
37140,37199,37170,874.899,31.761,304.223,50.819,3.639,0.209,0.015,25.794613,23.568535,21.904037,21.389313,20.910473,19.508936,18.047558,17.485003,15.714612,14.297178,14.298105,13.397456,12.660238,11.672886,10.002939,32.841946,7.683445,1.440625,0.694909,0.152272,0.100569,0.067351,0.050263,0.084506,0.022510,0.033848,0.011402,0.022850,0.033735,0.039753,0.079062,0.044232,0.045330,0.033570,0.032825,0.056176
37200,37259,37230,874.893,31.722,302.604,50.466,3.386,0.198,0.014,24.726168,23.742228,22.689379,21.217844,20.057802,19.562471,17.954578,16.793159,15.421364,14.703289,13.851460,13.585072,13.145543,11.311490,9.330594,33.623650,7.790028,1.471098,0.567557,0.160958,0.156739,0.097405,0.109416,0.062190,0.045765,0.017448,0.034240,0.040142,0.052041,0.058259,0.086067,0.028242,0.023520,0.023041,0.029190,0.034137
37260,37319,37290,874.896,31.698,304.238,50.287,3.390,0.197,0.014,25.554441,23.630405,22.797447,21.191246,20.753839,19.380274,18.360155,16.864872,15.734960,14.682258,14.302689,13.487751,12.136339,11.382043,9.731069,33.902397,7.293571,1.540871,0.576422,0.096157,0.153575,0.107698,0.089826,0.040205,0.034221,0.022285,0.057079,0.023182,0.033942,0.056901,0.045450,0.033664,0.050293,0.017044,0.039738,0.033719
37320,37379,37350,874.906,31.630,301.853,49.455,3.232,0.192,0.014,24.974985,23.674725,22.487112,21.410913,20.487879,19.015532,18.301620,16.601797,15.869588,14.582212,14.233295,13.313002,12.229851,11.561391,9.461769,33.142048,7.580224,1.540421,0.585441,0.117939,0.117108,0.053033,0.029210,0.029265,0.064392,0.023554,0.041203,0.011856,0.046670,0.070413,0.041800,0.035353,0.034838,0.029445,0.029332,0.023398
