CampaignData_and_Merges/R0/CSL_MobileLab_Parked/raw/20240719/USOS-NOAAIodideCIMS-Halogens_MobileLabGround_20240719_RA.ict
39, 1001
Michael A Robinson, Chris Jernigan, Subi Thakali
NOAA ESRL Chemical Sciences Laboratory and CIRES, U. of Colorado
NOAA Iodide CIMS Instrument
USOS
1, 1
2024, 07, 19, 2024, 07, 20
0
starttime_UTC, seconds_past_midnight, seconds_of_day_since_00:00:00_UTC
6
1, 1, 1, 1, 1, 1
-9999, -9999, -9999, -9999, -9999, -9999
Br2_NOAACIMS, pptv, Gas_Br2_InSitu_S_AVMR
BrO_NOAACIMS, pptv, Gas_BrO_InSitu_S_AVMR
Cl2_NOAACIMS, pptv, Gas_Cl2_InSitu_S_AVMR
ClNO2_NOAACIMS, pptv, Gas_ClNO2_InSitu_S_AVMR
BrCl_NOAACIMS, pptv, Gas_BrCl_InSitu_S_AVMR
NCl3_NOAACIMS, pptv, Gas_NCl3_InSitu_S_AVMR
1
N/A
18
PI_CONTACT_INFO: 325 Broadway, R/CSD 7, Boulder, Colorado 80305; michael.a.robinson@noaa.gov; chris.jernigan@noaa.gov;
PLATFORM: NOAA CSL Mobile Lab
LOCATION: SLC, Utah
ASSOCIATED_DATA: 1Hz data also available on request.
INSTRUMENT_INFO: NOAA I- ToF CIMS
DATA_INFO: Units: pptv
UNCERTAINTY: tbd
ULOD_FLAG: -7777
ULOD_VALUE: N/A
LLOD_FLAG: -8888
LLOD_VALUE: N/A
DM_CONTACT_INFO: Nathan Howard; nathan.h.howard@noaa.gov
PROJECT_INFO: USOS, summer 2024. https://csl.noaa.gov/groups/csl7/measurements/2024usos/
STIPULATIONS_ON_USE: only the USOS science team is allowed to use this data
OTHER_COMMENTS: Field data; Data are averaged to 1 minute intervals. Stationary data collected from a 10 ft tower on top of the mobile lab
REVISION: RA
RA: Preliminary Data; For in-field use only
starttime_UTC, Br2_NOAACIMS, BrO_NOAACIMS, Cl2_NOAACIMS, ClNO2_NOAACIMS, BrCl_NOAACIMS, NCl3_NOAACIMS
0,-9999.000,-9999.000,-9999.000,-9999.000,-9999.000,-9999.000
60,-9999.000,-9999.000,-9999.000,-9999.000,-9999.000,-9999.000
120,-9999.000,-9999.000,-9999.000,-9999.000,-9999.000,-9999.000
180,-9999.000,-9999.000,-9999.000,-9999.000,-9999.000,-9999.000
240,-9999.000,-9999.000,-9999.000,-9999.000,-9999.000,-9999.000
300,-9999.000,-9999.000,-9999.000,-9999.000,-9999.000,-9999.000
360,-9999.000,-9999.000,-9999.000,-9999.000,-9999.000,-9999.000
420,-9999.000,-9999.000,-9999.000,-9999.000,-9999.000,-9999.000
480,-9999.000,-9999.000,-9999.000,-9999.000,-9999.000,-9999.000
540,-9999.000,-9999.000,-9999.000,-9999.000,-9999.000,-9999.000
600,-9999.000,-9999.000,-9999.000,-9999.000,-9999.000,-9999.000
660,-9999.000,-9999.000,-9999.000,-9999.000,-9999.000,-9999.000
720,-9999.000,-9999.000,-9999.000,-9999.000,-9999.000,-9999.000
780,-9999.000,-9999.000,-9999.000,-9999.000,-9999.000,-9999.000
840,-9999.000,-9999.000,-9999.000,-9999.000,-9999.000,-9999.000
900,-9999.000,-9999.000,-9999.000,-9999.000,-9999.000,-9999.000
960,-9999.000,-9999.000,-9999.000,-9999.000,-9999.000,-9999.000
1020,-9999.000,-9999.000,-9999.000,-9999.000,-9999.000,-9999.000
1080,-9999.000,-9999.000,-9999.000,-9999.000,-9999.000,-9999.000
1140,-9999.000,-9999.000,-9999.000,-9999.000,-9999.000,-9999.000
1200,-9999.000,-9999.000,-9999.000,-9999.000,-9999.000,-9999.000
1260,-9999.000,-9999.000,-9999.000,-9999.000,-9999.000,-9999.000
1320,-9999.000,-9999.000,-9999.000,-9999.000,-9999.000,-9999.000
1380,-9999.000,-9999.000,-9999.000,-9999.000,-9999.000,-9999.000
1440,-9999.000,-9999.000,-9999.000,-9999.000,-9999.000,-9999.000
1500,-9999.000,-9999.000,-9999.000,-9999.000,-9999.000,-9999.000
1560,-9999.000,-9999.000,-9999.000,-9999.000,-9999.000,-9999.000
1620,-9999.000,-9999.000,-9999.000,-9999.000,-9999.000,-9999.000
1680,-9999.000,-9999.000,-9999.000,-9999.000,-9999.000,-9999.000
1740,-9999.000,-9999.000,-9999.000,-9999.000,-9999.000,-9999.000
1800,-9999.000,-9999.000,-9999.000,-9999.000,-9999.000,-9999.000
1860,-9999.000,-9999.000,-9999.000,-9999.000,-9999.000,-9999.000
1920,-9999.000,-9999.000,-9999.000,-9999.000,-9999.000,-9999.000
1980,-9999.000,-9999.000,-9999.000,-9999.000,-9999.000,-9999.000
2040,-9999.000,-9999.000,-9999.000,-9999.000,-9999.000,-9999.000
2100,-9999.000,-9999.000,-9999.000,-9999.000,-9999.000,-9999.000
2160,-9999.000,-9999.000,-9999.000,-9999.000,-9999.000,-9999.000
2220,-9999.000,-9999.000,-9999.000,-9999.000,-9999.000,-9999.000
2280,-9999.000,-9999.000,-9999.000,-9999.000,-9999.000,-9999.000
2340,-9999.000,-9999.000,-9999.000,-9999.000,-9999.000,-9999.000
2400,-9999.000,-9999.000,-9999.000,-9999.000,-9999.000,-9999.000
2460,-9999.000,-9999.000,-9999.000,-9999.000,-9999.000,-9999.000
2520,-9999.000,-9999.000,-9999.000,-9999.000,-9999.000,-9999.000
2580,-9999.000,-9999.000,-9999.000,-9999.000,-9999.000,-9999.000
2640,-9999.000,-9999.000,-9999.000,-9999.000,-9999.000,-9999.000
2700,-9999.000,-9999.000,-9999.000,-9999.000,-9999.000,-9999.000
2760,-9999.000,-9999.000,-9999.000,-9999.000,-9999.000,-9999.000
2820,-9999.000,-9999.000,-9999.000,-9999.000,-9999.000,-9999.000
2880,-9999.000,-9999.000,-9999.000,-9999.000,-9999.000,-9999.000
2940,-9999.000,-9999.000,-9999.000,-9999.000,-9999.000,-9999.000
3000,-9999.000,-9999.000,-9999.000,-9999.000,-9999.000,-9999.000
3060,-9999.000,-9999.000,-9999.000,-9999.000,-9999.000,-9999.000
3120,-9999.000,-9999.000,-9999.000,-9999.000,-9999.000,-9999.000
3180,-9999.000,-9999.000,-9999.000,-9999.000,-9999.000,-9999.000
3240,-9999.000,-9999.000,-9999.000,-9999.000,-9999.000,-9999.000
3300,-9999.000,-9999.000,-9999.000,-9999.000,-9999.000,-9999.000
3360,-9999.000,-9999.000,-9999.000,-9999.000,-9999.000,-9999.000
3420,-9999.000,-9999.000,-9999.000,-9999.000,-9999.000,-9999.000
3480,-9999.000,-9999.000,-9999.000,-9999.000,-9999.000,-9999.000
3540,-9999.000,-9999.000,-9999.000,-9999.000,-9999.000,-9999.000
3600,-9999.000,-9999.000,-9999.000,-9999.000,-9999.000,-9999.000
3660,-9999.000,-9999.000,-9999.000,-9999.000,-9999.000,-9999.000
3720,-9999.000,-9999.000,-9999.000,-9999.000,-9999.000,-9999.000
3780,-9999.000,-9999.000,-9999.000,-9999.000,-9999.000,-9999.000
3840,-9999.000,-9999.000,-9999.000,-9999.000,-9999.000,-9999.000
3900,-9999.000,-9999.000,-9999.000,-9999.000,-9999.000,-9999.000
3960,-9999.000,-9999.000,-9999.000,-9999.000,-9999.000,-9999.000
4020,-9999.000,-9999.000,-9999.000,-9999.000,-9999.000,-9999.000
4080,-9999.000,-9999.000,-9999.000,-9999.000,-9999.000,-9999.000
4140,-9999.000,-9999.000,-9999.000,-9999.000,-9999.000,-9999.000
4200,-9999.000,-9999.000,-9999.000,-9999.000,-9999.000,-9999.000
4260,-9999.000,-9999.000,-9999.000,-9999.000,-9999.000,-9999.000
4320,-9999.000,-9999.000,-9999.000,-9999.000,-9999.000,-9999.000
4380,-9999.000,-9999.000,-9999.000,-9999.000,-9999.000,-9999.000
4440,-9999.000,-9999.000,-9999.000,-9999.000,-9999.000,-9999.000
4500,0.166,-0.034,1.785,0.079,0.172,-0.092
4560,0.827,0.180,1.786,0.104,0.251,0.162
4620,0.910,0.158,1.628,0.156,0.255,0.430
4680,0.364,0.032,1.568,0.169,0.113,0.189
4740,0.569,0.096,1.663,0.116,0.178,0.251
4800,0.881,0.116,1.760,0.133,0.215,0.366
4860,0.448,0.109,1.698,0.104,0.187,0.267
4920,0.781,0.243,1.679,0.091,0.198,0.591
4980,-0.048,0.099,1.660,0.074,0.137,0.386
5040,0.366,0.008,1.618,0.080,0.064,0.155
5100,0.637,0.148,1.884,0.134,0.216,0.465
5160,0.395,0.007,1.690,0.080,0.123,0.200
5220,0.374,-0.022,1.599,0.090,0.073,0.178
5280,0.692,0.078,1.756,0.082,0.131,0.336
5340,0.697,0.106,1.634,0.096,0.156,0.388
5400,0.561,0.093,1.746,0.087,0.156,0.217
5460,0.779,0.021,1.832,0.086,0.156,0.263
5520,0.763,0.198,1.870,0.117,0.243,0.411
5580,0.896,0.241,1.841,0.160,0.179,0.637
5640,0.774,0.282,1.781,0.142,0.178,0.669
5700,0.800,0.095,1.800,0.146,0.131,0.671
5760,0.903,0.263,1.796,0.210,0.223,0.720
5820,0.945,0.161,1.970,0.255,0.239,0.807
5880,0.966,0.226,1.924,0.192,0.213,0.694
5940,1.045,0.248,1.935,0.157,0.251,0.895
6000,1.045,0.283,1.913,0.153,0.171,0.742
6060,1.027,0.227,1.933,0.145,0.201,0.700
6120,1.007,0.251,1.890,0.153,0.179,0.718
6180,0.941,0.261,1.850,0.207,0.213,0.678
6240,1.073,0.308,1.914,0.215,0.204,0.742
6300,1.100,0.292,2.174,0.322,0.209,0.738
6360,1.280,0.242,2.280,0.362,0.156,1.017
6420,1.242,0.215,2.252,0.280,0.170,0.910
6480,1.191,0.284,2.183,0.299,0.199,1.033
6540,1.284,0.250,2.033,0.215,0.166,0.952
6600,1.028,0.253,2.176,0.219,0.180,1.003
6660,1.089,0.332,1.978,0.243,0.152,0.976
6720,0.898,0.259,1.989,0.205,0.160,0.761
6780,1.180,0.056,1.507,0.439,0.211,0.994
6840,1.012,0.349,2.148,0.382,0.197,0.865
6900,1.001,0.338,2.129,0.345,0.143,0.916
6960,1.191,0.338,2.255,0.305,0.193,0.832
7020,1.089,0.228,2.098,0.371,0.129,0.724
7080,0.822,0.100,1.927,0.242,0.090,0.466
7140,1.213,0.344,2.280,0.344,0.151,0.622
7200,1.239,0.247,2.218,0.368,0.153,0.605
7260,1.294,0.235,2.464,0.426,0.119,0.537
7320,1.274,0.334,2.509,0.275,0.124,0.660
7380,1.285,0.157,2.622,0.221,0.148,0.596
7440,1.172,0.307,2.214,0.182,0.134,0.894
7500,1.151,0.156,2.246,0.133,0.093,0.925
7560,1.206,0.195,2.230,0.150,0.088,0.997
7620,1.209,0.244,2.363,0.141,0.096,0.938
7680,1.188,0.200,2.374,0.203,0.129,1.204
7740,1.123,0.173,2.393,0.191,0.128,1.043
7800,1.216,0.273,2.302,0.237,0.089,1.086
7860,1.165,0.203,2.338,0.199,0.129,1.083
7920,1.243,0.214,2.359,0.186,0.077,1.170
7980,1.199,0.229,2.297,0.237,0.113,2.370
8040,1.096,0.198,2.379,0.189,0.105,2.335
8100,1.248,0.229,2.223,0.159,0.050,1.144
8160,1.202,0.211,2.062,0.166,0.088,0.902
8220,1.171,0.193,2.215,0.149,0.068,0.726
8280,1.216,0.229,2.050,0.147,0.090,0.709
8340,1.048,0.365,2.184,0.154,0.092,0.613
8400,1.197,0.137,2.147,0.133,0.103,0.524
8460,1.291,0.107,2.065,0.170,0.091,0.536
8520,1.188,0.160,2.163,0.154,0.048,0.408
8580,1.212,0.152,2.098,0.155,0.099,0.506
8640,1.209,0.179,2.119,0.169,0.088,0.266
8700,1.260,0.138,2.182,0.162,0.079,0.415
8760,1.180,0.258,2.119,0.147,0.124,0.454
8820,1.202,0.147,2.317,0.184,0.056,0.450
8880,1.184,0.152,2.239,0.195,0.069,0.647
8940,1.191,0.153,2.365,0.141,0.092,0.640
9000,1.143,0.129,2.356,0.167,0.077,0.716
9060,1.269,0.167,2.344,0.158,0.092,0.719
9120,1.152,0.074,2.271,0.166,0.085,0.532
9180,1.034,0.036,2.180,0.127,0.037,0.369
9240,1.124,0.080,2.257,0.201,0.062,0.505
9300,0.946,0.065,2.131,0.192,0.083,0.578
9360,0.951,0.066,2.119,0.163,0.032,0.645
9420,0.560,0.064,2.160,0.154,0.039,0.854
9480,0.640,-0.003,2.121,0.135,0.004,1.575
9540,0.478,-0.049,2.278,0.164,-0.014,1.774
9600,0.764,-0.009,2.330,0.175,0.082,1.739
9660,0.950,0.081,2.543,0.215,0.071,1.749
9720,0.991,0.015,2.416,0.214,0.143,2.034
9780,0.867,0.013,2.456,0.196,0.113,1.951
9840,0.861,-0.005,2.529,0.205,0.120,2.000
9900,1.145,0.001,2.454,0.189,0.118,1.858
9960,0.924,0.019,2.542,0.185,0.076,1.997
10020,0.800,0.030,2.350,0.207,0.112,1.970
10080,0.977,0.101,2.464,0.169,0.118,1.426
10140,0.845,-0.004,2.298,0.131,0.079,1.277
10200,0.925,0.002,2.301,0.143,0.095,1.050
10260,0.788,-0.004,2.305,0.151,0.101,0.744
10320,0.757,0.010,2.429,0.108,0.087,0.956
10380,0.761,-0.142,2.582,0.137,0.097,0.918
10440,0.820,-0.051,2.432,0.132,0.174,0.750
10500,0.659,-0.013,2.338,0.172,0.065,1.126
10560,0.905,0.036,2.251,0.141,0.107,1.336
10620,0.722,-0.092,2.304,0.165,0.128,1.197
10680,0.653,-0.001,2.450,0.149,0.105,1.076
10740,0.349,-0.113,2.351,0.117,0.025,0.864
10800,0.794,-0.052,2.431,0.069,0.093,1.153
10860,0.703,0.005,2.434,0.166,0.088,1.176
10920,0.662,-0.057,2.271,0.086,0.088,1.007
10980,0.734,-0.037,2.258,0.104,0.073,1.098
11040,0.751,-0.035,2.396,0.146,0.136,1.116
11100,0.693,0.054,2.328,0.140,0.099,1.102
11160,0.494,-0.004,2.429,0.143,0.143,1.023
11220,0.633,0.038,2.531,0.158,0.144,1.231
11280,0.603,0.080,2.213,0.142,0.112,1.255
11340,0.506,0.064,2.301,0.153,0.086,1.278
11400,0.260,0.077,2.377,0.084,0.070,1.085
11460,0.670,0.098,2.353,0.110,0.110,1.377
11520,0.513,0.009,2.405,0.101,0.066,1.115
11580,0.443,0.067,2.229,0.082,0.076,1.156
11640,0.424,-0.001,2.353,0.101,0.077,1.180
11700,0.530,0.083,2.309,0.135,0.084,1.128
11760,0.500,0.052,2.442,0.155,0.084,1.069
11820,0.579,0.097,2.358,0.154,0.106,1.365
11880,0.543,0.122,2.498,0.167,0.070,1.079
11940,0.501,0.059,2.334,0.160,0.088,1.404
12000,0.483,0.098,2.230,0.118,0.098,1.218
12060,0.474,0.120,2.348,0.143,0.057,1.212
12120,0.593,0.124,2.332,0.144,0.127,1.154
12180,0.407,0.264,2.333,0.186,0.098,1.330
12240,0.513,0.185,2.273,0.157,0.109,1.349
12300,0.464,0.080,2.177,0.160,0.211,1.488
12360,0.357,0.198,2.218,0.172,0.093,1.288
12420,0.488,0.199,2.117,0.166,0.085,1.432
12480,-0.212,0.088,2.249,0.127,0.037,1.078
12540,0.550,0.109,2.302,0.178,0.067,1.624
12600,0.611,0.040,2.284,0.138,0.139,1.507
12660,0.404,0.095,2.280,0.153,0.119,1.480
12720,0.419,0.080,2.335,0.145,0.095,1.461
12780,0.506,0.063,2.272,0.165,0.145,2.272
12840,0.425,-0.004,2.290,0.219,0.122,2.278
12900,0.496,-0.048,2.205,0.155,0.148,2.442
12960,0.449,-0.014,2.205,0.227,0.126,2.426
13020,0.480,0.013,2.283,0.192,0.108,2.413
13080,0.378,-0.031,2.355,0.222,0.176,2.579
13140,0.641,0.004,2.248,0.246,0.194,2.870
13200,0.717,0.024,2.222,0.269,0.217,2.723
13260,0.533,-0.069,2.251,0.267,0.184,2.412
13320,0.630,-0.033,2.266,0.221,0.152,2.569
13380,0.762,-0.062,2.348,0.169,0.186,2.453
13440,0.646,-0.083,2.179,0.262,0.194,2.469
13500,0.715,-0.068,2.233,0.247,0.180,2.235
13560,0.658,-0.070,2.278,0.216,0.217,2.522
13620,0.723,-0.080,2.281,0.263,0.160,1.956
13680,0.635,-0.066,2.301,0.247,0.172,1.898
13740,0.717,-0.133,2.297,0.239,0.179,1.878
13800,0.727,-0.154,2.338,0.186,0.243,1.892
13860,0.714,-0.157,2.372,0.395,0.254,2.233
13920,0.701,-0.162,2.062,0.448,0.247,2.224
13980,0.662,-0.157,2.270,0.411,0.263,2.374
14040,0.565,-0.182,1.952,0.384,0.162,2.305
14100,0.646,-0.185,1.828,0.442,0.170,2.210
14160,-9999.000,-9999.000,-9999.000,-9999.000,-9999.000,-9999.000
14220,0.521,-0.170,1.991,0.340,0.224,2.295
14280,0.691,-0.183,1.965,0.390,0.197,2.616
14340,0.762,-0.191,2.064,0.337,0.209,2.280
14400,0.583,-0.228,2.025,0.334,0.177,2.123
14460,0.842,-0.166,2.099,0.350,0.231,2.059
14520,0.816,-0.059,2.245,0.323,0.185,1.973
14580,0.909,-0.149,2.183,0.318,0.240,1.892
14640,0.917,-0.172,2.415,0.285,0.234,1.841
14700,0.970,-0.016,2.361,0.322,0.232,1.803
14760,0.751,-0.071,2.234,0.366,0.191,1.723
14820,0.876,-0.090,2.434,0.339,0.200,1.713
14880,0.855,-0.037,2.288,0.364,0.195,2.477
14940,0.714,-0.032,2.322,0.314,0.173,2.065
15000,0.874,0.004,2.536,0.359,0.210,2.055
15060,0.871,-0.106,2.628,0.492,0.258,2.793
15120,1.000,0.061,2.585,0.486,0.259,2.568
15180,0.939,0.018,2.511,0.519,0.264,2.711
15240,0.968,0.069,2.564,0.527,0.235,2.499
15300,0.728,-0.011,2.594,0.541,0.219,2.270
15360,0.958,0.048,2.481,0.581,0.273,2.693
15420,0.958,0.074,2.846,0.570,0.268,2.570
15480,0.986,0.086,2.585,0.544,0.245,2.528
15540,1.137,0.109,2.648,0.707,0.253,2.677
15600,0.953,0.083,2.652,0.624,0.231,2.641
15660,1.081,0.181,2.438,0.642,0.265,2.630
15720,0.953,0.119,2.530,0.678,0.226,2.631
15780,0.811,0.145,2.603,0.587,0.197,2.422
15840,0.909,0.147,2.541,0.627,0.219,2.840
15900,0.958,0.140,2.607,0.574,0.254,2.727
15960,0.916,0.186,2.581,0.664,0.257,2.580
16020,0.773,0.202,2.426,0.685,0.283,3.935
16080,0.854,0.165,2.358,0.740,0.248,3.687
16140,1.029,0.180,2.556,0.807,0.246,4.018
16200,1.078,0.188,2.562,0.877,0.254,4.280
16260,1.064,0.255,2.426,0.827,0.234,4.341
16320,1.001,0.201,2.451,0.855,0.207,3.951
16380,1.056,0.141,2.298,0.892,0.242,4.100
16440,0.980,0.191,2.314,1.082,0.245,4.111
16500,0.966,0.178,2.574,1.131,0.210,3.969
16560,0.959,0.250,2.377,0.817,0.229,4.216
16620,0.996,0.253,2.499,0.631,0.229,4.636
16680,0.919,0.171,2.500,0.628,0.196,5.370
16740,0.835,0.205,2.398,0.623,0.233,4.993
16800,0.936,0.080,2.415,0.533,0.199,5.381
16860,0.982,0.105,2.550,0.510,0.225,5.378
16920,0.896,0.159,2.441,0.517,0.171,5.611
16980,0.887,0.152,2.482,0.380,0.164,6.867
17040,0.776,0.114,2.565,0.287,0.138,6.384
17100,0.310,0.062,2.333,0.247,0.079,5.503
17160,0.463,0.007,2.296,0.274,0.073,5.293
17220,0.966,0.068,2.498,0.308,0.146,6.152
17280,0.915,0.133,2.351,0.308,0.169,6.216
17340,1.011,0.226,2.451,0.312,0.174,5.609
17400,0.970,0.090,2.415,0.271,0.215,6.189
17460,0.806,0.062,2.407,0.219,0.055,6.121
17520,0.565,-0.010,2.318,0.207,0.029,5.761
17580,0.833,0.106,2.437,0.246,0.091,6.526
17640,0.821,0.080,2.385,0.279,0.156,6.201
17700,0.779,0.121,2.280,0.314,0.123,6.235
17760,0.826,0.104,2.364,0.280,0.082,7.104
17820,0.885,0.057,2.362,0.273,0.084,7.133
17880,0.746,0.105,2.124,0.312,0.080,6.257
17940,0.708,0.096,2.083,0.229,0.082,6.530
18000,0.945,0.172,2.283,0.291,0.105,6.921
18060,0.760,-0.008,2.171,0.230,0.039,6.353
18120,0.474,0.047,2.284,0.214,0.017,5.804
18180,0.560,0.018,2.308,0.236,0.065,5.722
18240,0.905,0.052,2.288,0.237,0.124,5.960
18300,0.755,0.154,2.281,0.277,0.097,5.082
18360,0.878,0.136,2.210,0.219,0.115,3.766
18420,0.874,0.066,2.093,0.154,0.147,2.408
18480,0.482,-0.012,2.030,0.116,0.001,1.157
18540,0.695,0.030,2.036,0.111,0.047,1.061
18600,0.449,0.018,2.083,0.126,0.025,1.101
18660,0.657,0.034,1.942,0.121,0.071,1.119
18720,0.874,0.121,1.991,0.143,0.062,1.187
18780,0.957,0.141,2.047,0.138,0.093,1.002
18840,0.875,0.091,2.060,0.135,0.113,0.961
18900,0.938,0.105,2.021,0.157,0.095,1.047
18960,0.964,0.040,2.035,0.085,0.112,0.836
19020,0.827,0.032,2.036,0.085,0.086,0.865
19080,0.944,0.052,1.973,0.112,0.105,0.837
19140,0.981,0.088,2.067,0.135,0.126,0.757
19200,0.886,0.168,2.141,0.123,0.125,0.983
19260,0.753,0.027,2.126,0.119,0.109,0.806
19320,0.737,0.078,2.050,0.069,0.102,0.938
19380,0.690,0.037,1.940,0.090,0.024,0.773
19440,0.849,0.047,2.144,0.060,0.090,0.858
19500,0.573,0.019,2.080,0.102,0.045,0.641
19560,0.777,-0.034,1.990,0.069,0.033,0.489
19620,0.691,-0.012,1.975,0.081,0.061,0.671
19680,0.585,0.005,1.891,0.064,0.036,0.897
19740,0.841,0.041,1.999,0.084,0.089,0.712
19800,0.903,0.067,1.922,0.083,0.069,0.665
19860,0.946,0.057,1.983,0.128,0.073,0.705
19920,1.069,0.017,2.070,0.121,0.077,0.795
19980,1.043,0.150,1.945,0.112,0.100,0.716
20040,0.907,0.045,2.009,0.077,0.043,0.737
20100,0.930,-0.003,1.982,0.085,0.059,0.542
20160,0.918,0.067,2.031,0.133,0.043,0.554
20220,0.864,0.060,2.034,0.088,0.116,0.465
20280,0.861,0.057,2.022,0.068,0.102,0.696
20340,1.057,0.096,2.062,0.099,0.087,0.534
