CampaignData_and_Merges/R0/CSL_MobileLab_Parked/raw/20240719/USOS-NOAAIodideCIMS-Halogens_MobileLabGround_20240719_RA.ict
39, 1001
Michael A Robinson, Chris Jernigan, Subi Thakali
NOAA ESRL Chemical Sciences Laboratory and CIRES, U. of Colorado
NOAA Iodide CIMS Instrument
USOS
1, 1
2024, 07, 19, 2024, 07, 20
0
starttime_UTC, seconds_past_midnight, seconds_of_day_since_00:00:00_UTC
6
1, 1, 1, 1, 1, 1
-9999, -9999, -9999, -9999, -9999, -9999
Br2_NOAACIMS, pptv, Gas_Br2_InSitu_S_AVMR
BrO_NOAACIMS, pptv, Gas_BrO_InSitu_S_AVMR
Cl2_NOAACIMS, pptv, Gas_Cl2_InSitu_S_AVMR
ClNO2_NOAACIMS, pptv, Gas_ClNO2_InSitu_S_AVMR
BrCl_NOAACIMS, pptv, Gas_BrCl_InSitu_S_AVMR
NCl3_NOAACIMS, pptv, Gas_NCl3_InSitu_S_AVMR
1
N/A
18
PI_CONTACT_INFO: 325 Broadway, R/CSD 7, Boulder, Colorado 80305; michael.a.robinson@noaa.gov; chris.jernigan@noaa.gov;
PLATFORM: NOAA CSL Mobile Lab
LOCATION: SLC, Utah
ASSOCIATED_DATA: 1Hz data also available on request.
INSTRUMENT_INFO: NOAA I- ToF CIMS
DATA_INFO: Units: pptv
UNCERTAINTY: tbd
ULOD_FLAG: -7777
ULOD_VALUE: N/A
LLOD_FLAG: -8888
LLOD_VALUE: N/A
DM_CONTACT_INFO: Nathan Howard; nathan.h.howard@noaa.gov
PROJECT_INFO: USOS, summer 2024. https://csl.noaa.gov/groups/csl7/measurements/2024usos/
STIPULATIONS_ON_USE: only the USOS science team is allowed to use this data
OTHER_COMMENTS: Field data; Data are averaged to 1 minute intervals. Stationary data collected from a 10 ft tower on top of the mobile lab
REVISION: RA
RA: Preliminary Data; For in-field use only
starttime_UTC, Br2_NOAACIMS, BrO_NOAACIMS, Cl2_NOAACIMS, ClNO2_NOAACIMS, BrCl_NOAACIMS, NCl3_NOAACIMS
[from data line 341]
20460,0.983,0.110,2.085,0.119,0.099,0.728
20520,1.027,0.066,1.967,0.127,0.072,0.807
20580,1.063,0.048,2.010,0.101,0.088,0.715
20640,1.008,0.102,2.002,0.133,0.084,0.944
20700,0.845,0.064,2.031,0.137,0.065,0.909
20760,1.033,0.031,1.872,0.112,0.072,0.703
20820,0.901,0.102,2.074,0.120,0.086,0.695
20880,1.083,0.141,2.045,0.125,0.110,0.696
20940,0.913,0.032,1.863,0.093,0.103,0.699
21000,1.060,0.086,2.117,0.116,0.087,0.873
21060,1.035,0.083,1.930,0.106,0.081,1.123
21120,0.895,0.006,2.045,0.108,0.096,0.935
21180,0.948,0.086,1.994,0.150,0.100,0.996
21240,1.072,0.108,2.123,0.139,0.115,0.976
21300,0.926,0.153,2.025,0.170,0.120,0.746
21360,1.001,0.131,2.037,0.147,0.124,0.924
21420,1.000,0.083,2.160,0.157,0.131,0.905
21480,1.054,0.123,2.135,0.157,0.135,0.944
21540,1.119,0.122,2.201,0.106,0.063,0.903
21600,-9999.000,-9999.000,-9999.000,-9999.000,-9999.000,-9999.000
21660,-9999.000,-9999.000,-9999.000,-9999.000,-9999.000,-9999.000
21720,-9999.000,-9999.000,-9999.000,-9999.000,-9999.000,-9999.000
21780,-9999.000,-9999.000,-9999.000,-9999.000,-9999.000,-9999.000
21840,-9999.000,-9999.000,-9999.000,-9999.000,-9999.000,-9999.000
21900,-9999.000,-9999.000,-9999.000,-9999.000,-9999.000,-9999.000
21960,-9999.000,-9999.000,-9999.000,-9999.000,-9999.000,-9999.000
22020,-9999.000,-9999.000,-9999.000,-9999.000,-9999.000,-9999.000
22080,-9999.000,-9999.000,-9999.000,-9999.000,-9999.000,-9999.000
22140,-9999.000,-9999.000,-9999.000,-9999.000,-9999.000,-9999.000
22200,-9999.000,-9999.000,-9999.000,-9999.000,-9999.000,-9999.000
22260,-9999.000,-9999.000,-9999.000,-9999.000,-9999.000,-9999.000
22320,-9999.000,-9999.000,-9999.000,-9999.000,-9999.000,-9999.000
22380,-9999.000,-9999.000,-9999.000,-9999.000,-9999.000,-9999.000
22440,-9999.000,-9999.000,-9999.000,-9999.000,-9999.000,-9999.000
22500,0.820,0.093,2.227,0.064,0.106,1.409
22560,0.857,0.107,2.258,0.063,0.094,1.282
22620,0.935,0.138,2.185,0.075,0.127,1.515
22680,0.786,0.159,2.151,0.076,0.107,1.565
22740,0.759,0.107,2.114,0.111,0.103,1.740
22800,0.851,0.113,2.256,0.089,0.130,1.779
22860,0.978,0.150,2.172,0.094,0.122,1.691
22920,0.723,0.178,2.188,0.100,0.141,1.625
22980,0.848,0.102,2.312,0.076,0.109,1.466
23040,0.941,0.112,2.138,0.083,0.102,1.656
23100,0.915,0.093,2.168,0.084,0.142,1.517
23160,0.680,0.083,2.060,0.093,0.123,1.670
23220,0.970,0.078,2.183,0.098,0.110,1.452
23280,0.720,0.159,2.134,0.124,0.095,1.417
23340,0.881,0.146,2.205,0.099,0.090,1.403
23400,0.839,0.160,2.151,0.041,0.104,1.318
23460,0.866,0.072,2.254,0.106,0.108,1.412
23520,0.836,0.114,2.207,0.085,0.133,1.498
23580,0.863,0.085,2.001,0.089,0.134,1.485
23640,0.920,0.057,2.121,0.129,0.106,1.434
23700,0.921,0.067,2.110,0.122,0.160,1.399
23760,0.902,0.109,2.182,0.080,0.090,1.547
23820,0.847,0.067,2.219,0.096,0.142,1.482
23880,0.866,0.102,2.176,0.098,0.104,1.589
23940,0.874,0.085,2.108,0.096,0.142,1.745
24000,0.773,0.121,2.265,0.139,0.135,1.694
24060,0.672,0.088,2.140,0.119,0.117,1.616
24120,0.864,0.023,2.169,0.143,0.132,1.545
24180,0.812,0.064,2.400,0.085,0.127,1.632
24240,0.749,0.079,2.218,0.142,0.120,1.718
24300,0.759,0.094,2.226,0.108,0.163,1.670
24360,0.883,0.051,2.152,0.119,0.102,1.689
24420,0.773,0.066,2.204,0.053,0.101,1.600
24480,0.882,0.009,2.237,0.129,0.112,1.734
24540,0.795,0.086,2.236,0.115,0.120,1.821
24600,0.822,0.070,2.278,0.110,0.117,1.748
24660,0.882,0.064,2.347,0.113,0.137,1.936
24720,0.903,0.165,2.215,0.130,0.160,1.777
24780,0.759,0.088,2.160,0.150,0.137,1.964
24840,0.824,0.089,2.250,0.113,0.155,2.067
24900,0.819,0.086,2.323,0.141,0.178,1.886
24960,0.790,0.102,2.433,0.139,0.145,2.182
25020,0.820,0.102,2.409,0.144,0.138,2.516
25080,0.783,0.051,2.361,0.128,0.144,2.356
25140,0.924,0.083,2.277,0.110,0.160,2.445
25200,0.923,0.080,2.222,0.144,0.137,2.259
25260,0.664,-0.030,2.347,0.101,0.212,2.185
25320,0.757,0.098,2.061,0.149,0.139,1.930
25380,0.894,0.042,2.127,0.133,0.150,1.889
25440,0.757,0.028,2.311,0.150,0.173,1.862
25500,0.851,0.053,2.332,0.145,0.198,2.019
25560,0.819,0.048,2.231,0.131,0.177,1.864
25620,0.902,0.077,2.178,0.152,0.178,1.826
25680,0.837,0.056,2.354,0.144,0.173,1.961
25740,0.918,0.032,2.277,0.125,0.187,1.941
25800,0.815,0.086,2.173,0.171,0.137,2.128
25860,0.843,0.030,2.319,0.120,0.157,2.247
25920,0.736,0.049,2.279,0.149,0.162,2.157
25980,0.802,0.009,2.146,0.152,0.141,2.425
26040,0.808,0.036,2.464,0.137,0.194,2.728
26100,0.743,0.044,2.438,0.146,0.157,3.106
26160,0.764,0.017,2.251,0.130,0.141,2.898
26220,0.848,0.044,2.185,0.124,0.142,2.529
26280,0.814,0.011,2.428,0.151,0.127,2.592
26340,0.619,-0.024,2.275,0.161,0.132,2.577
26400,0.751,0.031,2.412,0.124,0.120,2.697
26460,0.752,-0.018,2.300,0.145,0.161,2.757
26520,0.701,-0.020,2.364,0.162,0.119,2.776
26580,0.625,-0.021,2.560,0.174,0.125,2.873
26640,0.734,-0.010,2.436,0.166,0.112,3.128
26700,0.821,-0.034,2.317,0.163,0.136,3.009
26760,0.762,0.010,2.302,0.188,0.130,2.892
26820,0.567,-0.015,2.443,0.152,0.139,2.967
26880,0.749,-0.029,2.316,0.133,0.132,2.984
26940,0.797,-0.066,2.363,0.130,0.092,3.038
27000,0.725,-0.063,2.242,0.148,0.079,2.854
27060,0.746,-0.071,2.314,0.141,0.130,2.818
27120,0.495,-0.056,2.453,0.138,0.122,2.640
27180,0.718,0.007,2.208,0.140,0.079,2.658
27240,0.688,-0.064,2.095,0.176,0.112,2.912
27300,0.665,-0.024,2.228,0.193,0.153,3.090
27360,0.730,-0.004,2.380,0.147,0.146,3.141
27420,0.803,-0.069,2.352,0.190,0.145,3.028
27480,0.759,-0.090,2.321,0.168,0.138,3.334
27540,0.697,0.013,2.407,0.182,0.171,3.078
27600,0.888,0.013,2.367,0.182,0.155,3.169
27660,0.781,0.069,2.349,0.160,0.170,3.241
27720,0.799,-0.008,2.211,0.145,0.140,3.309
27780,1.022,0.042,2.331,0.164,0.142,3.055
27840,0.901,0.034,2.284,0.104,0.114,3.063
27900,1.006,0.008,2.273,0.179,0.133,2.868
27960,1.012,0.019,2.330,0.158,0.115,2.978
28020,1.044,-0.007,2.290,0.150,0.173,3.127
28080,0.958,-0.003,2.174,0.129,0.115,3.048
28140,1.005,-0.028,2.343,0.125,0.166,3.064
28200,0.849,-0.004,2.298,0.119,0.139,2.586
28260,1.043,-0.004,2.394,0.169,0.198,3.079
28320,1.222,0.007,2.184,0.162,0.159,2.980
28380,1.049,0.037,2.439,0.160,0.141,2.682
28440,1.308,0.024,2.372,0.175,0.186,2.754
28500,1.119,0.121,2.607,0.163,0.165,2.807
28560,1.162,0.124,2.457,0.232,0.199,2.651
28620,1.149,0.133,2.583,0.234,0.170,2.790
28680,1.133,0.028,2.297,0.206,0.193,2.480
28740,1.274,0.072,2.431,0.190,0.204,2.635
28800,1.186,0.053,2.415,0.222,0.150,2.365
28860,1.243,0.044,2.448,0.198,0.203,2.269
28920,1.158,-0.017,2.139,0.257,0.167,2.422
28980,1.320,0.016,2.086,0.256,0.193,2.720
29040,1.227,0.124,2.078,0.259,0.213,2.893
29100,1.212,0.107,2.357,0.245,0.215,2.716
29160,1.233,0.087,2.282,0.258,0.216,2.524
29220,1.348,0.101,2.298,0.271,0.230,2.695
29280,1.263,0.042,2.491,0.312,0.237,2.627
29340,1.255,0.025,2.467,0.422,0.195,3.550
29400,1.127,0.065,2.662,0.484,0.252,3.628
29460,1.302,0.014,2.607,0.519,0.252,3.978
29520,1.087,0.013,2.545,0.404,0.243,3.325
29580,1.039,0.027,2.408,0.411,0.229,3.499
29640,1.133,0.067,2.562,0.511,0.234,4.182
29700,1.083,0.006,2.497,0.418,0.231,3.550
29760,1.128,-0.022,2.388,0.428,0.198,3.000
29820,1.018,0.030,2.512,0.340,0.183,3.029
29880,1.122,0.035,2.389,0.390,0.174,3.331
29940,0.961,-0.034,2.425,0.323,0.165,3.463
30000,1.232,-0.046,2.465,0.364,0.239,3.567
30060,1.063,-0.093,2.570,0.274,0.160,3.475
30120,1.034,-0.051,2.508,0.338,0.179,3.122
30180,1.015,-0.037,2.546,0.347,0.185,3.181
30240,0.927,-0.035,2.295,0.377,0.181,3.309
30300,0.945,-0.131,2.534,0.282,0.148,3.148
30360,1.010,-0.020,2.516,0.278,0.148,3.156
30420,1.016,-0.033,2.603,0.229,0.158,3.074
30480,0.956,-0.079,2.562,0.229,0.168,3.138
30540,0.978,-0.058,2.406,0.225,0.166,3.405
30600,1.010,-0.154,2.525,0.221,0.182,3.629
30660,0.945,-0.069,2.459,0.231,0.174,3.773
30720,0.870,-0.103,2.592,0.240,0.137,5.258
30780,0.946,-0.055,2.546,0.205,0.146,4.619
30840,0.797,-0.098,2.566,0.187,0.168,5.346
30900,0.751,-0.135,2.599,0.287,0.196,5.318
30960,0.782,-0.106,2.457,0.229,0.127,4.672
31020,0.885,-0.162,2.576,0.211,0.160,4.391
31080,0.997,-0.134,2.552,0.297,0.185,4.097
31140,0.889,-0.140,2.566,0.303,0.167,3.818
31200,0.865,-0.124,2.565,0.285,0.165,3.716
31260,0.934,-0.086,2.622,0.302,0.195,4.143
31320,0.882,-0.119,2.689,0.286,0.194,4.128
31380,0.806,-0.112,2.497,0.268,0.194,4.261
31440,0.879,-0.085,2.558,0.282,0.187,4.068
31500,1.010,-0.111,2.698,0.259,0.165,4.702
31560,0.903,-0.118,2.611,0.280,0.194,4.980
31620,1.065,-0.052,2.679,0.352,0.189,5.051
31680,0.793,-0.121,2.683,0.397,0.236,5.328
31740,1.042,-0.088,2.704,0.514,0.215,5.843
31800,0.944,-0.132,2.685,0.473,0.213,6.122
31860,0.090,-0.211,2.485,0.430,0.061,4.277
31920,-0.067,-0.241,2.663,0.423,0.071,4.417
31980,1.011,-0.097,2.922,0.465,0.202,7.438
32040,0.887,-0.008,2.997,0.552,0.219,10.139
32100,1.075,-0.089,3.162,0.647,0.215,11.712
32160,0.987,-0.065,3.179,0.689,0.232,12.651
32220,0.971,-0.083,3.159,0.673,0.244,13.084
32280,0.916,-0.040,3.135,0.668,0.233,13.265
32340,0.996,-0.013,2.930,0.748,0.231,12.949
32400,1.096,-0.129,2.959,0.677,0.245,12.418
32460,1.041,-0.134,2.981,0.686,0.243,12.339
32520,0.983,-0.022,2.956,0.735,0.270,12.433
32580,1.039,-0.112,3.047,0.658,0.206,12.032
32640,-9999.000,-9999.000,-9999.000,-9999.000,-9999.000,-9999.000
32700,0.904,-0.062,2.611,0.663,0.240,11.612
32760,0.884,-0.084,2.750,0.695,0.223,11.367
32820,0.910,-0.035,2.829,0.739,0.195,11.157
32880,1.026,0.039,2.641,0.685,0.199,11.151
32940,0.962,-0.023,2.847,0.735,0.232,11.317
33000,0.956,0.013,2.687,0.803,0.197,11.292
33060,1.077,0.013,2.931,0.659,0.189,11.578
33120,0.926,0.003,2.778,0.695,0.230,11.630
33180,0.841,0.032,2.764,0.689,0.199,11.585
33240,0.971,-0.012,2.588,0.669,0.280,11.030
33300,1.102,0.041,2.712,0.738,0.252,10.952
33360,0.972,0.023,2.714,0.744,0.226,11.115
33420,1.034,0.034,2.711,0.680,0.215,10.936
33480,1.029,0.013,2.697,0.756,0.219,10.679
33540,0.950,0.089,2.819,0.788,0.245,11.158
33600,0.861,0.046,2.731,0.755,0.184,10.427
33660,0.932,0.015,2.642,0.769,0.180,11.032
33720,0.965,0.083,2.748,0.735,0.241,11.357
33780,1.122,0.047,2.820,0.784,0.245,11.205
33840,1.014,0.132,2.570,0.696,0.227,10.592
33900,1.053,0.086,2.787,0.657,0.225,10.695
33960,1.234,0.109,2.671,0.703,0.207,10.718
34020,1.101,0.108,2.598,0.705,0.204,10.840
34080,0.956,0.088,2.599,0.709,0.261,10.599
34140,0.811,0.131,2.630,0.667,0.179,11.019
34200,1.061,0.168,2.751,0.477,0.250,9.678
34260,1.097,0.098,2.686,0.618,0.231,9.668
34320,1.145,0.067,2.603,0.530,0.235,10.045
34380,1.053,0.202,2.593,0.600,0.212,10.296
34440,0.996,0.130,2.648,0.525,0.213,9.850
34500,0.987,0.228,2.665,0.625,0.145,11.583
34560,1.004,0.172,2.626,0.641,0.205,20.433
34620,1.022,0.217,2.829,0.756,0.230,22.732
34680,1.005,0.236,2.957,0.951,0.305,21.520
34740,0.967,0.247,2.798,0.907,0.267,18.685
34800,1.113,0.156,2.621,0.980,0.244,17.138
34860,0.934,0.202,2.580,0.972,0.322,16.864
34920,0.975,0.252,2.831,0.996,0.259,22.951
34980,1.015,0.216,2.786,0.862,0.262,18.417
35040,0.860,0.198,2.764,0.827,0.222,18.888
35100,0.918,0.224,2.563,0.879,0.292,16.693
35160,1.025,0.242,2.955,0.858,0.229,23.205
35220,1.032,0.176,3.582,1.023,0.431,53.043
35280,0.902,0.182,2.922,0.953,0.268,28.529
35340,0.734,0.121,2.854,0.741,0.223,16.444
35400,0.911,0.241,2.818,0.813,0.221,15.535
35460,0.831,0.211,2.671,0.774,0.188,15.697
35520,0.807,0.189,2.614,0.736,0.205,16.215
35580,0.885,0.160,2.702,0.748,0.226,16.160
35640,0.871,0.135,3.118,0.787,0.213,28.893
35700,0.995,0.167,3.197,0.845,0.263,31.094
35760,0.676,0.107,2.964,0.726,0.230,25.867
35820,0.867,0.248,3.015,0.812,0.190,35.142
35880,0.769,0.225,2.952,0.651,0.195,24.508
35940,0.664,0.187,2.775,0.735,0.214,28.158
36000,0.810,0.213,2.886,0.667,0.263,27.219
36060,0.799,0.215,2.954,0.658,0.231,26.363
36120,0.952,0.156,2.885,0.530,0.208,21.819
36180,0.848,0.223,2.984,0.518,0.249,21.736
36240,0.738,0.128,3.166,0.604,0.189,20.755
36300,0.739,0.198,3.343,0.593,0.225,18.769
36360,0.808,0.249,2.715,0.591,0.169,17.465
36420,0.670,0.134,2.885,0.578,0.154,17.013
36480,0.768,0.167,2.817,0.621,0.215,16.350
36540,0.785,0.145,2.591,0.576,0.158,15.942
36600,0.738,0.160,2.740,0.615,0.168,15.185
36660,0.713,0.167,2.713,0.586,0.151,16.314
36720,0.706,0.201,2.750,0.610,0.180,16.488
36780,0.720,0.261,2.610,0.646,0.189,16.205
36840,0.575,0.160,2.636,0.637,0.183,16.370
36900,0.764,0.194,2.819,0.568,0.156,18.319
36960,0.684,0.167,2.758,0.646,0.160,19.110
37020,0.710,0.234,2.818,0.542,0.165,20.140
37080,0.728,0.205,2.713,0.531,0.158,21.240
37140,0.684,0.179,2.916,0.530,0.126,21.083
37200,0.718,0.108,2.895,0.540,0.179,21.747
37260,0.721,0.223,2.720,0.520,0.150,21.667
37320,0.706,0.191,2.741,0.481,0.114,21.160
37380,0.660,0.194,2.739,0.498,0.177,21.964
37440,0.678,0.118,2.644,0.504,0.120,20.011
37500,0.749,0.175,2.715,0.513,0.172,19.369
37560,0.730,0.124,2.562,0.470,0.127,18.740
37620,0.722,0.167,2.581,0.424,0.104,18.582
37680,0.690,0.162,2.440,0.345,0.150,15.404
37740,0.636,0.116,2.632,0.402,0.107,15.710
37800,0.524,0.141,2.545,0.398,0.109,15.647
37860,0.803,0.162,2.640,0.329,0.131,15.728
37920,0.656,0.111,2.550,0.377,0.131,15.435
37980,0.698,0.141,2.623,0.399,0.127,16.283
38040,0.561,0.146,2.613,0.412,0.123,15.574
38100,0.531,0.133,2.689,0.368,0.111,15.508
38160,0.791,0.180,2.497,0.420,0.140,15.552
38220,0.644,0.148,2.568,0.507,0.171,27.326
38280,0.676,0.201,3.037,0.526,0.266,39.261
38340,0.806,0.232,2.765,0.551,0.186,31.916
38400,0.762,0.162,2.871,0.599,0.301,38.176
38460,0.637,0.140,2.784,0.424,0.202,23.464
38520,0.885,0.200,2.670,0.475,0.137,20.938
38580,0.657,0.069,2.631,0.406,0.136,16.477
38640,0.643,0.076,2.511,0.410,0.149,15.948
38700,0.577,0.175,2.636,0.436,0.123,19.732
38760,0.826,0.160,2.607,0.445,0.193,19.279
38820,0.718,0.169,2.613,0.425,0.225,25.061
38880,0.734,0.152,2.587,0.495,0.170,24.552
38940,0.773,0.194,2.666,0.501,0.220,25.677
39000,0.766,0.173,3.176,0.636,0.352,38.224
39060,0.801,0.138,2.865,0.612,0.262,31.779
39120,0.733,0.122,2.504,0.478,0.189,19.266
39180,0.698,0.162,2.445,0.467,0.147,18.654
39240,0.766,0.196,2.305,0.475,0.194,16.707
39300,0.795,0.084,2.347,0.453,0.146,16.364
39360,0.756,0.087,2.365,0.441,0.163,16.161
39420,0.654,0.115,2.377,0.402,0.163,16.219
39480,0.834,0.090,2.464,0.376,0.217,15.541
39540,0.841,0.073,2.345,0.416,0.201,14.854
39600,0.577,0.071,2.215,0.430,0.182,14.750
39660,0.629,0.193,2.190,0.413,0.198,17.386
39720,0.830,0.078,2.266,0.442,0.200,18.117
39780,0.754,0.134,2.500,0.449,0.225,22.616
39840,0.865,0.170,2.505,0.529,0.202,22.605
39900,0.791,0.118,2.483,0.583,0.235,28.325
39960,0.785,0.151,2.411,0.459,0.245,21.040
40020,1.060,0.127,2.632,0.259,0.096,18.880
40080,0.781,0.058,2.062,0.470,0.179,17.193
40140,0.752,0.098,2.208,0.457,0.218,18.006
40200,0.785,0.091,2.204,0.457,0.144,17.862
40260,0.894,0.103,2.310,0.506,0.142,17.383
40320,0.681,0.077,2.342,0.446,0.245,16.615
40380,0.743,0.118,2.521,0.443,0.164,16.104
40440,0.757,0.088,2.397,0.433,0.189,17.114
40500,0.676,0.036,2.463,0.464,0.237,16.353
40560,0.826,0.136,2.414,0.404,0.205,15.325
40620,0.757,0.159,2.428,0.484,0.223,16.990
40680,0.874,0.085,2.568,0.453,0.170,16.664
40740,0.814,0.092,2.439,0.509,0.207,17.288
40800,0.737,0.075,2.557,0.480,0.220,19.748
40860,0.715,0.132,2.582,0.465,0.185,22.762
40920,0.696,0.022,2.573,0.480,0.185,20.670
40980,0.757,0.092,2.797,0.449,0.226,18.191
41040,0.801,0.131,2.695,0.505,0.195,23.935
41100,0.632,0.093,2.549,0.502,0.180,17.163
41160,0.669,0.133,2.497,0.447,0.161,16.363
41220,0.699,0.163,2.447,0.495,0.160,16.313
41280,0.831,0.094,2.555,0.477,0.174,21.317
41340,0.900,0.175,2.880,0.676,0.277,35.085
41400,0.805,0.188,2.599,0.467,0.221,22.154
41460,0.662,0.084,2.780,0.470,0.176,21.116
41520,0.750,0.112,2.660,0.493,0.190,20.077
41580,0.789,0.186,2.661,0.511,0.169,19.474
41640,0.623,0.143,2.748,0.491,0.153,17.590
41700,0.685,0.116,2.567,0.490,0.196,16.691
41760,0.762,0.142,2.745,0.504,0.165,16.447
41820,0.790,0.179,2.510,0.479,0.173,15.929
41880,0.680,0.129,2.466,0.539,0.166,15.981
41940,0.638,0.155,2.483,0.445,0.134,15.916
42000,0.655,0.088,2.528,0.459,0.133,16.563
42060,0.739,0.126,2.656,0.466,0.145,16.801
42120,0.750,0.093,2.734,0.446,0.150,16.217
42180,0.804,0.041,2.648,0.485,0.112,16.297
42240,0.706,0.068,2.635,0.521,0.135,15.993
42300,0.831,0.008,2.659,0.535,0.204,17.575
