CampaignData_and_Merges/R0/CSL_MobileLab_Parked/raw/20240719/USOS-jNO2_MobileLabGround_20240719_R0.ict
52,1001
Waxman, E.; Rollins, A.; Zuraski, K.; Chace, W.
NOAA Chemical Sciences Laboratory
jNO2 filter radiometer on CSL Mobile Lab
AMMBEC / USOS
1, 1
2024,07,19, 2025,04,01
60
Time_Start, seconds, number_of_seconds_since_0000_UTC
20
1, 1, 1, 1, 1, 1, 1, 1, 1, 1, 1, 1, 1, 1, 1, 1, 1, 1, 1, 1
-9999, -9999, -9999, -9999, -9999, -9999, -9999, -9999, -9999, -9999, -9999, -9999, -9999, -9999, -9999, -9999, -9999, -9999, -9999, -9999
Time_Stop, seconds, number_of_seconds_since_0000_UTC
jNO2_meas, per second, photolysis rate of NO2 measured using a filter radiometer.
jBrCl, per second, photolysis rate of BrCl -> Br + Cl calculated in TUV for cloud-free sky with local AOD
jBr2, per second, photolysis rate of Br2 -> Br + Br calculated in TUV for cloud-free sky with local AOD
jCCl4, per second, photolysis rate of CCl4 -> Products calcualted in TUV for cloud-free sky with local AOD
jCH2Oa, per second, photolysis rate of CH2O -> H + HCO calculated in TUV for cloud-free sky with local AOD
jCH2Ob, per second, photolysis rate of CH2O -> H2 + CO calculated in TUV for cloud-free sky with local AOD
jClNO2, per second, photolysis rate of ClNO2 -> Cl + NO2 calculated in TUV for cloud-free sky with local AOD
jClOa, per second, photolysis rate of ClO -> Cl + O(1D) calculated in TUV for cloud-free sky with local AOD
jClOb, per second, photolysis rate of ClO -> Cl + O(3P) calculated in TUV for cloud-free sky with local AOD
jCl2, per second, photolysis rate of Cl2 -> Cl + Cl calculated in TUV for cloud-free sky with local AOD
jHNO2, per second, photolysis rate of HNO2 -> OH + NO calculated in TUV for cloud-free sky with local AOD
jHNO3, per second, photolysis rate of HNO3 -> OH + NO2 calculated in TUV for cloud-free sky with local AOD
jI2, per second, photolysis rate of I2 -> I + I calculated in TUV for cloud-free sky with local AOD
jNO2, per second, photolysis rate of NO2 -> NO + O(3P) calculated in TUV for cloud-free sky with local AOD
jNO3a, per second, photolysis rate of NO3 -> NO + O2 calculated in TUV for cloud-free sky with local AOD
jNO3b, per second, photolysis rate of NO3 -> NO2 + O(3P) calculated in TUV for cloud-free sky with local AOD
jN2O5, per second, photolysis rate of N2O5 -> NO3 + NO + O(3P) calculated in TUV for cloud-free sky with local AOD
jO3, per second, photolysis rate of O3 -> O2 + O(1D) calculated in TUV for cloud-free sky with local AOD
AOD_500nm, unitless, UTC daily mean AOD at 500 nm from an AERONET station located at 40.178 N, -112.452 E
0
18
PI_CONTACT_INFO: eleanor.waxman@noaa.gov
PLATFORM: CSL Mobile Lab, at ground site
LOCATION: Salt Lake City, UT
ASSOCIATED_DATA:
INSTRUMENT_INFO: jNO2 filter radiometer.  TUV calculations are for mobile van lat/lon/altitude assuming clear sky (cloud AOD = 0) and daily mean AOD.
DATA_INFO:
UNCERTAINTY: Data uncertainties are +/- 20%.  These come from uncertainties in radiometer angular response, radiometer thermal response, local interferences from clouds/aerosols/shadows etc.
ULOD_FLAG: -7777
ULOD_VALUE: N/A
LLOD_FLAG: -8888
LLOD_VALUE: N/A
DM_CONTACT_INFO: eleanor.waxman@noaa.gov
PROJECT_INFO: USOS Project, July - August 2024
STIPULATIONS_ON_USE: Users are strongly encouraged to contact the PI for proper data usage.
OTHER_COMMENTS: 
REVISION: R0
R0: final data
Time_Start, Time_Stop, jNO2_meas, jBrCl, jBr2, jCCl4, jCH2Oa, jCH2Ob, jClNO2, jClOa, jClOb, jCl2, jHNO2, jHNO3, jI2, jNO2, jNO3a, jNO3b, jN2O5, jO3, AOD_500nm
[from data line 940]
   56400,   56460,0.0052947,0.008683,0.02718,4.885e-25,1.986e-05,3.313e-05,0.0003285,1.716e-25,2.025e-05,0.001702,0.001141,3.084e-07,0.09934,0.007132,0.01946,0.1546,2.82e-05,1.285e-05,0.138
   56460,   56520,0.0052343,0.008704,0.02723,5.007e-25,1.998e-05,3.328e-05,0.0003299,1.76e-25,2.045e-05,0.001708,0.001144,3.107e-07,0.09948,0.007154,0.01948,0.1548,2.833e-05,1.298e-05,0.138
   56520,   56580,0.0054877,0.008725,0.02728,5.141e-25,2.01e-05,3.343e-05,0.0003314,1.808e-25,2.066e-05,0.001714,0.001148,3.131e-07,0.09963,0.007176,0.0195,0.155,2.847e-05,1.312e-05,0.138
   56580,   56640,0.0061981,0.008746,0.02733,5.28e-25,2.022e-05,3.359e-05,0.0003328,1.858e-25,2.088e-05,0.001721,0.001152,3.155e-07,0.09978,0.007198,0.01953,0.1552,2.862e-05,1.327e-05,0.138
   56640,   56700,0.006669,0.008766,0.02738,5.416e-25,2.033e-05,3.373e-05,0.0003342,1.907e-25,2.108e-05,0.001727,0.001156,3.178e-07,0.09991,0.007219,0.01955,0.1554,2.875e-05,1.34e-05,0.138
   56700,   56760,0.0072067,0.008787,0.02743,5.565e-25,2.045e-05,3.388e-05,0.0003357,1.961e-25,2.13e-05,0.001733,0.00116,3.202e-07,0.1001,0.007241,0.01957,0.1556,2.889e-05,1.354e-05,0.138
   56760,   56820,0.0074067,0.008807,0.02748,5.72e-25,2.057e-05,3.403e-05,0.0003371,2.017e-25,2.152e-05,0.001739,0.001164,3.226e-07,0.1002,0.007263,0.01959,0.1558,2.903e-05,1.369e-05,0.138
   56820,   56880,0.0075311,0.008827,0.02753,5.871e-25,2.068e-05,3.417e-05,0.0003385,2.072e-25,2.172e-05,0.001745,0.001167,3.249e-07,0.1003,0.007283,0.01962,0.156,2.916e-05,1.382e-05,0.138
   56880,   56940,0.0073486,0.008847,0.02758,6.037e-25,2.08e-05,3.432e-05,0.0003399,2.132e-25,2.194e-05,0.001751,0.001171,3.273e-07,0.1005,0.007304,0.01964,0.1562,2.929e-05,1.397e-05,0.138
   56940,   57000,0.0076251,0.008867,0.02763,6.21e-25,2.092e-05,3.447e-05,0.0003413,2.195e-25,2.216e-05,0.001757,0.001175,3.297e-07,0.1006,0.007325,0.01966,0.1564,2.943e-05,1.411e-05,0.138
   57000,   57060,0.0077001,0.008886,0.02767,6.376e-25,2.103e-05,3.461e-05,0.0003427,2.257e-25,2.236e-05,0.001763,0.001178,3.32e-07,0.1007,0.007345,0.01968,0.1566,2.956e-05,1.425e-05,0.138
   57060,   57120,0.0077093,0.008905,0.02772,6.562e-25,2.115e-05,3.476e-05,0.0003441,2.325e-25,2.258e-05,0.001769,0.001182,3.344e-07,0.1009,0.007366,0.0197,0.1568,2.97e-05,1.439e-05,0.138
   57120,   57180,0.0069374,0.008925,0.02777,6.756e-25,2.127e-05,3.49e-05,0.0003455,2.396e-25,2.28e-05,0.001775,0.001185,3.367e-07,0.101,0.007387,0.01972,0.157,2.983e-05,1.454e-05,0.138
   57180,   57240,0.0068287,0.008943,0.02781,6.945e-25,2.137e-05,3.504e-05,0.0003468,2.466e-25,2.3e-05,0.001781,0.001189,3.39e-07,0.1011,0.007406,0.01974,0.1572,2.996e-05,1.467e-05,0.138
   57240,   57300,0.0068862,0.008962,0.02786,7.153e-25,2.149e-05,3.518e-05,0.0003482,2.543e-25,2.322e-05,0.001787,0.001192,3.414e-07,0.1013,0.007426,0.01976,0.1574,3.009e-05,1.482e-05,0.138
   57300,   57360,0.0064991,0.008981,0.0279,7.37e-25,2.161e-05,3.532e-05,0.0003496,2.623e-25,2.344e-05,0.001793,0.001196,3.438e-07,0.1014,0.007447,0.01979,0.1576,3.022e-05,1.497e-05,0.138
   57360,   57420,0.0061933,0.008999,0.02795,7.582e-25,2.171e-05,3.546e-05,0.0003509,2.702e-25,2.365e-05,0.001798,0.001199,3.46e-07,0.1015,0.007465,0.0198,0.1577,3.035e-05,1.51e-05,0.138
   57420,   57480,0.0059486,0.009017,0.02799,7.816e-25,2.183e-05,3.56e-05,0.0003522,2.789e-25,2.387e-05,0.001804,0.001203,3.484e-07,0.1016,0.007485,0.01983,0.1579,3.048e-05,1.525e-05,0.138
   57480,   57540,0.0057493,0.009036,0.02804,8.06e-25,2.194e-05,3.574e-05,0.0003536,2.881e-25,2.409e-05,0.00181,0.001206,3.507e-07,0.1018,0.007505,0.01984,0.1581,3.061e-05,1.54e-05,0.138
   57540,   57600,0.0055615,0.009053,0.02808,8.298e-25,2.205e-05,3.587e-05,0.0003548,2.97e-25,2.429e-05,0.001815,0.001209,3.53e-07,0.1019,0.007523,0.01986,0.1583,3.074e-05,1.553e-05,0.138
   57600,   57660,0.0053998,0.009071,0.02812,8.561e-25,2.216e-05,3.601e-05,0.0003562,3.069e-25,2.451e-05,0.001821,0.001213,3.553e-07,0.102,0.007543,0.01988,0.1584,3.086e-05,1.568e-05,0.138
   57660,   57720,0.0053529,0.009089,0.02817,8.836e-25,2.227e-05,3.615e-05,0.0003575,3.173e-25,2.473e-05,0.001826,0.001216,3.577e-07,0.1021,0.007562,0.0199,0.1586,3.099e-05,1.583e-05,0.138
   57720,   57780,0.0054106,0.009106,0.02821,9.105e-25,2.238e-05,3.628e-05,0.0003588,3.275e-25,2.494e-05,0.001831,0.001219,3.599e-07,0.1022,0.00758,0.01992,0.1588,3.111e-05,1.596e-05,0.138
   57780,   57840,0.0054778,0.009124,0.02825,9.403e-25,2.249e-05,3.641e-05,0.0003601,3.388e-25,2.516e-05,0.001837,0.001223,3.622e-07,0.1024,0.007599,0.01994,0.1589,3.124e-05,1.611e-05,0.138
   57840,   57900,0.0055388,0.009141,0.02829,9.713e-25,2.26e-05,3.655e-05,0.0003614,3.507e-25,2.538e-05,0.001843,0.001226,3.646e-07,0.1025,0.007618,0.01996,0.1591,3.137e-05,1.626e-05,0.138
   57900,   57960,0.0058316,0.009157,0.02833,1.002e-24,2.271e-05,3.667e-05,0.0003626,3.623e-25,2.559e-05,0.001848,0.001229,3.667e-07,0.1026,0.007635,0.01997,0.1593,3.149e-05,1.64e-05,0.138
   57960,   58020,0.0055401,0.009174,0.02837,1.035e-24,2.281e-05,3.681e-05,0.0003639,3.752e-25,2.581e-05,0.001853,0.001232,3.691e-07,0.1027,0.007654,0.01999,0.1594,3.161e-05,1.654e-05,0.138
   58020,   58080,0.0055171,0.009191,0.02841,1.071e-24,2.292e-05,3.694e-05,0.0003652,3.888e-25,2.603e-05,0.001859,0.001235,3.714e-07,0.1028,0.007672,0.02001,0.1596,3.174e-05,1.669e-05,0.138
   58080,   58140,0.0055522,0.009207,0.02845,1.105e-24,2.303e-05,3.707e-05,0.0003664,4.022e-25,2.624e-05,0.001864,0.001238,3.736e-07,0.1029,0.007689,0.02003,0.1598,3.186e-05,1.683e-05,0.138
   58140,   58200,0.0055093,0.009224,0.02849,1.143e-24,2.314e-05,3.72e-05,0.0003676,4.17e-25,2.646e-05,0.001869,0.001242,3.759e-07,0.103,0.007707,0.02004,0.1599,3.198e-05,1.698e-05,0.138
   58200,   58260,0.0056327,0.00924,0.02853,1.183e-24,2.324e-05,3.733e-05,0.0003689,4.326e-25,2.668e-05,0.001874,0.001245,3.782e-07,0.1031,0.007725,0.02006,0.1601,3.21e-05,1.712e-05,0.138
   58260,   58320,0.0057542,0.009256,0.02856,1.223e-24,2.334e-05,3.745e-05,0.0003701,4.48e-25,2.688e-05,0.001879,0.001248,3.804e-07,0.1032,0.007741,0.02008,0.1602,3.222e-05,1.726e-05,0.138
   58320,   58380,0.0057817,0.009272,0.0286,1.266e-24,2.345e-05,3.758e-05,0.0003713,4.651e-25,2.71e-05,0.001884,0.001251,3.827e-07,0.1033,0.007759,0.0201,0.1604,3.234e-05,1.741e-05,0.138
   58380,   58440,0.0063554,0.009288,0.02864,1.312e-24,2.356e-05,3.77e-05,0.0003725,4.831e-25,2.732e-05,0.001889,0.001254,3.849e-07,0.1034,0.007776,0.02011,0.1605,3.246e-05,1.756e-05,0.138
   58440,   58500,0.0063491,0.009303,0.02868,1.357e-24,2.366e-05,3.782e-05,0.0003737,5.009e-25,2.753e-05,0.001894,0.001257,3.871e-07,0.1035,0.007793,0.02013,0.1607,3.258e-05,1.77e-05,0.138
   58500,   58560,0.0061883,0.009319,0.02871,1.407e-24,2.376e-05,3.795e-05,0.0003749,5.207e-25,2.775e-05,0.001899,0.00126,3.894e-07,0.1036,0.00781,0.02014,0.1608,3.27e-05,1.784e-05,0.138
   58560,   58620,0.0062334,0.009334,0.02875,1.459e-24,2.387e-05,3.808e-05,0.0003761,5.415e-25,2.797e-05,0.001904,0.001263,3.916e-07,0.1037,0.007827,0.02016,0.161,3.281e-05,1.799e-05,0.138
   58620,   58680,0.0062972,0.009349,0.02879,1.51e-24,2.396e-05,3.819e-05,0.0003773,5.621e-25,2.818e-05,0.001909,0.001265,3.938e-07,0.1038,0.007842,0.02017,0.1611,3.293e-05,1.813e-05,0.138
   58680,   58740,0.0065657,0.009364,0.02882,1.568e-24,2.407e-05,3.832e-05,0.0003784,5.851e-25,2.84e-05,0.001914,0.001268,3.96e-07,0.1039,0.007859,0.02019,0.1612,3.304e-05,1.828e-05,0.138
   58740,   58800,0.0068814,0.009379,0.02886,1.628e-24,2.417e-05,3.844e-05,0.0003796,6.094e-25,2.862e-05,0.001919,0.001271,3.983e-07,0.104,0.007876,0.02021,0.1614,3.316e-05,1.842e-05,0.138
   58800,   58860,0.0090074,0.009394,0.02889,1.687e-24,2.427e-05,3.855e-05,0.0003807,6.334e-25,2.882e-05,0.001924,0.001274,4.004e-07,0.1041,0.007891,0.02022,0.1615,3.327e-05,1.856e-05,0.138
   58860,   58920,0.0069767,0.009408,0.02893,1.753e-24,2.437e-05,3.867e-05,0.0003819,6.602e-25,2.904e-05,0.001928,0.001277,4.026e-07,0.1042,0.007907,0.02024,0.1616,3.339e-05,1.871e-05,0.138
   58920,   58980,0.0079497,0.009423,0.02896,1.822e-24,2.447e-05,3.879e-05,0.0003831,6.885e-25,2.926e-05,0.001933,0.00128,4.048e-07,0.1043,0.007923,0.02025,0.1618,3.35e-05,1.886e-05,0.138
   58980,   59040,0.0063335,0.009437,0.02899,1.891e-24,2.457e-05,3.891e-05,0.0003842,7.166e-25,2.946e-05,0.001938,0.001282,4.069e-07,0.1044,0.007938,0.02026,0.1619,3.361e-05,1.899e-05,0.138
   59040,   59100,0.0063707,0.009451,0.02903,1.967e-24,2.467e-05,3.903e-05,0.0003853,7.48e-25,2.968e-05,0.001942,0.001285,4.091e-07,0.1045,0.007954,0.02028,0.162,3.372e-05,1.914e-05,0.138
   59100,   59160,0.0065315,0.009466,0.02906,2.048e-24,2.477e-05,3.914e-05,0.0003865,7.812e-25,2.99e-05,0.001947,0.001288,4.113e-07,0.1046,0.00797,0.02029,0.1622,3.384e-05,1.929e-05,0.138
   59160,   59220,0.0064262,0.009479,0.02909,2.127e-24,2.486e-05,3.925e-05,0.0003875,8.142e-25,3.011e-05,0.001952,0.001291,4.134e-07,0.1047,0.007985,0.02031,0.1623,3.394e-05,1.942e-05,0.138
   59220,   59280,0.0070377,0.009493,0.02913,2.216e-24,2.496e-05,3.937e-05,0.0003887,8.513e-25,3.032e-05,0.001956,0.001293,4.156e-07,0.1048,0.008,0.02032,0.1624,3.405e-05,1.957e-05,0.138
   59280,   59340,0.0062272,0.009507,0.02916,2.31e-24,2.506e-05,3.949e-05,0.0003898,8.903e-25,3.054e-05,0.001961,0.001296,4.178e-07,0.1049,0.008015,0.02033,0.1626,3.417e-05,1.972e-05,0.138
   59340,   59400,0.0066822,0.00952,0.02919,2.403e-24,2.515e-05,3.959e-05,0.0003908,9.293e-25,3.074e-05,0.001965,0.001299,4.198e-07,0.1049,0.008029,0.02035,0.1627,3.427e-05,1.985e-05,0.138
   59400,   59460,0.0075469,0.009534,0.02922,2.507e-24,2.525e-05,3.971e-05,0.0003919,9.73e-25,3.096e-05,0.00197,0.001301,4.22e-07,0.105,0.008045,0.02036,0.1628,3.438e-05,2e-05,0.138
   59460,   59520,0.0066441,0.009547,0.02925,2.616e-24,2.534e-05,3.982e-05,0.000393,1.019e-24,3.117e-05,0.001974,0.001304,4.242e-07,0.1051,0.008059,0.02037,0.1629,3.449e-05,2.015e-05,0.138
   59520,   59580,0.0078967,0.00956,0.02928,2.724e-24,2.543e-05,3.993e-05,0.000394,1.066e-24,3.138e-05,0.001978,0.001306,4.262e-07,0.1052,0.008073,0.02039,0.163,3.459e-05,2.028e-05,0.138
   59580,   59640,0.0093727,0.009573,0.02931,2.846e-24,2.553e-05,4.004e-05,0.0003951,1.117e-24,3.159e-05,0.001983,0.001309,4.283e-07,0.1053,0.008088,0.0204,0.1632,3.47e-05,2.043e-05,0.138
   59640,   59700,0.0078551,0.009586,0.02934,2.975e-24,2.562e-05,4.015e-05,0.0003962,1.172e-24,3.181e-05,0.001987,0.001312,4.305e-07,0.1054,0.008102,0.02041,0.1633,3.48e-05,2.057e-05,0.138
   59700,   59760,0.0085751,0.009598,0.02937,3.103e-24,2.571e-05,4.025e-05,0.0003972,1.227e-24,3.201e-05,0.001991,0.001314,4.325e-07,0.1054,0.008116,0.02042,0.1634,3.49e-05,2.071e-05,0.138
   59760,   59820,0.0076466,0.009611,0.0294,3.247e-24,2.581e-05,4.036e-05,0.0003982,1.289e-24,3.222e-05,0.001996,0.001316,4.346e-07,0.1055,0.00813,0.02044,0.1635,3.501e-05,2.085e-05,0.138
   59820,   59880,0.0065,0.009624,0.02943,3.399e-24,2.59e-05,4.047e-05,0.0003993,1.355e-24,3.244e-05,0.002,0.001319,4.367e-07,0.1056,0.008144,0.02045,0.1636,3.512e-05,2.1e-05,0.138
   59880,   59940,0.0072385,0.009636,0.02946,3.548e-24,2.598e-05,4.057e-05,0.0004002,1.419e-24,3.261e-05,0.002004,0.001321,4.385e-07,0.1057,0.008157,0.02046,0.1637,3.521e-05,2.111e-05,0.138
   59940,   60000,0.0066409,0.009644,0.02948,3.678e-24,2.605e-05,4.064e-05,0.000401,1.478e-24,3.28e-05,0.002007,0.001323,4.402e-07,0.1057,0.008167,0.02047,0.1638,3.529e-05,2.124e-05,0.138
   60000,   60060,0.0073192,0.009656,0.02951,3.855e-24,2.615e-05,4.075e-05,0.000402,1.555e-24,3.301e-05,0.002011,0.001325,4.423e-07,0.1058,0.00818,0.02048,0.1639,3.539e-05,2.138e-05,0.138
   60060,   60120,0.0070021,0.009668,0.02953,4.032e-24,2.623e-05,4.085e-05,0.000403,1.633e-24,3.321e-05,0.002015,0.001328,4.443e-07,0.1059,0.008193,0.02049,0.164,3.549e-05,2.152e-05,0.138
   60120,   60180,0.0068921,0.00968,0.02956,4.231e-24,2.632e-05,4.095e-05,0.000404,1.72e-24,3.342e-05,0.002019,0.00133,4.463e-07,0.1059,0.008207,0.0205,0.1641,3.559e-05,2.166e-05,0.138
   60180,   60240,0.0070127,0.009692,0.02959,4.442e-24,2.641e-05,4.105e-05,0.000405,1.814e-24,3.363e-05,0.002023,0.001332,4.484e-07,0.106,0.00822,0.02051,0.1642,3.569e-05,2.18e-05,0.138
   60240,   60300,0.0074502,0.009703,0.02961,4.652e-24,2.65e-05,4.115e-05,0.0004059,1.907e-24,3.382e-05,0.002027,0.001335,4.503e-07,0.1061,0.008232,0.02052,0.1643,3.578e-05,2.194e-05,0.138
   60300,   60360,0.0078879,0.009714,0.02964,4.888e-24,2.658e-05,4.125e-05,0.0004069,2.012e-24,3.403e-05,0.002031,0.001337,4.523e-07,0.1062,0.008245,0.02054,0.1644,3.588e-05,2.208e-05,0.138
   60360,   60420,0.010634,0.009726,0.02967,5.14e-24,2.667e-05,4.135e-05,0.0004079,2.124e-24,3.424e-05,0.002035,0.001339,4.544e-07,0.1062,0.008258,0.02055,0.1645,3.598e-05,2.222e-05,0.138
   60420,   60480,0.0078677,0.009737,0.02969,5.391e-24,2.676e-05,4.145e-05,0.0004088,2.236e-24,3.444e-05,0.002038,0.001341,4.563e-07,0.1063,0.00827,0.02056,0.1646,3.607e-05,2.235e-05,0.138
   60480,   60540,0.0092951,0.009748,0.02972,5.675e-24,2.684e-05,4.155e-05,0.0004098,2.363e-24,3.464e-05,0.002042,0.001344,4.583e-07,0.1064,0.008283,0.02057,0.1647,3.617e-05,2.249e-05,0.138
   60540,   60600,0.0072836,0.00976,0.02974,5.976e-24,2.693e-05,4.165e-05,0.0004107,2.499e-24,3.485e-05,0.002046,0.001346,4.603e-07,0.1064,0.008296,0.02058,0.1648,3.627e-05,2.263e-05,0.138
   60600,   60660,0.0070085,0.00977,0.02977,6.275e-24,2.701e-05,4.174e-05,0.0004116,2.634e-24,3.504e-05,0.00205,0.001348,4.621e-07,0.1065,0.008308,0.02059,0.1649,3.636e-05,2.276e-05,0.138
   60660,   60720,0.0064585,0.009781,0.02979,6.614e-24,2.709e-05,4.183e-05,0.0004126,2.787e-24,3.524e-05,0.002054,0.00135,4.641e-07,0.1066,0.00832,0.0206,0.165,3.645e-05,2.29e-05,0.138
   60720,   60780,0.0063432,0.009792,0.02982,6.975e-24,2.718e-05,4.193e-05,0.0004135,2.951e-24,3.545e-05,0.002057,0.001352,4.661e-07,0.1066,0.008332,0.02061,0.1651,3.655e-05,2.303e-05,0.138
   60780,   60840,0.0067754,0.009802,0.02984,7.335e-24,2.726e-05,4.202e-05,0.0004144,3.114e-24,3.564e-05,0.002061,0.001354,4.679e-07,0.1067,0.008344,0.02062,0.1652,3.664e-05,2.316e-05,0.138
   60840,   60900,0.0070194,0.009813,0.02987,7.742e-24,2.734e-05,4.212e-05,0.0004153,3.299e-24,3.584e-05,0.002064,0.001357,4.699e-07,0.1068,0.008356,0.02063,0.1653,3.673e-05,2.33e-05,0.138
   60900,   60960,0.0076314,0.009823,0.02989,8.173e-24,2.743e-05,4.221e-05,0.0004162,3.497e-24,3.604e-05,0.002068,0.001359,4.718e-07,0.1068,0.008368,0.02064,0.1654,3.682e-05,2.344e-05,0.138
   60960,   61020,0.0080798,0.009833,0.02991,8.603e-24,2.75e-05,4.23e-05,0.0004171,3.693e-24,3.623e-05,0.002072,0.001361,4.736e-07,0.1069,0.008379,0.02065,0.1654,3.691e-05,2.356e-05,0.138
   61020,   61080,0.0080461,0.009843,0.02994,9.089e-24,2.758e-05,4.239e-05,0.000418,3.915e-24,3.643e-05,0.002075,0.001363,4.755e-07,0.1069,0.00839,0.02066,0.1655,3.7e-05,2.37e-05,0.138
   61080,   61140,0.007482,0.009854,0.02996,9.603e-24,2.767e-05,4.248e-05,0.0004189,4.15e-24,3.662e-05,0.002079,0.001365,4.774e-07,0.107,0.008402,0.02066,0.1656,3.709e-05,2.383e-05,0.138
   61140,   61200,0.008218,0.009863,0.02998,1.011e-23,2.774e-05,4.257e-05,0.0004197,4.383e-24,3.681e-05,0.002082,0.001367,4.792e-07,0.1071,0.008413,0.02067,0.1657,3.717e-05,2.396e-05,0.138
   61200,   61260,0.0078628,0.009873,0.03,1.068e-23,2.782e-05,4.266e-05,0.0004206,4.638e-24,3.7e-05,0.002086,0.001369,4.81e-07,0.1071,0.008424,0.02068,0.1658,3.726e-05,2.409e-05,0.138
   61260,   61320,0.0082926,0.009883,0.03003,1.127e-23,2.79e-05,4.275e-05,0.0004214,4.91e-24,3.719e-05,0.002089,0.001371,4.829e-07,0.1072,0.008435,0.02069,0.1659,3.735e-05,2.421e-05,0.138
   61320,   61380,0.0090032,0.009892,0.03005,1.188e-23,2.797e-05,4.283e-05,0.0004222,5.218e-24,3.737e-05,0.002092,0.001373,4.846e-07,0.1072,0.008446,0.0207,0.1659,3.743e-05,2.434e-05,0.138
   61380,   61440,0.0083035,0.009902,0.03007,1.263e-23,2.805e-05,4.292e-05,0.0004231,5.581e-24,3.756e-05,0.002096,0.001375,4.864e-07,0.1073,0.008457,0.02071,0.166,3.752e-05,2.447e-05,0.138
