CampaignData_and_Merges/R0/CSL_MobileLab_Parked/raw/20240719/USOS-NOAAIodideCIMS-HNO3_MobileLabGround_20240719_RA.ict
34, 1001
Michael A Robinson, Chris Jernigan, Subi Thakali
NOAA ESRL Chemical Sciences Laboratory and CIRES, U. of Colorado
NOAA Iodide CIMS Instrument
USOS
1, 1
2024, 07, 19, 2024, 07, 20
0
starttime_UTC, seconds_past_midnight, seconds_of_day_since_00:00:00_UTC
1
1
-9999
HNO3_NOAACIMS, pptv, Gas_HNO3_InSitu_S_AVMR
1
N/A
18
PI_CONTACT_INFO: 325 Broadway, R/CSD 7, Boulder, Colorado 80305; michael.a.robinson@noaa.gov; chris.jernigan@noaa.gov;
PLATFORM: NOAA CSL Mobile Lab
LOCATION: SLC, Utah
ASSOCIATED_DATA: 1Hz data also available on request.
INSTRUMENT_INFO: NOAA I- ToF CIMS
DATA_INFO: Units: pptv
UNCERTAINTY: tbd
ULOD_FLAG: -7777
ULOD_VALUE: N/A
LLOD_FLAG: -8888
LLOD_VALUE: N/A
DM_CONTACT_INFO: Nathan Howard; nathan.h.howard@noaa.gov
PROJECT_INFO: USOS, summer 2024. https://csl.noaa.gov/groups/csl7/measurements/2024usos/
STIPULATIONS_ON_USE: only the USOS science team is allowed to use this data
OTHER_COMMENTS: Field data; Data are averaged to 1 minute intervals. Stationary data collected from a 10 ft tower on top of the mobile lab
REVISION: RA
RA: Preliminary Data; For in-field use only
starttime_UTC, HNO3_NOAACIMS
0,-9999.000
60,-9999.000
120,-9999.000
180,-9999.000
240,-9999.000
300,-9999.000
360,-9999.000
420,-9999.000
480,-9999.000
540,-9999.000
600,-9999.000
660,-9999.000
720,-9999.000
780,-9999.000
840,-9999.000
900,-9999.000
960,-9999.000
1020,-9999.000
1080,-9999.000
1140,-9999.000
1200,-9999.000
1260,-9999.000
1320,-9999.000
1380,-9999.000
1440,-9999.000
1500,-9999.000
1560,-9999.000
1620,-9999.000
1680,-9999.000
1740,-9999.000
1800,-9999.000
1860,-9999.000
1920,-9999.000
1980,-9999.000
2040,-9999.000
2100,-9999.000
2160,-9999.000
2220,-9999.000
2280,-9999.000
2340,-9999.000
2400,-9999.000
2460,-9999.000
2520,-9999.000
2580,-9999.000
2640,-9999.000
2700,-9999.000
2760,-9999.000
2820,-9999.000
2880,-9999.000
2940,-9999.000
3000,-9999.000
3060,-9999.000
3120,-9999.000
3180,-9999.000
3240,-9999.000
3300,-9999.000
3360,-9999.000
3420,-9999.000
3480,-9999.000
3540,-9999.000
3600,-9999.000
3660,-9999.000
3720,-9999.000
3780,-9999.000
3840,-9999.000
3900,-9999.000
3960,-9999.000
4020,-9999.000
4080,-9999.000
4140,-9999.000
4200,-9999.000
4260,-9999.000
4320,-9999.000
4380,-9999.000
4440,-9999.000
4500,-150.974
4560,-106.381
4620,-53.306
4680,-3.718
4740,44.077
4800,99.025
4860,157.092
4920,203.238
4980,226.436
5040,224.788
5100,218.696
5160,216.992
5220,213.542
5280,208.349
5340,203.809
5400,194.761
5460,196.285
5520,198.773
5580,208.756
5640,209.248
5700,217.348
5760,220.845
5820,226.507
5880,237.734
5940,244.000
6000,250.497
6060,260.765
6120,261.013
6180,268.870
6240,286.051
6300,290.010
6360,292.704
6420,297.659
6480,297.058
6540,304.986
6600,297.866
6660,293.164
6720,304.500
6780,294.145
6840,290.095
6900,304.453
6960,318.161
7020,328.012
7080,323.212
7140,331.686
7200,317.847
7260,327.391
7320,306.293
7380,293.981
7440,298.825
7500,304.426
7560,294.193
7620,304.160
7680,283.100
7740,267.881
7800,253.573
7860,241.937
7920,226.531
7980,225.040
8040,223.869
8100,226.945
8160,226.440
8220,232.912
8280,276.468
8340,290.392
8400,292.853
8460,292.143
8520,291.182
8580,294.632
8640,282.366
8700,290.034
8760,293.600
8820,299.643
8880,301.593
8940,290.543
9000,288.919
9060,282.334
9120,289.122
9180,291.890
9240,282.133
9300,237.816
9360,252.677
9420,269.951
9480,292.178
9540,294.747
9600,270.903
9660,271.789
9720,268.652
9780,261.583
9840,270.803
9900,283.231
9960,277.107
10020,249.019
10080,256.559
10140,278.845
10200,280.130
10260,280.466
10320,288.499
10380,287.530
10440,284.005
10500,258.525
10560,273.889
10620,282.625
10680,287.244
10740,290.174
10800,294.197
10860,285.356
10920,280.619
10980,293.267
11040,286.864
11100,289.334
11160,287.964
11220,282.874
11280,277.910
11340,267.647
11400,277.555
11460,283.083
11520,283.821
11580,280.337
11640,277.711
11700,275.553
11760,267.923
11820,260.542
11880,268.472
11940,269.136
12000,267.758
12060,270.942
12120,265.430
12180,258.982
12240,273.913
12300,289.407
12360,272.286
12420,281.291
12480,275.972
12540,276.349
12600,286.277
12660,308.128
12720,314.040
12780,294.238
12840,268.217
12900,268.037
12960,213.259
13020,229.254
13080,257.063
13140,253.059
13200,250.602
13260,248.603
13320,230.341
13380,225.745
13440,212.902
13500,235.594
13560,267.176
13620,288.743
13680,297.282
13740,300.931
13800,339.143
13860,350.093
13920,310.791
13980,274.148
14040,282.649
14100,306.691
14160,-9999.000
14220,298.580
14280,312.445
14340,313.255
14400,304.268
14460,305.183
14520,323.841
14580,333.598
14640,328.937
14700,326.184
14760,329.634
14820,322.382
14880,327.322
14940,330.877
15000,349.093
15060,336.820
15120,313.558
15180,294.811
15240,286.181
15300,289.875
15360,310.810
15420,303.655
15480,302.408
15540,313.522
15600,334.999
15660,349.373
15720,343.746
15780,334.036
15840,327.903
15900,323.827
15960,318.728
16020,311.629
16080,295.280
16140,290.997
16200,285.968
16260,288.129
16320,295.122
16380,298.046
16440,301.186
16500,303.867
16560,302.832
16620,274.206
16680,281.250
16740,302.672
16800,305.274
16860,311.572
16920,319.185
16980,320.791
17040,335.680
17100,353.146
17160,348.994
17220,355.093
17280,337.604
17340,322.414
17400,321.648
17460,329.544
17520,331.816
17580,332.184
17640,319.937
17700,295.119
17760,284.641
17820,282.939
17880,271.338
17940,270.211
18000,275.177
18060,264.354
18120,260.534
18180,260.632
18240,259.812
18300,259.797
18360,265.349
18420,270.517
18480,279.760
18540,285.267
18600,289.864
18660,298.020
18720,297.265
18780,294.689
18840,294.270
18900,291.125
18960,296.553
19020,298.910
19080,302.157
19140,298.580
19200,297.015
19260,298.947
19320,300.914
19380,297.321
19440,292.834
19500,291.372
19560,289.325
19620,288.355
19680,287.703
19740,286.592
19800,281.288
19860,282.570
19920,283.721
19980,285.190
20040,285.774
20100,281.733
20160,283.084
20220,277.974
20280,271.204
20340,274.158
20400,271.586
20460,267.594
20520,264.088
20580,265.056
20640,261.711
20700,257.608
20760,254.839
20820,252.919
20880,249.417
20940,254.939
21000,253.593
21060,249.960
21120,250.021
21180,247.182
21240,246.439
21300,243.656
21360,242.598
21420,243.964
21480,240.537
21540,237.032
21600,-9999.000
21660,-9999.000
21720,-9999.000
21780,-9999.000
21840,-9999.000
21900,-9999.000
21960,-9999.000
22020,-9999.000
22080,-9999.000
22140,-9999.000
22200,-9999.000
22260,-9999.000
22320,-9999.000
22380,-9999.000
22440,-9999.000
22500,240.779
22560,241.336
22620,240.232
22680,238.696
22740,237.340
22800,227.646
22860,224.264
22920,222.567
22980,223.395
23040,219.407
23100,218.867
23160,217.850
23220,219.087
23280,220.197
23340,220.399
23400,223.178
23460,225.897
23520,224.982
23580,223.936
23640,225.911
23700,223.421
23760,222.173
23820,219.689
23880,217.588
23940,218.335
24000,217.685
24060,215.292
24120,212.144
24180,213.992
24240,221.275
24300,218.019
24360,216.411
24420,216.912
24480,217.197
24540,216.278
24600,215.834
24660,214.078
24720,215.075
24780,212.522
24840,214.224
24900,216.203
24960,215.035
25020,211.506
25080,211.688
25140,212.104
25200,210.125
25260,212.355
25320,213.633
25380,220.056
25440,235.573
25500,252.733
25560,262.679
25620,268.738
25680,266.195
25740,261.477
25800,254.626
25860,250.424
25920,243.461
25980,236.338
26040,230.168
26100,229.213
26160,225.686
26220,222.102
26280,228.147
26340,225.028
26400,224.436
26460,222.938
26520,223.229
26580,223.069
26640,220.296
26700,214.588
26760,214.451
26820,212.945
26880,205.753
26940,203.646
27000,204.777
27060,206.903
27120,221.155
27180,212.992
27240,213.063
27300,220.765
27360,225.166
27420,222.704
27480,218.528
27540,211.666
27600,205.647
27660,203.585
27720,203.560
27780,202.605
27840,199.101
27900,198.257
27960,201.826
28020,204.071
28080,209.864
28140,216.365
28200,217.837
28260,210.325
28320,203.857
28380,196.972
28440,195.597
28500,191.264
28560,188.913
28620,192.616
28680,192.144
28740,197.818
28800,210.337
28860,218.160
28920,219.915
28980,217.615
29040,210.443
29100,204.122
29160,201.718
29220,197.183
29280,193.810
29340,188.224
29400,178.969
29460,169.252
29520,158.521
29580,150.678
29640,147.661
29700,143.397
29760,142.581
29820,136.378
29880,142.880
29940,150.160
30000,158.918
30060,171.896
30120,182.092
30180,200.624
30240,210.233
30300,206.493
30360,208.515
30420,211.536
30480,218.315
30540,221.280
30600,227.623
30660,229.107
30720,225.956
30780,219.620
30840,216.683
30900,213.926
30960,213.065
31020,210.056
31080,203.143
31140,196.570
31200,187.640
31260,181.999
31320,178.160
31380,171.165
31440,167.406
31500,169.242
31560,175.357
31620,181.103
31680,186.103
31740,199.419
31800,207.713
31860,208.516
31920,206.378
31980,207.167
32040,203.574
32100,198.525
32160,196.274
32220,192.239
32280,189.202
32340,186.417
32400,181.371
32460,177.079
32520,174.478
32580,169.570
32640,-9999.000
32700,166.369
32760,159.813
32820,156.380
32880,155.715
32940,157.831
33000,159.227
33060,168.497
33120,178.983
33180,192.699
33240,204.915
33300,213.894
33360,222.382
33420,220.139
33480,219.329
33540,217.025
33600,213.067
33660,207.780
33720,202.395
33780,196.212
33840,193.182
33900,186.527
33960,185.567
34020,180.712
34080,177.024
34140,173.399
34200,163.821
34260,164.581
34320,170.133
34380,179.604
34440,185.366
34500,209.206
34560,206.482
34620,212.667
34680,210.396
34740,199.343
34800,192.113
34860,185.452
34920,182.512
34980,170.314
35040,169.596
35100,164.161
35160,161.724
35220,156.014
35280,144.729
35340,139.431
35400,137.545
35460,134.925
35520,134.122
35580,135.118
35640,142.367
35700,148.153
35760,150.133
35820,158.049
35880,164.704
35940,167.734
36000,167.913
36060,162.853
36120,155.479
36180,155.507
36240,153.302
36300,151.976
36360,164.037
36420,148.930
36480,145.243
36540,142.709
36600,140.323
36660,138.014
36720,139.630
36780,145.387
36840,156.721
36900,160.339
36960,164.760
37020,172.947
37080,181.218
37140,187.089
37200,184.413
37260,179.251
37320,175.092
37380,166.982
37440,164.390
37500,158.957
37560,155.326
37620,151.007
37680,144.033
37740,143.652
37800,140.432
37860,146.079
37920,151.704
37980,160.616
38040,167.131
38100,170.182
38160,172.573
38220,180.489
38280,171.759
38340,167.109
38400,163.683
38460,155.797
38520,148.007
38580,135.655
38640,128.921
38700,130.242
38760,121.862
38820,119.600
38880,117.174
38940,114.711
39000,117.818
39060,124.212
39120,126.451
39180,134.089
39240,139.611
39300,147.685
39360,147.425
39420,145.241
39480,139.551
39540,144.557
39600,142.041
39660,136.867
39720,132.951
39780,131.108
39840,129.264
39900,130.441
39960,129.476
40020,123.900
40080,142.353
40140,139.546
40200,143.797
40260,149.243
40320,154.119
40380,158.104
40440,159.638
40500,155.230
40560,148.748
40620,138.293
40680,133.833
40740,128.240
40800,121.068
40860,117.695
40920,111.501
40980,109.142
41040,108.322
41100,104.494
41160,104.042
41220,109.583
41280,114.159
41340,124.452
41400,128.554
41460,133.868
41520,142.680
41580,144.129
41640,144.279
41700,142.177
41760,134.267
41820,130.143
41880,137.979
41940,126.856
42000,118.977
42060,109.836
42120,106.236
42180,103.405
42240,99.683
42300,98.107
42360,109.171
42420,104.371
42480,99.600
42540,101.929
42600,108.542
42660,110.865
42720,113.104
42780,117.353
42840,117.016
42900,113.857
42960,104.954
43020,100.078
43080,98.998
43140,98.862
43200,98.431
43260,99.796
43320,101.083
43380,104.506
43440,112.544
43500,120.597
43560,131.584
43620,135.574
43680,139.140
43740,170.593
43800,152.303
43860,146.681
43920,130.443
43980,117.334
44040,114.013
44100,112.990
44160,108.928
44220,107.697
44280,106.746
44340,107.329
44400,107.008
44460,109.887
44520,118.966
44580,129.145
44640,137.793
44700,147.721
44760,155.092
44820,154.683
44880,143.180
44940,131.924
45000,125.429
45060,126.565
45120,119.829
45180,110.297
45240,102.333
45300,99.629
45360,86.456
45420,79.146
45480,82.160
45540,87.435
45600,111.316
45660,101.610
45720,98.681
45780,102.001
45840,82.686
45900,80.624
45960,75.782
46020,79.985
46080,75.221
46140,64.972
46200,53.873
46260,38.950
46320,36.222
46380,29.731
46440,20.715
46500,20.908
46560,18.144
46620,28.064
46680,34.010
46740,43.209
46800,-9999.000
46860,-9999.000
46920,-9999.000
46980,-9999.000
47040,-9999.000
47100,-9999.000
47160,224.468
47220,215.213
47280,206.545
47340,194.638
47400,179.983
47460,224.681
47520,213.538
47580,220.336
47640,223.962
47700,225.502
47760,235.777
47820,250.941
47880,252.964
47940,274.475
48000,282.721
48060,302.335
48120,302.147
48180,292.091
48240,279.379
48300,259.762
48360,235.800
48420,224.907
48480,223.661
48540,208.890
48600,206.006
48660,210.027
48720,197.030
48780,186.890
48840,174.435
48900,175.813
48960,178.591
49020,180.391
49080,184.057
49140,179.148
49200,184.239
49260,184.635
49320,207.325
49380,194.086
49440,185.726
49500,188.132
49560,187.619
49620,204.088
49680,233.992
49740,248.911
49800,259.883
49860,261.651
49920,253.529
49980,250.791
50040,248.605
50100,263.235
50160,274.521
50220,269.090
50280,264.903
50340,261.564
50400,268.790
50460,270.643
50520,270.081
50580,278.292
50640,267.867
50700,273.732
50760,274.231
50820,261.671
50880,254.773
50940,242.597
51000,230.717
51060,221.361
51120,-9999.000
51180,225.500
51240,207.605
51300,199.230
51360,202.780
51420,213.261
51480,218.139
51540,214.478
51600,217.148
51660,214.342
51720,211.085
51780,213.444
51840,227.139
51900,239.387
51960,250.012
52020,263.711
52080,268.601
52140,267.771
52200,266.561
52260,264.497
52320,262.210
52380,261.820
52440,265.572
52500,266.580
52560,269.444
52620,280.813
52680,292.489
52740,304.604
52800,321.681
52860,332.603
52920,346.747
52980,347.699
53040,346.901
53100,365.671
53160,363.908
53220,358.982
53280,359.351
53340,359.485
53400,367.085
53460,376.062
53520,377.108
53580,375.762
53640,389.054
53700,404.916
53760,413.163
53820,426.467
53880,421.506
53940,420.767
54000,400.945
54060,417.791
54120,447.106
54180,474.331
54240,477.925
54300,484.887
54360,500.755
54420,489.869
54480,495.708
54540,525.070
54600,548.451
54660,531.342
54720,530.181
54780,-9999.000
54840,-9999.000
54900,-9999.000
54960,-9999.000
55020,555.545
55080,576.781
55140,617.645
55200,615.478
55260,612.521
55320,613.049
55380,618.699
55440,638.262
55500,656.175
55560,662.848
55620,660.507
55680,667.058
55740,683.098
55800,696.569
55860,705.793
55920,713.385
55980,727.262
56040,728.188
56100,739.914
56160,757.821
56220,786.753
56280,788.745
56340,797.834
56400,796.535
56460,812.422
56520,800.291
56580,769.763
56640,-9999.000
56700,-9999.000
56760,-9999.000
56820,-9999.000
56880,-9999.000
56940,759.562
57000,787.531
57060,812.422
57120,844.537
57180,879.941
57240,887.569
57300,874.132
57360,853.175
57420,829.091
57480,811.828
57540,810.233
57600,801.023
57660,791.717
57720,798.513
57780,801.385
57840,765.969
57900,729.914
57960,703.897
58020,705.291
58080,716.091
58140,711.278
58200,707.350
58260,712.476
58320,729.697
58380,758.303
58440,769.044
58500,-9999.000
58560,-9999.000
58620,-9999.000
58680,-9999.000
58740,741.961
58800,757.918
58860,787.429
58920,825.742
58980,856.113
59040,845.876
59100,819.444
59160,772.483
59220,784.916
59280,790.294
59340,744.572
59400,746.404
59460,707.684
59520,708.161
59580,709.844
59640,672.852
59700,720.433
59760,729.339
59820,704.756
59880,738.258
59940,750.141
60000,785.734
60060,789.182
60120,791.468
60180,799.207
60240,808.224
60300,786.580
60360,831.334
60420,-9999.000
60480,-9999.000
60540,-9999.000
60600,-9999.000
60660,-9999.000
60720,-9999.000
60780,-9999.000
60840,-9999.000
60900,-9999.000
60960,-9999.000
61020,-9999.000
61080,-9999.000
61140,-9999.000
61200,-9999.000
61260,-9999.000
61320,-9999.000
61380,-9999.000
61440,-9999.000
61500,-9999.000
61560,-9999.000
61620,-9999.000
61680,-9999.000
61740,-9999.000
61800,-9999.000
61860,-9999.000
61920,-9999.000
61980,-9999.000
62040,-9999.000
62100,-9999.000
62160,-9999.000
62220,-9999.000
62280,-9999.000
62340,-9999.000
62400,-9999.000
62460,-9999.000
62520,-9999.000
62580,-9999.000
62640,-9999.000
62700,-9999.000
62760,-9999.000
62820,-9999.000
62880,-9999.000
62940,-9999.000
63000,-9999.000
63060,-9999.000
63120,-9999.000
63180,-9999.000
63240,-9999.000
63300,-9999.000
63360,-9999.000
63420,-9999.000
63480,-9999.000
63540,-9999.000
63600,-9999.000
63660,-9999.000
63720,-9999.000
63780,-9999.000
63840,-9999.000
63900,-9999.000
63960,-9999.000
64020,-9999.000
64080,-9999.000
64140,-9999.000
64200,-9999.000
64260,-9999.000
64320,-9999.000
64380,-9999.000
64440,-9999.000
64500,-9999.000
64560,-9999.000
64620,-9999.000
64680,-9999.000
64740,-9999.000
64800,-9999.000
64860,-9999.000
64920,-9999.000
64980,-9999.000
65040,-9999.000
65100,-9999.000
65160,-9999.000
65220,-9999.000
65280,-9999.000
65340,-9999.000
65400,-9999.000
65460,-9999.000
65520,-9999.000
65580,-9999.000
65640,-9999.000
65700,-9999.000
65760,-9999.000
65820,-9999.000
65880,-9999.000
65940,-9999.000
66000,-9999.000
66060,-9999.000
66120,-9999.000
66180,-9999.000
66240,-9999.000
66300,-9999.000
66360,-9999.000
66420,-9999.000
66480,-9999.000
66540,-9999.000
66600,-9999.000
66660,-9999.000
66720,-9999.000
66780,-9999.000
66840,-9999.000
66900,-9999.000
66960,-9999.000
67020,-9999.000
67080,-9999.000
67140,-9999.000
67200,-9999.000
67260,-9999.000
67320,-9999.000
67380,-9999.000
67440,-9999.000
