CampaignData_and_Merges/R0/CSL_MobileLab_Parked/raw/20240719/USOS-jNO2_MobileLabGround_20240719_R0.ict
52,1001
Waxman, E.; Rollins, A.; Zuraski, K.; Chace, W.
NOAA Chemical Sciences Laboratory
jNO2 filter radiometer on CSL Mobile Lab
AMMBEC / USOS
1, 1
2024,07,19, 2025,04,01
60
Time_Start, seconds, number_of_seconds_since_0000_UTC
20
1, 1, 1, 1, 1, 1, 1, 1, 1, 1, 1, 1, 1, 1, 1, 1, 1, 1, 1, 1
-9999, -9999, -9999, -9999, -9999, -9999, -9999, -9999, -9999, -9999, -9999, -9999, -9999, -9999, -9999, -9999, -9999, -9999, -9999, -9999
Time_Stop, seconds, number_of_seconds_since_0000_UTC
jNO2_meas, per second, photolysis rate of NO2 measured using a filter radiometer.
jBrCl, per second, photolysis rate of BrCl -> Br + Cl calculated in TUV for cloud-free sky with local AOD
jBr2, per second, photolysis rate of Br2 -> Br + Br calculated in TUV for cloud-free sky with local AOD
jCCl4, per second, photolysis rate of CCl4 -> Products calcualted in TUV for cloud-free sky with local AOD
jCH2Oa, per second, photolysis rate of CH2O -> H + HCO calculated in TUV for cloud-free sky with local AOD
jCH2Ob, per second, photolysis rate of CH2O -> H2 + CO calculated in TUV for cloud-free sky with local AOD
jClNO2, per second, photolysis rate of ClNO2 -> Cl + NO2 calculated in TUV for cloud-free sky with local AOD
jClOa, per second, photolysis rate of ClO -> Cl + O(1D) calculated in TUV for cloud-free sky with local AOD
jClOb, per second, photolysis rate of ClO -> Cl + O(3P) calculated in TUV for cloud-free sky with local AOD
jCl2, per second, photolysis rate of Cl2 -> Cl + Cl calculated in TUV for cloud-free sky with local AOD
jHNO2, per second, photolysis rate of HNO2 -> OH + NO calculated in TUV for cloud-free sky with local AOD
jHNO3, per second, photolysis rate of HNO3 -> OH + NO2 calculated in TUV for cloud-free sky with local AOD
jI2, per second, photolysis rate of I2 -> I + I calculated in TUV for cloud-free sky with local AOD
jNO2, per second, photolysis rate of NO2 -> NO + O(3P) calculated in TUV for cloud-free sky with local AOD
jNO3a, per second, photolysis rate of NO3 -> NO + O2 calculated in TUV for cloud-free sky with local AOD
jNO3b, per second, photolysis rate of NO3 -> NO2 + O(3P) calculated in TUV for cloud-free sky with local AOD
jN2O5, per second, photolysis rate of N2O5 -> NO3 + NO + O(3P) calculated in TUV for cloud-free sky with local AOD
jO3, per second, photolysis rate of O3 -> O2 + O(1D) calculated in TUV for cloud-free sky with local AOD
AOD_500nm, unitless, UTC daily mean AOD at 500 nm from an AERONET station located at 40.178 N, -112.452 E
0
18
PI_CONTACT_INFO: eleanor.waxman@noaa.gov
PLATFORM: CSL Mobile Lab, at ground site
LOCATION: Salt Lake City, UT
ASSOCIATED_DATA:
INSTRUMENT_INFO: jNO2 filter radiometer.  TUV calculations are for mobile van lat/lon/altitude assuming clear sky (cloud AOD = 0) and daily mean AOD.
DATA_INFO:
UNCERTAINTY: Data uncertainties are +/- 20%.  These come from uncertainties in radiometer angular response, radiometer thermal response, local interferences from clouds/aerosols/shadows etc.
ULOD_FLAG: -7777
ULOD_VALUE: N/A
LLOD_FLAG: -8888
LLOD_VALUE: N/A
DM_CONTACT_INFO: eleanor.waxman@noaa.gov
PROJECT_INFO: USOS Project, July - August 2024
STIPULATIONS_ON_USE: Users are strongly encouraged to contact the PI for proper data usage.
OTHER_COMMENTS: 
REVISION: R0
R0: final data
Time_Start, Time_Stop, jNO2_meas, jBrCl, jBr2, jCCl4, jCH2Oa, jCH2Ob, jClNO2, jClOa, jClOb, jCl2, jHNO2, jHNO3, jI2, jNO2, jNO3a, jNO3b, jN2O5, jO3, AOD_500nm
[from data line 692]
   41520,   41580,5.1665e-06,1.148e-07,3.365e-07,2.594e-30,9.833e-11,2.979e-10,3.217e-09,1.031e-30,4.482e-11,1.965e-08,1.482e-08,1.198e-12,9.357e-07,9.445e-08,1.193e-07,1.214e-06,2.463e-10,3.147e-11,0.138
   41580,   41640,5.5684e-06,1.503e-07,4.34e-07,3.66e-30,1.298e-10,3.978e-10,4.283e-09,1.452e-30,5.622e-11,2.611e-08,1.973e-08,1.562e-12,1.169e-06,1.252e-07,1.401e-07,1.486e-06,3.274e-10,3.974e-11,0.138
   41640,   41700,4.1036e-06,1.965e-07,5.608e-07,5.17e-30,1.722e-10,5.305e-10,5.694e-09,2.048e-30,7.189e-11,3.462e-08,2.618e-08,2.055e-12,1.471e-06,1.654e-07,1.668e-07,1.837e-06,4.35e-10,5.104e-11,0.138
   41700,   41760,3.7016e-07,2.523e-07,7.13e-07,7.174e-30,2.25e-10,6.936e-10,7.419e-09,2.839e-30,9.194e-11,4.498e-08,3.402e-08,2.672e-12,1.833e-06,2.143e-07,1.989e-07,2.258e-06,5.669e-10,6.54e-11,0.138
   41760,   41820,1.2232e-06,3.269e-07,9.158e-07,1.01e-29,2.977e-10,9.149e-10,9.753e-09,3.994e-30,1.202e-10,5.895e-08,4.456e-08,3.523e-12,2.315e-06,2.798e-07,2.42e-07,2.821e-06,7.455e-10,8.55e-11,0.138
   41820,   41880,4.6083e-06,4.208e-07,1.171e-06,1.418e-29,3.92e-10,1.198e-09,1.273e-08,5.601e-30,1.577e-10,7.666e-08,5.79e-08,4.631e-12,2.921e-06,3.625e-07,2.971e-07,3.531e-06,9.735e-10,1.121e-10,0.138
   41880,   41940,9.4035e-07,5.322e-07,1.472e-06,1.953e-29,5.068e-10,1.538e-09,1.629e-08,7.716e-30,2.048e-10,9.781e-08,7.381e-08,5.987e-12,3.64e-06,4.61e-07,3.631e-07,4.375e-06,1.247e-09,1.451e-10,0.138
   41940,   42000,1.1964e-06,6.772e-07,1.865e-06,2.679e-29,6.593e-10,1.985e-09,2.095e-08,1.058e-29,2.686e-10,1.254e-07,9.454e-08,7.795e-12,4.582e-06,5.891e-07,4.503e-07,5.484e-06,1.606e-09,1.898e-10,0.138
   42000,   42060,1.1316e-05,8.462e-07,2.327e-06,3.623e-29,8.367e-10,2.502e-09,2.636e-08,1.432e-29,3.432e-10,1.575e-07,1.185e-07,9.9e-12,5.707e-06,7.376e-07,5.576e-07,6.816e-06,2.022e-09,2.42e-10,0.138
   42060,   42120,3.4158e-06,1.037e-06,2.847e-06,4.832e-29,1.046e-09,3.099e-09,3.255e-08,1.911e-29,4.352e-10,1.939e-07,1.457e-07,1.24e-11,6.977e-06,9.056e-07,6.796e-07,8.325e-06,2.501e-09,3.057e-10,0.138
   42120,   42180,2.7728e-06,1.296e-06,3.558e-06,6.543e-29,1.326e-09,3.898e-09,4.087e-08,2.59e-29,5.605e-10,2.43e-07,1.824e-07,1.577e-11,8.727e-06,1.132e-06,8.503e-07,1.041e-05,3.144e-09,3.924e-10,0.138
   42180,   42240,4.1929e-06,1.615e-06,4.442e-06,8.573e-29,1.657e-09,4.849e-09,5.084e-08,3.395e-29,7.07e-10,3.022e-07,2.267e-07,1.974e-11,1.093e-05,1.408e-06,1.071e-06,1.304e-05,3.913e-09,4.939e-10,0.138
   42240,   42300,3.934e-06,1.94e-06,5.349e-06,1.109e-28,2.016e-09,5.852e-09,6.123e-08,4.397e-29,8.743e-10,3.634e-07,2.721e-07,2.409e-11,1.324e-05,1.689e-06,1.313e-06,1.583e-05,4.719e-09,6.088e-10,0.138
   42300,   42360,9.1054e-06,2.41e-06,6.67e-06,1.453e-28,2.507e-09,7.245e-09,7.583e-08,5.761e-29,1.104e-09,4.501e-07,3.366e-07,3.006e-11,1.66e-05,2.092e-06,1.67e-06,1.99e-05,5.848e-09,7.666e-10,0.138
   42360,   42420,4.9968e-06,2.908e-06,8.087e-06,1.837e-28,3.013e-09,8.687e-09,9.098e-08,7.293e-29,1.338e-09,5.404e-07,4.042e-07,3.62e-11,2.032e-05,2.514e-06,2.084e-06,2.446e-05,7.018e-09,9.284e-10,0.138
   42420,   42480,7.788e-06,3.566e-06,9.968e-06,2.304e-28,3.641e-09,1.052e-08,1.104e-07,9.153e-29,1.627e-09,6.575e-07,4.919e-07,4.385e-11,2.525e-05,3.066e-06,2.64e-06,3.05e-05,8.517e-09,1.128e-09,0.138
   42480,   42540,5.4433e-06,4.284e-06,1.205e-05,2.9e-28,4.352e-09,1.254e-08,1.318e-07,1.153e-28,1.967e-09,7.852e-07,5.872e-07,5.255e-11,3.089e-05,3.666e-06,3.309e-06,3.752e-05,1.017e-08,1.362e-09,0.138
   42540,   42600,5.6845e-06,5.189e-06,1.47e-05,3.577e-28,5.186e-09,1.498e-08,1.578e-07,1.423e-28,2.353e-09,9.424e-07,7.048e-07,6.271e-11,3.815e-05,4.411e-06,4.196e-06,4.663e-05,1.217e-08,1.63e-09,0.138
   42600,   42660,9.5437e-06,6.313e-06,1.8e-05,4.412e-28,6.194e-09,1.796e-08,1.896e-07,1.756e-28,2.825e-09,1.136e-06,8.496e-07,7.505e-11,4.726e-05,5.331e-06,5.351e-06,5.813e-05,1.461e-08,1.958e-09,0.138
   42660,   42720,8.2792e-06,7.547e-06,2.169e-05,5.349e-28,7.261e-09,2.114e-08,2.238e-07,2.131e-28,3.311e-09,1.344e-06,1.006e-06,8.804e-11,5.782e-05,6.327e-06,6.769e-06,7.171e-05,1.724e-08,2.297e-09,0.138
   42720,   42780,1.4317e-05,9.035e-06,2.619e-05,6.407e-28,8.502e-09,2.489e-08,2.642e-07,2.554e-28,3.868e-09,1.592e-06,1.191e-06,1.031e-10,7.092e-05,7.515e-06,8.602e-06,8.877e-05,2.033e-08,2.687e-09,0.138
   42780,   42840,1.3446e-05,1.072e-05,3.132e-05,7.569e-28,9.861e-09,2.905e-08,3.092e-07,3.018e-28,4.468e-09,1.869e-06,1.399e-06,1.195e-10,8.616e-05,8.848e-06,1.081e-05,0.0001088,2.377e-08,3.11e-09,0.138
   42840,   42900,1.2156e-05,1.284e-05,3.785e-05,8.972e-28,1.151e-08,3.415e-08,3.647e-07,3.578e-28,5.183e-09,2.213e-06,1.657e-06,1.394e-10,0.0001059,1.051e-05,1.374e-05,0.000135,2.801e-08,3.617e-09,0.138
   42900,   42960,1.4393e-05,1.534e-05,4.563e-05,1.056e-27,1.34e-08,4.006e-08,4.291e-07,4.213e-28,5.984e-09,2.614e-06,1.958e-06,1.621e-10,0.0001299,1.245e-05,1.738e-05,0.0001672,3.292e-08,4.187e-09,0.138
   42960,   43020,1.6385e-05,1.801e-05,5.402e-05,1.22e-27,1.537e-08,4.626e-08,4.967e-07,4.869e-28,6.801e-09,3.036e-06,2.275e-06,1.857e-10,0.0001563,1.45e-05,2.146e-05,0.000203,3.808e-08,4.771e-09,0.138
   43020,   43080,1.3053e-05,2.129e-05,6.442e-05,1.413e-27,1.772e-08,5.374e-08,5.785e-07,5.637e-28,7.753e-09,3.549e-06,2.659e-06,2.136e-10,0.0001896,1.7e-05,2.669e-05,0.0002485,4.43e-08,5.456e-09,0.138
   43080,   43140,2.1918e-05,2.503e-05,7.64e-05,1.622e-27,2.034e-08,6.213e-08,6.704e-07,6.475e-28,8.789e-09,4.127e-06,3.092e-06,2.447e-10,0.0002287,1.982e-05,3.29e-05,0.0003022,5.129e-08,6.205e-09,0.138
   43140,   43200,2.4137e-05,2.912e-05,8.96e-05,1.842e-27,2.315e-08,7.117e-08,7.697e-07,7.351e-28,9.874e-09,4.753e-06,3.561e-06,2.777e-10,0.0002724,2.287e-05,3.99e-05,0.0003625,5.883e-08,6.993e-09,0.138
   43200,   43260,2.2141e-05,3.416e-05,0.000106,2.099e-27,2.655e-08,8.217e-08,8.906e-07,8.378e-28,1.115e-08,5.518e-06,4.134e-06,3.175e-10,0.0003273,2.662e-05,4.872e-05,0.0004386,6.801e-08,7.928e-09,0.138
   43260,   43320,2.6046e-05,4.01e-05,0.0001255,2.387e-27,3.048e-08,9.496e-08,1.032e-06,9.528e-28,1.26e-08,6.412e-06,4.803e-06,3.633e-10,0.0003929,3.1e-05,5.926e-05,0.0005296,7.87e-08,8.99e-09,0.138
   43320,   43380,3.3703e-05,4.512e-05,0.0001422,2.613e-27,3.377e-08,1.056e-07,1.148e-06,1.042e-27,1.376e-08,7.154e-06,5.354e-06,4.013e-10,0.0004518,3.462e-05,6.902e-05,0.0006129,8.756e-08,9.844e-09,0.138
   43380,   43440,3.331e-05,5.207e-05,0.0001653,2.922e-27,3.829e-08,1.203e-07,1.31e-06,1.165e-27,1.535e-08,8.183e-06,6.121e-06,4.533e-10,0.0005319,3.966e-05,8.212e-05,0.0007254,9.983e-08,1.102e-08,0.138
   43440,   43500,3.5681e-05,6.077e-05,0.0001942,3.288e-27,4.385e-08,1.385e-07,1.511e-06,1.311e-27,1.727e-08,9.466e-06,7.078e-06,5.172e-10,0.0006312,4.597e-05,9.811e-05,0.0008643,1.151e-07,1.245e-08,0.138
   43500,   43560,4.2251e-05,6.71e-05,0.0002158,3.535e-27,4.794e-08,1.516e-07,1.654e-06,1.409e-27,1.86e-08,1.038e-05,7.753e-06,5.633e-10,0.0007102,5.043e-05,0.0001115,0.0009778,1.259e-07,1.344e-08,0.138
   43560,   43620,4.4305e-05,7.789e-05,0.0002518,3.951e-27,5.476e-08,1.74e-07,1.9e-06,1.575e-27,2.088e-08,1.196e-05,8.927e-06,6.41e-10,0.0008353,5.82e-05,0.0001317,0.001154,1.446e-07,1.514e-08,0.138
   43620,   43680,5.0964e-05,8.594e-05,0.0002796,4.236e-27,5.993e-08,1.904e-07,2.081e-06,1.687e-27,2.25e-08,1.311e-05,9.775e-06,6.987e-10,0.0009377,6.383e-05,0.0001492,0.001302,1.583e-07,1.636e-08,0.138
   43680,   43740,6.0904e-05,9.578e-05,0.0003131,4.575e-27,6.619e-08,2.106e-07,2.302e-06,1.821e-27,2.447e-08,1.452e-05,1.082e-05,7.688e-10,0.001058,7.079e-05,0.0001691,0.001474,1.751e-07,1.785e-08,0.138
   43740,   43800,6.5192e-05,0.0001088,0.0003569,5.018e-27,7.445e-08,2.374e-07,2.596e-06,1.997e-27,2.708e-08,1.641e-05,1.222e-05,8.615e-10,0.001214,8.007e-05,0.0001949,0.001696,1.974e-07,1.981e-08,0.138
   43800,   43860,7.3909e-05,0.0001193,0.0003932,5.346e-27,8.127e-08,2.588e-07,2.831e-06,2.126e-27,2.912e-08,1.791e-05,1.332e-05,9.367e-10,0.001348,8.741e-05,0.0002179,0.001891,2.152e-07,2.136e-08,0.138
   43860,   43920,7.3882e-05,0.0001306,0.0004321,5.688e-27,8.863e-08,2.82e-07,3.084e-06,2.261e-27,3.132e-08,1.953e-05,1.451e-05,1.018e-09,0.001491,9.535e-05,0.0002421,0.002098,2.345e-07,2.302e-08,0.138
   43920,   43980,8.6882e-05,0.0001444,0.0004789,6.093e-27,9.76e-08,3.103e-07,3.393e-06,2.42e-27,3.399e-08,2.15e-05,1.597e-05,1.117e-09,0.001662,0.000105,0.0002707,0.002345,2.579e-07,2.504e-08,0.138
   43980,   44040,8.335e-05,0.00016,0.0005322,6.547e-27,1.079e-07,3.43e-07,3.749e-06,2.599e-27,3.705e-08,2.377e-05,1.765e-05,1.23e-09,0.001854,0.0001162,0.0003031,0.002623,2.85e-07,2.735e-08,0.138
   44040,   44100,0.0001008,0.0001768,0.0005887,7.024e-27,1.191e-07,3.783e-07,4.133e-06,2.787e-27,4.032e-08,2.622e-05,1.945e-05,1.353e-09,0.002058,0.0001282,0.0003382,0.00292,3.142e-07,2.984e-08,0.138
   44100,   44160,0.00011371,0.0001942,0.0006482,8.413e-27,1.309e-07,4.15e-07,4.532e-06,3.012e-27,4.373e-08,2.875e-05,2.132e-05,1.481e-09,0.002283,0.0001406,0.0003846,0.003264,3.445e-07,3.242e-08,0.138
   44160,   44220,0.00012091,0.0002107,0.000705,8.74e-27,1.423e-07,4.499e-07,4.909e-06,3.173e-27,4.697e-08,3.114e-05,2.307e-05,1.605e-09,0.002499,0.0001522,0.0004279,0.003594,3.733e-07,3.488e-08,0.138
   44220,   44280,0.00012983,0.0002271,0.0007616,9.088e-27,1.538e-07,4.848e-07,5.285e-06,3.329e-27,5.021e-08,3.352e-05,2.481e-05,1.729e-09,0.002719,0.0001638,0.0004747,0.003935,4.019e-07,3.733e-08,0.138
   44280,   44340,0.00014003,0.0002453,0.0008251,9.463e-27,1.668e-07,5.239e-07,5.705e-06,3.499e-27,5.386e-08,3.617e-05,2.676e-05,1.869e-09,0.00297,0.0001766,0.0005318,0.004335,4.34e-07,4.009e-08,0.138
   44340,   44400,0.00015144,0.0002645,0.0008921,9.866e-27,1.806e-07,5.65e-07,6.146e-06,3.671e-27,5.772e-08,3.895e-05,2.879e-05,2.017e-09,0.003243,0.0001901,0.0005977,0.004779,4.677e-07,4.299e-08,0.138
   44400,   44460,0.00016585,0.0002833,0.0009585,1.025e-26,1.942e-07,6.054e-07,6.578e-06,3.834e-27,6.152e-08,4.167e-05,3.077e-05,2.164e-09,0.003521,0.0002032,0.0006679,0.00524,5.007e-07,4.586e-08,0.138
   44460,   44520,0.00017923,0.0003042,0.001033,1.067e-26,2.095e-07,6.503e-07,7.058e-06,4.011e-27,6.579e-08,4.468e-05,3.296e-05,2.328e-09,0.003843,0.0002178,0.0007523,0.005783,5.374e-07,4.906e-08,0.138
   44520,   44580,0.00018577,0.000326,0.001112,1.111e-26,2.256e-07,6.971e-07,7.556e-06,4.188e-27,7.028e-08,4.78e-05,3.523e-05,2.5e-09,0.004193,0.0002328,0.0008466,0.006382,5.756e-07,5.241e-08,0.138
   44580,   44640,0.00020426,0.0003474,0.00119,1.152e-26,2.416e-07,7.429e-07,8.042e-06,4.357e-27,7.472e-08,5.085e-05,3.743e-05,2.67e-09,0.004551,0.0002474,0.0009444,0.006999,6.129e-07,5.572e-08,0.138
   44640,   44700,0.00021474,0.0003712,0.001278,1.197e-26,2.593e-07,7.934e-07,8.577e-06,4.537e-27,7.966e-08,5.42e-05,3.985e-05,2.859e-09,0.004961,0.0002635,0.001058,0.007712,6.539e-07,5.938e-08,0.138
   44700,   44760,0.00023108,0.000396,0.001371,1.243e-26,2.778e-07,8.457e-07,9.13e-06,4.718e-27,8.485e-08,5.767e-05,4.235e-05,3.057e-09,0.005403,0.00028,0.00118,0.008485,6.965e-07,6.321e-08,0.138
   44760,   44820,0.00023882,0.0004202,0.001464,1.286e-26,2.96e-07,8.964e-07,9.666e-06,4.888e-27,8.995e-08,6.103e-05,4.475e-05,3.25e-09,0.005848,0.000296,0.001304,0.009264,7.377e-07,6.696e-08,0.138
   44820,   44880,0.00025306,0.0004472,0.001567,1.333e-26,3.161e-07,9.523e-07,1.026e-05,5.071e-27,9.564e-08,6.472e-05,4.739e-05,3.465e-09,0.006355,0.0003135,0.001443,0.01015,7.831e-07,7.112e-08,0.138
   44880,   44940,0.00027139,0.0004753,0.001676,1.38e-26,3.372e-07,1.01e-06,1.086e-05,5.255e-27,1.016e-07,6.854e-05,5.01e-05,3.69e-09,0.006894,0.0003316,0.001591,0.01109,8.3e-07,7.546e-08,0.138
   44940,   45000,0.0002848,0.0005029,0.001784,1.425e-26,3.578e-07,1.066e-06,1.145e-05,5.428e-27,1.075e-07,7.223e-05,5.272e-05,3.909e-09,0.007432,0.0003491,0.001737,0.01203,8.754e-07,7.972e-08,0.138
   45000,   45060,0.00030267,0.0005334,0.001904,1.473e-26,3.805e-07,1.127e-06,1.209e-05,5.612e-27,1.14e-07,7.628e-05,5.558e-05,4.152e-09,0.008034,0.0003682,0.001898,0.01308,9.252e-07,8.442e-08,0.138
   45060,   45120,0.00031657,0.000565,0.00203,1.52e-26,4.04e-07,1.19e-06,1.275e-05,5.797e-27,1.208e-07,8.044e-05,5.851e-05,4.403e-09,0.008664,0.0003878,0.002065,0.01417,9.763e-07,8.929e-08,0.138
   45120,   45180,0.00033148,0.0005961,0.002154,1.567e-26,4.27e-07,1.251e-06,1.34e-05,5.972e-27,1.275e-07,8.447e-05,6.134e-05,4.649e-09,0.009287,0.0004068,0.002228,0.01525,1.026e-06,9.408e-08,0.138
   45180,   45240,0.00034958,0.0006303,0.002291,1.616e-26,4.524e-07,1.318e-06,1.409e-05,6.158e-27,1.35e-07,8.889e-05,6.442e-05,4.921e-09,0.009975,0.0004276,0.002406,0.01644,1.08e-06,9.936e-08,0.138
   45240,   45300,0.0003627,0.0006658,0.002434,1.664e-26,4.787e-07,1.386e-06,1.481e-05,6.345e-27,1.428e-07,9.343e-05,6.758e-05,5.202e-09,0.01069,0.000449,0.002589,0.01766,1.136e-06,1.048e-07,0.138
   45300,   45360,0.00038593,0.0007005,0.002574,1.711e-26,5.042e-07,1.452e-06,1.551e-05,6.522e-27,1.505e-07,9.782e-05,7.064e-05,5.477e-09,0.01139,0.0004697,0.002764,0.01885,1.19e-06,1.102e-07,0.138
   45360,   45420,0.00040203,0.0007386,0.002728,1.761e-26,5.323e-07,1.524e-06,1.626e-05,6.71e-27,1.59e-07,0.0001026,7.396e-05,5.779e-09,0.01215,0.0004924,0.002954,0.02015,1.249e-06,1.161e-07,0.138
   45420,   45480,0.00042076,0.0007778,0.002886,1.811e-26,5.612e-07,1.598e-06,1.704e-05,6.898e-27,1.678e-07,0.0001075,7.736e-05,6.09e-09,0.01293,0.0005156,0.003147,0.02147,1.309e-06,1.222e-07,0.138
   45480,   45540,0.00043555,0.000816,0.00304,1.858e-26,5.893e-07,1.669e-06,1.779e-05,7.076e-27,1.765e-07,0.0001123,8.065e-05,6.394e-09,0.01369,0.0005382,0.003331,0.02275,1.368e-06,1.282e-07,0.138
   45540,   45600,0.00046392,0.0008578,0.003209,1.908e-26,6.202e-07,1.746e-06,1.86e-05,7.266e-27,1.862e-07,0.0001175,8.424e-05,6.728e-09,0.01451,0.0005628,0.003528,0.02413,1.431e-06,1.348e-07,0.138
   45600,   45660,0.00048376,0.0009009,0.003382,1.96e-26,6.52e-07,1.826e-06,1.944e-05,7.457e-27,1.962e-07,0.0001228,8.791e-05,7.074e-09,0.01534,0.0005882,0.003728,0.02553,1.497e-06,1.417e-07,0.138
   45660,   45720,0.00049887,0.0009425,0.003549,2.008e-26,6.829e-07,1.902e-06,2.025e-05,7.637e-27,2.061e-07,0.000128,9.146e-05,7.409e-09,0.01614,0.0006127,0.003916,0.02687,1.56e-06,1.483e-07,0.138
   45720,   45780,0.00052277,0.0009878,0.003731,2.059e-26,7.167e-07,1.985e-06,2.113e-05,7.829e-27,2.17e-07,0.0001336,9.532e-05,7.777e-09,0.01701,0.0006395,0.004118,0.02831,1.629e-06,1.557e-07,0.138
   45780,   45840,0.00054398,0.001034,0.003916,2.11e-26,7.514e-07,2.07e-06,2.203e-05,8.021e-27,2.284e-07,0.0001393,9.926e-05,8.156e-09,0.01788,0.0006669,0.004319,0.02976,1.699e-06,1.632e-07,0.138
   45840,   45900,0.00056597,0.001079,0.004094,2.159e-26,7.85e-07,2.152e-06,2.29e-05,8.203e-27,2.395e-07,0.0001448,0.0001031,8.525e-09,0.01872,0.0006935,0.00451,0.03113,1.767e-06,1.706e-07,0.138
   45900,   45960,0.00058856,0.001128,0.004287,2.212e-26,8.218e-07,2.241e-06,2.384e-05,8.398e-27,2.518e-07,0.0001508,0.0001072,8.929e-09,0.01961,0.0007224,0.004712,0.0326,1.841e-06,1.788e-07,0.138
   45960,   46020,0.00061475,0.001177,0.004482,2.265e-26,8.597e-07,2.332e-06,2.481e-05,8.593e-27,2.646e-07,0.000157,0.0001115,9.346e-09,0.02051,0.0007521,0.004915,0.03408,1.917e-06,1.872e-07,0.138
   46020,   46080,0.00063475,0.001225,0.004669,2.314e-26,8.963e-07,2.42e-06,2.575e-05,8.777e-27,2.772e-07,0.0001629,0.0001156,9.75e-09,0.02136,0.0007807,0.005105,0.03548,1.99e-06,1.954e-07,0.138
   46080,   46140,0.00066719,0.001276,0.00487,2.367e-26,9.361e-07,2.515e-06,2.676e-05,8.974e-27,2.91e-07,0.0001694,0.00012,1.019e-08,0.02227,0.0008118,0.005305,0.03696,2.07e-06,2.044e-07,0.138
   46140,   46200,0.00068624,0.001329,0.005074,2.42e-26,9.772e-07,2.612e-06,2.78e-05,9.172e-27,3.053e-07,0.000176,0.0001246,1.065e-08,0.02319,0.0008437,0.005506,0.03845,2.151e-06,2.138e-07,0.138
   46200,   46260,0.00071799,0.001379,0.005268,2.471e-26,1.017e-06,2.706e-06,2.88e-05,9.359e-27,3.194e-07,0.0001823,0.000129,1.109e-08,0.02405,0.0008743,0.005693,0.03985,2.23e-06,2.229e-07,0.138
