CampaignData_and_Merges/R0/CSL_MobileLab_Parked/raw/20240719/USOS-MetNav_MobileLabGround_20240719_R0.ict
44, 1001
Carrie Womack, Nate Howard, Mike Zucker
NOAA Chemical Sciences Laboratory
Mobile Lab MetNav Station
USOS
1, 1
2024, 07, 19, 2024, 12, 21
60
Time_Start, seconds_past_midnight, Seconds from midnight UTC
11
1, 1, 1, 1, 1, 1, 1, 1, 1, 1, 1
-9999, -9999, -9999, -9999, -9999, -9999, -9999, -9999, -9999, -9999, -9999
GPS_Alt_m, meters, Altitude from Differential GPS
GPS_Course_deg, degrees, Course from Differential GPS
GPS_GndSpd_m_s, m/s, Ground Speed from Differential GPS
GPS_Heading_deg, degrees, Heading from Differential GPS
GPS_Lat_deg, degrees, Latitude from Differential GPS
GPS_Lon_deg, degrees, Longitude from Differential GPS
AirTemp_C, Celsius, Air Temperature from Airmar
RelHumidity_pct, percent, Relative Humidity from Airmar
Pressure_mb, millibars, Pressure from Honeywell
WindDir_calc_deg, degrees, Wind Direction from Airmar corrected for van movement
WindSpd_calc_m_s, m/s, Wind Speed from Airmar corrected for van movement
1
SPECIAL COMMENTS:
18
PI_CONTACT_INFO: Address: 325 Broadway R/CSL7, Boulder, CO, 80305
PLATFORM: CSL Mobile Lab
LOCATION: Salt Lake City, UT
ASSOCIATED_DATA: N/A
INSTRUMENT_INFO: N/A
DATA_INFO: Units:
UNCERTAINTY: N/A
ULOD_FLAG: -7777
ULOD_VALUE: N/A
LLOD_FLAG: -8888
LLOD_VALUE: N/A
DM_CONTACT_INFO: Data Manager: Nate Howard
PROJECT_INFO: 
STIPULATIONS_ON_USE: Use of these data require prior ok from PI.
OTHER_COMMENTS: 
REVISION: R0
R0: Final data. Fixed bug in wind averaging code. RA: Preliminary Data. For in-field use only. 
Time_Start, GPS_Alt_m, GPS_Course_deg, GPS_GndSpd_m_s, GPS_Heading_deg, GPS_Lat_deg, GPS_Lon_deg, AirTemp_C, RelHumidity_pct, Pressure_mb, WindDir_calc_deg, WindSpd_calc_m_s
[from data line 995]
59700.0,1309.2,359.51,0.05,359.51,40.73434,-111.87210,34.7,19.5,880.0,320.70,0.2
59760.0,1309.1,359.27,0.05,359.27,40.73434,-111.87210,34.9,19.7,880.0,79.24,0.2
59820.0,1309.0,359.25,0.04,359.25,40.73434,-111.87211,35.3,20.1,880.0,93.14,0.3
59880.0,1309.1,359.54,0.04,359.54,40.73434,-111.87211,35.5,19.2,880.0,111.34,0.6
59940.0,1309.0,359.31,0.05,359.31,40.73434,-111.87211,35.7,19.5,880.1,108.79,0.6
60000.0,1309.0,359.28,0.05,359.28,40.73434,-111.87211,35.8,19.0,880.0,107.66,0.6
60060.0,1309.0,359.18,0.04,359.18,40.73434,-111.87211,35.8,18.5,880.0,91.80,0.3
60120.0,1308.9,359.40,0.05,359.40,40.73434,-111.87210,36.0,18.5,880.0,109.61,0.5
60180.0,1308.8,359.23,0.04,359.23,40.73434,-111.87210,36.0,18.3,880.0,105.09,0.7
60240.0,1308.8,359.52,0.05,359.52,40.73434,-111.87210,36.0,18.5,880.0,99.45,0.6
60300.0,1308.8,359.80,0.04,359.80,40.73434,-111.87210,36.1,18.7,880.0,116.34,0.5
60360.0,1308.7,0.13,0.05,0.13,40.73434,-111.87210,36.1,18.4,880.1,86.28,0.3
60420.0,1308.7,0.45,0.04,0.45,40.73434,-111.87210,36.4,18.3,880.1,112.99,0.6
60480.0,1308.7,0.02,0.05,0.02,40.73434,-111.87210,36.6,17.5,880.1,119.63,1.0
60540.0,1308.8,359.80,0.05,359.80,40.73434,-111.87210,36.6,17.6,880.1,121.12,1.5
60600.0,1308.9,359.99,0.05,359.99,40.73434,-111.87210,36.7,17.6,880.1,141.16,1.5
60660.0,1308.9,359.69,0.05,359.69,40.73434,-111.87210,36.6,18.2,880.1,124.25,1.4
60720.0,1308.9,359.71,0.04,359.71,40.73434,-111.87210,36.5,19.1,880.1,129.64,1.5
60780.0,1309.0,359.33,0.05,359.33,40.73434,-111.87210,36.5,18.2,880.1,136.20,1.3
60840.0,1309.0,359.11,0.04,359.11,40.73434,-111.87210,36.5,19.8,880.1,115.25,0.8
60900.0,1309.1,358.77,0.04,358.77,40.73434,-111.87210,36.4,20.1,880.1,108.98,0.6
60960.0,1309.2,359.10,0.05,359.10,40.73434,-111.87210,36.3,20.0,880.1,89.85,0.5
61020.0,1309.3,358.90,0.04,358.90,40.73434,-111.87210,36.3,19.8,880.1,102.72,0.5
61080.0,1309.3,358.66,0.05,358.66,40.73434,-111.87210,36.3,19.5,880.1,93.43,0.6
61140.0,1309.3,358.65,0.04,358.65,40.73433,-111.87210,36.3,20.1,880.1,86.52,0.6
61200.0,1309.3,358.26,0.05,358.26,40.73433,-111.87210,36.3,19.6,880.1,87.84,0.3
61260.0,1309.4,358.20,0.04,358.20,40.73433,-111.87210,36.3,18.6,880.1,90.22,0.3
61320.0,1309.3,358.53,0.04,358.53,40.73433,-111.87210,36.4,18.8,880.1,87.21,0.6
61380.0,1309.2,358.18,0.04,358.18,40.73434,-111.87210,36.2,19.3,880.1,63.97,0.6
61440.0,1309.2,358.43,0.04,358.43,40.73434,-111.87210,36.0,18.9,880.1,73.17,0.6
61500.0,1309.1,358.66,0.05,358.66,40.73434,-111.87210,36.2,18.4,880.1,94.56,0.6
61560.0,1309.0,359.09,0.04,359.09,40.73434,-111.87210,36.4,17.7,880.1,103.36,0.7
61620.0,1309.0,359.35,0.04,359.35,40.73434,-111.87210,36.6,17.5,880.1,101.87,0.6
61680.0,1308.9,359.55,0.04,359.55,40.73434,-111.87210,36.7,17.7,880.1,38.19,0.1
61740.0,1308.9,359.52,0.04,359.52,40.73434,-111.87210,36.8,17.8,880.1,83.60,0.4
61800.0,1308.8,359.36,0.05,359.36,40.73434,-111.87210,36.9,18.2,880.0,70.17,0.3
61860.0,1308.7,359.41,0.04,359.41,40.73434,-111.87210,36.9,17.8,880.0,308.67,0.2
61920.0,1308.7,359.80,0.04,359.80,40.73434,-111.87210,37.0,18.0,880.0,93.21,0.4
61980.0,1308.7,359.97,0.04,359.97,40.73434,-111.87210,36.9,18.7,880.1,75.80,0.4
62040.0,1308.7,0.21,0.04,0.21,40.73434,-111.87210,36.8,18.2,880.1,81.94,0.3
62100.0,1308.7,359.93,0.04,359.93,40.73434,-111.87210,36.9,17.7,880.1,89.62,0.3
62160.0,1308.7,360.00,0.04,360.00,40.73434,-111.87210,36.6,18.0,880.1,96.18,0.7
62220.0,1308.8,359.96,0.04,359.96,40.73434,-111.87210,36.6,17.7,880.0,91.09,0.2
62280.0,1308.7,0.37,0.04,0.37,40.73434,-111.87210,36.4,17.8,880.0,102.52,0.7
62340.0,1308.6,1.14,0.04,1.14,40.73434,-111.87210,36.2,17.8,880.0,116.31,1.2
62400.0,1308.5,1.06,0.05,1.06,40.73434,-111.87210,36.1,18.9,880.0,115.25,1.7
62460.0,1308.5,1.55,0.04,1.55,40.73434,-111.87210,35.8,18.7,880.0,113.28,1.5
62520.0,1308.8,1.43,0.05,1.43,40.73434,-111.87210,35.7,18.7,880.0,118.06,1.0
62580.0,1309.0,1.28,0.05,1.28,40.73434,-111.87210,35.7,18.9,880.0,104.94,0.4
62640.0,1309.1,1.21,0.04,1.21,40.73434,-111.87210,35.6,19.5,880.0,93.08,0.5
62700.0,1309.1,0.79,0.04,0.79,40.73434,-111.87210,35.7,19.0,880.0,113.60,0.6
62760.0,1309.0,0.85,0.04,0.85,40.73434,-111.87210,35.6,20.2,880.0,102.07,0.8
62820.0,1309.2,1.25,0.04,1.25,40.73434,-111.87210,35.3,20.8,880.0,85.91,0.7
62880.0,1309.1,0.47,0.04,0.47,40.73434,-111.87210,35.0,20.3,880.0,84.26,0.6
62940.0,1309.0,0.24,0.04,0.24,40.73434,-111.87210,34.9,20.4,880.0,107.07,0.6
63000.0,1309.0,0.05,0.04,0.05,40.73434,-111.87210,35.0,20.5,880.0,107.26,0.9
63060.0,1309.1,0.09,0.05,0.09,40.73434,-111.87210,34.9,20.5,880.0,108.71,1.0
63120.0,1309.2,0.18,0.05,0.18,40.73434,-111.87210,34.8,21.9,880.0,113.94,1.0
63180.0,1309.4,359.72,0.05,359.72,40.73434,-111.87210,34.8,21.0,880.0,101.52,0.7
63240.0,1309.2,359.58,0.05,359.58,40.73434,-111.87210,34.9,19.8,880.0,86.31,0.2
63300.0,1309.2,359.45,0.04,359.45,40.73434,-111.87210,34.9,20.3,880.0,107.34,0.8
63360.0,1309.3,359.28,0.05,359.28,40.73434,-111.87210,35.0,19.6,880.0,112.28,0.8
63420.0,1309.3,359.55,0.04,359.55,40.73434,-111.87210,34.9,20.2,880.0,107.74,0.9
63480.0,1309.3,359.67,0.05,359.67,40.73434,-111.87210,35.0,20.6,880.0,96.57,0.5
63540.0,1309.5,359.47,0.06,359.47,40.73434,-111.87210,35.1,20.1,880.0,81.99,0.1
63600.0,1309.4,359.50,0.05,359.50,40.73434,-111.87210,35.1,20.5,880.0,88.21,0.5
63660.0,1309.4,359.53,0.05,359.53,40.73434,-111.87210,35.4,20.7,880.0,86.10,0.4
63720.0,1309.5,359.26,0.05,359.26,40.73434,-111.87210,35.6,20.3,880.0,83.95,0.6
63780.0,1309.4,359.04,0.05,359.04,40.73434,-111.87210,35.6,20.8,880.0,96.89,0.9
63840.0,1309.5,359.22,0.05,359.22,40.73434,-111.87210,35.5,21.0,880.0,72.30,0.7
63900.0,1309.7,359.09,0.05,359.09,40.73434,-111.87210,35.2,20.3,880.0,64.35,0.6
63960.0,1309.7,359.11,0.05,359.11,40.73434,-111.87210,35.2,20.3,880.0,89.22,0.6
64020.0,1309.5,359.00,0.05,359.00,40.73434,-111.87210,35.4,20.2,880.0,94.29,0.6
64080.0,1309.1,358.48,0.04,358.48,40.73433,-111.87210,35.7,19.2,880.0,102.02,1.0
64140.0,1309.0,358.43,0.04,358.43,40.73433,-111.87210,36.0,18.9,880.0,94.18,0.7
64200.0,1309.4,358.38,0.05,358.38,40.73434,-111.87210,36.1,19.1,880.0,116.01,1.8
64260.0,1309.4,358.28,0.05,358.28,40.73434,-111.87210,36.0,20.4,879.9,111.73,2.1
64320.0,1309.4,358.43,0.05,358.43,40.73434,-111.87210,36.0,19.3,879.9,114.90,1.5
64380.0,1309.4,358.81,0.06,358.81,40.73434,-111.87210,35.8,19.7,879.9,61.02,0.8
64440.0,1309.3,358.67,0.05,358.67,40.73434,-111.87210,35.8,20.1,879.9,87.51,0.7
64500.0,1309.1,358.95,0.05,358.95,40.73434,-111.87210,36.1,19.3,879.9,61.44,0.2
64560.0,1309.1,359.21,0.04,359.21,40.73434,-111.87210,36.0,19.5,879.9,66.23,0.7
64620.0,1309.1,358.89,0.05,358.89,40.73434,-111.87210,36.1,19.6,879.9,107.26,1.3
64680.0,1309.2,358.87,0.05,358.87,40.73434,-111.87210,36.2,19.0,879.9,114.51,1.8
64740.0,1309.1,358.84,0.05,358.84,40.73434,-111.87210,36.0,19.0,879.9,108.26,1.5
64800.0,1309.1,359.07,0.05,359.07,40.73434,-111.87210,36.2,19.5,879.9,110.78,1.3
64860.0,1308.9,359.22,0.04,359.22,40.73434,-111.87210,36.4,19.4,879.9,120.66,1.3
64920.0,1308.9,359.11,0.05,359.11,40.73434,-111.87210,36.7,18.3,879.9,130.63,1.1
64980.0,1308.9,359.12,0.04,359.12,40.73434,-111.87210,37.0,17.5,879.9,126.59,0.5
65040.0,1308.9,359.55,0.05,359.55,40.73434,-111.87210,37.3,16.8,879.8,153.36,1.0
65100.0,1308.9,359.18,0.05,359.18,40.73434,-111.87210,37.5,16.9,879.8,157.71,2.1
65160.0,1308.8,359.72,0.04,359.72,40.73434,-111.87210,37.6,16.9,879.8,129.38,1.1
65220.0,1308.9,359.63,0.05,359.63,40.73434,-111.87210,37.8,17.0,879.8,119.67,0.6
65280.0,1308.9,359.52,0.04,359.52,40.73434,-111.87210,37.8,17.0,879.8,91.16,0.4
65340.0,1308.9,359.29,0.05,359.29,40.73434,-111.87210,37.9,16.7,879.8,162.26,1.9
65400.0,1308.9,359.58,0.05,359.58,40.73434,-111.87210,38.0,17.0,879.8,170.00,1.3
65460.0,1309.0,359.92,0.05,359.92,40.73434,-111.87210,38.0,17.4,879.7,156.29,0.5
65520.0,1309.1,359.87,0.05,359.87,40.73434,-111.87210,38.1,17.5,879.7,155.29,0.2
65580.0,1309.2,359.58,0.05,359.58,40.73434,-111.87210,38.2,17.6,879.7,146.33,0.5
65640.0,1309.3,359.49,0.05,359.49,40.73434,-111.87210,38.4,17.7,879.7,119.77,0.6
65700.0,1309.3,359.35,0.06,359.35,40.73434,-111.87210,38.6,17.4,879.7,141.71,0.6
65760.0,1309.3,359.19,0.06,359.19,40.73434,-111.87210,38.8,17.4,879.7,113.94,0.6
65820.0,1309.3,359.46,0.05,359.46,40.73434,-111.87210,38.9,17.2,879.7,97.77,0.7
65880.0,1309.4,359.64,0.05,359.64,40.73434,-111.87210,38.8,18.3,879.7,92.26,1.1
65940.0,1309.4,359.52,0.05,359.52,40.73434,-111.87210,38.4,17.8,879.7,77.39,0.8
66000.0,1309.4,359.45,0.04,359.45,40.73434,-111.87210,38.3,17.5,879.7,82.28,0.6
66060.0,1309.4,359.53,0.05,359.53,40.73434,-111.87210,38.3,17.6,879.7,91.58,0.8
66120.0,1309.4,359.60,0.04,359.60,40.73434,-111.87210,38.1,17.8,879.7,74.98,0.6
66180.0,1309.4,359.09,0.04,359.09,40.73434,-111.87210,38.2,17.4,879.6,97.97,0.7
66240.0,1309.4,358.87,0.05,358.87,40.73434,-111.87210,38.1,17.2,879.6,68.52,0.2
66300.0,1309.4,359.00,0.05,359.00,40.73434,-111.87210,38.3,17.0,879.6,125.34,0.2
66360.0,1309.3,359.33,0.05,359.33,40.73434,-111.87210,38.3,17.0,879.6,155.93,0.1
66420.0,1309.4,359.19,0.04,359.19,40.73434,-111.87210,38.3,17.2,879.6,312.49,0.2
66480.0,1309.3,359.18,0.05,359.18,40.73434,-111.87210,38.4,16.9,879.6,177.80,0.4
66540.0,1309.4,359.14,0.05,359.14,40.73434,-111.87210,38.4,17.7,879.6,74.93,0.5
66600.0,1309.3,358.76,0.05,358.76,40.73434,-111.87210,38.3,17.8,879.6,47.75,0.3
66660.0,1309.5,358.78,0.05,358.78,40.73434,-111.87210,38.3,17.6,879.6,73.82,0.3
66720.0,1309.8,358.94,0.05,358.94,40.73434,-111.87210,38.4,17.5,879.6,83.20,0.5
66780.0,1309.9,358.56,0.05,358.56,40.73434,-111.87210,38.3,17.9,879.6,79.68,0.7
66840.0,1309.9,358.36,0.05,358.36,40.73434,-111.87210,38.2,17.9,879.6,83.67,0.7
66900.0,1309.8,358.32,0.05,358.32,40.73434,-111.87210,38.1,17.7,879.7,48.11,0.3
66960.0,1309.8,358.05,0.04,358.05,40.73434,-111.87210,37.9,17.4,879.7,84.51,0.8
67020.0,1309.9,358.45,0.05,358.45,40.73434,-111.87210,37.8,17.9,879.6,88.07,1.0
67080.0,1309.9,358.40,0.05,358.40,40.73434,-111.87210,37.8,17.7,879.6,70.50,0.4
67140.0,1309.9,358.38,0.05,358.38,40.73434,-111.87210,37.6,17.0,879.6,62.60,0.6
67200.0,1309.8,358.75,0.05,358.75,40.73434,-111.87210,37.7,17.4,879.6,105.02,1.2
67260.0,1309.4,358.87,0.05,358.87,40.73434,-111.87210,37.7,18.6,879.6,104.93,1.0
67320.0,1309.3,359.12,0.05,359.12,40.73434,-111.87210,37.7,18.1,879.6,81.94,0.7
67380.0,1309.2,358.92,0.05,358.92,40.73434,-111.87210,37.6,18.0,879.6,91.36,0.8
67440.0,1309.3,0.02,0.04,0.02,40.73434,-111.87210,37.6,17.9,879.5,85.85,0.9
67500.0,1309.3,0.09,0.05,0.09,40.73434,-111.87210,37.5,17.8,879.5,66.08,0.6
67560.0,1309.1,359.85,0.05,359.85,40.73434,-111.87210,37.6,17.4,879.5,86.85,0.6
67620.0,1309.0,359.84,0.05,359.84,40.73434,-111.87210,37.9,17.4,879.5,107.08,1.0
67680.0,1308.9,359.78,0.05,359.78,40.73434,-111.87210,37.7,17.5,879.5,115.90,2.9
67740.0,1308.6,359.67,0.05,359.67,40.73434,-111.87210,37.5,17.4,879.5,117.90,2.1
67800.0,1308.8,359.45,0.05,359.45,40.73434,-111.87211,37.4,17.9,879.5,115.44,1.4
67860.0,1309.1,359.99,0.05,359.99,40.73434,-111.87210,37.5,18.5,879.5,123.06,1.2
67920.0,1308.8,359.48,0.04,359.48,40.73434,-111.87210,37.6,17.8,879.5,297.12,0.2
67980.0,1309.1,359.59,0.05,359.59,40.73434,-111.87211,37.6,17.5,879.5,48.64,0.3
68040.0,1308.9,359.22,0.04,359.22,40.73434,-111.87211,37.8,17.8,879.5,88.17,0.6
68100.0,1308.9,359.28,0.05,359.28,40.73434,-111.87211,37.8,17.4,879.5,287.72,0.1
68160.0,1308.6,358.46,0.05,358.46,40.73434,-111.87211,38.0,17.3,879.4,102.70,0.8
68220.0,1308.5,358.39,0.04,358.39,40.73434,-111.87211,37.9,17.2,879.4,114.95,1.8
68280.0,1308.5,358.42,0.04,358.42,40.73434,-111.87211,37.5,17.1,879.4,111.39,2.4
68340.0,1308.8,358.67,0.05,358.67,40.73434,-111.87211,37.0,17.2,879.4,108.31,2.4
68400.0,1308.7,358.84,0.05,358.84,40.73434,-111.87211,36.8,17.2,879.4,115.53,2.3
68460.0,1308.7,359.14,0.05,359.14,40.73434,-111.87211,36.7,17.8,879.4,122.34,1.9
68520.0,1308.6,359.22,0.04,359.22,40.73434,-111.87211,36.7,20.3,879.4,121.79,2.3
68580.0,1308.7,359.20,0.05,359.20,40.73434,-111.87211,36.7,18.7,879.4,123.43,1.9
68640.0,1308.7,359.15,0.04,359.15,40.73434,-111.87211,37.0,19.2,879.4,133.16,1.9
68700.0,1308.8,359.32,0.04,359.32,40.73434,-111.87211,37.1,18.4,879.3,125.45,1.5
68760.0,1308.8,359.44,0.04,359.44,40.73434,-111.87211,37.3,18.8,879.3,121.17,1.2
68820.0,1308.9,359.19,0.04,359.19,40.73434,-111.87211,37.5,18.0,879.3,129.79,0.7
68880.0,1309.0,359.11,0.04,359.11,40.73434,-111.87211,37.7,17.9,879.3,163.46,1.3
68940.0,1309.1,359.05,0.04,359.05,40.73434,-111.87211,37.8,17.9,879.3,142.38,1.9
69000.0,1309.0,359.27,0.04,359.27,40.73434,-111.87211,37.9,18.1,879.3,142.65,1.3
69060.0,1309.1,359.26,0.05,359.26,40.73434,-111.87211,38.0,18.2,879.2,136.08,0.9
69120.0,1309.3,359.03,0.06,359.03,40.73434,-111.87211,38.0,17.9,879.2,167.21,1.6
69180.0,1309.4,358.78,0.05,358.78,40.73434,-111.87211,38.2,18.0,879.2,159.87,1.4
69240.0,1309.3,358.88,0.05,358.88,40.73434,-111.87211,38.2,17.8,879.2,139.93,1.3
69300.0,1309.2,359.34,0.06,359.34,40.73434,-111.87211,38.4,17.8,879.2,111.81,0.6
69360.0,1309.3,359.12,0.05,359.12,40.73434,-111.87211,38.5,17.6,879.1,99.67,0.5
69420.0,1309.4,358.74,0.04,358.74,40.73434,-111.87211,38.4,17.6,879.1,80.80,0.6
69480.0,1309.6,358.79,0.05,358.79,40.73434,-111.87211,38.2,18.3,879.1,45.20,0.6
69540.0,1309.5,358.50,0.04,358.50,40.73434,-111.87211,38.1,17.7,879.1,47.73,0.3
69600.0,1309.4,358.89,0.04,358.89,40.73434,-111.87211,38.3,17.1,879.1,112.57,0.7
69660.0,1309.5,359.21,0.04,359.21,40.73434,-111.87211,38.2,16.9,879.1,324.63,0.5
69720.0,1309.6,359.31,0.04,359.31,40.73434,-111.87211,38.3,16.7,879.1,125.13,0.2
69780.0,1309.6,359.36,0.05,359.36,40.73434,-111.87211,38.6,16.5,879.1,142.24,0.6
69840.0,1309.6,359.26,0.04,359.26,40.73434,-111.87211,38.8,16.4,879.1,195.39,0.4
69900.0,1309.6,359.18,0.04,359.18,40.73434,-111.87211,38.9,16.3,879.1,174.59,0.7
69960.0,1309.6,359.66,0.04,359.66,40.73434,-111.87211,38.9,16.8,879.0,20.66,0.3
70020.0,1309.6,0.35,0.04,0.35,40.73434,-111.87211,38.5,16.5,879.0,314.32,0.5
70080.0,1309.7,0.04,0.05,0.04,40.73434,-111.87211,38.6,16.3,879.0,261.82,0.4
70140.0,1309.8,359.62,0.06,359.62,40.73434,-111.87211,38.6,17.1,878.9,99.15,0.8
70200.0,1309.9,359.76,0.05,359.76,40.73434,-111.87211,38.4,16.8,878.9,352.47,0.4
70260.0,1310.0,359.55,0.05,359.55,40.73434,-111.87211,38.2,16.4,878.9,341.10,0.2
70320.0,1310.0,359.37,0.05,359.37,40.73434,-111.87211,38.4,16.9,878.9,67.88,0.5
70380.0,1309.9,359.88,0.05,359.88,40.73434,-111.87210,38.4,16.7,878.9,85.86,0.8
70440.0,1310.0,359.89,0.04,359.89,40.73434,-111.87210,38.4,17.2,878.9,81.55,0.8
70500.0,1310.0,359.81,0.04,359.81,40.73434,-111.87210,38.6,17.3,878.8,83.99,0.9
70560.0,1309.9,0.25,0.04,0.25,40.73434,-111.87210,38.6,16.0,878.8,125.53,0.9
70620.0,1309.7,0.62,0.04,0.62,40.73434,-111.87210,38.8,15.7,878.8,112.52,0.8
70680.0,1309.7,0.30,0.05,0.30,40.73434,-111.87210,38.8,15.5,878.8,81.46,0.5
70740.0,1309.8,359.86,0.04,359.86,40.73434,-111.87210,39.0,15.1,878.8,93.46,0.3
70800.0,1309.6,359.66,0.04,359.66,40.73434,-111.87210,39.0,15.2,878.8,79.41,0.5
70860.0,1309.6,359.42,0.04,359.42,40.73434,-111.87210,39.2,14.5,878.8,152.90,1.2
70920.0,1309.6,359.62,0.04,359.62,40.73434,-111.87210,39.3,15.0,878.8,138.85,1.5
70980.0,1309.6,359.59,0.04,359.59,40.73434,-111.87210,39.2,15.8,878.8,131.04,2.0
71040.0,1310.0,359.44,0.05,359.44,40.73434,-111.87210,39.4,15.4,878.8,146.42,0.8
71100.0,1310.0,359.11,0.05,359.11,40.73434,-111.87210,39.4,15.2,878.8,155.44,1.7
71160.0,1309.8,358.38,0.05,358.38,40.73434,-111.87210,39.3,15.4,878.8,125.82,2.2
71220.0,1309.3,358.32,0.04,358.32,40.73434,-111.87210,38.9,16.1,878.7,118.64,2.8
71280.0,1309.3,358.96,0.04,358.96,40.73434,-111.87210,38.7,17.0,878.7,125.70,2.6
71340.0,1309.2,358.78,0.06,358.78,40.73434,-111.87210,38.4,17.1,878.7,127.85,2.5
71400.0,1309.2,358.79,0.05,358.79,40.73434,-111.87210,38.0,17.0,878.7,116.15,2.5
71460.0,1308.9,358.37,0.05,358.37,40.73434,-111.87210,38.0,17.8,878.7,131.24,2.4
71520.0,1308.9,358.13,0.05,358.13,40.73434,-111.87211,37.8,18.0,878.6,112.03,2.1
71580.0,1308.8,358.39,0.04,358.39,40.73434,-111.87211,37.8,17.3,878.6,119.38,1.5
