CampaignData_and_Merges/R0/CSL_MobileLab_Parked/raw/20240719/USOS-Picarro-CO2-CH4-CO-H2O_MobileLabGround_20240719_R0.ict
38, 1001
Ilana Pollack, Nell Schafer, and Jeff Peischl
NOAA Chemical Sciences Laboratory
Picarro 2401-m CO2/CH4/CO/H2O Analyzer
USOS
1, 1
2024, 07, 19, 2024, 11, 20
0
StartTime_UTC, seconds_past_midnight, seconds past midnight
5
1, 1, 1, 1, 1
-9999, -9999, -9999, -9999, -9999
StopTime_UTC, seconds_past_midnight, seconds past midnight
CO2_ppm_1min, ppm, Gas_CO2_InSitu_S_DMF, carbon dioxide mixing ratio
CH4_ppb_1min, ppb, Gas_CH4_InSitu_S_DMF, methane mixing ratio
CO_ppb_1min, ppb, Gas_CO_InSitu_S_DMF, carbon monoxide mixing ratio
H2O_ppmv_1min, ppmv, Met_H2OMRV_InSitu_S_AVMR, water vapor mixing ratio
1
SPECIAL COMMENTS: N/A
18
PI_CONTACT_INFO: Address: NOAA Chemical Sciences Laboratory, Mail Stop CSL7, 325 Broadway, Boulder, CO 80305; Email: Ilana.Pollack@noaa.gov
PLATFORM: NOAA CSL Mobile Laboratory
LOCATION: The mobile lab was stationed in Salt Lake City, Utah.
ASSOCIATED_DATA: N/A
INSTRUMENT_INFO: CO2, CH4, and CO are reported as dry air mole fractions using a commercial wavelength-scanned cavity ring-down analyzer (Picarro 2401-m). An in-field calibration gas standard of 432±0.07 ppm CO2, 2095±1 ppb CH4, and 183±1 ppb CO, calibrated in the Boulder laboratories before and after the field project using primary CO2, CH4, and CO standard tanks tied to the WMO standard (X2019, X2004A, and X2014A, respectively) from the Global Monitoring Laboratory (GML), was delivered to the inlet every 2-3 days to evaluate instrument sensitivity. A H2O measurement was calibrated before the project with a Dew Point Mirror 373 hygrometer. The water correction calculated from these calibrations was applied to the H2O measurement for the entire campaign. Species are measured at 0.5 Hz and reported as 1-minute averages for stationary measurements.
DATA_INFO: Units: CO2, ppm, dry air mole fraction; CH4, ppb, dry air mole fraction; CO, ppb, dry air mole fraction; H2O, ppmv
UNCERTAINTY: Total uncertainties are estimated as ±0.1 ppm for CO2, ±1 ppb for CH4, ±5 ppb for CO, and ±(50 ppm + 4%) for H2O.
ULOD_FLAG: -7777
ULOD_VALUE: N/A
LLOD_FLAG: -8888
LLOD_VALUE: N/A
DM_CONTACT_INFO: Data Manager: Nathan Howard; nathan.h.howard@noaa.gov
PROJECT_INFO: USOS Dates of Study: July – August 2024
STIPULATIONS_ON_USE: Use of these data require prior ok from PI.
OTHER_COMMENTS: Data are averaged to 1 minute intervals. Stationary data collected from a 10 ft tower on top of the mobile van.
REVISION: R0
R0: Final Data
StartTime_UTC, StopTime_UTC, CO2_ppm_1min, CH4_ppb_1min, CO_ppb_1min, H2O_ppmv_1min
[from data line 766]
45960,46020,459.09,1981.6,237.2,13657.2373
46020,46080,467.89,1984.5,286.5,13814.4326
46080,46140,464.36,1982.8,290.3,13732.1182
46140,46200,466.37,1982.2,273.5,13735.1875
46200,46260,463.28,1979.4,254.3,13627.6689
46260,46320,458.48,1976.0,208.8,13470.3457
46320,46380,462.22,1975.7,262.2,13493.8203
46380,46440,456.67,1972.3,236.8,13389.0732
46440,46500,457.28,1971.6,238.0,13377.8945
46500,46560,460.34,1973.0,248.9,13429.0488
46560,46620,454.43,1967.6,183.9,13267.7168
46620,46680,460.46,1970.1,208.7,13482.7412
46680,46740,453.58,1967.0,178.9,13358.7373
46740,46800,451.31,1966.3,159.2,13314.4600
46800,46860,453.35,1965.6,160.4,13379.8711
46860,46920,452.21,1964.3,155.9,13354.7891
46920,46980,451.09,1965.7,196.0,13266.7598
46980,47040,453.41,1962.7,203.7,13305.4980
47040,47100,458.39,1963.0,188.4,13461.5322
47100,47160,451.72,1962.7,167.3,13367.2607
47160,47220,452.64,1963.2,163.2,13486.1172
47220,47280,449.13,1964.3,154.8,13422.7354
47280,47340,451.72,1967.2,159.3,13498.5059
47340,47400,446.58,1963.1,151.7,13296.2871
47400,47460,449.15,1965.8,158.7,13466.7764
47460,47520,446.15,1963.9,142.1,13453.3477
47520,47580,444.64,1961.3,143.2,13323.4775
47580,47640,446.04,1962.3,146.8,13632.4717
47640,47700,445.13,1961.1,141.9,13464.9541
47700,47760,444.84,1959.7,138.0,13670.2354
47760,47820,446.11,1960.0,141.6,13642.4287
47820,47880,445.44,1958.5,141.5,13536.3408
47880,47940,443.42,1957.5,137.0,13716.6533
47940,48000,446.06,1960.8,144.6,13728.6914
48000,48060,447.48,1966.5,147.0,13514.5234
48060,48120,447.91,1966.4,146.8,13564.1855
48120,48180,450.95,1966.2,154.0,13881.6328
48180,48240,450.85,1967.0,159.0,13768.5244
48240,48300,453.93,1967.7,164.2,13904.6826
48300,48360,454.26,1970.3,169.4,14049.8760
48360,48420,449.97,1963.8,172.7,13798.6553
48420,48480,452.13,1963.1,183.8,13898.9033
48480,48540,452.91,1965.1,198.7,14152.7168
48540,48600,450.05,1964.9,199.1,13953.6152
48600,48660,450.94,1965.1,235.0,13934.8232
48660,48720,462.26,1968.2,272.5,14339.4844
48720,48780,461.60,1970.3,295.1,14429.2354
48780,48840,461.67,1971.2,298.5,14558.9854
48840,48900,460.10,1973.4,285.6,14652.3633
48900,48960,465.24,1979.0,315.5,14471.0293
48960,49020,467.44,1980.7,322.8,14867.0381
49020,49080,469.38,1983.8,361.7,14966.0205
49080,49140,470.47,1989.6,379.5,14954.1660
49140,49200,470.17,1995.7,371.3,14776.3340
49200,49260,470.34,1992.6,361.8,15151.3779
49260,49320,471.54,1991.5,353.8,15449.5293
49320,49380,470.85,2005.5,361.1,14939.8906
49380,49440,473.02,2005.1,380.8,14778.7295
49440,49500,466.05,1994.4,413.5,14518.6543
49500,49560,468.97,1994.1,435.9,14566.6543
49560,49620,467.72,1991.6,447.7,14051.8418
49620,49680,467.50,1995.6,449.1,14269.5752
49680,49740,470.74,1999.7,479.3,14575.7012
49740,49800,470.94,2000.9,472.6,14589.0303
49800,49860,472.43,1999.8,483.3,14731.3291
49860,49920,470.65,1997.4,467.6,14636.7627
49920,49980,466.93,1993.5,431.6,14671.2109
49980,50040,467.68,1996.6,403.6,15068.6748
50040,50100,459.05,1985.0,337.1,14562.2656
50100,50160,460.20,1982.8,349.9,14564.9053
50160,50220,459.92,1979.8,319.2,14737.7275
50220,50280,459.89,1980.7,352.5,14722.4883
50280,50340,457.41,1979.2,360.8,14763.9863
50340,50400,454.62,1975.8,312.2,14699.1924
50400,50460,455.45,1979.9,328.3,14719.3535
50460,50520,454.71,1976.9,299.8,14522.9434
50520,50580,455.03,1977.1,302.4,14651.4922
50580,50640,456.66,1980.9,326.8,14983.2119
50640,50700,454.66,1985.5,326.4,14624.7842
50700,50760,459.41,1994.4,395.6,14812.7549
50760,50820,466.98,1997.6,490.2,15144.7793
50820,50880,467.73,1998.0,485.1,14957.4863
50880,50940,472.14,1997.4,514.8,15176.5215
50940,51000,471.65,1991.0,534.4,15121.7793
51000,51060,473.90,1990.0,547.8,15189.1250
51060,51120,471.14,1987.2,532.2,15240.6338
51120,51180,473.24,1989.0,533.8,15368.5078
51180,51240,467.28,1981.4,489.7,15186.9375
51240,51300,467.10,1980.4,483.0,15225.6865
51300,51360,460.05,1976.1,417.1,15004.8066
51360,51420,457.93,1974.0,390.4,14888.5625
51420,51480,457.80,1974.1,437.0,14884.5430
51480,51540,457.77,1977.5,514.0,15036.2041
51540,51600,457.96,1978.6,500.6,15089.8984
51600,51660,457.29,1978.7,513.8,15101.9414
51660,51720,456.48,1977.0,483.2,15106.9971
51720,51780,454.11,1974.5,435.7,15114.4131
51780,51840,453.15,1972.4,368.4,14975.3896
51840,51900,452.60,1973.2,381.3,15219.8955
51900,51960,450.09,1970.3,354.0,15025.0244
51960,52020,448.94,1968.9,357.7,15052.6738
52020,52080,450.32,1967.4,357.5,14815.6719
52080,52140,450.42,1967.9,365.4,14931.6572
52140,52200,448.92,1965.7,343.2,14735.5459
52200,52260,448.67,1964.6,336.0,14658.0059
52260,52320,-9999,-9999,-9999,-9999
52320,52380,-9999,-9999,-9999,-9999
52380,52440,-9999,-9999,-9999,-9999
52440,52500,-9999,-9999,-9999,-9999
52500,52560,452.38,1977.7,338.5,15484.3105
52560,52620,453.28,1980.7,329.2,15625.9893
52620,52680,454.67,1983.9,320.3,15688.3525
52680,52740,454.46,1983.9,318.2,15713.6670
52740,52800,455.27,1986.0,312.9,15701.4883
52800,52860,457.24,1988.9,314.5,15763.0479
52860,52920,457.07,1990.2,311.6,15741.0557
52920,52980,458.31,1989.6,306.7,15695.3037
52980,53040,458.69,1992.0,308.5,15903.0840
53040,53100,456.96,1990.7,303.7,15556.1406
53100,53160,458.04,1994.2,307.6,15715.2637
53160,53220,458.98,1993.4,310.3,15585.2861
53220,53280,458.79,1993.9,326.2,15572.2256
53280,53340,459.68,1994.6,321.1,15455.9766
53340,53400,458.54,1993.6,319.6,15447.8369
53400,53460,458.17,1992.5,304.4,15346.7188
53460,53520,458.04,1991.8,302.2,15286.2227
53520,53580,458.19,1990.8,303.6,15400.8516
53580,53640,457.17,1988.7,296.7,15190.4160
53640,53700,454.82,1985.4,294.9,14933.6016
53700,53760,452.79,1981.3,314.5,14621.1123
53760,53820,452.98,1979.0,300.0,14528.1582
53820,53880,453.01,1983.1,287.6,14690.9248
53880,53940,449.62,1973.3,280.7,14420.9424
53940,54000,454.63,1976.6,314.1,14923.7832
54000,54060,453.94,1978.4,291.4,15025.4160
54060,54120,452.03,1977.7,272.9,14532.5449
54120,54180,450.99,1973.9,268.6,14645.7480
54180,54240,449.60,1972.9,273.6,14234.2305
54240,54300,449.85,1974.6,274.6,14529.0117
54300,54360,449.25,1972.1,277.7,14545.1309
54360,54420,451.15,1977.4,289.6,14778.4824
54420,54480,449.56,1976.7,278.0,14513.5059
54480,54540,447.63,1977.2,261.7,14181.5527
54540,54600,446.93,1976.4,258.7,14132.3828
54600,54660,450.86,1981.9,295.3,15206.5010
54660,54720,450.21,1984.1,281.3,14748.7031
54720,54780,450.29,1984.7,278.4,14733.2168
54780,54840,450.02,1984.8,277.5,14676.5967
54840,54900,450.46,1985.3,279.7,14668.2314
54900,54960,452.33,1986.8,293.4,15355.1748
54960,55020,456.68,1986.4,305.5,15417.8457
55020,55080,452.98,1985.4,299.8,15016.6455
55080,55140,450.18,1985.2,288.3,15027.6719
55140,55200,452.58,1989.0,284.3,15382.6182
55200,55260,451.34,1986.7,287.5,15143.6709
55260,55320,450.84,1986.4,294.1,15151.4805
55320,55380,451.85,1986.9,303.7,15002.1230
55380,55440,448.94,1982.9,286.4,14817.5996
55440,55500,447.82,1980.2,278.0,14661.7998
55500,55560,447.73,1978.6,272.3,14558.0537
55560,55620,448.83,1979.3,279.5,14722.7822
55620,55680,448.76,1979.7,275.3,14805.7803
55680,55740,448.61,1981.2,274.3,14754.8857
55740,55800,449.16,1981.9,277.1,14726.4570
55800,55860,449.49,1981.0,277.7,14678.4697
55860,55920,448.34,1979.7,271.4,14665.5342
55920,55980,447.37,1978.9,269.0,14675.9297
55980,56040,448.06,1978.9,273.4,14820.5508
56040,56100,448.64,1978.7,275.2,14861.4766
56100,56160,448.36,1978.3,270.6,14775.1133
56160,56220,446.90,1977.6,265.1,14777.2695
56220,56280,447.19,1977.7,267.9,14782.2607
56280,56340,446.43,1976.5,261.9,14509.2578
56340,56400,445.10,1973.9,254.0,14275.4463
56400,56460,443.63,1970.3,242.2,13968.7832
56460,56520,445.38,1973.1,257.3,14336.3291
56520,56580,446.21,1974.5,262.1,14507.6279
56580,56640,447.43,1979.6,265.5,14564.8613
56640,56700,447.91,1980.5,269.2,14885.9463
56700,56760,447.77,1979.6,269.2,14961.5576
56760,56820,448.37,1979.2,275.1,14948.2695
56820,56880,447.20,1978.4,281.8,15048.9453
56880,56940,448.22,1979.3,282.4,15423.0400
56940,57000,447.65,1979.9,272.5,15042.4775
57000,57060,448.38,1979.6,276.8,15095.6299
57060,57120,447.57,1978.5,266.1,14901.0049
57120,57180,447.40,1976.7,263.8,14774.2559
57180,57240,446.77,1975.3,261.0,14657.2871
57240,57300,445.39,1976.1,264.7,15243.7813
57300,57360,444.73,1971.8,246.6,14444.9814
57360,57420,441.26,1964.7,213.2,13871.1465
57420,57480,442.06,1965.4,215.1,13851.6338
57480,57540,441.81,1966.1,225.5,13988.4131
57540,57600,441.45,1965.7,221.7,13936.3037
57600,57660,440.52,1964.0,215.6,13967.0615
57660,57720,440.23,1963.3,214.7,13992.0107
57720,57780,440.00,1961.0,207.7,13714.5088
57780,57840,439.39,1960.2,207.6,13905.3232
57840,57900,437.84,1957.9,191.5,13623.7402
57900,57960,437.74,1957.6,190.0,13609.5459
57960,58020,438.67,1958.1,196.3,13571.9053
58020,58080,437.36,1956.2,180.5,13189.7383
58080,58140,437.03,1955.7,177.2,13136.5420
58140,58200,436.57,1955.4,175.2,13042.7012
58200,58260,436.99,1956.5,183.9,13220.9453
58260,58320,438.33,1958.8,193.1,13525.0117
58320,58380,438.20,1960.1,195.9,13532.9434
58380,58440,437.70,1959.5,194.0,13510.8311
58440,58500,437.56,1959.0,191.6,13509.1270
58500,58560,437.41,1958.9,190.3,13593.2188
58560,58620,437.87,1959.0,190.3,13551.8115
58620,58680,438.44,1958.9,196.2,13528.0635
58680,58740,437.32,1957.5,184.7,13420.0645
58740,58800,437.26,1957.8,189.2,13438.1650
58800,58860,437.65,1958.4,191.0,13442.1094
58860,58920,437.34,1958.6,188.1,13429.5908
58920,58980,436.87,1958.2,185.1,13400.1836
58980,59040,436.83,1958.1,185.7,13609.0400
59040,59100,435.62,1957.4,176.7,13636.8223
59100,59160,433.87,1956.9,175.3,14086.5801
59160,59220,433.63,1957.2,175.9,13933.6572
59220,59280,433.24,1957.7,176.0,14071.4980
59280,59340,429.55,1958.4,175.0,15530.5234
59340,59400,430.76,1958.6,177.4,15039.7178
59400,59460,430.33,1959.2,175.5,15381.4844
59460,59520,431.90,1959.3,178.7,14661.7285
59520,59580,432.45,1960.5,183.1,14945.6318
59580,59640,433.38,1960.9,182.0,14687.1514
59640,59700,433.65,1959.9,176.8,14326.6670
59700,59760,434.20,1958.9,174.3,13812.3535
59760,59820,434.58,1959.9,178.6,14164.2158
59820,59880,434.66,1959.0,177.3,14038.5547
59880,59940,433.90,1959.9,174.9,14217.4766
59940,60000,434.83,1957.8,174.6,13632.6045
60000,60060,434.51,1957.3,169.5,13404.6836
60060,60120,433.96,1955.5,162.0,13059.9492
60120,60180,433.99,1955.7,163.5,13134.9258
60180,60240,434.06,1955.8,164.3,13311.9072
60240,60300,433.15,1955.3,163.0,13703.4980
60300,60360,434.17,1955.5,162.4,13283.7207
60360,60420,433.36,1955.2,162.9,13546.6924
60420,60480,433.17,1952.8,151.4,12795.1875
60480,60540,432.45,1952.5,151.0,13069.4609
60540,60600,432.88,1953.0,155.3,13219.3564
60600,60660,434.52,1954.9,162.7,13115.0615
60660,60720,432.37,1953.6,153.7,13598.9424
60720,60780,432.42,1953.9,156.8,13682.2471
60780,60840,431.74,1953.9,156.0,13888.7480
60840,60900,429.93,1957.0,168.6,15395.8477
60900,60960,432.51,1959.5,173.8,14816.7363
60960,61020,432.40,1960.2,178.2,14995.4170
61020,61080,432.35,1960.0,179.0,14962.7803
61080,61140,432.13,1959.7,179.1,14882.8691
61140,61200,431.72,1960.3,177.0,15047.9160
61200,61260,433.98,1958.9,172.9,14108.8184
61260,61320,433.63,1957.6,171.7,14142.7959
61320,61380,432.84,1957.1,167.6,14297.4248
61380,61440,431.88,1958.1,171.1,14792.0078
61440,61500,433.01,1957.6,172.0,14332.4746
61500,61560,434.34,1956.6,169.5,13754.9971
61560,61620,434.37,1956.0,169.7,13518.7334
61620,61680,433.33,1956.8,182.8,13830.9824
61680,61740,433.04,1956.8,172.6,14162.9570
61740,61800,433.66,1957.6,174.4,14044.4385
61800,61860,434.38,1959.3,175.3,14306.2334
61860,61920,436.03,1962.1,185.2,13925.1523
61920,61980,436.93,1963.1,183.4,14842.1455
61980,62040,437.76,1962.6,186.1,14797.2256
62040,62100,435.83,1961.2,181.4,14174.6416
62100,62160,436.06,1961.1,181.0,14153.0859
62160,62220,434.79,1961.4,180.4,14297.8271
62220,62280,435.84,1960.4,176.7,13613.6738
62280,62340,434.94,1961.6,182.4,14321.3330
62340,62400,435.85,1962.7,187.2,14156.9541
62400,62460,434.34,1963.7,187.1,15245.2930
62460,62520,436.03,1964.0,189.3,14357.5313
62520,62580,434.74,1965.2,189.1,15097.7705
62580,62640,436.13,1967.4,195.3,14981.4189
62640,62700,438.63,1970.6,207.3,14873.8770
62700,62760,439.26,1975.5,219.6,15477.5303
62760,62820,439.40,1977.5,228.9,15644.6924
62820,62880,440.40,1979.4,238.2,15575.6631
62880,62940,440.64,1980.5,240.8,15864.7266
62940,63000,442.34,1981.0,240.2,15147.2920
63000,63060,442.61,1981.4,241.0,15119.2822
63060,63120,438.65,1980.6,242.9,16893.4688
63120,63180,440.27,1978.6,240.4,15654.1191
63180,63240,440.35,1977.0,231.0,15048.2275
63240,63300,445.68,1979.4,532.2,14708.3359
63300,63360,441.82,1974.2,293.1,14468.9668
63360,63420,441.07,1974.7,229.8,14451.0068
63420,63480,440.42,1976.1,234.0,15132.6777
63480,63540,441.52,1978.8,242.7,15260.4717
63540,63600,441.44,1979.0,245.4,15133.4746
63600,63660,440.01,1978.9,242.7,15802.7236
63660,63720,440.92,1980.6,249.2,15921.8506
63720,63780,439.95,1978.8,246.2,16124.7822
63780,63840,440.56,1980.2,247.4,16397.7148
63840,63900,442.46,1979.1,246.2,15309.8984
63900,63960,442.29,1979.5,249.1,15355.4209
63960,64020,441.49,1980.0,253.5,15962.4922
64020,64080,443.37,1980.0,254.9,15207.4375
64080,64140,444.23,1980.4,254.8,14716.3096
64140,64200,444.27,1980.7,256.4,14945.9648
64200,64260,445.29,1980.5,260.3,15699.2725
64260,64320,444.15,1980.4,254.6,15303.6172
64320,64380,445.90,1981.3,262.1,15390.7139
64380,64440,442.95,1981.4,251.9,15134.7773
64440,64500,442.07,1981.6,249.3,15689.3691
64500,64560,442.18,1979.8,245.0,15068.9619
64560,64620,441.79,1979.1,241.5,15148.1514
64620,64680,440.85,1979.5,244.9,15814.5645
64680,64740,441.96,1979.4,243.4,15085.9072
64740,64800,440.47,1979.1,240.8,15646.6494
64800,64860,441.09,1977.3,235.5,15021.3799
64860,64920,438.23,1971.4,213.4,15107.7949
64920,64980,438.23,1970.0,206.8,14059.8936
64980,65040,434.43,1961.0,175.4,12940.3965
65040,65100,436.47,1965.9,188.5,13318.8525
65100,65160,433.73,1959.6,168.9,12954.9893
65160,65220,431.27,1955.1,153.4,12758.9443
65220,65280,429.73,1950.4,141.0,12328.9102
65280,65340,431.20,1954.3,152.8,12789.4082
65340,65400,433.44,1959.0,167.4,13064.8145
65400,65460,434.89,1961.7,177.1,13281.7334
65460,65520,435.06,1961.8,181.1,13243.8086
65520,65580,437.02,1965.4,196.4,13506.8662
65580,65640,438.86,1970.2,209.9,13868.3428
65640,65700,438.23,1968.3,205.2,13753.8496
65700,65760,437.63,1967.8,201.7,13908.0215
65760,65820,437.38,1967.5,200.2,13815.8398
65820,65880,435.12,1965.2,188.5,14120.4893
65880,65940,434.24,1964.7,185.5,14591.5684
65940,66000,432.23,1960.5,168.9,14194.4014
66000,66060,429.87,1956.2,156.2,14195.9746
66060,66120,434.28,1965.3,186.4,14488.5137
66120,66180,435.85,1970.5,197.9,15097.8398
66180,66240,436.92,1970.2,204.7,14823.9883
66240,66300,437.57,1970.1,207.3,14449.6514
66300,66360,437.35,1969.3,204.0,14269.0146
66360,66420,436.63,1969.0,202.4,14677.4375
66420,66480,438.52,1971.2,212.3,14406.0986
66480,66540,438.83,1972.3,216.3,14599.5557
66540,66600,439.48,1974.9,222.2,15429.5859
66600,66660,440.01,1975.6,224.4,15046.5498
66660,66720,439.50,1974.2,222.2,15111.2725
66720,66780,439.76,1974.3,225.2,15079.0127
66780,66840,440.19,1973.7,223.6,15141.3428
66840,66900,439.48,1974.3,225.7,15844.9785
66900,66960,440.35,1975.1,227.5,15012.9375
66960,67020,440.38,1975.8,227.5,15436.8506
67020,67080,440.37,1975.9,230.0,15353.4072
67080,67140,440.29,1975.7,230.5,15461.7500
67140,67200,440.23,1974.0,224.1,14618.8320
67200,67260,438.27,1975.2,227.4,16411.3281
67260,67320,438.16,1974.5,225.3,16275.5859
67320,67380,439.15,1974.1,227.7,15512.7725
67380,67440,439.35,1974.2,233.5,15780.4805
67440,67500,439.15,1974.2,228.0,15747.4619
67500,67560,439.18,1972.8,221.5,15155.6475
67560,67620,438.78,1972.5,219.8,15546.4619
67620,67680,439.59,1971.8,222.4,15674.4160
67680,67740,440.71,1972.1,225.8,14955.5889
67740,67800,440.15,1972.7,225.1,15112.7256
67800,67860,440.42,1972.5,236.7,16158.5381
67860,67920,438.94,1971.2,224.9,15358.6680
67920,67980,437.88,1969.2,207.8,14329.9707
67980,68040,437.26,1969.2,209.2,14640.5518
68040,68100,437.24,1969.2,208.9,14773.1865
68100,68160,437.90,1969.7,210.6,14421.8027
68160,68220,437.20,1969.8,211.3,15005.9072
