CampaignData_and_Merges/R0/CSL_MobileLab_Parked/raw/20240719/USOS-POPS_MobileLabGround_20240719_R0.ict
78, 1001
Thornberry, T. D.
NOAA Chemical Sciences Laboratory
Portable Optical Particle Spectrometer (POPS)
USOS
1, 1
2024, 07, 19, 2025, 05, 08
60
Time_Start, seconds_past_midnight, Start time of measurement
45
1, 1, 1, 1, 1, 1, 1, 1, 1, 1, 1, 1, 1, 1, 1, 1, 1, 1, 1, 1, 1, 1, 1, 1, 1, 1, 1, 1, 1, 1, 1, 1, 1, 1, 1, 1, 1, 1, 1, 1, 1, 1, 1, 1, 1
-9999, -9999, -9999, -9999, -9999, -9999, -9999, -9999, -9999, -9999, -9999, -9999, -9999, -9999, -9999, -9999, -9999, -9999, -9999, -9999, -9999, -9999, -9999, -9999, -9999, -9999, -9999, -9999, -9999, -9999, -9999, -9999, -9999, -9999, -9999, -9999, -9999, -9999, -9999, -9999, -9999, -9999, -9999, -9999, -9999
Time_Stop, seconds_past_midnight, Stop time of measurement
Time_Mid, seconds_past_midnight, Mid time of measurement
Press_mb, mb, Pressure reported (mb)
Temp_C, degrees C, POPS temperature measurement
Aerosol_concentration, cm^-3, Aerosol concentration
Surface_Area_Conc, um^2 cm^-3, Surface area concentration
Volume_density, um^3 cm^-3, Volume density
Effective_radius, um, Effective radius
Extinction, km^-1, Extinction
Bin01, cm^-3, particle concentration in size range [1401 - 146.3 nm]
Bin02, cm^-3, particle concentration in size range [146.3 - 152.8 nm]
Bin03, cm^-3, particle concentration in size range [152.8 - 159.6 nm]
Bin04, cm^-3, particle concentration in size range [159.6 - 166.8 nm]
Bin05, cm^-3, particle concentration in size range [166.8 - 174.2 nm]
Bin06, cm^-3, particle concentration in size range [174.2 - 181.9 nm]
Bin07, cm^-3, particle concentration in size range [181.9 - 190.0 nm]
Bin08, cm^-3, particle concentration in size range [190.0 - 198.5 nm]
Bin09, cm^-3, particle concentration in size range [198.5 - 207.4 nm]
Bin10, cm^-3, particle concentration in size range [207.4 - 216.6 nm]
Bin11, cm^-3, particle concentration in size range [216.6 - 226.2 nm]
Bin12, cm^-3, particle concentration in size range [226.2 - 236.3 nm]
Bin13, cm^-3, particle concentration in size range [236.3 - 246.8 nm]
Bin14, cm^-3, particle concentration in size range [246.8 - 257.8 nm]
Bin15, cm^-3, particle concentration in size range [257.8 - 269.3 nm]
Bin16, cm^-3, particle concentration in size range [269.3 - 343.4 nm]
Bin17, cm^-3, particle concentration in size range [343.4 - 450.7 nm]
Bin18, cm^-3, particle concentration in size range [450.7 - 525.9 nm]
Bin19, cm^-3, particle concentration in size range [525.9 - 618.5 nm]
Bin20, cm^-3, particle concentration in size range [618.5 - 710.0 nm]
Bin21, cm^-3, particle concentration in size range [710.0 - 822.7 nm]
Bin22, cm^-3, particle concentration in size range [822.7 - 885.9 nm]
Bin23, cm^-3, particle concentration in size range [885.9 - 953.9 nm]
Bin24, cm^-3, particle concentration in size range [953.9 - 1027.2 nm]
Bin25, cm^-3, particle concentration in size range [1027.2 - 1106.1 nm]
Bin26, cm^-3, particle concentration in size range [1106.1 - 1191.0 nm]
Bin27, cm^-3, particle concentration in size range [1191.0 - 1282.5 nm]
Bin28, cm^-3, particle concentration in size range [1282.5 - 1381.0 nm]
Bin29, cm^-3, particle concentration in size range [1381.0 - 1487.1 nm]
Bin30, cm^-3, particle concentration in size range [1487.1 - 1601.3 nm]
Bin31, cm^-3, particle concentration in size range [1601.3 - 1724.3 nm]
[...]
PLATFORM: NOAA CSL Mobile Lab
LOCATION: USOS
ASSOCIATED_DATA: N/A
INSTRUMENT_INFO: Printed Optical Particle Spectrometer counts particles from 140 - 2500 nm in diameter 
DATA_INFO: Particle concentrations reported in number per cubic centimeter,1 Hz data
UNCERTAINTY: Counting uncertainty dominated by air flow, less than 5 percent. Measurement range is ~0 - 3000 per cm3 (varies depending on flow rate- manufacturer quotes 1250 per cm3 at 1.667 cc/s)
ULOD_FLAG: -7777
ULOD_VALUE: N/A
LLOD_FLAG: -8888
LLOD_VALUE: N/A
DM_CONTACT_INFO: Troy Thornberry, 325 Broadway R/CSL6, Boulder, CO 80305; troy.thornberry@noaa.gov; 303-497-3373
PROJECT_INFO: USOS, Utah POPS data from NOAA CSL Mobile Lab
STIPULATIONS_ON_USE: Please contact the PIs for questions regarding applications and uncertainties
OTHER_COMMENTS: POPS bin Edges (nm):  140.1, 146.3, 152.8, 159.6, 166.8, 174.2, 181.9, 190.0, 198.5, 207.4, 216.6, 226.2, 236.3, 246.8, 257.8, 269.3, 343.4, 450.7, 525.9, 618.5, 710.0, 822.7, 885.9, 953.9, 1027.2, 1106.1, 1191.0, 1282.5, 1381.0, 1487.1, 1601.3, 1724.3, 1856.7, 1999.3, 2152.8, 2318.2, 2496.2
Calculations assume organic aerosol refractive index of 1.52+0.00j and extinction wavelength = 532 nm
REVISION: R0
R0: Final data
Time_Start, Time_Stop, Time_Mid, Press_mb, Temp_C, Aerosol_concentration, Surface_Area_Conc, Volume_density, Effective_radius, Extinction, Bin01, Bin02, Bin03, Bin04, Bin05, Bin06, Bin07, Bin08, Bin09, Bin10, Bin11, Bin12, Bin13, Bin14, Bin15, Bin16, Bin17, Bin18, Bin19, Bin20, Bin21, Bin22, Bin23, Bin24, Bin25, Bin26, Bin27, Bin28, Bin29, Bin30, Bin31, Bin32, Bin33, Bin34, Bin35, Bin36
[from data line 70]
4200,4259,4230,873.104,40.404,353.181,69.558,9.092,0.377,0.024,33.964962,31.542786,28.963680,27.762993,25.719835,23.101479,21.164070,19.628796,18.180441,16.509060,15.332586,15.402677,14.925947,13.011396,10.035292,27.430485,5.495511,1.215371,0.935318,0.277331,0.178588,0.121680,0.137749,0.183603,0.109994,0.137558,0.099610,0.122662,0.132765,0.165806,0.293421,0.199452,0.138528,0.149514,0.132638,0.277767
4260,4319,4290,873.104,40.520,379.730,68.225,7.819,0.332,0.022,40.130558,35.874493,32.568081,30.871964,27.966997,25.447920,22.649239,20.131214,18.744366,17.327129,16.778236,15.092838,14.676309,13.302610,10.454971,27.603636,5.732337,1.221686,0.736850,0.133510,0.166346,0.100564,0.121467,0.166174,0.144323,0.143974,0.088891,0.099504,0.116291,0.154972,0.248165,0.171400,0.160921,0.132308,0.082849,0.187223
4320,4379,4350,873.154,40.547,428.002,69.891,7.124,0.298,0.020,51.480572,45.718189,39.825684,35.842979,32.093307,28.129360,25.204494,22.173246,20.165766,17.638391,16.544838,16.216881,15.348612,13.305252,10.940594,27.590113,5.474798,1.375825,0.827340,0.182730,0.111509,0.155851,0.116989,0.088774,0.084107,0.090191,0.095096,0.067095,0.128391,0.155740,0.222351,0.155678,0.100505,0.082984,0.128432,0.138971
4380,4439,4410,873.148,40.514,403.392,65.603,6.407,0.282,0.019,46.334629,40.746658,36.622242,33.484150,30.113876,26.288586,24.041277,21.671656,19.106085,17.342939,15.668345,15.614248,14.882449,13.978686,10.385889,27.457600,5.582694,1.359659,0.893472,0.192351,0.175376,0.107556,0.079860,0.114409,0.051388,0.083836,0.091504,0.062477,0.067829,0.085429,0.125710,0.123712,0.114196,0.079289,0.102235,0.159261
4440,4499,4470,873.161,40.365,388.836,61.641,5.323,0.252,0.017,43.243744,38.275795,34.425430,31.735374,28.985994,25.934690,22.998301,21.123392,18.411091,17.054359,16.021034,16.005592,15.106807,13.759980,10.570197,26.342056,5.354852,1.253364,0.657720,0.164398,0.085154,0.107921,0.101786,0.074064,0.062490,0.096734,0.079635,0.074449,0.096973,0.072926,0.157466,0.051057,0.095800,0.085130,0.062773,0.107776
4500,4559,4530,873.174,40.422,367.706,58.708,5.072,0.251,0.016,37.673504,33.948002,31.157160,29.288183,27.529728,24.980944,21.361099,20.265434,17.999220,17.144958,15.809901,15.831245,14.986197,13.834273,10.788262,26.521093,5.351108,1.201863,0.601414,0.166701,0.116591,0.072697,0.089354,0.095234,0.106315,0.044537,0.067399,0.038997,0.033274,0.072664,0.122967,0.099251,0.128287,0.016863,0.044324,0.116893
4560,4619,4590,873.189,40.282,402.844,64.353,5.946,0.270,0.018,45.218895,41.172329,36.280724,33.567947,30.219208,27.180721,23.615086,20.974052,18.939198,17.524099,16.184664,16.749306,15.238471,13.888575,10.193019,26.671818,5.406374,1.300742,0.785626,0.201496,0.140647,0.084605,0.072359,0.073048,0.107045,0.067546,0.044624,0.067884,0.112292,0.111754,0.157336,0.112595,0.106267,0.090016,0.077965,0.106098
4620,4679,4650,873.258,40.384,421.067,66.807,6.379,0.279,0.019,49.539455,45.514515,39.385090,35.850445,31.939070,28.313425,24.669846,22.298735,19.331787,17.949390,16.140514,15.598355,15.376159,13.612428,9.811447,26.427725,5.296514,1.301000,0.767134,0.198659,0.205646,0.139798,0.082898,0.133117,0.105598,0.082695,0.088901,0.056120,0.044376,0.077150,0.210517,0.100208,0.083414,0.060955,0.089771,0.184275
4680,4739,4710,873.259,40.344,394.589,68.395,7.710,0.327,0.021,44.506382,39.104641,35.593826,32.775124,29.415899,25.960627,23.223059,20.941935,18.572628,17.410704,16.748753,16.434391,15.609336,13.597782,9.683381,25.680107,5.064050,1.152864,0.756826,0.197355,0.214152,0.145876,0.142566,0.090324,0.061821,0.090308,0.113405,0.124602,0.114161,0.118391,0.197351,0.141231,0.169086,0.095873,0.123851,0.216289
4740,4799,4770,873.273,40.337,428.988,68.784,6.884,0.294,0.019,52.554794,45.975273,40.995224,36.641975,32.290264,28.668846,24.798018,21.902109,19.206665,17.729996,17.095633,16.559389,15.557520,13.624447,10.252905,25.984913,5.046982,1.102653,0.879574,0.260579,0.171891,0.093507,0.061219,0.127878,0.093929,0.094523,0.109839,0.071238,0.121525,0.144554,0.193783,0.144251,0.072468,0.094095,0.121660,0.143707
4800,4859,4830,873.250,40.359,414.574,68.565,7.193,0.304,0.020,48.619427,43.339245,38.218296,34.703560,31.544630,26.914484,24.726151,22.000103,19.624870,17.520300,16.770506,16.066330,14.893594,14.020286,10.172366,26.337545,4.780827,1.294454,0.856966,0.189452,0.185144,0.127618,0.095186,0.055752,0.105785,0.100377,0.117048,0.122701,0.111123,0.122275,0.217327,0.150672,0.101036,0.072625,0.117054,0.179058
4860,4919,4890,873.232,40.380,368.608,62.561,6.324,0.293,0.018,38.088707,34.596809,31.567320,29.637608,27.186413,24.343861,22.014242,19.892176,18.394234,17.542221,16.476715,15.385328,15.010805,13.359854,9.927547,26.029682,5.285034,1.235610,0.729532,0.165742,0.178102,0.094050,0.093808,0.065819,0.110248,0.166344,0.055871,0.093822,0.044474,0.115219,0.154867,0.105637,0.110441,0.100527,0.110856,0.138826
4920,4979,4950,873.219,40.276,404.786,66.253,6.555,0.293,0.019,46.136173,41.084915,38.050484,33.773476,30.590025,27.277414,23.946533,21.255384,18.814613,17.401451,16.251633,16.015329,15.035881,13.025499,10.498403,26.247427,5.281858,1.250237,0.766012,0.200754,0.195738,0.147015,0.079088,0.084049,0.101285,0.117389,0.100623,0.129297,0.105977,0.095256,0.207921,0.111844,0.073464,0.068132,0.096333,0.169094
4980,5039,5010,873.233,40.402,332.394,59.209,6.206,0.302,0.018,30.619383,28.351812,26.306698,24.988956,23.970242,22.066813,19.522987,18.636257,17.151648,16.669989,15.312761,15.692952,14.680762,13.794692,10.258474,25.594986,5.069826,1.007981,0.768693,0.179282,0.123647,0.101127,0.123045,0.118610,0.089383,0.055467,0.123115,0.084059,0.077224,0.145865,0.162585,0.123279,0.116813,0.085100,0.084683,0.134917
5040,5099,5070,873.266,40.215,388.906,64.226,6.492,0.296,0.019,42.734520,39.006302,35.159328,31.814182,29.488298,25.766451,22.930517,21.042849,18.885559,17.309000,16.334629,15.587713,14.606227,13.685747,10.248610,25.372210,5.078081,1.086843,0.773218,0.196955,0.185147,0.073145,0.124701,0.090436,0.112597,0.107645,0.101725,0.096239,0.090543,0.073159,0.140955,0.141392,0.157887,0.090267,0.055751,0.157088
5100,5159,5130,873.292,39.949,378.886,64.093,6.724,0.307,0.019,40.818211,37.166019,33.224972,30.517580,27.594364,24.974113,22.775019,20.364239,18.375427,17.026115,16.753798,15.289456,15.241426,13.484736,10.296351,25.666744,5.539761,1.079804,0.744191,0.205169,0.206203,0.105393,0.083044,0.088644,0.099110,0.088844,0.072589,0.061342,0.066569,0.116511,0.149248,0.121668,0.066315,0.117157,0.105912,0.199820
5160,5219,5190,873.268,39.975,363.663,64.537,7.294,0.329,0.020,36.774837,33.697208,30.849766,29.317961,27.217619,24.197083,21.961378,19.814865,18.062462,16.690960,16.759962,15.663018,15.002527,13.098186,9.657130,25.741880,4.826446,1.208210,0.764235,0.205582,0.211217,0.156780,0.127253,0.117268,0.106124,0.128327,0.077939,0.117034,0.116730,0.121790,0.193774,0.193972,0.127378,0.088926,0.094349,0.172804
5220,5279,5250,873.281,39.836,398.747,67.137,7.219,0.314,0.020,44.781349,39.935699,36.224380,32.917603,29.868519,27.189251,23.737743,21.609343,19.461475,17.430944,16.537285,15.439997,14.832994,13.891806,10.194893,25.340092,5.173608,1.178550,0.744438,0.254377,0.134242,0.166897,0.117751,0.193035,0.116770,0.100380,0.043794,0.078306,0.128081,0.111117,0.150152,0.150097,0.110875,0.089779,0.088736,0.223037
5280,5339,5310,873.328,39.826,368.402,64.797,7.200,0.322,0.020,38.032368,35.103157,31.787439,29.920244,27.746477,24.099304,21.687765,20.612928,18.612743,16.967237,15.317483,16.315453,15.047038,13.146559,9.426239,25.193754,5.132819,1.146614,0.752488,0.227872,0.183242,0.183883,0.139518,0.088764,0.139518,0.084037,0.078336,0.123010,0.061264,0.167398,0.204659,0.166362,0.139543,0.110826,0.106128,0.149577
5340,5399,5370,873.376,39.766,348.622,63.786,7.255,0.327,0.020,34.550571,30.930906,29.188589,27.183384,25.781290,22.992199,21.112404,19.420712,17.547520,16.409281,15.704563,15.242461,15.093178,13.104932,9.769077,24.984566,5.098732,1.216940,0.802041,0.199938,0.221308,0.160080,0.161665,0.155776,0.105877,0.083630,0.160697,0.139341,0.100377,0.177547,0.160783,0.139774,0.121720,0.105636,0.128136,0.166725
5400,5459,5430,873.397,39.658,369.499,68.001,8.052,0.349,0.022,38.859951,34.666225,31.855391,30.284056,27.818970,24.923887,21.413172,20.349501,17.761578,16.753572,15.863187,15.830083,14.946190,12.934363,10.100301,25.166080,5.237753,1.167089,0.821291,0.254529,0.225583,0.169273,0.124136,0.191510,0.107531,0.134722,0.164302,0.124693,0.112997,0.124901,0.253697,0.118546,0.151622,0.140781,0.112799,0.234908
5460,5519,5490,873.390,39.346,355.953,65.548,7.911,0.351,0.021,36.041748,33.707836,29.810373,27.820921,25.957657,23.552904,20.624119,19.513481,17.264524,16.854145,16.086956,15.697207,15.193094,13.282510,9.933109,25.744926,4.910231,0.924505,0.670229,0.182978,0.172417,0.133058,0.133558,0.072406,0.138743,0.055977,0.128714,0.054951,0.132573,0.189806,0.205738,0.139297,0.150829,0.089777,0.111281,0.270777
5520,5579,5550,873.451,39.241,376.812,67.640,8.047,0.349,0.021,40.422119,36.596058,33.438362,30.210888,28.457039,24.994257,22.257952,20.155081,18.101154,17.107380,15.614707,15.872692,15.335506,13.184094,9.970294,25.464525,5.270067,1.074917,0.685846,0.229017,0.223393,0.126597,0.090215,0.168822,0.116798,0.189518,0.094636,0.128118,0.100041,0.139665,0.205220,0.218059,0.140083,0.149698,0.072779,0.206843
5580,5639,5610,873.491,39.337,411.802,69.491,7.630,0.320,0.021,48.663322,42.794834,37.466492,33.891464,31.149725,27.170250,24.607735,21.565332,19.470768,17.561684,16.913912,15.829748,15.179839,13.853125,10.345881,26.022623,5.097347,1.037281,0.803031,0.215980,0.177604,0.144239,0.088205,0.144709,0.133032,0.121586,0.082890,0.111047,0.099915,0.144798,0.186983,0.177000,0.155642,0.127141,0.072572,0.194057
5640,5699,5670,873.472,39.279,392.425,65.115,6.583,0.295,0.019,44.791786,39.805283,35.700020,31.950977,29.538160,25.581501,23.370342,20.592772,18.297827,17.328068,16.081816,15.413832,14.807009,13.879552,10.251896,25.875198,5.302937,1.006148,0.661887,0.188682,0.183227,0.133894,0.138779,0.154259,0.154689,0.116660,0.100518,0.082657,0.133539,0.083050,0.156148,0.126622,0.111252,0.072647,0.083330,0.167972
5700,5759,5730,873.427,39.241,399.884,65.081,6.268,0.280,0.019,45.441818,40.395458,37.056194,33.180790,29.961718,27.159950,23.679876,21.035946,18.668772,17.440557,16.124851,15.525646,15.336427,13.547049,10.294333,26.143257,4.718765,1.189742,0.742680,0.260673,0.192994,0.146071,0.172202,0.122781,0.111432,0.111494,0.139931,0.078390,0.106659,0.151433,0.150790,0.133305,0.122545,0.055224,0.044033,0.139870
5760,5819,5790,873.431,39.246,409.165,66.374,6.581,0.288,0.019,48.155113,43.460537,37.737000,34.867699,31.337936,27.711155,23.899662,21.872467,19.358192,17.089825,15.883267,15.402042,14.804284,13.172902,9.949258,25.415827,4.923540,1.086425,0.739421,0.282803,0.186334,0.129021,0.157514,0.106816,0.130425,0.130610,0.101409,0.084920,0.073307,0.158463,0.220132,0.140342,0.118524,0.085110,0.062260,0.130091
5820,5879,5850,873.448,39.239,434.857,68.113,6.448,0.278,0.019,54.525711,47.377888,41.606766,37.522495,33.086060,28.319965,25.331799,22.677244,19.970016,17.555899,17.215862,16.074604,15.046362,13.485030,10.085115,25.713579,5.283275,1.129716,0.775946,0.282359,0.211338,0.100289,0.100505,0.111328,0.112301,0.060850,0.083733,0.072599,0.072123,0.145160,0.151584,0.111407,0.173691,0.077442,0.066799,0.139703
5880,5939,5910,873.434,39.251,467.216,69.392,6.096,0.256,0.018,60.815434,52.880634,46.584808,41.469124,36.794411,31.068058,27.362665,23.493904,20.572138,18.802217,17.604597,16.353397,15.012534,13.315400,10.253474,26.041407,5.001530,1.113526,0.688698,0.200549,0.239795,0.149960,0.121502,0.094591,0.123083,0.093712,0.117761,0.088763,0.077880,0.039293,0.156837,0.133838,0.089144,0.071898,0.066890,0.122814
5940,5999,5970,873.431,39.214,430.332,66.821,6.311,0.275,0.018,53.403488,47.025955,42.407406,37.735207,32.976440,28.316322,24.990786,22.050039,18.553623,18.000561,16.247837,15.433060,15.221253,13.349918,9.816916,26.030792,4.889728,1.066842,0.860418,0.149966,0.220830,0.154944,0.133114,0.078382,0.127422,0.088531,0.100139,0.044255,0.082666,0.049903,0.165195,0.138028,0.116504,0.100020,0.088872,0.116712
6000,6059,6030,873.433,39.138,374.320,60.528,5.672,0.275,0.017,39.692005,36.456116,33.784260,31.164053,27.474930,25.050198,22.626307,20.281235,18.631248,16.483671,15.620357,15.880965,14.423835,13.306649,9.903757,24.683813,5.182944,1.203657,0.686531,0.197981,0.148471,0.154150,0.137675,0.104320,0.055625,0.093293,0.077194,0.071471,0.049356,0.115927,0.099746,0.120842,0.087916,0.071946,0.082003,0.115822
6060,6119,6090,873.440,39.102,415.487,65.250,6.227,0.281,0.018,50.253620,43.394855,39.064922,35.022758,31.162128,27.509420,24.612057,22.077564,19.900564,17.490452,16.606714,16.099577,14.868181,12.834229,10.034903,25.711418,5.166161,1.314298,0.627996,0.133902,0.121400,0.160011,0.088768,0.099915,0.054994,0.066752,0.078089,0.055344,0.044170,0.120834,0.166847,0.138860,0.104795,0.072357,0.105639,0.122041
6120,6179,6150,873.467,39.076,418.580,63.366,5.385,0.246,0.017,50.322956,45.917252,40.187439,35.972538,31.200951,27.523441,24.245035,21.486601,19.590853,17.987221,16.556076,15.846893,14.415086,13.131449,9.778847,25.822758,5.049689,1.326902,0.666817,0.177963,0.145174,0.044662,0.078183,0.128273,0.061147,0.089576,0.066770,0.078174,0.061277,0.083855,0.105885,0.077788,0.095126,0.078272,0.067348,0.111326
6180,6239,6210,873.482,39.017,376.193,59.750,5.234,0.257,0.016,42.041260,37.850449,33.434223,30.989855,27.587217,24.836998,21.905951,20.349991,17.696035,16.522171,15.170187,15.725752,14.766395,12.939989,10.149410,25.753536,4.916523,1.177492,0.674373,0.138102,0.198965,0.144199,0.093889,0.105227,0.100124,0.050029,0.099653,0.099811,0.060709,0.116271,0.077538,0.088063,0.099888,0.066906,0.099198,0.066282
6240,6299,6270,873.498,39.009,474.902,69.360,5.858,0.247,0.018,62.028389,55.816502,48.526768,42.315483,36.585335,31.053835,27.414984,24.296619,20.975922,18.757183,16.837254,15.862814,15.641464,13.229044,10.125198,26.428473,5.298839,1.270909,0.741778,0.191135,0.167724,0.122801,0.129746,0.072706,0.061635,0.061589,0.077735,0.084847,0.050690,0.096262,0.101203,0.089933,0.117118,0.055429,0.079135,0.135657
6300,6359,6330,873.524,38.945,444.194,64.870,5.109,0.232,0.016,56.685394,49.898239,43.603630,39.080570,33.897842,29.010099,25.769844,23.328169,19.601040,18.302166,15.797874,15.963765,15.035226,13.245488,10.405723,26.020275,5.049413,1.181571,0.769467,0.183176,0.177370,0.120492,0.051720,0.074231,0.091785,0.080547,0.063397,0.063251,0.091280,0.074667,0.103786,0.063236,0.114333,0.040476,0.057680,0.097054
6360,6419,6390,873.555,38.955,392.061,61.713,5.458,0.260,0.017,45.384144,39.906578,34.870697,33.233913,29.960245,25.847931,23.459517,20.785494,18.290531,17.119495,15.103245,15.153178,14.289024,13.004456,10.285447,26.510872,5.352619,1.057850,0.717667,0.190502,0.176770,0.116472,0.094309,0.094413,0.083608,0.066894,0.099919,0.061149,0.105263,0.110856,0.121837,0.093543,0.083503,0.044333,0.060455,0.123903
6420,6479,6450,873.522,38.902,338.320,57.061,5.438,0.279,0.017,33.459393,30.022533,28.175169,26.551170,24.009327,22.373579,20.136297,19.392916,17.402052,16.562071,14.715034,15.280322,14.022550,12.589990,9.566115,25.587624,4.811857,1.253217,0.713712,0.113238,0.140860,0.129775,0.102649,0.101102,0.079145,0.106815,0.062104,0.091221,0.084856,0.107299,0.152648,0.119125,0.079226,0.039080,0.095601,0.090117
6480,6539,6510,873.518,38.856,343.091,57.458,5.316,0.267,0.017,32.601402,31.527266,28.179144,26.968769,25.011841,22.172253,20.757160,19.035959,16.757490,16.451433,15.439103,15.831723,14.336188,13.214152,9.931563,26.422993,4.976780,1.134202,0.639377,0.172533,0.161873,0.111497,0.127998,0.100253,0.072455,0.082252,0.099588,0.061321,0.055746,0.106186,0.144348,0.094677,0.077120,0.050672,0.066731,0.116933
