CampaignData_and_Merges/R0/CSL_MobileLab_Parked/raw/20240719/USOS-NOAAIodideCIMS-OrgNitrs_MobileLabGround_20240719_RA.ict
38, 1001
Michael A Robinson, Chris Jernigan, Subi Thakali
NOAA ESRL Chemical Sciences Laboratory and CIRES, U. of Colorado
NOAA Iodide CIMS Instrument
USOS
1, 1
2024, 07, 19, 2024, 07, 20
0
starttime_UTC, seconds_past_midnight, seconds_of_day_since_00:00:00_UTC
5
1, 1, 1, 1, 1
-9999, -9999, -9999, -9999, -9999
C4H7NO5_NOAACIMS, pptv, Gas_C4H7NO5_InSitu_M_AVMR
ISOPN_NOAACIMS, pptv, Gas_ISOPN_InSitu_M_AVMR
C5H10O3_NOAACIMS, pptv, Gas_C5H10O3_InSitu_M_AVMR
C5H9NO5_NOAACIMS, pptv, Gas_C5H9NO5_InSitu_M_AVMR
C10H17NO4_NOAACIMS, pptv, Gas_C10H17NO4_InSitu_M_AVMR
1
N/A
18
PI_CONTACT_INFO: 325 Broadway, R/CSD 7, Boulder, Colorado 80305; michael.a.robinson@noaa.gov; chris.jernigan@noaa.gov;
PLATFORM: NOAA CSL Mobile Lab
LOCATION: SLC, Utah
ASSOCIATED_DATA: 1Hz data also available on request.
INSTRUMENT_INFO: NOAA I- ToF CIMS
DATA_INFO: Units: pptv
UNCERTAINTY: tbd
ULOD_FLAG: -7777
ULOD_VALUE: N/A
LLOD_FLAG: -8888
LLOD_VALUE: N/A
DM_CONTACT_INFO: Nathan Howard; nathan.h.howard@noaa.gov
PROJECT_INFO: USOS, summer 2024. https://csl.noaa.gov/groups/csl7/measurements/2024usos/
STIPULATIONS_ON_USE: only the USOS science team is allowed to use this data
OTHER_COMMENTS: Field data; Data are averaged to 1 minute intervals. Stationary data collected from a 10 ft tower on top of the mobile lab
REVISION: RA
RA: Preliminary Data; For in-field use only
starttime_UTC, C4H7NO5_NOAACIMS, ISOPN_NOAACIMS, C5H10O3_NOAACIMS, C5H9NO5_NOAACIMS, C10H17NO4_NOAACIMS
0,-9999.000,-9999.000,-9999.000,-9999.000,-9999.000
60,-9999.000,-9999.000,-9999.000,-9999.000,-9999.000
120,-9999.000,-9999.000,-9999.000,-9999.000,-9999.000
180,-9999.000,-9999.000,-9999.000,-9999.000,-9999.000
240,-9999.000,-9999.000,-9999.000,-9999.000,-9999.000
300,-9999.000,-9999.000,-9999.000,-9999.000,-9999.000
360,-9999.000,-9999.000,-9999.000,-9999.000,-9999.000
420,-9999.000,-9999.000,-9999.000,-9999.000,-9999.000
480,-9999.000,-9999.000,-9999.000,-9999.000,-9999.000
540,-9999.000,-9999.000,-9999.000,-9999.000,-9999.000
600,-9999.000,-9999.000,-9999.000,-9999.000,-9999.000
660,-9999.000,-9999.000,-9999.000,-9999.000,-9999.000
720,-9999.000,-9999.000,-9999.000,-9999.000,-9999.000
780,-9999.000,-9999.000,-9999.000,-9999.000,-9999.000
840,-9999.000,-9999.000,-9999.000,-9999.000,-9999.000
900,-9999.000,-9999.000,-9999.000,-9999.000,-9999.000
960,-9999.000,-9999.000,-9999.000,-9999.000,-9999.000
1020,-9999.000,-9999.000,-9999.000,-9999.000,-9999.000
1080,-9999.000,-9999.000,-9999.000,-9999.000,-9999.000
1140,-9999.000,-9999.000,-9999.000,-9999.000,-9999.000
1200,-9999.000,-9999.000,-9999.000,-9999.000,-9999.000
1260,-9999.000,-9999.000,-9999.000,-9999.000,-9999.000
1320,-9999.000,-9999.000,-9999.000,-9999.000,-9999.000
1380,-9999.000,-9999.000,-9999.000,-9999.000,-9999.000
1440,-9999.000,-9999.000,-9999.000,-9999.000,-9999.000
1500,-9999.000,-9999.000,-9999.000,-9999.000,-9999.000
1560,-9999.000,-9999.000,-9999.000,-9999.000,-9999.000
1620,-9999.000,-9999.000,-9999.000,-9999.000,-9999.000
1680,-9999.000,-9999.000,-9999.000,-9999.000,-9999.000
1740,-9999.000,-9999.000,-9999.000,-9999.000,-9999.000
1800,-9999.000,-9999.000,-9999.000,-9999.000,-9999.000
1860,-9999.000,-9999.000,-9999.000,-9999.000,-9999.000
1920,-9999.000,-9999.000,-9999.000,-9999.000,-9999.000
1980,-9999.000,-9999.000,-9999.000,-9999.000,-9999.000
2040,-9999.000,-9999.000,-9999.000,-9999.000,-9999.000
2100,-9999.000,-9999.000,-9999.000,-9999.000,-9999.000
2160,-9999.000,-9999.000,-9999.000,-9999.000,-9999.000
2220,-9999.000,-9999.000,-9999.000,-9999.000,-9999.000
2280,-9999.000,-9999.000,-9999.000,-9999.000,-9999.000
2340,-9999.000,-9999.000,-9999.000,-9999.000,-9999.000
2400,-9999.000,-9999.000,-9999.000,-9999.000,-9999.000
2460,-9999.000,-9999.000,-9999.000,-9999.000,-9999.000
2520,-9999.000,-9999.000,-9999.000,-9999.000,-9999.000
2580,-9999.000,-9999.000,-9999.000,-9999.000,-9999.000
2640,-9999.000,-9999.000,-9999.000,-9999.000,-9999.000
2700,-9999.000,-9999.000,-9999.000,-9999.000,-9999.000
2760,-9999.000,-9999.000,-9999.000,-9999.000,-9999.000
2820,-9999.000,-9999.000,-9999.000,-9999.000,-9999.000
2880,-9999.000,-9999.000,-9999.000,-9999.000,-9999.000
2940,-9999.000,-9999.000,-9999.000,-9999.000,-9999.000
3000,-9999.000,-9999.000,-9999.000,-9999.000,-9999.000
3060,-9999.000,-9999.000,-9999.000,-9999.000,-9999.000
3120,-9999.000,-9999.000,-9999.000,-9999.000,-9999.000
3180,-9999.000,-9999.000,-9999.000,-9999.000,-9999.000
3240,-9999.000,-9999.000,-9999.000,-9999.000,-9999.000
3300,-9999.000,-9999.000,-9999.000,-9999.000,-9999.000
3360,-9999.000,-9999.000,-9999.000,-9999.000,-9999.000
3420,-9999.000,-9999.000,-9999.000,-9999.000,-9999.000
3480,-9999.000,-9999.000,-9999.000,-9999.000,-9999.000
3540,-9999.000,-9999.000,-9999.000,-9999.000,-9999.000
3600,-9999.000,-9999.000,-9999.000,-9999.000,-9999.000
3660,-9999.000,-9999.000,-9999.000,-9999.000,-9999.000
3720,-9999.000,-9999.000,-9999.000,-9999.000,-9999.000
3780,-9999.000,-9999.000,-9999.000,-9999.000,-9999.000
3840,-9999.000,-9999.000,-9999.000,-9999.000,-9999.000
3900,-9999.000,-9999.000,-9999.000,-9999.000,-9999.000
3960,-9999.000,-9999.000,-9999.000,-9999.000,-9999.000
4020,-9999.000,-9999.000,-9999.000,-9999.000,-9999.000
4080,-9999.000,-9999.000,-9999.000,-9999.000,-9999.000
4140,-9999.000,-9999.000,-9999.000,-9999.000,-9999.000
4200,-9999.000,-9999.000,-9999.000,-9999.000,-9999.000
4260,-9999.000,-9999.000,-9999.000,-9999.000,-9999.000
4320,-9999.000,-9999.000,-9999.000,-9999.000,-9999.000
4380,-9999.000,-9999.000,-9999.000,-9999.000,-9999.000
4440,-9999.000,-9999.000,-9999.000,-9999.000,-9999.000
4500,1.446,0.165,0.704,1.264,-0.038
4560,1.466,0.164,1.098,1.317,0.072
4620,1.469,0.412,3.357,1.387,0.110
4680,1.485,0.313,4.008,1.474,0.031
4740,1.577,0.368,6.054,1.412,0.136
4800,1.718,0.637,7.404,1.604,0.167
4860,1.777,0.402,8.391,1.835,0.242
4920,1.722,0.383,9.979,1.751,0.197
4980,1.796,0.409,9.273,1.848,0.103
5040,1.793,0.570,10.371,2.050,0.218
5100,1.871,0.673,10.232,1.897,0.156
5160,1.810,0.768,10.704,1.988,0.197
5220,1.788,0.684,9.322,1.989,0.180
5280,1.847,0.810,9.575,2.035,0.173
5340,1.801,0.919,9.485,2.021,0.210
5400,1.770,0.710,9.781,2.040,0.200
5460,1.808,0.748,10.057,1.959,0.203
5520,1.868,0.863,10.527,2.118,0.312
5580,1.888,0.872,11.444,2.157,0.307
5640,1.865,0.776,11.331,2.221,0.213
5700,1.893,0.951,11.347,2.050,0.206
5760,1.967,0.795,12.191,2.109,0.307
5820,1.993,1.099,13.162,2.202,0.199
5880,1.970,1.144,12.929,2.363,0.284
5940,1.996,1.159,13.434,2.299,0.252
6000,2.033,1.232,12.915,2.303,0.273
6060,2.024,1.143,13.402,2.338,0.225
6120,2.113,1.208,14.756,2.411,0.170
6180,2.147,1.296,13.590,2.410,0.281
6240,2.179,1.486,14.557,2.413,0.210
6300,2.178,1.680,14.086,2.401,0.233
6360,2.194,1.440,15.019,2.472,0.246
6420,2.112,1.389,14.993,2.427,0.242
6480,2.072,1.572,14.584,2.378,0.199
6540,2.073,1.448,15.181,2.504,0.172
6600,2.109,1.413,14.972,2.408,0.225
6660,2.075,1.338,14.751,2.554,0.198
6720,-9999.000,-9999.000,-9999.000,-9999.000,-9999.000
6780,-9999.000,-9999.000,-9999.000,-9999.000,-9999.000
6840,-9999.000,-9999.000,-9999.000,-9999.000,-9999.000
6900,-9999.000,-9999.000,-9999.000,-9999.000,-9999.000
6960,2.051,1.638,14.456,2.505,0.203
7020,1.971,1.278,15.566,2.691,0.148
7080,2.048,1.023,14.594,2.608,0.127
7140,2.063,1.475,15.848,2.521,0.152
7200,1.985,1.426,15.587,2.438,0.258
7260,2.096,1.420,15.325,2.435,0.232
7320,2.108,1.545,15.793,2.524,0.199
7380,2.026,1.436,15.978,2.431,0.190
7440,2.002,1.533,15.510,2.551,0.201
7500,2.021,1.523,15.909,2.352,0.186
7560,1.946,1.400,15.652,2.349,0.175
7620,1.787,1.262,14.631,2.467,0.234
7680,1.656,1.157,12.513,2.333,0.194
7740,1.609,1.124,12.534,2.271,0.182
7800,1.560,1.162,11.816,2.007,0.225
7860,1.551,0.893,11.657,2.078,0.208
7920,1.530,1.107,11.638,2.007,0.153
7980,1.517,0.910,12.137,2.140,0.240
8040,1.517,1.049,11.246,2.021,0.170
8100,1.533,1.225,10.957,1.935,0.171
8160,1.588,1.134,10.814,1.916,0.129
8220,1.648,1.139,10.218,2.036,0.094
8280,1.819,1.231,10.217,2.100,0.144
8340,1.803,1.029,10.856,2.013,0.079
8400,1.834,1.355,11.517,2.014,0.122
8460,1.851,1.282,11.393,2.021,0.091
8520,1.797,1.218,11.357,2.076,0.091
8580,1.821,1.111,12.160,2.139,0.106
8640,1.596,0.926,10.208,1.917,0.052
8700,1.715,1.119,10.359,2.080,0.051
8760,1.802,1.222,11.050,2.014,0.052
8820,1.809,1.258,11.985,2.205,0.169
8880,1.809,1.241,11.637,2.251,0.081
8940,1.806,1.241,11.557,2.081,0.055
9000,1.778,1.158,11.790,2.084,0.054
9060,1.845,1.162,11.859,2.197,0.102
9120,1.839,1.148,12.720,2.207,0.121
9180,1.815,0.987,12.146,2.125,0.075
9240,1.880,1.163,11.827,2.142,0.133
9300,1.856,0.976,12.228,2.123,0.155
9360,1.754,1.080,11.842,2.034,0.101
9420,1.695,0.834,11.954,2.089,0.080
9480,1.681,0.745,12.173,2.020,0.089
9540,1.731,0.984,11.957,1.993,0.091
9600,1.696,0.932,12.179,1.983,0.151
9660,1.725,1.135,12.880,2.255,0.284
9720,1.740,1.070,13.069,2.194,0.224
9780,1.753,0.994,13.346,2.322,0.276
9840,1.724,1.198,11.787,2.213,0.301
9900,1.733,1.166,12.880,2.150,0.321
9960,1.729,0.952,12.715,2.235,0.305
10020,1.738,1.114,12.771,2.188,0.331
10080,1.650,0.870,12.391,2.198,0.275
10140,1.636,1.147,12.915,2.060,0.249
10200,1.577,0.845,12.830,2.100,0.186
10260,1.534,0.832,12.664,2.069,0.170
10320,1.546,0.714,13.126,2.047,0.195
10380,1.571,0.900,13.583,2.175,0.287
10440,-9999.000,-9999.000,-9999.000,-9999.000,-9999.000
10500,-9999.000,-9999.000,-9999.000,-9999.000,-9999.000
10560,-9999.000,-9999.000,-9999.000,-9999.000,-9999.000
10620,-9999.000,-9999.000,-9999.000,-9999.000,-9999.000
10680,1.744,1.178,15.709,2.617,0.238
10740,1.748,1.215,17.168,2.582,0.177
10800,1.750,1.250,17.708,2.613,0.269
10860,1.782,1.239,18.152,2.728,0.299
10920,1.812,1.397,18.457,2.716,0.297
10980,1.781,1.239,20.053,2.814,0.297
11040,1.821,1.400,19.223,2.778,0.256
11100,1.854,1.487,20.253,2.798,0.359
11160,1.804,1.179,19.238,2.737,0.307
11220,1.837,1.558,20.620,2.942,0.357
11280,1.859,1.449,20.090,2.900,0.316
11340,1.819,1.544,20.736,2.789,0.357
11400,1.868,1.207,21.239,2.824,0.262
11460,1.902,1.504,20.763,2.970,0.317
11520,1.902,1.539,20.873,3.062,0.381
11580,1.914,1.661,21.796,3.068,0.353
11640,1.948,1.402,21.498,3.118,0.355
11700,1.947,1.763,22.561,3.011,0.395
11760,1.893,1.513,22.332,3.010,0.335
11820,1.962,1.529,21.449,3.083,0.393
11880,1.933,1.654,22.367,3.140,0.401
11940,1.888,1.603,22.880,3.172,0.423
12000,1.942,1.798,22.802,3.155,0.485
12060,1.928,1.633,22.845,3.137,0.429
12120,1.962,2.021,22.781,3.198,0.464
12180,1.954,1.769,23.081,3.158,0.423
12240,2.094,1.901,24.292,3.546,0.505
12300,2.108,1.928,24.682,3.451,0.377
12360,1.804,1.856,20.625,3.193,0.364
12420,1.987,1.837,23.113,3.466,0.499
12480,1.940,1.487,21.564,3.186,0.332
12540,1.957,1.957,22.787,3.406,0.526
12600,2.035,1.840,23.568,3.689,0.641
12660,2.057,2.190,24.623,3.694,0.502
12720,2.048,1.866,25.512,3.655,0.618
12780,2.011,1.848,23.781,3.366,0.578
12840,1.955,2.050,22.714,3.357,0.615
12900,1.970,1.887,23.207,3.417,0.768
12960,1.958,2.176,23.131,3.443,0.699
13020,1.894,2.180,22.243,3.466,0.631
13080,1.929,1.916,22.918,3.542,0.717
13140,1.957,2.117,22.142,3.345,0.752
13200,1.947,1.838,23.190,3.562,0.724
13260,1.915,1.995,22.372,3.343,0.743
13320,1.934,1.887,22.411,3.427,0.683
13380,1.911,2.232,22.511,3.432,0.754
13440,1.882,2.244,22.397,3.599,0.727
13500,1.945,2.179,22.100,3.642,0.754
13560,2.007,2.261,22.413,3.454,0.728
13620,1.953,2.126,23.064,3.738,0.657
13680,1.984,2.083,23.528,3.841,0.727
13740,2.049,2.394,23.942,3.949,0.600
13800,2.081,2.233,24.469,4.129,0.543
13860,2.067,2.266,24.095,3.787,0.745
13920,2.065,2.430,23.217,3.672,0.752
13980,2.059,2.416,24.348,3.944,0.971
14040,2.044,2.407,24.523,3.803,0.925
14100,2.048,2.626,25.024,3.811,0.856
14160,-9999.000,-9999.000,-9999.000,-9999.000,-9999.000
14220,-9999.000,-9999.000,-9999.000,-9999.000,-9999.000
14280,-9999.000,-9999.000,-9999.000,-9999.000,-9999.000
14340,-9999.000,-9999.000,-9999.000,-9999.000,-9999.000
14400,-9999.000,-9999.000,-9999.000,-9999.000,-9999.000
14460,1.981,2.198,23.149,3.992,0.588
14520,1.969,2.131,23.307,4.116,0.613
14580,1.960,1.835,23.672,4.194,0.539
14640,2.009,2.049,23.539,4.086,0.609
14700,1.984,2.042,23.859,4.098,0.613
14760,1.999,1.992,24.296,3.969,0.617
14820,1.987,2.144,23.638,4.091,0.575
14880,2.040,1.926,24.047,4.135,0.704
14940,2.058,2.136,23.614,4.272,0.685
15000,2.057,1.963,25.075,4.376,0.676
15060,2.074,1.971,24.875,4.402,0.902
15120,2.101,2.084,25.235,4.635,1.036
15180,2.037,2.227,24.717,4.530,0.907
15240,2.063,2.098,25.572,4.574,0.960
15300,2.077,2.064,24.730,4.492,0.891
15360,2.059,2.283,25.627,4.416,0.905
15420,2.113,1.927,25.523,4.441,1.071
15480,2.091,2.083,24.860,4.512,0.931
15540,2.071,2.072,24.685,4.531,0.982
15600,2.099,1.910,24.668,4.491,0.973
15660,2.117,1.952,25.057,4.679,0.890
15720,2.112,2.022,25.586,4.349,1.102
15780,2.121,2.007,25.412,4.556,1.076
15840,2.171,2.019,25.343,4.514,1.069
15900,-9999.000,-9999.000,-9999.000,-9999.000,-9999.000
15960,-9999.000,-9999.000,-9999.000,-9999.000,-9999.000
16020,-9999.000,-9999.000,-9999.000,-9999.000,-9999.000
16080,-9999.000,-9999.000,-9999.000,-9999.000,-9999.000
16140,-9999.000,-9999.000,-9999.000,-9999.000,-9999.000
16200,-9999.000,-9999.000,-9999.000,-9999.000,-9999.000
16260,2.219,1.876,25.962,4.813,1.139
16320,2.208,2.068,26.678,4.756,1.195
16380,2.237,1.997,27.400,4.751,1.111
16440,2.243,2.012,27.159,4.676,1.224
16500,2.339,1.984,27.664,4.874,1.133
16560,2.290,2.172,28.430,4.928,1.039
16620,2.235,1.978,27.529,4.769,1.095
16680,2.232,2.316,27.498,4.674,1.170
16740,2.229,2.068,26.925,4.623,1.203
16800,2.159,2.059,27.155,4.536,1.107
16860,2.171,2.214,26.703,4.495,1.014
16920,2.133,2.162,27.276,4.487,0.988
16980,2.186,2.262,27.022,4.517,1.176
17040,2.186,2.142,26.326,4.619,1.062
17100,2.160,1.855,25.423,4.342,0.919
17160,2.193,1.889,25.729,4.449,0.955
17220,2.229,2.350,25.859,4.430,0.977
17280,2.243,2.193,26.613,4.633,1.019
17340,2.237,2.073,26.423,4.489,0.913
17400,2.206,2.182,25.130,4.435,0.931
17460,2.194,2.441,24.759,4.445,0.865
17520,2.229,2.477,24.303,4.461,0.780
17580,2.196,2.445,25.334,4.669,0.945
17640,2.188,2.371,25.935,4.595,0.931
17700,2.187,2.438,25.239,4.575,0.931
17760,2.160,2.486,24.798,4.716,0.816
17820,-9999.000,-9999.000,-9999.000,-9999.000,-9999.000
17880,-9999.000,-9999.000,-9999.000,-9999.000,-9999.000
17940,-9999.000,-9999.000,-9999.000,-9999.000,-9999.000
18000,-9999.000,-9999.000,-9999.000,-9999.000,-9999.000
18060,2.096,2.416,20.895,4.356,0.617
18120,2.085,2.250,20.080,4.350,0.512
18180,2.132,2.581,20.211,4.558,0.720
18240,2.141,2.519,20.060,4.524,0.674
18300,2.254,3.149,21.735,4.634,0.808
18360,2.415,3.718,26.386,5.073,0.808
18420,2.644,4.280,32.576,5.156,0.813
18480,2.834,4.743,36.983,5.372,0.725
18540,2.925,5.087,41.031,5.434,0.786
18600,2.981,5.033,42.215,5.378,0.731
18660,2.958,5.239,43.708,5.307,0.841
18720,3.043,5.485,44.262,5.367,0.845
18780,3.046,5.525,45.055,5.403,0.843
18840,3.008,5.560,46.090,5.333,0.925
18900,3.138,5.638,49.529,5.561,1.005
18960,3.099,5.933,49.943,5.243,0.905
19020,3.111,5.816,50.988,5.340,0.972
19080,3.107,5.780,51.629,5.286,0.963
19140,3.137,6.029,52.333,5.331,0.977
19200,3.133,5.775,54.283,5.321,1.012
19260,3.151,6.086,54.135,5.366,1.023
19320,3.134,6.084,53.376,5.219,1.075
19380,3.178,6.334,52.972,5.175,0.974
19440,3.103,6.487,56.407,5.293,1.101
19500,3.165,6.438,55.895,5.234,1.114
19560,3.232,6.652,56.592,5.213,1.004
19620,3.176,6.533,57.566,5.065,1.095
19680,-9999.000,-9999.000,-9999.000,-9999.000,-9999.000
19740,-9999.000,-9999.000,-9999.000,-9999.000,-9999.000
19800,-9999.000,-9999.000,-9999.000,-9999.000,-9999.000
19860,-9999.000,-9999.000,-9999.000,-9999.000,-9999.000
19920,3.121,7.157,56.629,5.130,1.122
19980,3.168,7.537,58.540,5.134,1.172
20040,3.188,7.440,57.868,5.273,1.116
20100,3.163,7.493,59.087,5.063,1.161
20160,3.172,7.142,57.031,5.120,1.054
20220,3.144,7.270,58.927,5.239,1.086
20280,3.072,7.598,57.620,4.977,1.130
20340,3.125,7.743,59.017,5.219,1.042
20400,3.137,7.737,59.097,5.244,1.173
20460,3.119,8.049,58.881,5.250,1.089
20520,3.109,7.896,58.765,5.236,1.126
20580,3.113,8.135,59.992,5.478,1.185
20640,3.127,7.938,59.159,5.343,1.113
20700,3.119,7.994,60.202,5.368,1.137
20760,3.174,7.993,60.041,5.423,1.126
20820,3.153,8.149,60.813,5.414,1.189
20880,3.078,8.384,61.397,5.589,1.124
20940,3.157,8.103,61.689,5.696,1.154
21000,3.193,7.723,61.210,5.631,1.192
21060,3.157,8.150,61.473,5.754,1.152
21120,3.153,8.221,62.325,5.776,1.156
21180,3.148,8.373,62.198,5.896,1.233
21240,3.172,8.737,62.468,6.006,1.203
21300,3.146,8.453,61.714,5.963,1.222
21360,3.183,8.493,62.213,6.002,1.236
21420,3.114,8.457,61.469,5.922,1.250
21480,3.176,8.399,61.432,6.178,1.168
21540,3.101,8.312,61.057,5.804,0.971
21600,-9999.000,-9999.000,-9999.000,-9999.000,-9999.000
21660,-9999.000,-9999.000,-9999.000,-9999.000,-9999.000
21720,-9999.000,-9999.000,-9999.000,-9999.000,-9999.000
21780,-9999.000,-9999.000,-9999.000,-9999.000,-9999.000
21840,-9999.000,-9999.000,-9999.000,-9999.000,-9999.000
21900,-9999.000,-9999.000,-9999.000,-9999.000,-9999.000
21960,-9999.000,-9999.000,-9999.000,-9999.000,-9999.000
22020,-9999.000,-9999.000,-9999.000,-9999.000,-9999.000
22080,-9999.000,-9999.000,-9999.000,-9999.000,-9999.000
22140,-9999.000,-9999.000,-9999.000,-9999.000,-9999.000
22200,-9999.000,-9999.000,-9999.000,-9999.000,-9999.000
22260,-9999.000,-9999.000,-9999.000,-9999.000,-9999.000
22320,-9999.000,-9999.000,-9999.000,-9999.000,-9999.000
22380,-9999.000,-9999.000,-9999.000,-9999.000,-9999.000
22440,-9999.000,-9999.000,-9999.000,-9999.000,-9999.000
22500,3.189,9.137,60.668,6.126,1.266
22560,3.237,8.735,60.755,5.882,1.293
