CampaignData_and_Merges/R0/CSL_MobileLab_Parked/raw/20240719/USOS-NOAAIodideCIMS-OrgNitrs_MobileLabGround_20240719_RA.ict
38, 1001
Michael A Robinson, Chris Jernigan, Subi Thakali
NOAA ESRL Chemical Sciences Laboratory and CIRES, U. of Colorado
NOAA Iodide CIMS Instrument
USOS
1, 1
2024, 07, 19, 2024, 07, 20
0
starttime_UTC, seconds_past_midnight, seconds_of_day_since_00:00:00_UTC
5
1, 1, 1, 1, 1
-9999, -9999, -9999, -9999, -9999
C4H7NO5_NOAACIMS, pptv, Gas_C4H7NO5_InSitu_M_AVMR
ISOPN_NOAACIMS, pptv, Gas_ISOPN_InSitu_M_AVMR
C5H10O3_NOAACIMS, pptv, Gas_C5H10O3_InSitu_M_AVMR
C5H9NO5_NOAACIMS, pptv, Gas_C5H9NO5_InSitu_M_AVMR
C10H17NO4_NOAACIMS, pptv, Gas_C10H17NO4_InSitu_M_AVMR
1
N/A
18
PI_CONTACT_INFO: 325 Broadway, R/CSD 7, Boulder, Colorado 80305; michael.a.robinson@noaa.gov; chris.jernigan@noaa.gov;
PLATFORM: NOAA CSL Mobile Lab
LOCATION: SLC, Utah
ASSOCIATED_DATA: 1Hz data also available on request.
INSTRUMENT_INFO: NOAA I- ToF CIMS
DATA_INFO: Units: pptv
UNCERTAINTY: tbd
ULOD_FLAG: -7777
ULOD_VALUE: N/A
LLOD_FLAG: -8888
LLOD_VALUE: N/A
DM_CONTACT_INFO: Nathan Howard; nathan.h.howard@noaa.gov
PROJECT_INFO: USOS, summer 2024. https://csl.noaa.gov/groups/csl7/measurements/2024usos/
STIPULATIONS_ON_USE: only the USOS science team is allowed to use this data
OTHER_COMMENTS: Field data; Data are averaged to 1 minute intervals. Stationary data collected from a 10 ft tower on top of the mobile lab
REVISION: RA
RA: Preliminary Data; For in-field use only
starttime_UTC, C4H7NO5_NOAACIMS, ISOPN_NOAACIMS, C5H10O3_NOAACIMS, C5H9NO5_NOAACIMS, C10H17NO4_NOAACIMS
[from data line 782]
46920,3.061,6.396,41.534,6.508,2.324
46980,3.034,5.796,41.423,6.148,2.003
47040,2.919,5.743,39.498,5.959,1.877
47100,2.896,5.722,39.288,5.800,1.732
47160,2.848,5.552,37.816,5.699,1.766
47220,2.841,5.091,39.294,5.450,1.669
47280,2.844,5.483,37.226,5.517,1.532
47340,2.827,5.312,37.496,5.334,1.633
47400,-9999.000,-9999.000,-9999.000,-9999.000,-9999.000
47460,-9999.000,-9999.000,-9999.000,-9999.000,-9999.000
47520,-9999.000,-9999.000,-9999.000,-9999.000,-9999.000
47580,-9999.000,-9999.000,-9999.000,-9999.000,-9999.000
47640,2.826,5.354,32.771,5.134,1.432
47700,2.754,5.260,34.715,5.335,1.329
47760,2.730,5.190,34.304,5.341,1.345
47820,2.704,5.087,33.275,5.151,1.176
47880,2.782,5.266,36.697,5.364,1.248
47940,2.793,5.181,33.173,5.165,1.196
48000,2.744,5.788,36.411,5.314,1.290
48060,2.801,5.598,34.884,5.211,1.340
48120,2.711,5.578,33.483,4.946,1.183
48180,2.499,5.731,29.285,4.621,1.180
48240,2.427,5.793,23.238,4.516,1.118
48300,2.644,5.955,27.140,4.868,1.159
48360,2.810,6.479,27.649,5.077,1.296
48420,2.897,6.659,29.691,4.912,1.292
48480,2.934,6.965,28.566,5.061,1.376
48540,3.129,7.653,30.564,5.203,1.417
48600,3.178,7.268,29.194,5.223,1.358
48660,3.235,7.392,31.403,5.478,1.499
48720,3.263,7.515,31.030,5.496,1.672
48780,3.183,7.558,31.258,5.539,1.652
48840,3.104,7.436,30.477,5.296,1.574
48900,3.110,7.272,31.811,5.402,1.650
48960,3.064,7.631,31.608,5.542,1.682
49020,3.046,7.467,31.851,5.565,1.775
49080,3.091,7.648,30.693,5.248,1.710
49140,3.259,8.162,31.443,5.563,1.835
49200,3.178,8.002,29.945,5.406,1.777
49260,-9999.000,-9999.000,-9999.000,-9999.000,-9999.000
49320,-9999.000,-9999.000,-9999.000,-9999.000,-9999.000
49380,-9999.000,-9999.000,-9999.000,-9999.000,-9999.000
49440,3.228,7.697,29.583,5.700,2.073
49500,3.217,7.500,30.204,5.430,1.858
49560,3.270,7.981,30.553,5.707,1.936
49620,3.315,7.705,29.553,5.687,1.901
49680,3.282,8.696,32.936,5.775,2.196
49740,3.323,8.614,28.968,5.654,1.896
49800,3.349,8.556,33.332,5.800,2.191
49860,3.362,9.047,31.918,5.688,2.023
49920,3.480,9.414,32.463,5.633,2.037
49980,3.511,9.297,31.296,5.866,1.972
50040,3.563,9.902,33.058,5.837,1.859
50100,3.647,10.650,33.404,5.761,1.916
50160,3.789,11.717,33.883,5.893,2.017
50220,3.882,12.259,34.319,5.953,1.776
50280,4.022,13.043,34.381,5.922,1.853
50340,4.073,14.000,34.950,6.001,1.966
50400,4.109,14.455,34.596,5.875,1.804
50460,4.133,14.706,36.052,5.916,1.838
50520,4.129,15.244,34.602,6.112,1.601
50580,4.198,15.420,35.929,6.042,1.687
50640,4.240,15.112,35.109,5.884,1.735
50700,4.185,15.410,35.393,5.893,1.755
50760,4.001,14.093,35.396,5.892,1.860
50820,3.921,13.867,35.378,5.696,2.033
50880,3.910,13.964,33.815,5.786,2.049
50940,3.838,14.857,35.320,5.840,2.023
51000,3.869,15.030,34.302,5.682,2.016
51060,3.841,15.707,35.717,5.634,2.020
51120,-9999.000,-9999.000,-9999.000,-9999.000,-9999.000
51180,-9999.000,-9999.000,-9999.000,-9999.000,-9999.000
51240,-9999.000,-9999.000,-9999.000,-9999.000,-9999.000
51300,-9999.000,-9999.000,-9999.000,-9999.000,-9999.000
51360,-9999.000,-9999.000,-9999.000,-9999.000,-9999.000
51420,4.111,19.878,34.455,5.673,1.853
51480,4.167,20.512,33.068,5.579,1.859
51540,4.098,20.856,35.645,5.656,1.915
51600,4.346,21.549,34.277,5.923,2.020
51660,4.320,21.931,33.473,5.870,2.006
51720,4.328,23.617,35.808,5.921,1.998
51780,4.348,25.810,34.001,5.982,2.051
51840,4.400,26.644,35.310,5.668,1.951
51900,4.440,27.182,34.945,6.000,1.924
51960,4.522,27.266,34.437,5.704,1.937
52020,4.485,28.012,34.211,5.787,1.969
52080,4.553,28.383,35.413,5.899,1.945
52140,4.531,28.157,33.619,5.694,1.868
52200,4.477,28.647,34.375,5.812,1.872
52260,4.572,27.772,34.324,5.881,1.763
52320,4.643,28.297,34.096,5.786,1.721
52380,4.604,29.121,33.736,5.771,1.789
52440,4.855,29.620,35.545,5.851,1.966
52500,5.045,29.961,33.837,5.897,2.140
52560,4.966,29.170,33.988,6.024,2.215
52620,5.169,29.083,33.645,6.161,2.402
52680,5.288,28.867,35.224,6.530,2.679
52740,5.398,29.588,34.541,6.630,2.585
52800,5.361,29.306,35.277,6.652,2.806
52860,5.399,28.507,35.019,6.717,2.774
52920,-9999.000,-9999.000,-9999.000,-9999.000,-9999.000
52980,-9999.000,-9999.000,-9999.000,-9999.000,-9999.000
53040,-9999.000,-9999.000,-9999.000,-9999.000,-9999.000
53100,-9999.000,-9999.000,-9999.000,-9999.000,-9999.000
53160,-9999.000,-9999.000,-9999.000,-9999.000,-9999.000
53220,5.662,28.726,33.917,6.883,2.676
53280,5.684,27.330,34.395,6.913,2.692
53340,5.723,27.103,33.949,7.049,2.790
53400,5.788,27.893,34.697,7.155,2.892
53460,5.700,26.581,35.108,7.130,2.718
53520,5.770,25.662,33.048,6.921,2.838
53580,5.735,26.504,34.110,6.937,2.752
53640,5.808,27.306,33.354,7.082,2.774
53700,5.929,29.539,33.683,6.741,2.755
53760,6.024,30.998,34.968,6.913,2.819
53820,5.999,28.058,34.809,6.836,2.755
53880,6.164,31.187,33.218,6.701,2.607
53940,6.201,32.090,34.013,6.753,2.599
54000,6.228,30.953,34.382,6.707,2.631
54060,6.204,27.783,33.538,6.792,2.667
54120,6.430,31.999,33.747,6.681,2.623
54180,6.462,32.586,33.703,7.026,2.664
54240,6.556,32.739,34.441,6.801,2.642
54300,6.786,33.766,35.239,7.045,2.663
54360,6.867,34.332,35.031,7.025,2.677
54420,6.941,33.708,35.010,7.120,2.435
54480,7.010,32.291,34.276,7.305,2.496
54540,6.828,29.000,34.432,7.233,2.330
54600,6.917,29.747,35.266,7.414,2.377
54660,7.093,31.974,34.843,7.432,2.639
54720,7.197,32.601,36.036,7.434,2.519
54780,-9999.000,-9999.000,-9999.000,-9999.000,-9999.000
54840,-9999.000,-9999.000,-9999.000,-9999.000,-9999.000
54900,-9999.000,-9999.000,-9999.000,-9999.000,-9999.000
54960,-9999.000,-9999.000,-9999.000,-9999.000,-9999.000
55020,7.827,35.944,33.631,7.754,2.636
55080,7.951,36.087,33.621,7.865,2.626
55140,7.959,34.469,33.561,8.198,2.715
55200,7.831,34.219,35.694,8.309,2.769
55260,8.105,36.735,33.916,8.163,2.670
55320,8.241,37.596,35.003,8.057,2.879
55380,8.501,37.631,34.276,8.047,2.868
55440,8.627,37.506,35.746,8.087,2.630
55500,8.532,37.225,35.579,7.805,2.619
55560,8.536,36.808,34.760,7.693,2.379
55620,8.655,36.688,34.890,8.111,2.496
55680,8.755,36.780,35.521,7.936,2.536
55740,8.959,37.644,35.625,8.239,2.611
55800,9.170,38.648,35.045,8.291,2.605
55860,9.008,36.655,34.120,8.312,2.719
55920,9.189,37.270,36.008,8.377,2.638
55980,9.209,37.731,36.533,8.069,2.615
56040,9.324,37.277,34.424,8.135,2.586
56100,9.470,37.542,34.882,8.287,2.735
56160,9.569,37.694,35.766,8.164,2.980
56220,9.570,37.379,34.969,7.937,2.842
56280,9.639,37.237,36.203,8.014,2.779
56340,9.608,35.904,35.138,8.049,2.777
56400,9.158,33.813,35.292,7.817,2.533
56460,9.529,35.816,35.077,7.833,2.438
56520,9.691,37.439,34.372,7.647,2.486
56580,9.655,37.350,33.635,7.888,2.256
56640,-9999.000,-9999.000,-9999.000,-9999.000,-9999.000
56700,-9999.000,-9999.000,-9999.000,-9999.000,-9999.000
56760,-9999.000,-9999.000,-9999.000,-9999.000,-9999.000
56820,-9999.000,-9999.000,-9999.000,-9999.000,-9999.000
56880,-9999.000,-9999.000,-9999.000,-9999.000,-9999.000
56940,10.684,40.979,32.655,8.327,2.298
57000,10.685,39.965,34.362,8.356,2.330
57060,10.535,39.518,32.017,8.274,2.301
57120,10.651,39.262,33.822,8.449,2.178
57180,10.584,37.154,33.091,8.387,2.324
57240,10.903,38.125,33.985,8.387,2.278
57300,10.695,37.037,32.203,8.400,2.258
57360,8.712,27.037,32.800,7.555,1.938
57420,8.403,24.938,30.921,7.222,1.783
57480,8.937,28.721,32.119,7.298,1.843
57540,8.881,27.816,30.399,7.406,1.843
57600,8.898,29.261,31.766,7.345,2.019
57660,9.200,29.747,31.451,7.272,1.816
57720,9.437,28.430,31.059,7.147,1.678
57780,9.400,27.820,32.269,7.293,1.654
57840,8.627,23.388,31.203,6.917,1.503
57900,8.350,21.409,30.348,6.989,1.406
57960,8.056,21.169,29.310,6.556,1.518
58020,8.107,20.140,28.487,6.626,1.427
58080,7.724,18.519,29.086,6.561,1.377
58140,7.620,17.586,29.685,6.642,1.419
58200,7.726,18.181,29.948,6.641,1.345
58260,8.244,21.662,31.292,6.651,1.408
58320,9.400,26.925,34.573,7.113,1.474
58380,9.842,28.723,37.028,7.242,1.713
58440,9.560,28.239,37.856,7.058,1.674
58500,-9999.000,-9999.000,-9999.000,-9999.000,-9999.000
58560,-9999.000,-9999.000,-9999.000,-9999.000,-9999.000
58620,-9999.000,-9999.000,-9999.000,-9999.000,-9999.000
58680,-9999.000,-9999.000,-9999.000,-9999.000,-9999.000
58740,-9999.000,-9999.000,-9999.000,-9999.000,-9999.000
58800,9.354,24.603,34.454,7.090,1.504
58860,9.786,25.347,35.791,6.988,1.723
58920,10.004,25.762,36.976,7.218,1.597
58980,10.088,25.783,38.205,7.138,1.609
59040,9.929,25.393,39.717,6.778,1.624
59100,9.506,24.533,41.764,7.079,1.415
59160,9.552,24.770,44.190,6.888,1.374
59220,9.426,25.066,45.199,6.809,1.469
59280,9.498,24.963,45.520,6.772,1.329
59340,9.227,24.032,44.519,6.937,1.376
59400,9.339,23.301,42.911,6.898,1.555
59460,8.846,20.209,40.402,6.618,1.587
59520,8.788,20.173,40.319,6.668,1.433
59580,8.994,21.620,40.473,6.974,1.666
59640,8.764,20.113,38.700,6.732,1.618
59700,8.833,19.753,39.457,6.717,1.605
59760,8.751,18.724,38.414,6.933,1.672
59820,8.741,18.158,37.902,6.906,1.716
59880,8.345,17.021,40.244,6.844,1.531
59940,8.562,18.509,39.175,6.637,1.410
60000,8.298,16.791,39.063,6.662,1.429
60060,7.853,15.751,39.621,6.591,1.258
60120,7.638,15.191,41.823,6.264,1.238
60180,7.726,15.067,41.261,6.506,1.321
60240,7.496,13.625,40.665,6.504,1.403
60300,7.331,12.879,36.249,6.256,1.205
60360,7.460,10.230,35.602,5.629,1.238
60420,-9999.000,-9999.000,-9999.000,-9999.000,-9999.000
60480,-9999.000,-9999.000,-9999.000,-9999.000,-9999.000
60540,-9999.000,-9999.000,-9999.000,-9999.000,-9999.000
60600,-9999.000,-9999.000,-9999.000,-9999.000,-9999.000
60660,-9999.000,-9999.000,-9999.000,-9999.000,-9999.000
60720,-9999.000,-9999.000,-9999.000,-9999.000,-9999.000
60780,-9999.000,-9999.000,-9999.000,-9999.000,-9999.000
60840,-9999.000,-9999.000,-9999.000,-9999.000,-9999.000
60900,-9999.000,-9999.000,-9999.000,-9999.000,-9999.000
60960,-9999.000,-9999.000,-9999.000,-9999.000,-9999.000
61020,-9999.000,-9999.000,-9999.000,-9999.000,-9999.000
61080,-9999.000,-9999.000,-9999.000,-9999.000,-9999.000
61140,-9999.000,-9999.000,-9999.000,-9999.000,-9999.000
61200,-9999.000,-9999.000,-9999.000,-9999.000,-9999.000
61260,-9999.000,-9999.000,-9999.000,-9999.000,-9999.000
61320,-9999.000,-9999.000,-9999.000,-9999.000,-9999.000
61380,-9999.000,-9999.000,-9999.000,-9999.000,-9999.000
61440,-9999.000,-9999.000,-9999.000,-9999.000,-9999.000
61500,-9999.000,-9999.000,-9999.000,-9999.000,-9999.000
61560,-9999.000,-9999.000,-9999.000,-9999.000,-9999.000
61620,-9999.000,-9999.000,-9999.000,-9999.000,-9999.000
61680,-9999.000,-9999.000,-9999.000,-9999.000,-9999.000
61740,-9999.000,-9999.000,-9999.000,-9999.000,-9999.000
61800,-9999.000,-9999.000,-9999.000,-9999.000,-9999.000
61860,-9999.000,-9999.000,-9999.000,-9999.000,-9999.000
61920,-9999.000,-9999.000,-9999.000,-9999.000,-9999.000
61980,-9999.000,-9999.000,-9999.000,-9999.000,-9999.000
62040,-9999.000,-9999.000,-9999.000,-9999.000,-9999.000
62100,-9999.000,-9999.000,-9999.000,-9999.000,-9999.000
62160,-9999.000,-9999.000,-9999.000,-9999.000,-9999.000
62220,-9999.000,-9999.000,-9999.000,-9999.000,-9999.000
62280,-9999.000,-9999.000,-9999.000,-9999.000,-9999.000
62340,-9999.000,-9999.000,-9999.000,-9999.000,-9999.000
62400,-9999.000,-9999.000,-9999.000,-9999.000,-9999.000
62460,-9999.000,-9999.000,-9999.000,-9999.000,-9999.000
62520,-9999.000,-9999.000,-9999.000,-9999.000,-9999.000
62580,-9999.000,-9999.000,-9999.000,-9999.000,-9999.000
62640,-9999.000,-9999.000,-9999.000,-9999.000,-9999.000
62700,-9999.000,-9999.000,-9999.000,-9999.000,-9999.000
62760,-9999.000,-9999.000,-9999.000,-9999.000,-9999.000
62820,-9999.000,-9999.000,-9999.000,-9999.000,-9999.000
62880,-9999.000,-9999.000,-9999.000,-9999.000,-9999.000
62940,-9999.000,-9999.000,-9999.000,-9999.000,-9999.000
63000,-9999.000,-9999.000,-9999.000,-9999.000,-9999.000
63060,-9999.000,-9999.000,-9999.000,-9999.000,-9999.000
63120,-9999.000,-9999.000,-9999.000,-9999.000,-9999.000
63180,-9999.000,-9999.000,-9999.000,-9999.000,-9999.000
63240,-9999.000,-9999.000,-9999.000,-9999.000,-9999.000
63300,-9999.000,-9999.000,-9999.000,-9999.000,-9999.000
63360,-9999.000,-9999.000,-9999.000,-9999.000,-9999.000
63420,-9999.000,-9999.000,-9999.000,-9999.000,-9999.000
63480,-9999.000,-9999.000,-9999.000,-9999.000,-9999.000
63540,-9999.000,-9999.000,-9999.000,-9999.000,-9999.000
63600,-9999.000,-9999.000,-9999.000,-9999.000,-9999.000
63660,-9999.000,-9999.000,-9999.000,-9999.000,-9999.000
63720,-9999.000,-9999.000,-9999.000,-9999.000,-9999.000
63780,-9999.000,-9999.000,-9999.000,-9999.000,-9999.000
63840,-9999.000,-9999.000,-9999.000,-9999.000,-9999.000
63900,-9999.000,-9999.000,-9999.000,-9999.000,-9999.000
63960,-9999.000,-9999.000,-9999.000,-9999.000,-9999.000
64020,-9999.000,-9999.000,-9999.000,-9999.000,-9999.000
64080,-9999.000,-9999.000,-9999.000,-9999.000,-9999.000
64140,-9999.000,-9999.000,-9999.000,-9999.000,-9999.000
64200,-9999.000,-9999.000,-9999.000,-9999.000,-9999.000
64260,-9999.000,-9999.000,-9999.000,-9999.000,-9999.000
64320,-9999.000,-9999.000,-9999.000,-9999.000,-9999.000
64380,-9999.000,-9999.000,-9999.000,-9999.000,-9999.000
64440,-9999.000,-9999.000,-9999.000,-9999.000,-9999.000
64500,-9999.000,-9999.000,-9999.000,-9999.000,-9999.000
64560,-9999.000,-9999.000,-9999.000,-9999.000,-9999.000
64620,-9999.000,-9999.000,-9999.000,-9999.000,-9999.000
64680,-9999.000,-9999.000,-9999.000,-9999.000,-9999.000
64740,-9999.000,-9999.000,-9999.000,-9999.000,-9999.000
64800,-9999.000,-9999.000,-9999.000,-9999.000,-9999.000
64860,-9999.000,-9999.000,-9999.000,-9999.000,-9999.000
64920,-9999.000,-9999.000,-9999.000,-9999.000,-9999.000
64980,-9999.000,-9999.000,-9999.000,-9999.000,-9999.000
65040,-9999.000,-9999.000,-9999.000,-9999.000,-9999.000
65100,-9999.000,-9999.000,-9999.000,-9999.000,-9999.000
65160,-9999.000,-9999.000,-9999.000,-9999.000,-9999.000
65220,-9999.000,-9999.000,-9999.000,-9999.000,-9999.000
65280,-9999.000,-9999.000,-9999.000,-9999.000,-9999.000
65340,-9999.000,-9999.000,-9999.000,-9999.000,-9999.000
65400,-9999.000,-9999.000,-9999.000,-9999.000,-9999.000
65460,-9999.000,-9999.000,-9999.000,-9999.000,-9999.000
65520,-9999.000,-9999.000,-9999.000,-9999.000,-9999.000
65580,-9999.000,-9999.000,-9999.000,-9999.000,-9999.000
65640,-9999.000,-9999.000,-9999.000,-9999.000,-9999.000
65700,-9999.000,-9999.000,-9999.000,-9999.000,-9999.000
65760,-9999.000,-9999.000,-9999.000,-9999.000,-9999.000
65820,-9999.000,-9999.000,-9999.000,-9999.000,-9999.000
65880,-9999.000,-9999.000,-9999.000,-9999.000,-9999.000
65940,-9999.000,-9999.000,-9999.000,-9999.000,-9999.000
66000,-9999.000,-9999.000,-9999.000,-9999.000,-9999.000
66060,-9999.000,-9999.000,-9999.000,-9999.000,-9999.000
66120,-9999.000,-9999.000,-9999.000,-9999.000,-9999.000
66180,-9999.000,-9999.000,-9999.000,-9999.000,-9999.000
66240,-9999.000,-9999.000,-9999.000,-9999.000,-9999.000
66300,-9999.000,-9999.000,-9999.000,-9999.000,-9999.000
66360,-9999.000,-9999.000,-9999.000,-9999.000,-9999.000
66420,-9999.000,-9999.000,-9999.000,-9999.000,-9999.000
66480,-9999.000,-9999.000,-9999.000,-9999.000,-9999.000
66540,-9999.000,-9999.000,-9999.000,-9999.000,-9999.000
66600,-9999.000,-9999.000,-9999.000,-9999.000,-9999.000
66660,-9999.000,-9999.000,-9999.000,-9999.000,-9999.000
66720,-9999.000,-9999.000,-9999.000,-9999.000,-9999.000
66780,-9999.000,-9999.000,-9999.000,-9999.000,-9999.000
66840,-9999.000,-9999.000,-9999.000,-9999.000,-9999.000
66900,-9999.000,-9999.000,-9999.000,-9999.000,-9999.000
66960,-9999.000,-9999.000,-9999.000,-9999.000,-9999.000
67020,-9999.000,-9999.000,-9999.000,-9999.000,-9999.000
67080,-9999.000,-9999.000,-9999.000,-9999.000,-9999.000
67140,-9999.000,-9999.000,-9999.000,-9999.000,-9999.000
67200,-9999.000,-9999.000,-9999.000,-9999.000,-9999.000
67260,-9999.000,-9999.000,-9999.000,-9999.000,-9999.000
67320,-9999.000,-9999.000,-9999.000,-9999.000,-9999.000
67380,-9999.000,-9999.000,-9999.000,-9999.000,-9999.000
67440,-9999.000,-9999.000,-9999.000,-9999.000,-9999.000
67500,-9999.000,-9999.000,-9999.000,-9999.000,-9999.000
67560,-9999.000,-9999.000,-9999.000,-9999.000,-9999.000
67620,-9999.000,-9999.000,-9999.000,-9999.000,-9999.000
67680,-9999.000,-9999.000,-9999.000,-9999.000,-9999.000
67740,-9999.000,-9999.000,-9999.000,-9999.000,-9999.000
