CampaignData_and_Merges/R0/CSL_MobileLab_Parked/raw/20240719/USOS-NOAAIodideCIMS-Halogens_MobileLabGround_20240719_RA.ict
39, 1001
Michael A Robinson, Chris Jernigan, Subi Thakali
NOAA ESRL Chemical Sciences Laboratory and CIRES, U. of Colorado
NOAA Iodide CIMS Instrument
USOS
1, 1
2024, 07, 19, 2024, 07, 20
0
starttime_UTC, seconds_past_midnight, seconds_of_day_since_00:00:00_UTC
6
1, 1, 1, 1, 1, 1
-9999, -9999, -9999, -9999, -9999, -9999
Br2_NOAACIMS, pptv, Gas_Br2_InSitu_S_AVMR
BrO_NOAACIMS, pptv, Gas_BrO_InSitu_S_AVMR
Cl2_NOAACIMS, pptv, Gas_Cl2_InSitu_S_AVMR
ClNO2_NOAACIMS, pptv, Gas_ClNO2_InSitu_S_AVMR
BrCl_NOAACIMS, pptv, Gas_BrCl_InSitu_S_AVMR
NCl3_NOAACIMS, pptv, Gas_NCl3_InSitu_S_AVMR
1
N/A
18
PI_CONTACT_INFO: 325 Broadway, R/CSD 7, Boulder, Colorado 80305; michael.a.robinson@noaa.gov; chris.jernigan@noaa.gov;
PLATFORM: NOAA CSL Mobile Lab
LOCATION: SLC, Utah
ASSOCIATED_DATA: 1Hz data also available on request.
INSTRUMENT_INFO: NOAA I- ToF CIMS
DATA_INFO: Units: pptv
UNCERTAINTY: tbd
ULOD_FLAG: -7777
ULOD_VALUE: N/A
LLOD_FLAG: -8888
LLOD_VALUE: N/A
DM_CONTACT_INFO: Nathan Howard; nathan.h.howard@noaa.gov
PROJECT_INFO: USOS, summer 2024. https://csl.noaa.gov/groups/csl7/measurements/2024usos/
STIPULATIONS_ON_USE: only the USOS science team is allowed to use this data
OTHER_COMMENTS: Field data; Data are averaged to 1 minute intervals. Stationary data collected from a 10 ft tower on top of the mobile lab
REVISION: RA
RA: Preliminary Data; For in-field use only
starttime_UTC, Br2_NOAACIMS, BrO_NOAACIMS, Cl2_NOAACIMS, ClNO2_NOAACIMS, BrCl_NOAACIMS, NCl3_NOAACIMS
[from data line 707]
42420,0.821,0.102,2.452,0.540,0.125,18.755
42480,0.810,-0.002,2.520,0.520,0.181,17.305
42540,0.866,0.052,2.502,0.470,0.145,18.060
42600,0.877,0.023,2.525,0.529,0.209,20.528
42660,0.948,0.055,2.591,0.539,0.152,17.952
42720,0.922,0.023,2.535,0.563,0.182,19.159
42780,0.792,0.018,2.472,0.595,0.145,17.480
42840,0.854,-0.049,2.467,0.552,0.146,18.998
42900,0.909,-0.044,2.522,0.607,0.204,20.809
42960,0.893,0.079,2.631,0.554,0.162,20.372
43020,0.892,0.016,2.553,0.505,0.179,19.769
43080,0.960,-0.029,2.589,0.448,0.164,17.744
43140,0.971,-0.077,2.652,0.457,0.167,17.142
43200,0.972,-0.074,2.623,0.448,0.125,16.472
43260,0.970,-0.079,2.563,0.483,0.148,15.955
43320,1.168,-0.044,2.563,0.433,0.111,16.348
43380,0.963,-0.129,2.560,0.469,0.116,14.926
43440,0.958,-0.041,2.439,0.467,0.127,15.786
43500,1.072,-0.071,2.437,0.488,0.127,14.962
43560,1.071,-0.103,2.492,0.501,0.167,16.203
43620,1.146,-0.064,2.505,0.443,0.146,16.295
43680,1.054,-0.095,2.569,0.440,0.177,15.526
43740,0.996,-0.027,2.429,0.577,0.177,14.533
43800,1.030,-0.088,2.391,0.453,0.193,14.940
43860,1.096,-0.034,2.438,0.511,0.181,16.174
43920,1.153,-0.076,2.361,0.495,0.168,15.720
43980,1.056,-0.037,2.470,0.381,0.196,14.368
44040,1.002,-0.103,2.557,0.428,0.243,15.904
44100,1.065,0.004,2.444,0.496,0.213,16.096
44160,0.963,-0.062,2.497,0.512,0.206,16.907
44220,1.021,0.017,2.434,0.470,0.220,14.608
44280,1.096,-0.072,2.499,0.471,0.168,16.143
44340,0.995,0.042,2.535,0.488,0.185,16.748
44400,1.145,-0.087,2.579,0.542,0.172,15.581
44460,1.013,-0.050,2.623,0.538,0.208,15.947
44520,1.023,-0.003,2.624,0.535,0.227,15.067
44580,0.989,0.015,2.741,0.507,0.230,15.229
44640,0.937,-0.011,2.485,0.502,0.192,12.116
44700,0.498,-0.118,2.394,0.489,0.139,11.440
44760,0.932,-0.024,2.387,0.501,0.207,11.355
44820,0.922,-0.073,2.399,0.502,0.180,11.288
44880,0.889,-0.008,2.255,0.527,0.184,10.332
44940,0.881,-0.028,2.367,0.472,0.195,10.125
45000,0.880,-0.076,2.492,0.469,0.184,10.472
45060,0.752,0.064,2.311,0.551,0.170,10.535
45120,0.638,-0.009,2.194,0.530,0.210,10.206
45180,0.735,0.007,2.111,0.475,0.198,10.410
45240,0.675,0.018,2.198,0.505,0.176,10.536
45300,0.662,0.017,2.118,0.579,0.231,13.770
45360,0.717,0.100,2.506,0.947,0.295,29.794
45420,0.773,-0.015,2.347,0.555,0.199,15.234
45480,0.685,0.074,2.376,0.788,0.296,25.547
45540,0.937,0.073,2.844,0.918,0.305,34.094
45600,0.804,0.008,2.273,0.804,0.291,29.565
45660,0.716,0.039,2.408,0.652,0.305,19.504
45720,0.725,0.045,2.583,0.740,0.261,24.531
45780,0.771,0.107,2.255,0.642,0.251,16.455
45840,0.732,0.117,2.251,0.478,0.233,10.453
45900,0.700,0.074,2.406,0.478,0.256,11.858
45960,0.648,0.068,2.354,0.406,0.215,9.838
46020,0.421,0.061,2.308,0.505,0.224,13.254
46080,0.633,0.141,2.288,0.401,0.219,10.940
46140,0.635,0.111,2.130,0.433,0.227,10.462
46200,0.606,0.089,2.202,0.467,0.230,11.142
46260,0.656,0.053,1.851,0.407,0.210,8.912
46320,0.758,0.033,1.994,0.365,0.229,8.270
46380,0.573,0.072,1.946,0.353,0.161,6.926
46440,0.569,0.084,2.084,0.354,0.167,5.732
46500,0.658,0.139,2.108,0.324,0.163,5.804
46560,0.663,0.115,2.206,0.347,0.171,5.288
46620,0.670,0.129,2.087,0.314,0.187,5.016
46680,0.645,0.129,2.134,0.264,0.145,4.941
46740,0.675,0.059,2.257,0.222,0.169,4.519
46800,0.635,0.098,2.268,0.266,0.188,4.256
46860,0.676,0.137,2.557,0.233,0.188,4.569
46920,0.693,0.134,2.748,0.252,0.174,4.175
46980,0.681,0.134,2.521,0.256,0.165,4.032
47040,0.694,0.213,2.392,0.209,0.170,3.532
47100,0.652,0.105,2.616,0.296,0.140,3.752
47160,0.759,0.124,2.350,0.243,0.113,3.652
47220,0.710,0.149,2.438,0.222,0.159,3.490
47280,0.678,0.205,2.446,0.238,0.178,3.507
47340,0.703,0.178,2.563,0.227,0.129,3.067
47400,0.663,0.225,2.184,0.266,0.188,1.902
47460,0.627,0.212,2.284,0.199,0.120,2.511
47520,0.743,0.220,2.227,0.187,0.134,2.848
47580,0.652,0.206,2.343,0.265,0.188,12.349
47640,0.655,0.186,2.288,0.272,0.146,4.138
47700,0.802,0.177,2.461,0.306,0.203,19.151
47760,0.796,0.278,2.251,0.300,0.145,7.921
47820,0.396,0.163,2.217,0.280,0.111,4.421
47880,0.762,0.180,2.250,0.235,0.155,2.549
47940,0.740,0.265,2.610,0.374,0.229,21.364
48000,0.543,0.177,2.118,0.243,0.137,2.773
48060,0.695,0.279,1.895,0.325,0.112,2.597
48120,0.563,0.140,2.006,0.289,0.098,3.448
48180,0.696,0.088,1.989,0.281,0.110,2.766
48240,0.708,0.181,1.955,0.301,0.128,2.023
48300,0.606,0.112,2.278,0.313,0.079,2.116
48360,0.649,0.162,2.376,0.319,0.108,1.969
48420,0.612,0.164,2.417,0.336,0.091,1.876
48480,0.648,0.135,2.355,0.359,0.138,1.776
48540,0.640,0.149,2.195,0.326,0.119,2.206
48600,0.722,0.189,2.400,0.416,0.072,2.276
48660,0.597,0.081,2.111,0.428,0.164,2.060
48720,0.522,0.082,2.277,0.516,0.126,2.431
48780,0.696,0.127,2.013,0.437,0.100,1.915
48840,0.579,0.093,2.128,0.507,0.059,1.728
48900,0.579,0.126,1.886,0.567,0.072,2.119
48960,0.403,0.074,1.623,0.633,0.101,2.193
49020,0.367,0.100,1.384,0.622,0.079,3.002
49080,0.457,0.041,1.352,0.682,0.046,4.025
49140,0.585,0.124,1.599,0.655,0.074,2.397
49200,0.407,0.129,1.435,0.695,0.104,4.068
49260,0.374,0.071,1.575,0.740,0.080,5.185
49320,0.373,0.118,1.330,0.779,0.042,4.617
49380,0.548,0.100,1.487,0.829,0.052,1.661
49440,0.408,0.097,1.569,0.804,0.049,2.033
49500,0.593,0.075,1.605,0.716,0.076,1.193
49560,0.492,0.110,1.667,0.700,0.070,1.063
49620,0.575,0.156,1.663,0.779,0.096,0.928
49680,0.446,0.132,1.680,0.770,0.050,1.211
49740,0.540,0.164,1.588,0.862,0.070,1.024
49800,0.523,0.046,1.708,0.718,0.054,1.132
49860,0.591,0.129,1.630,0.724,0.108,1.056
49920,0.602,0.082,1.693,0.791,0.083,0.803
49980,0.756,0.095,1.661,0.791,0.110,0.708
50040,0.491,0.080,2.000,0.671,0.108,0.655
50100,0.738,0.072,1.851,0.603,0.070,0.616
50160,0.556,0.085,1.910,0.581,0.086,0.454
50220,0.461,0.056,1.880,0.474,0.044,0.417
50280,0.694,0.096,1.925,0.526,0.061,0.378
50340,0.806,0.138,1.873,0.525,0.079,0.344
50400,0.699,0.165,1.981,0.488,0.097,0.322
50460,0.714,0.049,2.141,0.493,0.124,0.295
50520,0.666,0.066,2.067,0.480,0.106,0.389
50580,0.564,0.113,1.794,0.454,0.094,0.305
50640,0.839,0.068,1.935,0.553,0.086,0.149
50700,0.668,0.061,1.865,0.409,0.065,0.305
50760,0.697,0.105,1.971,0.664,0.096,0.652
50820,0.589,0.152,1.899,0.727,0.096,0.932
50880,0.574,0.153,1.804,0.877,0.062,1.071
50940,0.513,0.065,1.698,0.743,0.111,0.847
51000,0.477,0.015,1.646,0.777,0.037,0.671
51060,0.556,0.038,1.521,0.642,0.109,0.456
51120,-9999.000,-9999.000,-9999.000,-9999.000,-9999.000,-9999.000
51180,0.604,0.080,1.413,0.680,0.087,0.390
51240,0.486,0.080,1.523,0.575,0.069,0.224
51300,0.596,0.093,1.396,0.515,0.077,0.287
51360,0.515,-0.025,1.680,0.476,0.064,0.127
51420,0.442,0.005,1.684,0.440,0.075,0.194
51480,0.345,0.002,1.794,0.438,0.069,0.146
51540,0.469,0.094,1.701,0.476,0.104,0.169
51600,0.714,0.109,1.801,0.399,0.084,0.163
51660,0.796,0.181,1.859,0.499,0.119,0.269
51720,0.645,0.064,1.696,0.392,0.134,0.139
51780,0.849,0.135,1.789,0.328,0.112,0.100
51840,0.636,0.135,1.780,0.334,0.081,0.028
51900,0.694,0.083,1.846,0.373,0.092,0.034
51960,0.623,0.098,1.937,0.352,0.145,0.082
52020,0.386,0.015,1.793,0.320,0.074,0.021
52080,0.616,0.114,1.787,0.283,0.109,0.027
52140,0.791,0.144,1.868,0.288,0.137,0.009
52200,0.727,0.152,1.897,0.338,0.151,0.039
52260,0.763,0.072,1.938,0.280,0.105,0.022
52320,0.521,0.116,1.777,0.332,0.087,0.025
52380,0.276,0.117,2.302,0.338,0.069,0.037
52440,0.620,0.170,7.750,0.342,0.122,0.158
52500,0.535,0.102,6.379,0.383,0.102,0.046
52560,-0.162,0.055,8.452,0.454,0.057,-0.039
52620,0.330,0.104,7.461,0.426,0.076,0.062
52680,0.608,0.144,6.087,0.440,0.172,0.255
52740,0.796,0.088,5.253,0.460,0.159,0.327
52800,0.761,0.209,3.920,0.475,0.190,0.439
52860,0.851,0.139,2.436,0.485,0.178,0.749
52920,0.814,0.289,2.298,0.498,0.198,0.945
52980,0.647,0.144,1.704,0.498,0.172,0.348
53040,0.796,0.224,1.777,0.445,0.175,0.223
53100,0.893,0.148,1.782,0.446,0.209,0.836
53160,0.794,0.170,1.867,0.507,0.171,0.580
53220,0.848,0.132,1.768,0.504,0.171,0.160
53280,0.883,0.144,1.732,0.487,0.190,0.356
53340,0.700,0.121,1.746,0.432,0.162,0.211
53400,0.809,0.158,1.760,0.400,0.166,0.248
53460,0.787,0.151,1.794,0.459,0.145,-0.015
53520,0.755,0.133,1.799,0.463,0.179,-0.051
53580,0.920,0.146,1.719,0.397,0.157,-0.072
53640,0.728,0.188,1.744,0.430,0.133,-0.084
53700,0.886,0.122,1.688,0.347,0.141,-0.086
53760,1.015,0.088,1.706,0.322,0.097,-0.063
53820,0.876,0.033,1.831,0.339,0.117,-0.110
53880,0.905,0.007,1.801,0.257,0.114,-0.094
53940,0.913,0.138,1.762,0.310,0.063,-0.076
54000,0.814,0.045,1.548,0.299,0.128,-0.076
54060,0.877,0.062,1.691,0.366,0.109,0.022
54120,0.739,0.085,1.760,0.285,0.045,-0.095
54180,0.909,0.004,1.763,0.289,0.123,-0.069
54240,0.869,0.119,1.762,0.279,0.108,-0.060
54300,0.912,-0.039,1.745,0.273,0.076,-0.056
54360,1.044,0.015,1.787,0.325,0.139,-0.037
54420,0.897,0.037,1.885,0.330,0.090,-0.036
54480,1.101,-0.042,1.851,0.298,0.080,0.007
54540,0.921,-0.003,1.915,0.300,0.086,-0.038
54600,0.945,0.001,1.930,0.319,0.114,-0.019
54660,0.975,0.036,1.953,0.318,0.086,-0.058
54720,0.773,0.044,1.873,0.374,0.049,-0.027
54780,0.750,-0.054,2.018,0.365,0.077,-0.036
54840,0.836,0.079,1.649,0.318,0.061,-0.027
54900,1.012,-0.022,1.789,0.328,0.075,-0.057
54960,0.925,-0.037,1.711,0.306,0.049,0.029
55020,1.007,-0.032,1.725,0.332,0.098,-0.033
55080,1.040,-0.011,1.845,0.271,0.055,0.002
55140,0.816,-0.020,1.832,0.288,0.080,-0.063
55200,1.084,0.044,2.041,0.330,0.070,0.035
55260,1.018,0.129,1.897,0.380,0.075,-0.047
55320,1.105,0.068,1.888,0.284,0.120,0.073
55380,1.186,0.088,2.027,0.272,0.100,0.105
55440,1.191,0.132,1.899,0.280,0.110,0.008
55500,1.045,0.173,1.968,0.280,0.157,-0.014
55560,1.200,0.144,2.136,0.261,0.136,0.049
55620,1.158,0.144,2.022,0.258,0.181,-0.015
55680,1.140,0.133,2.067,0.273,0.151,0.015
55740,1.024,0.294,2.094,0.223,0.156,-0.028
55800,1.205,0.108,2.092,0.314,0.156,-0.022
55860,1.326,0.227,2.113,0.272,0.147,0.049
55920,1.053,0.023,2.016,0.212,0.151,-0.007
55980,0.980,0.204,2.371,0.221,0.205,0.038
56040,1.214,0.160,3.158,0.239,0.176,-0.001
56100,1.148,0.173,3.373,0.299,0.179,0.024
56160,1.313,0.217,3.444,0.265,0.120,0.026
56220,1.408,0.174,2.986,0.280,0.138,0.031
56280,1.216,0.208,2.595,0.269,0.176,0.046
56340,1.226,0.229,2.691,0.231,0.170,0.057
56400,1.336,0.275,2.278,0.183,0.252,0.045
56460,1.341,0.278,2.574,0.175,0.179,0.076
56520,1.310,0.288,2.542,0.184,0.148,0.052
56580,1.415,0.382,2.552,0.222,0.161,0.003
56640,1.188,0.286,2.548,0.296,0.162,0.001
56700,1.316,0.217,2.334,0.221,0.159,0.080
56760,1.224,0.237,2.207,0.233,0.133,0.029
56820,1.339,0.271,2.497,0.313,0.154,0.058
56880,1.237,0.225,2.867,0.221,0.154,0.015
56940,1.191,0.257,2.380,0.261,0.095,0.074
57000,1.107,0.172,2.310,0.215,0.149,0.078
57060,1.276,0.380,2.094,0.280,0.103,0.075
57120,1.243,0.142,2.288,0.247,0.146,0.055
57180,1.260,0.144,2.114,0.243,0.121,0.068
57240,1.220,0.155,2.315,0.205,0.078,0.076
57300,1.266,0.152,2.630,0.275,0.066,0.067
57360,1.138,0.129,2.563,0.160,0.105,-0.017
57420,1.217,0.252,2.449,0.187,0.072,0.058
57480,1.328,0.171,2.452,0.177,0.061,-0.026
57540,1.229,0.083,2.358,0.158,0.091,0.020
57600,1.322,0.112,2.352,0.123,0.084,0.064
57660,1.099,0.164,2.284,0.155,0.053,0.004
57720,1.193,0.192,2.603,0.167,0.108,0.025
57780,1.127,0.026,2.702,0.233,0.109,0.049
57840,1.231,0.046,2.372,0.199,0.082,0.036
57900,1.081,0.002,2.612,0.181,0.094,0.079
57960,1.113,0.006,2.404,0.180,0.084,0.055
58020,1.177,-0.017,2.476,0.171,0.045,0.043
58080,1.023,0.071,2.389,0.120,0.106,0.022
58140,1.263,-0.096,2.567,0.151,0.038,0.002
58200,1.264,-0.059,2.492,0.139,0.026,-0.005
58260,1.224,-0.079,2.521,0.196,0.054,0.054
58320,1.110,-0.061,2.454,0.160,0.010,-0.001
58380,1.051,-0.042,2.442,0.160,0.074,-0.009
58440,1.154,-0.046,2.550,0.145,0.030,0.029
58500,0.770,-0.230,2.683,0.051,-0.112,-0.146
58560,0.919,-0.045,2.365,0.172,0.106,-0.029
58620,1.162,0.060,2.414,0.187,0.032,-0.005
58680,1.079,-0.052,2.230,0.212,0.018,-0.044
58740,1.129,-0.070,2.533,0.188,0.037,0.020
58800,1.075,-0.113,2.410,0.170,0.095,0.013
58860,1.040,0.039,2.555,0.175,0.017,-0.014
58920,1.256,0.017,2.570,0.169,0.044,0.023
58980,1.160,-0.054,2.478,0.168,0.051,0.017
59040,1.330,-0.033,2.548,0.134,0.025,0.026
59100,1.221,-0.015,2.575,0.110,0.066,-0.023
59160,1.256,-0.103,2.415,0.133,0.057,0.091
59220,1.228,-0.138,2.607,0.118,0.041,-0.031
59280,1.149,-0.045,2.487,0.145,0.037,0.025
59340,1.108,0.015,2.527,0.115,0.044,0.119
59400,1.207,-0.027,2.533,0.130,-0.001,-0.010
59460,1.199,-0.016,2.624,0.153,0.041,-0.035
59520,1.227,-0.025,2.545,0.119,0.089,-0.023
59580,1.143,-0.041,2.855,0.176,0.025,0.007
59640,1.186,-0.028,2.719,0.115,0.052,-0.003
59700,1.038,-0.095,2.747,0.110,0.070,0.021
59760,1.323,-0.013,2.809,0.114,0.061,0.014
59820,1.342,-0.084,2.586,0.167,0.043,0.005
59880,1.150,-0.046,2.772,0.154,0.101,0.004
59940,1.128,-0.041,2.905,0.121,0.051,-0.043
60000,1.191,-0.016,2.551,0.139,0.045,-0.008
60060,1.272,0.032,2.711,0.092,0.088,0.037
60120,1.200,-0.033,2.671,0.129,0.012,0.002
60180,1.199,0.001,2.770,0.116,0.055,-0.037
60240,1.329,-0.014,2.739,0.143,0.075,-0.008
60300,1.326,0.011,2.812,0.124,0.044,0.051
60360,2.208,-0.341,2.346,-0.018,-0.133,-0.176
60420,-9999.000,-9999.000,-9999.000,-9999.000,-9999.000,-9999.000
60480,-9999.000,-9999.000,-9999.000,-9999.000,-9999.000,-9999.000
60540,-9999.000,-9999.000,-9999.000,-9999.000,-9999.000,-9999.000
60600,-9999.000,-9999.000,-9999.000,-9999.000,-9999.000,-9999.000
60660,-9999.000,-9999.000,-9999.000,-9999.000,-9999.000,-9999.000
60720,-9999.000,-9999.000,-9999.000,-9999.000,-9999.000,-9999.000
60780,-9999.000,-9999.000,-9999.000,-9999.000,-9999.000,-9999.000
60840,-9999.000,-9999.000,-9999.000,-9999.000,-9999.000,-9999.000
60900,-9999.000,-9999.000,-9999.000,-9999.000,-9999.000,-9999.000
60960,-9999.000,-9999.000,-9999.000,-9999.000,-9999.000,-9999.000
61020,-9999.000,-9999.000,-9999.000,-9999.000,-9999.000,-9999.000
61080,-9999.000,-9999.000,-9999.000,-9999.000,-9999.000,-9999.000
61140,-9999.000,-9999.000,-9999.000,-9999.000,-9999.000,-9999.000
61200,-9999.000,-9999.000,-9999.000,-9999.000,-9999.000,-9999.000
61260,-9999.000,-9999.000,-9999.000,-9999.000,-9999.000,-9999.000
61320,-9999.000,-9999.000,-9999.000,-9999.000,-9999.000,-9999.000
61380,-9999.000,-9999.000,-9999.000,-9999.000,-9999.000,-9999.000
61440,-9999.000,-9999.000,-9999.000,-9999.000,-9999.000,-9999.000
61500,-9999.000,-9999.000,-9999.000,-9999.000,-9999.000,-9999.000
61560,-9999.000,-9999.000,-9999.000,-9999.000,-9999.000,-9999.000
61620,-9999.000,-9999.000,-9999.000,-9999.000,-9999.000,-9999.000
61680,-9999.000,-9999.000,-9999.000,-9999.000,-9999.000,-9999.000
61740,-9999.000,-9999.000,-9999.000,-9999.000,-9999.000,-9999.000
61800,-9999.000,-9999.000,-9999.000,-9999.000,-9999.000,-9999.000
61860,-9999.000,-9999.000,-9999.000,-9999.000,-9999.000,-9999.000
61920,-9999.000,-9999.000,-9999.000,-9999.000,-9999.000,-9999.000
61980,-9999.000,-9999.000,-9999.000,-9999.000,-9999.000,-9999.000
62040,-9999.000,-9999.000,-9999.000,-9999.000,-9999.000,-9999.000
62100,-9999.000,-9999.000,-9999.000,-9999.000,-9999.000,-9999.000
62160,-9999.000,-9999.000,-9999.000,-9999.000,-9999.000,-9999.000
62220,-9999.000,-9999.000,-9999.000,-9999.000,-9999.000,-9999.000
62280,-9999.000,-9999.000,-9999.000,-9999.000,-9999.000,-9999.000
62340,-9999.000,-9999.000,-9999.000,-9999.000,-9999.000,-9999.000
62400,-9999.000,-9999.000,-9999.000,-9999.000,-9999.000,-9999.000
62460,-9999.000,-9999.000,-9999.000,-9999.000,-9999.000,-9999.000
62520,-9999.000,-9999.000,-9999.000,-9999.000,-9999.000,-9999.000
62580,-9999.000,-9999.000,-9999.000,-9999.000,-9999.000,-9999.000
62640,-9999.000,-9999.000,-9999.000,-9999.000,-9999.000,-9999.000
62700,-9999.000,-9999.000,-9999.000,-9999.000,-9999.000,-9999.000
62760,-9999.000,-9999.000,-9999.000,-9999.000,-9999.000,-9999.000
62820,-9999.000,-9999.000,-9999.000,-9999.000,-9999.000,-9999.000
62880,-9999.000,-9999.000,-9999.000,-9999.000,-9999.000,-9999.000
62940,-9999.000,-9999.000,-9999.000,-9999.000,-9999.000,-9999.000
63000,-9999.000,-9999.000,-9999.000,-9999.000,-9999.000,-9999.000
63060,-9999.000,-9999.000,-9999.000,-9999.000,-9999.000,-9999.000
63120,-9999.000,-9999.000,-9999.000,-9999.000,-9999.000,-9999.000
63180,-9999.000,-9999.000,-9999.000,-9999.000,-9999.000,-9999.000
