CampaignData_and_Merges/R0/CSL_MobileLab_Parked/raw/20240719/USOS-POPS_MobileLabGround_20240719_R0.ict
78, 1001
Thornberry, T. D.
NOAA Chemical Sciences Laboratory
Portable Optical Particle Spectrometer (POPS)
USOS
1, 1
2024, 07, 19, 2025, 05, 08
60
Time_Start, seconds_past_midnight, Start time of measurement
45
1, 1, 1, 1, 1, 1, 1, 1, 1, 1, 1, 1, 1, 1, 1, 1, 1, 1, 1, 1, 1, 1, 1, 1, 1, 1, 1, 1, 1, 1, 1, 1, 1, 1, 1, 1, 1, 1, 1, 1, 1, 1, 1, 1, 1
-9999, -9999, -9999, -9999, -9999, -9999, -9999, -9999, -9999, -9999, -9999, -9999, -9999, -9999, -9999, -9999, -9999, -9999, -9999, -9999, -9999, -9999, -9999, -9999, -9999, -9999, -9999, -9999, -9999, -9999, -9999, -9999, -9999, -9999, -9999, -9999, -9999, -9999, -9999, -9999, -9999, -9999, -9999, -9999, -9999
Time_Stop, seconds_past_midnight, Stop time of measurement
Time_Mid, seconds_past_midnight, Mid time of measurement
Press_mb, mb, Pressure reported (mb)
Temp_C, degrees C, POPS temperature measurement
Aerosol_concentration, cm^-3, Aerosol concentration
Surface_Area_Conc, um^2 cm^-3, Surface area concentration
Volume_density, um^3 cm^-3, Volume density
Effective_radius, um, Effective radius
Extinction, km^-1, Extinction
Bin01, cm^-3, particle concentration in size range [1401 - 146.3 nm]
Bin02, cm^-3, particle concentration in size range [146.3 - 152.8 nm]
Bin03, cm^-3, particle concentration in size range [152.8 - 159.6 nm]
Bin04, cm^-3, particle concentration in size range [159.6 - 166.8 nm]
Bin05, cm^-3, particle concentration in size range [166.8 - 174.2 nm]
Bin06, cm^-3, particle concentration in size range [174.2 - 181.9 nm]
Bin07, cm^-3, particle concentration in size range [181.9 - 190.0 nm]
Bin08, cm^-3, particle concentration in size range [190.0 - 198.5 nm]
Bin09, cm^-3, particle concentration in size range [198.5 - 207.4 nm]
Bin10, cm^-3, particle concentration in size range [207.4 - 216.6 nm]
Bin11, cm^-3, particle concentration in size range [216.6 - 226.2 nm]
Bin12, cm^-3, particle concentration in size range [226.2 - 236.3 nm]
Bin13, cm^-3, particle concentration in size range [236.3 - 246.8 nm]
Bin14, cm^-3, particle concentration in size range [246.8 - 257.8 nm]
Bin15, cm^-3, particle concentration in size range [257.8 - 269.3 nm]
Bin16, cm^-3, particle concentration in size range [269.3 - 343.4 nm]
Bin17, cm^-3, particle concentration in size range [343.4 - 450.7 nm]
Bin18, cm^-3, particle concentration in size range [450.7 - 525.9 nm]
Bin19, cm^-3, particle concentration in size range [525.9 - 618.5 nm]
Bin20, cm^-3, particle concentration in size range [618.5 - 710.0 nm]
Bin21, cm^-3, particle concentration in size range [710.0 - 822.7 nm]
Bin22, cm^-3, particle concentration in size range [822.7 - 885.9 nm]
Bin23, cm^-3, particle concentration in size range [885.9 - 953.9 nm]
Bin24, cm^-3, particle concentration in size range [953.9 - 1027.2 nm]
Bin25, cm^-3, particle concentration in size range [1027.2 - 1106.1 nm]
Bin26, cm^-3, particle concentration in size range [1106.1 - 1191.0 nm]
Bin27, cm^-3, particle concentration in size range [1191.0 - 1282.5 nm]
Bin28, cm^-3, particle concentration in size range [1282.5 - 1381.0 nm]
Bin29, cm^-3, particle concentration in size range [1381.0 - 1487.1 nm]
Bin30, cm^-3, particle concentration in size range [1487.1 - 1601.3 nm]
Bin31, cm^-3, particle concentration in size range [1601.3 - 1724.3 nm]
[...]
PLATFORM: NOAA CSL Mobile Lab
LOCATION: USOS
ASSOCIATED_DATA: N/A
INSTRUMENT_INFO: Printed Optical Particle Spectrometer counts particles from 140 - 2500 nm in diameter 
DATA_INFO: Particle concentrations reported in number per cubic centimeter,1 Hz data
UNCERTAINTY: Counting uncertainty dominated by air flow, less than 5 percent. Measurement range is ~0 - 3000 per cm3 (varies depending on flow rate- manufacturer quotes 1250 per cm3 at 1.667 cc/s)
ULOD_FLAG: -7777
ULOD_VALUE: N/A
LLOD_FLAG: -8888
LLOD_VALUE: N/A
DM_CONTACT_INFO: Troy Thornberry, 325 Broadway R/CSL6, Boulder, CO 80305; troy.thornberry@noaa.gov; 303-497-3373
PROJECT_INFO: USOS, Utah POPS data from NOAA CSL Mobile Lab
STIPULATIONS_ON_USE: Please contact the PIs for questions regarding applications and uncertainties
OTHER_COMMENTS: POPS bin Edges (nm):  140.1, 146.3, 152.8, 159.6, 166.8, 174.2, 181.9, 190.0, 198.5, 207.4, 216.6, 226.2, 236.3, 246.8, 257.8, 269.3, 343.4, 450.7, 525.9, 618.5, 710.0, 822.7, 885.9, 953.9, 1027.2, 1106.1, 1191.0, 1282.5, 1381.0, 1487.1, 1601.3, 1724.3, 1856.7, 1999.3, 2152.8, 2318.2, 2496.2
Calculations assume organic aerosol refractive index of 1.52+0.00j and extinction wavelength = 532 nm
REVISION: R0
R0: Final data
Time_Start, Time_Stop, Time_Mid, Press_mb, Temp_C, Aerosol_concentration, Surface_Area_Conc, Volume_density, Effective_radius, Extinction, Bin01, Bin02, Bin03, Bin04, Bin05, Bin06, Bin07, Bin08, Bin09, Bin10, Bin11, Bin12, Bin13, Bin14, Bin15, Bin16, Bin17, Bin18, Bin19, Bin20, Bin21, Bin22, Bin23, Bin24, Bin25, Bin26, Bin27, Bin28, Bin29, Bin30, Bin31, Bin32, Bin33, Bin34, Bin35, Bin36
[from data line 506]
30360,30419,30390,875.156,31.498,282.808,46.075,2.817,0.180,0.013,22.398020,21.705812,20.516766,20.491493,19.312943,18.077766,16.603291,16.273808,14.354756,14.016392,12.961431,12.752840,11.933514,10.752285,8.770638,31.831430,7.393898,1.399106,0.532285,0.094628,0.088737,0.105534,0.034102,0.050395,0.055817,0.027515,0.016634,0.039064,0.016540,0.055931,0.039046,0.027403,0.022466,0.027727,0.011149,0.016612
30420,30479,30450,875.141,31.492,281.404,45.260,2.675,0.174,0.012,22.910954,22.138290,19.679358,20.171349,19.273329,18.181629,16.940218,15.945230,14.524561,13.732008,12.841443,12.353459,11.777622,10.890723,8.346617,31.808069,7.388171,1.423266,0.434196,0.140285,0.082097,0.035586,0.029301,0.058388,0.028823,0.046933,0.017567,0.047132,0.011619,0.011544,0.046891,0.023354,0.000000,0.017821,0.028782,0.017627
30480,30539,30510,875.127,31.523,279.322,44.627,2.514,0.165,0.012,22.453804,21.770456,19.984640,19.409500,18.639629,17.782244,16.380728,15.761584,14.644257,13.192400,12.788514,13.006107,12.229431,11.367790,8.679168,32.072781,6.761881,1.343477,0.448861,0.113718,0.127192,0.052144,0.023208,0.046457,0.011729,0.045397,0.022767,0.023409,0.017323,0.017265,0.023352,0.011309,0.011598,0.022762,0.017182,0.017440
30540,30599,30570,875.123,31.492,279.124,44.514,2.456,0.163,0.012,22.647621,21.409748,20.151716,19.576128,18.761755,17.321953,17.156353,15.587595,14.480881,13.849985,13.196366,12.465252,11.390474,10.807589,8.739873,32.035995,7.223982,1.355212,0.441289,0.072744,0.073312,0.062683,0.005765,0.027849,0.050981,0.011188,0.027740,0.016969,0.034214,0.022684,0.056745,0.011406,0.016982,0.022105,0.011197,0.000000
30600,30659,30630,875.117,31.423,277.896,44.995,2.630,0.172,0.012,21.548592,21.774876,19.726946,19.642082,18.688046,17.826252,16.787006,15.508040,14.632395,13.667289,12.695809,12.763051,11.779749,10.569974,8.765723,31.739918,7.311069,1.306930,0.482609,0.084218,0.107821,0.068020,0.045384,0.045510,0.045206,0.056378,0.011570,0.011511,0.045523,0.045393,0.040188,0.022461,0.005707,0.022483,0.011303,0.011266
30660,30719,30690,875.110,31.309,279.094,45.414,2.886,0.185,0.012,22.806099,20.917614,20.330673,19.074183,19.173119,17.810289,16.599155,15.723787,14.441807,13.821751,12.817544,12.825770,11.857598,10.857896,8.690656,31.870527,7.182047,1.211377,0.397288,0.122365,0.082567,0.069694,0.029400,0.029374,0.053436,0.023469,0.029280,0.035059,0.034539,0.035409,0.011619,0.041188,0.011697,0.011855,0.029221,0.034599
30720,30779,30750,875.111,31.249,280.221,45.022,2.644,0.173,0.012,22.284796,21.607132,19.777842,20.099554,18.731709,18.140646,16.779995,15.635536,14.662070,13.618472,13.287691,12.723071,11.862038,11.275037,8.595540,31.441051,7.262830,1.338948,0.451247,0.109348,0.120178,0.051826,0.035074,0.023124,0.040984,0.045493,0.011475,0.005825,0.034893,0.017457,0.063385,0.040276,0.017153,0.017535,0.005905,0.005945
30780,30839,30810,875.118,31.235,277.599,44.886,2.673,0.174,0.012,22.411211,20.929806,19.514893,19.658066,18.680716,18.221708,16.145224,15.930065,14.470265,13.525232,12.897244,12.591166,11.568757,10.743298,9.200649,31.500805,7.277309,1.243320,0.497350,0.040998,0.099902,0.046852,0.065072,0.046810,0.041124,0.017644,0.011736,0.028909,0.017362,0.029072,0.046647,0.023588,0.023019,0.017762,0.023483,0.011802
30840,30899,30870,875.138,31.216,279.824,44.735,2.510,0.165,0.012,22.367065,21.167395,20.290665,20.131771,19.149155,17.981169,16.194468,16.162384,15.048268,13.494396,13.334029,12.702500,11.672332,10.518575,8.527987,31.372625,7.245488,1.327139,0.459158,0.078366,0.094714,0.088229,0.077481,0.039218,0.044730,0.044532,0.027732,0.022302,0.011205,0.044560,0.049480,0.027118,0.016911,0.005631,0.000000,0.005612
30900,30959,30930,875.165,31.132,276.839,45.376,2.903,0.187,0.013,22.119362,20.788092,20.415277,19.463964,18.984980,17.273869,16.809900,14.997746,14.549173,13.543096,12.708640,12.580058,11.747705,10.995612,8.760697,31.471981,6.974129,1.357654,0.604557,0.135153,0.112219,0.044931,0.050542,0.017338,0.011433,0.045175,0.016745,0.017202,0.016620,0.028377,0.050273,0.039757,0.056140,0.011283,0.016808,0.022773
30960,31019,30990,875.186,31.092,279.819,45.338,2.733,0.177,0.012,22.466846,21.189804,20.591354,19.348530,18.882641,18.170238,16.639063,15.745681,14.553133,13.981770,12.704295,12.510581,11.903536,11.302835,9.072343,31.415430,6.952897,1.205559,0.421395,0.120481,0.131468,0.068202,0.039355,0.040038,0.069096,0.029105,0.034332,0.017379,0.022718,0.034643,0.051139,0.022565,0.034563,0.017017,0.016835,0.011729
31020,31079,31050,875.203,31.059,282.243,45.784,2.808,0.180,0.012,23.223183,21.536783,20.378389,19.916759,18.926277,18.003401,16.389818,15.886237,15.251204,14.175396,12.530429,12.301600,11.729301,10.752107,9.121291,32.474594,7.232108,1.304383,0.456735,0.101808,0.083502,0.061653,0.045395,0.005432,0.050824,0.038859,0.022739,0.016690,0.056688,0.022373,0.034158,0.028174,0.028421,0.005415,0.028328,0.022460
31080,31139,31110,875.217,31.024,281.788,45.993,2.836,0.182,0.013,22.509197,21.971016,19.910639,19.248045,18.993624,17.599045,16.976261,15.516419,14.833121,14.146172,12.873606,13.093348,12.256451,10.551743,8.665606,32.352291,7.755972,1.417449,0.448407,0.087104,0.145570,0.069979,0.040899,0.040856,0.017632,0.046516,0.017924,0.011526,0.022954,0.023972,0.023017,0.029307,0.028993,0.005678,0.016996,0.040775
31140,31199,31170,875.216,30.974,285.387,45.048,2.459,0.161,0.012,23.989548,21.579937,20.354725,20.382328,19.842882,18.238678,16.929541,16.276522,14.664688,14.127051,12.949496,12.771375,12.162236,10.607015,8.772422,32.079460,7.264001,1.384663,0.427199,0.116310,0.115899,0.079597,0.029209,0.017041,0.017561,0.034395,0.023421,0.028055,0.017183,0.011756,0.029127,0.017324,0.011437,0.011750,0.005766,0.017475
31200,31259,31230,875.219,30.946,285.326,46.743,3.018,0.190,0.013,23.796511,21.347815,20.866182,20.079750,19.026674,18.366121,16.866590,16.368393,14.682710,14.143766,12.863941,12.509726,12.378044,10.894307,9.237791,32.065563,7.293522,1.304751,0.499795,0.107869,0.065692,0.083401,0.053329,0.036065,0.041840,0.023635,0.036040,0.041653,0.018061,0.023638,0.059145,0.035993,0.035689,0.018266,0.035581,0.017920
31260,31319,31290,875.233,30.899,282.707,45.911,2.731,0.175,0.013,22.835812,21.722147,20.798271,19.472555,19.471804,17.357538,17.220310,15.736327,15.283509,14.143558,12.909342,12.712789,11.682068,10.766580,8.834489,31.713072,7.475063,1.283858,0.567384,0.061937,0.129168,0.095600,0.067556,0.039303,0.044791,0.016785,0.028712,0.016495,0.028453,0.050726,0.067278,0.011609,0.016797,0.000000,0.022145,0.022621
31320,31379,31350,875.248,30.858,283.169,46.749,3.012,0.188,0.013,23.217430,21.940668,20.395803,19.501287,19.211042,17.854588,16.364079,15.951726,14.849184,13.887974,13.022130,12.892278,11.780275,10.672896,8.914451,32.778938,7.332006,1.374218,0.427803,0.111217,0.087431,0.087996,0.053017,0.023111,0.052781,0.040507,0.047128,0.040466,0.035264,0.040595,0.063691,0.029723,0.023203,0.011738,0.023299,0.029440
31380,31439,31410,875.230,30.820,282.447,46.302,2.937,0.186,0.013,23.007797,21.299257,20.393862,19.985405,19.466461,17.720739,16.207779,15.486533,14.808411,13.885242,13.613459,12.705403,12.041875,10.716601,9.404168,31.730125,7.347798,1.374093,0.471244,0.099041,0.163551,0.097840,0.017771,0.035020,0.040752,0.052278,0.017803,0.034698,0.034409,0.017722,0.035276,0.034832,0.028617,0.029253,0.012100,0.029325
31440,31499,31470,875.242,30.803,281.366,45.815,2.768,0.177,0.013,22.370916,21.453733,20.666943,19.970806,18.947412,18.100876,17.064898,15.131242,14.796713,14.152342,12.867390,12.681883,11.500194,10.685827,8.877947,32.337242,7.160160,1.439654,0.494860,0.069228,0.092753,0.062439,0.057668,0.028602,0.045929,0.034415,0.023166,0.039875,0.022449,0.051775,0.045440,0.011070,0.022823,0.011256,0.017235,0.029185
31500,31559,31530,875.202,30.833,282.717,47.117,3.202,0.198,0.013,22.757563,21.914207,20.354809,19.434231,19.118416,18.173664,17.182091,15.673378,14.802419,13.650584,12.928461,12.403845,11.894625,10.884043,9.014811,32.422356,7.409308,1.362545,0.504734,0.121249,0.103848,0.092352,0.034707,0.052064,0.028977,0.040415,0.046240,0.011710,0.023365,0.063387,0.040644,0.046112,0.040467,0.040338,0.017173,0.028309
31560,31619,31590,875.195,30.897,283.168,46.019,2.845,0.181,0.013,22.988245,21.524347,20.765982,20.323978,19.346785,17.532925,16.204020,16.211143,14.916321,14.255854,12.893064,12.853797,11.984770,10.705047,8.571380,32.112583,7.443009,1.397232,0.479484,0.074198,0.115397,0.063449,0.051559,0.051750,0.011690,0.040670,0.023190,0.023667,0.017535,0.022999,0.011458,0.028948,0.046583,0.040299,0.022740,0.011521
31620,31679,31650,875.197,31.015,287.588,47.303,3.124,0.195,0.013,23.831841,22.616720,21.119610,20.760159,19.299776,17.719908,16.759182,16.052452,15.454712,14.131845,13.820535,12.917290,11.530827,10.481533,8.849073,32.259975,7.317834,1.292332,0.589670,0.111732,0.094457,0.086863,0.058526,0.035232,0.045860,0.011978,0.023552,0.029331,0.023525,0.057632,0.058550,0.029364,0.017863,0.035074,0.034811,0.028721
31680,31739,31710,875.199,31.153,286.557,46.313,2.815,0.177,0.013,24.000826,21.584110,20.794147,20.883434,19.428965,18.056768,17.259954,16.224533,14.861078,14.157974,13.835663,12.262709,11.573261,10.702823,8.841646,31.957893,7.666846,1.332242,0.506576,0.095577,0.089848,0.047640,0.053311,0.035568,0.035464,0.005952,0.005836,0.029616,0.029285,0.041530,0.047758,0.011929,0.024217,0.023735,0.012358,0.035976
31740,31799,31770,875.199,31.335,293.088,47.830,3.051,0.188,0.013,24.429379,23.100571,21.534561,20.193983,19.739418,19.215950,17.352262,16.484873,15.525200,14.652786,13.623374,13.158132,12.038667,10.952525,8.813733,32.136917,7.340393,1.449787,0.504742,0.120843,0.166569,0.045962,0.058197,0.046365,0.028814,0.057602,0.040511,0.017265,0.040086,0.028326,0.069393,0.023149,0.022977,0.017059,0.023069,0.034732
31800,31859,31830,875.196,31.525,295.298,48.437,3.175,0.191,0.013,25.010979,22.345991,21.978556,20.696735,20.529345,18.835836,16.999464,16.026865,15.063843,14.463882,13.254900,13.047820,12.053549,11.473381,9.426422,33.910469,7.594130,1.360173,0.525835,0.091120,0.074126,0.109457,0.022586,0.022865,0.022783,0.028830,0.039533,0.034451,0.034593,0.028987,0.023016,0.028883,0.040250,0.028879,0.017576,0.051472
31860,31919,31890,875.207,31.649,294.563,47.797,2.890,0.178,0.013,24.915918,22.819857,21.446245,21.096315,19.466763,18.122282,17.896994,16.191210,15.408036,14.641280,13.310109,13.446688,12.899037,11.106391,8.937750,32.586674,7.491465,1.520397,0.501166,0.067356,0.117130,0.078003,0.062068,0.044299,0.038778,0.050353,0.022168,0.050139,0.049528,0.022112,0.056233,0.016557,0.033909,0.016468,0.016576,0.016934
31920,31979,31950,875.206,31.664,292.798,47.193,2.794,0.173,0.013,24.548801,22.258249,21.445818,20.320143,19.703203,19.237440,18.009361,16.255243,15.407039,14.145933,13.078438,13.382941,12.322756,11.382541,8.828707,32.427853,7.405298,1.446127,0.471742,0.084571,0.145779,0.054884,0.066510,0.030018,0.030559,0.048180,0.024273,0.035982,0.030177,0.018043,0.060749,0.006081,0.017768,0.024148,0.018471,0.024057
31980,32039,32010,875.188,31.688,296.515,48.480,3.269,0.195,0.013,24.154984,23.504154,21.585413,20.800854,20.600229,19.333178,18.159351,16.591888,15.589619,14.351353,13.442980,13.419389,12.381114,11.028238,9.144077,32.718792,7.245078,1.198514,0.461674,0.090551,0.106596,0.073162,0.055490,0.038633,0.044589,0.060951,0.033724,0.016564,0.044518,0.022488,0.055210,0.039239,0.022176,0.017105,0.033621,0.049919
32040,32099,32070,875.203,31.687,297.662,49.521,3.428,0.201,0.014,24.604355,23.289444,22.435225,21.535719,20.268419,19.005108,17.455997,16.963303,14.894818,14.329892,13.793665,12.472460,12.464783,11.007032,9.211513,33.230865,7.862999,1.572466,0.421248,0.096996,0.112103,0.039329,0.034070,0.079373,0.039278,0.033963,0.022523,0.056244,0.028259,0.045591,0.073815,0.034280,0.028112,0.045567,0.045367,0.028317
32100,32159,32130,875.210,31.624,298.915,48.690,3.152,0.190,0.013,24.574289,23.762217,22.192209,20.804487,20.479551,19.174353,17.363379,17.067842,15.473204,14.169859,13.419740,13.804182,12.261069,11.651320,9.379023,33.400398,7.177536,1.495929,0.443504,0.127095,0.133134,0.055881,0.043709,0.060449,0.044369,0.022219,0.044449,0.033536,0.033612,0.027266,0.038438,0.044911,0.027494,0.050526,0.005376,0.027956
32160,32219,32190,875.207,31.597,300.290,48.820,2.985,0.180,0.013,24.802526,23.663898,21.708523,21.468332,20.538191,19.251368,17.571627,16.893686,15.388262,14.408168,13.544972,13.018603,12.620695,11.274645,9.472653,34.248951,7.636171,1.467654,0.550999,0.051339,0.124602,0.068373,0.062649,0.056733,0.022668,0.051097,0.050790,0.028294,0.051229,0.039766,0.062034,0.028294,0.011709,0.017022,0.005726,0.027883
32220,32279,32250,875.179,31.523,299.246,48.983,3.136,0.188,0.014,26.598181,23.153841,21.915586,20.906757,20.216177,18.371941,17.501568,16.223541,15.544382,14.848426,13.497994,13.065552,12.517626,11.427061,8.959258,34.044617,7.508884,1.524116,0.506148,0.128333,0.186540,0.093212,0.057896,0.052373,0.029127,0.029330,0.040753,0.028998,0.023090,0.051949,0.064671,0.046297,0.034845,0.011545,0.011547,0.023557
32280,32339,32310,875.161,31.492,297.944,48.288,3.050,0.185,0.013,24.814047,23.693960,22.341066,21.704477,20.303904,18.548901,17.572260,16.889343,15.082774,13.903861,13.623004,13.187156,12.372710,11.054626,9.154721,33.640312,7.311077,1.367331,0.565018,0.085303,0.101357,0.074182,0.084924,0.039270,0.067253,0.078619,0.033862,0.016659,0.039234,0.017006,0.051051,0.056073,0.017226,0.017084,0.022626,0.011513
32340,32399,32370,875.165,31.416,298.488,49.133,3.203,0.192,0.014,24.211327,23.600819,22.329554,20.959417,20.334478,18.524458,17.520273,16.705387,14.762162,15.298289,13.838929,13.212616,12.625057,11.103540,9.443472,33.299809,8.084774,1.268739,0.515317,0.114592,0.120638,0.080293,0.057094,0.057375,0.045609,0.028542,0.040212,0.029090,0.017168,0.029091,0.086601,0.034309,0.046028,0.005616,0.028725,0.028528
32400,32459,32430,875.188,31.346,297.051,49.300,3.457,0.204,0.014,24.335274,23.179031,22.127789,22.115389,20.430727,18.326429,17.636953,16.443125,15.200507,14.157468,12.965351,12.874393,12.565918,10.966838,9.649089,33.567234,7.643651,1.459754,0.563527,0.120527,0.113986,0.045705,0.057251,0.057233,0.051724,0.028818,0.028704,0.057967,0.022842,0.017358,0.045581,0.062717,0.034241,0.028738,0.005864,0.063228
32460,32519,32490,875.174,31.287,296.911,48.029,2.924,0.179,0.013,24.669374,23.200556,22.360064,21.487064,20.639050,18.789042,17.281351,16.664200,15.073471,13.869698,13.570455,12.758619,12.267652,11.031785,9.148821,33.441685,7.956018,1.481378,0.533934,0.101716,0.140568,0.055875,0.028521,0.022398,0.050491,0.033892,0.028347,0.017238,0.016971,0.033568,0.022612,0.016604,0.050478,0.017146,0.022327,0.027957
32520,32579,32550,875.171,31.218,299.717,49.235,3.144,0.187,0.014,25.628115,23.010469,22.048128,20.974401,19.867136,19.141430,17.043407,17.176884,15.179515,14.083499,14.203503,13.382993,12.647272,11.249577,9.208779,34.402191,7.545141,1.591047,0.494751,0.137989,0.126440,0.068984,0.039558,0.063261,0.057154,0.034260,0.039929,0.023183,0.046444,0.005747,0.046510,0.023119,0.034320,0.034430,0.034666,0.023199
32580,32639,32610,875.159,31.169,297.337,49.127,3.256,0.193,0.014,24.733780,23.417942,22.007879,21.040482,20.082243,19.072941,17.615314,16.436110,15.042610,14.448991,13.434004,13.112019,12.174163,10.996619,9.269632,33.523293,8.117286,1.388633,0.573867,0.102470,0.104149,0.085936,0.087195,0.039908,0.051114,0.045903,0.023341,0.034438,0.028571,0.062904,0.040771,0.039609,0.016795,0.011251,0.034255,0.040475
