CampaignData_and_Merges/R0/CSL_MobileLab_Parked/raw/20240719/USOS-PTR_MobileLabGround_20240719_R0.ict
58, 1001
Matthew Coggon, Kelvin Bates, Chelsea Stockwell, Carsten Warneke
NOAA ESRL Chemical Sciences Division
NOAA PTR-ToF-MS
USOS
1,1 
2024, 07, 19, 2025, 09, 19
0
Time_Start, seconds, number of seconds from 00:00 UTC 
22
1, 1, 1, 1, 1, 1, 1, 1, 1, 1, 1, 1, 1, 1, 1, 1, 1, 1, 1, 1, 1, 1
-9999, -9999, -9999, -9999, -9999, -9999, -9999, -9999, -9999, -9999, -9999, -9999, -9999, -9999, -9999, -9999, -9999, -9999, -9999, -9999, -9999, -9999
CH3OH_NOAAPTR_ppbv,  ppbv, Gas_CH3OH_InSitu_S_AVMR, (CH3OH) methanol
CH3CN_NOAAPTR_ppbv,  ppbv, Gas_CH3CN_InSitu_S_AVMR, (CH3CN) acetonitrile
CH3CHO_NOAAPTR_ppbv,  ppbv, Gas_CH3CHO_InSitu_S_AVMR, (CH3CHO) acetaldehyde plus contributions from ethylene glycol and ethylene oxide. Interference from ethanol has been subtracted out.
C2H5OH_NOAAPTR_ppbv,  ppbv, Gas_C2H5OH_InSitu_S_AVMR, (C2H5OH) ethanol
CH3SH_NOAAPTR_ppbv,  ppbv, Gas_CH3SH_InSitu_S_AVMR, (CH3SH) methanethiol, using calibration factor for DMS
Acrolein_NOAAPTR_ppbv,  ppbv, Gas_Acrolein_InSitu_S_AVMR, (C3H4O) acrolein
AcetonePropanal_NOAAPTR_ppbv,  ppbv, Gas_AcetoneAndPropanal_InSitu_S_AVMR, (C3H6O) sum of acetone (dominant isomer) and propanal, using calibration factor for acetone
DMS_NOAAPTR_ppbv,  ppbv, Gas_DMS_InSitu_S_AVMR, (C2H6S) dimethyl sulfide with possible small contributions from ethanethiol
C5H8_NOAAPTR_ppbv,  ppbv, Gas_Isoprene_InSitu_S_AVMR, (C5H8) isoprene and possible fragments from cycloalkanes and aldehydes. Interferences have been subtracted following methods described by Coggon et al (2023)
MVKMAC_NOAAPTR_ppbv,  ppbv, Gas_MVKAndMAC_InSitu_S_AVMR, (C4H6O) sum of methyl vinyl ketone, methacrolein, and small amounts of crotonaldehyde, using weighted calibration factor for MVK (0.637) and MACR (0.363)
Benzene_NOAAPTR_ppbv,  ppbv, Gas_Benzene_InSitu_S_AVMR, (C6H6) benzene
Toluene_NOAAPTR_ppbv,  ppbv, Gas_Toluene_InSitu_S_AVMR, (C7H8) toluene with possible small contributions of fragments from ethyltoluene
Styrene_NOAAPTR_ppbv,  ppbv, Gas_Styrene_InSitu_S_AVMR, (C8H8) styrene
Benzaldehyde_NOAAPTR_ppbv,  ppbv, Gas_Benzaldehyde_InSitu_S_AVMR, (C7H6O) benzaldehyde
C8Aromatics_NOAAPTR_ppbv,  ppbv, Gas_C8Aromatics_InSitu_M_AVMR, (C8H10) sum of m-xylene, p-xylene, o-xylene, and ethyl benzene
C9Aromatics_NOAAPTR_ppbv,  ppbv, Gas_C9Aromatics_InSitu_M_AVMR, (C9H12) sum of C9 aromatics
Naphthalene_NOAAPTR_ppbv,  ppbv, Gas_Naphthalene_InSitu_S_AVMR, (C10H8) naphthalene
Octanal_NOAAPTR_ppbv,  ppbv, Gas_Octanal_InSitu_S_AVMR, (C8H16O) octanal and small amounts of octanone
Monoterpenes_NOAAPTR_ppbv,  ppbv, Gas_Monoterpenes_InSitu_M_AVMR, (C10H16) sum of monoterpenes and possible contributions from fragments of oxygenated monoterpenoids such as eucalyptol.
Nonanal_NOAAPTR_ppbv,  ppbv, Gas_Nonanal_InSitu_M_AVMR, (C9H18O) nonanal and small amounts of nonanone
C7H4ClF3_NOAAPTR_ppbv,  ppbv, Gas_C7H4ClF3_InSitu_S_AVMR, (C7H4ClF3) parachlorobenzotrifluoride
C10H30O5Si5_NOAAPTR_ppbv,  ppbv, Gas_C10H30O5Si5_InSitu_S_AVMR, (C10H30O5Si5) decamethylcyclopentasiloxane
1
SPECIAL COMMENTS:N/A
21
PI_CONTACT_INFO: NOAA ESRL Chemical Sciences Division, Tropospheric Chemistry Group. 325 Broadway, R/CSD7, Boulder, CO 80305
PLATFORM: Mobile Laboratory.
LOCATION: Salt Lake City, UT
ASSOCIATED_DATA: N/A
INSTRUMENT_INFO: NOAA PTR-ToF-MS measurements on NOAA CSL Mobile Lab
DATA_INFO: Units: ppbv
UNCERTAINTY: See OTHER_COMMENTS
ULOD_FLAG: -7777
ULOD_VALUE: N/A
LLOD_FLAG: -8888
LLOD_VALUE: N/A.
DM_CONTACT_INFO: Data Managers: Matt Coggon, Kelvin Bates, Chelsea Stockwell; email: matthew.m.coggon@noaa.gov and kelvin.bates@colorado.edu
PROJECT_INFO: USOS Deployment July-August, 2024
STIPULATIONS_ON_USE: Use of these data require prior OK from PI.
OTHER_COMMENTS: Uncertainties:
CH3OH_NOAAPTR_ppbv:30%; CH3CN_NOAAPTR_ppbv:30%; CH3CHO_NOAAPTR_ppbv:30%; C2H5OH_NOAAPTR_ppbv:30%; CH3SH_NOAAPTR_ppbv:50%; Acrolein_NOAAPTR_ppbv:30%; AcetonePropanal_NOAAPTR_ppbv:30%; DMS_NOAAPTR_ppbv:30%; C5H8_NOAAPTR_ppbv:30%; MVKMAC_NOAAPTR_ppbv:30%; 
Benzene_NOAAPTR_ppbv:30%; Toluene_NOAAPTR_ppbv:30%; Styrene_NOAAPTR_ppbv:30%; Benzaldehyde_NOAAPTR_ppbv:30%; C8Aromatics_NOAAPTR_ppbv:30%; C9Aromatics_NOAAPTR_ppbv:30%; Naphthalene_NOAAPTR_ppbv:30%; Octanal_NOAAPTR_ppbv:30%; Monoterpenes_NOAAPTR_ppbv:30%; Nonanal_NOAAPTR_ppbv:30%; 
C7H4ClF3_NOAAPTR_ppbv:30%; C10H30O5Si5_NOAAPTR_ppbv:30%; 
REVISION: R0
R0: Calibrated PTR Data. See individual species comments for details about measurement uncertainties
Time_Start, CH3OH_NOAAPTR_ppbv, CH3CN_NOAAPTR_ppbv, CH3CHO_NOAAPTR_ppbv, C2H5OH_NOAAPTR_ppbv, CH3SH_NOAAPTR_ppbv, Acrolein_NOAAPTR_ppbv, AcetonePropanal_NOAAPTR_ppbv, DMS_NOAAPTR_ppbv, C5H8_NOAAPTR_ppbv, MVKMAC_NOAAPTR_ppbv, Benzene_NOAAPTR_ppbv, Toluene_NOAAPTR_ppbv, Styrene_NOAAPTR_ppbv, Benzaldehyde_NOAAPTR_ppbv, C8Aromatics_NOAAPTR_ppbv, C9Aromatics_NOAAPTR_ppbv, Naphthalene_NOAAPTR_ppbv, Octanal_NOAAPTR_ppbv, Monoterpenes_NOAAPTR_ppbv, Nonanal_NOAAPTR_ppbv, C7H4ClF3_NOAAPTR_ppbv, C10H30O5Si5_NOAAPTR_ppbv
[from data line 62]
 3720.0, 9.18830, 0.20661, 2.34325, 4.13774, 0.00270, 0.26665, 4.23763, 0.01691, 0.14055, 0.22642, 0.05313, 0.24426, 0.02141, -0.02847, 0.16119, 0.04808, 0.01131, 0.06046, 0.11628, 0.07947, 0.02441, 0.00265 
 3780.0, 9.31522, 0.18954, 2.25999, 4.38987, 0.00517, 0.25360, 4.16805, 0.02088, 0.13094, 0.23665, 0.10897, 0.28397, 0.02533, 0.00681, 0.18023, 0.06317, 0.02495, 0.05834, 0.11499, 0.06294, 0.02639, 0.00379 
 3840.0, 10.19093, 0.21652, 2.16959, 3.75875, 0.00590, 0.25211, 4.13549, 0.03070, 0.14146, 0.21843, 0.03410, 0.27176, 0.02333, -0.02892, 0.15901, 0.05700, 0.02232, 0.06262, 0.10579, 0.11838, 0.02252, 0.00200 
 3900.0, 9.23246, 0.21086, 2.15198, 3.68568, 0.00260, 0.22424, 4.00076, 0.01389, 0.11079, 0.20009, -0.00083, 0.21560, 0.01251, -0.02307, 0.10199, 0.05008, 0.02756, 0.06618, 0.09245, 0.04982, 0.01861, 0.00350 
 3960.0, 9.88740, 0.21723, 2.25770, 3.56628, 0.00488, 0.25497, 4.07973, 0.00281, 0.15701, 0.22531, 0.03597, 0.24690, 0.02758, 0.00480, 0.11507, 0.04674, 0.07841, 0.07657, 0.11258, 0.05565, 0.01599, 0.00124 
 4020.0, 8.58595, 0.20596, 2.19107, 3.20419, 0.00469, 0.25873, 4.08561, 0.00722, 0.13758, 0.19106, 0.04875, 0.24184, 0.01950, -0.02209, 0.10655, 0.04150, 0.03915, 0.08220, 0.10583, 0.05080, 0.01942, 0.00064 
 4080.0, 8.17903, 0.20579, 2.15130, 3.31787, 0.00497, 0.25791, 4.12265, 0.03214, 0.14197, 0.21052, 0.08081, 0.25544, 0.03678, -0.01921, 0.11176, 0.04458, 0.03615, 0.06451, 0.09869, 0.05171, 0.02098, 0.00194 
 4140.0, 9.17635, 0.22144, 2.27266, 3.58271, 0.00261, 0.24985, 4.16596, 0.04114, 0.11137, 0.19027, 0.08124, 0.23417, 0.02884, -0.00871, 0.12088, 0.03621, 0.02803, 0.05288, 0.10337, 0.08580, 0.01888, 0.00405 
 4200.0, 8.57194, 0.21772, 2.22644, 3.61784, 0.00757, 0.26683, 4.17966, 0.03214, 0.08524, 0.19801, 0.04250, 0.23746, 0.02994, -0.01310, 0.14071, 0.05176, 0.00374, 0.06964, 0.10073, 0.05245, 0.03014, 0.00401 
 4260.0, 7.98436, 0.19115, 2.00325, 2.66365, 0.00698, 0.26246, 4.22908, 0.02578, 0.11048, 0.19059, 0.04727, 0.19991, 0.02217, -0.01929, 0.11152, 0.06024, 0.03692, 0.06636, 0.08173, 0.06291, 0.01985, 0.00155 
 4320.0, 8.66305, 0.19132, 2.23807, 3.08007, 0.00681, 0.30314, 4.31629, 0.00899, 0.12458, 0.19325, 0.08859, 0.25294, 0.03588, -0.00904, 0.16135, 0.07272, 0.02612, 0.08372, 0.09820, 0.05072, 0.02839, 0.00148 
 4380.0, 8.58549, 0.20566, 1.93190, 1.94650, 0.00206, 0.21953, 4.07714, 0.02353, 0.16075, 0.18213, 0.04262, 0.20320, 0.01546, -0.01192, 0.11302, 0.05163, 0.02056, 0.07472, 0.11378, 0.05136, 0.01483, -0.00005 
 4440.0, 9.82788, 0.20331, 1.93101, 1.97672, 0.00464, 0.25909, 4.07340, 0.03023, 0.09672, 0.20661, 0.11417, 0.17293, 0.00831, -0.00064, 0.11876, 0.04692, 0.00464, 0.07869, 0.10595, 0.06183, 0.01059, 0.00340 
 4500.0, 9.55610, 0.19337, 2.00984, 2.66467, 0.00578, 0.24620, 4.13399, 0.03144, 0.12168, 0.19460, 0.08574, 0.20046, 0.02596, -0.00616, 0.12206, 0.04907, 0.01213, 0.07201, 0.10182, 0.05436, 0.00468, 0.00075 
 4560.0, 9.21068, 0.19292, 2.06498, 2.03665, 0.00933, 0.24689, 4.17360, 0.03368, 0.14990, 0.19254, 0.03766, 0.16103, 0.03847, 0.00584, 0.10786, 0.05390, -0.00285, 0.10937, 0.10831, 0.07494, 0.00353, 0.00028 
 4620.0, 8.65637, 0.20512, 1.74217, 1.64667, 0.00112, 0.24595, 4.07008, 0.02352, 0.16625, 0.19270, 0.03114, 0.12393, 0.04004, -0.00535, 0.08585, 0.04116, 0.00952, 0.08615, 0.14073, 0.06859, 0.00720, -0.00042 
 4680.0, 8.93387, 0.19092, 1.88345, 1.32784, 0.00031, 0.22840, 4.10122, 0.00500, 0.15722, 0.20167, 0.01622, 0.15255, 0.02990, -0.00268, 0.09116, 0.04849, 0.01110, 0.09485, 0.11951, 0.07969, 0.00518, 0.00174 
 4740.0, 8.53459, 0.21276, 1.88418, 1.45570, 0.00658, 0.26401, 4.09975, 0.02468, 0.18631, 0.20092, 0.06627, 0.13539, 0.05312, 0.00266, 0.09442, 0.04451, -0.01132, 0.07139, 0.15328, 0.07535, 0.00775, -0.00013 
 4800.0, 10.62868, 0.19717, 1.94390, 1.73403, 0.00433, 0.25801, 4.08224, 0.02774, 0.15503, 0.21955, 0.06769, 0.17234, 0.05244, 0.00509, 0.10286, 0.04470, 0.00047, 0.07966, 0.17041, 0.09577, 0.00834, 0.00042 
 4860.0, 10.27285, 0.21295, 1.82912, 1.75758, 0.00755, 0.24817, 4.09534, 0.03193, 0.18413, 0.20472, 0.02745, 0.13970, 0.03350, 0.00929, 0.08952, 0.05049, 0.00967, 0.08895, 0.15825, 0.09498, 0.00505, 0.00142 
 4920.0, 10.04258, 0.19671, 1.84113, 2.37714, 0.00298, 0.22329, 4.13079, 0.01776, 0.22602, 0.20931, 0.05339, 0.15335, 0.01578, -0.00220, 0.09693, 0.06847, 0.00766, 0.08507, 0.17820, 0.07553, 0.00491, 0.00243 
 4980.0, 9.70305, 0.18999, 1.88001, 2.05965, 0.00606, 0.23718, 4.02348, 0.02263, 0.12000, 0.18406, 0.01604, 0.18127, 0.03326, -0.01306, 0.09562, 0.05365, -0.00491, 0.10055, 0.17351, 0.08116, 0.01492, 0.00049 
 5040.0, 9.84103, 0.19630, 1.96535, 1.78375, 0.00422, 0.23288, 4.06290, 0.02661, 0.14569, 0.20660, 0.04031, 0.17226, 0.01826, 0.00124, 0.09931, 0.04216, -0.01451, 0.10953, 0.15511, 0.18050, 0.00938, 0.00129 
 5100.0, 8.85940, 0.18477, 2.02800, 2.34681, 0.00437, 0.24853, 4.03832, 0.00088, 0.19003, 0.17212, 0.06211, 0.16812, 0.00651, -0.00132, 0.11049, 0.06120, -0.00398, 0.10272, 0.19072, 0.07892, 0.01100, 0.00317 
 5160.0, 8.74812, 0.19494, 1.79507, 1.67736, 0.00404, 0.23067, 4.01072, 0.00657, 0.15629, 0.18643, 0.05628, 0.18331, 0.00680, 0.00142, 0.08289, 0.05224, -0.00057, 0.09808, 0.15209, 0.06585, 0.00959, 0.00265 
 5220.0, 9.47464, 0.18240, 1.86602, 1.94707, 0.00449, 0.21810, 4.02507, 0.01796, 0.13275, 0.18630, 0.06395, 0.16867, 0.02162, -0.01842, 0.10144, 0.04766, -0.01828, 0.08040, 0.16313, 0.08237, 0.01150, 0.00502 
 5280.0, 9.86835, 0.18728, 1.81886, 2.20826, 0.00053, 0.22983, 3.99493, 0.01855, 0.15995, 0.20277, 0.02896, 0.20507, 0.00370, -0.01320, 0.11907, 0.04935, -0.01007, 0.12029, 0.16479, 0.08706, 0.00485, 0.00299 
 5340.0, 9.42056, 0.18778, 1.87691, 1.95102, 0.00241, 0.25018, 4.01866, -0.00090, 0.12330, 0.19617, 0.04521, 0.18761, 0.02535, 0.00376, 0.11475, 0.04394, 0.00662, 0.09730, 0.16100, 0.08437, 0.01793, 0.00131 
 5400.0, 8.93445, 0.19473, 1.82638, 2.19853, 0.00214, 0.23158, 3.89535, 0.01364, 0.14019, 0.18602, 0.05709, 0.17556, -0.00946, 0.00134, 0.11309, 0.06062, -0.00338, 0.09362, 0.17758, 0.06294, 0.00637, 0.00253 
 5460.0, 9.74594, 0.19727, 1.86687, 2.20289, 0.00720, 0.23027, 3.99010, 0.02504, 0.15942, 0.18441, 0.02323, 0.17889, 0.00532, -0.01864, 0.11869, 0.06194, -0.00856, 0.07329, 0.17552, 0.04761, 0.01111, 0.00125 
 5520.0, 9.92147, 0.19276, 1.83389, 2.28458, 0.00393, 0.20928, 3.95638, 0.01803, 0.13341, 0.19350, 0.07463, 0.18603, 0.01555, -0.01653, 0.10986, 0.06016, -0.00838, 0.09694, 0.20078, 0.07641, 0.00675, 0.00345 
 5580.0, 10.27585, 0.19749, 1.90295, 2.20638, 0.00484, 0.27097, 4.08157, 0.02421, 0.15883, 0.20410, 0.10457, 0.23441, 0.04257, -0.00712, 0.15829, 0.07141, -0.00544, 0.09808, 0.19187, 0.07649, 0.00406, 0.00254 
 5640.0, 8.93092, 0.19141, 1.80006, 1.78221, 0.00348, 0.25671, 3.96479, 0.01631, 0.15382, 0.19764, 0.06949, 0.15629, 0.03008, -0.01272, 0.11278, 0.05245, -0.00981, 0.08959, 0.20316, 0.06354, 0.01126, 0.00024 
 5700.0, 9.79950, 0.19353, 1.76240, 1.46249, 0.00671, 0.25405, 4.00529, -0.00095, 0.18169, 0.20927, 0.09646, 0.17681, 0.03910, 0.02010, 0.11970, 0.04799, 0.00092, 0.10339, 0.17342, 0.07247, 0.00903, 0.00202 
 5760.0, 9.63838, 0.19556, 1.80603, 1.85948, 0.00347, 0.26762, 4.03570, 0.02861, 0.13247, 0.20101, 0.07630, 0.21805, 0.02340, 0.00486, 0.15377, 0.06011, -0.00686, 0.07783, 0.18698, 0.09485, 0.01345, 0.00265 
 5820.0, 8.85788, 0.20188, 1.66989, 1.61759, 0.00156, 0.22404, 3.94402, 0.03048, 0.10826, 0.18473, 0.10157, 0.18609, 0.04941, -0.00689, 0.15699, 0.06131, -0.00982, 0.10013, 0.18683, 0.08047, 0.01166, 0.00331 
 5880.0, 9.59519, 0.19933, 1.78715, 1.67739, 0.00227, 0.22255, 3.95630, 0.00378, 0.16421, 0.17443, 0.07490, 0.20752, 0.04785, -0.00304, 0.14492, 0.05475, 0.00357, 0.07396, 0.18310, 0.08053, 0.01006, 0.00281 
 5940.0, 10.06884, 0.19606, 1.76867, 1.93936, 0.00374, 0.23306, 3.90615, 0.01890, 0.12692, 0.19144, 0.05121, 0.17943, 0.03460, -0.01829, 0.14469, 0.06270, -0.00367, 0.10252, 0.15755, 0.06499, 0.01191, 0.00139 
 6000.0, 9.65098, 0.18696, 1.71091, 2.00711, 0.00183, 0.20660, 3.89808, 0.01407, 0.14313, 0.18390, 0.07244, 0.20418, 0.00535, -0.00579, 0.13773, 0.05406, -0.00735, 0.07413, 0.15321, 0.05731, 0.00746, 0.00115 
 6060.0, 8.54784, 0.19407, 1.55442, 1.49846, -0.00016, 0.16830, 3.59909, 0.01557, 0.09142, 0.15589, 0.02916, 0.16762, 0.03094, -0.04808, 0.09509, 0.05129, -0.01343, 0.07712, 0.13111, 0.07290, 0.00929, 0.00014 
 6120.0, 8.95308, 0.19119, 1.57890, 1.69452, 0.00413, 0.24223, 3.67064, 0.02648, 0.10639, 0.17684, 0.04540, 0.15129, 0.00166, -0.03429, 0.12190, 0.04704, 0.00699, 0.06654, 0.13576, 0.07595, 0.00440, 0.00105 
 6180.0, 8.39552, 0.18595, 1.54557, 1.70390, 0.00027, 0.20599, 3.60809, 0.01209, 0.06741, 0.16862, 0.07481, 0.18978, 0.01847, -0.00902, 0.13428, 0.05044, -0.00283, 0.09054, 0.12946, 0.06691, 0.00867, 0.00153 
 6240.0, 7.65338, 0.19214, 1.57725, 1.35387, 0.00247, 0.20025, 3.54133, 0.00690, 0.06139, 0.18944, 0.04612, 0.17762, 0.02673, -0.03437, 0.12765, 0.04471, -0.01226, 0.05981, 0.12980, 0.07147, 0.00535, 0.00288 
 6300.0, 8.42615, 0.18871, 1.45507, 1.57148, 0.00152, 0.18636, 3.50975, 0.01551, 0.09998, 0.16553, 0.05569, 0.13703, -0.00935, -0.01572, 0.11621, 0.05140, -0.00264, 0.07448, 0.12866, 0.06360, 0.00767, 0.00137 
 6360.0, 8.16302, 0.20071, 1.55876, 1.51516, 0.00293, 0.19747, 3.49442, 0.01805, 0.12446, 0.15144, 0.06399, 0.17455, -0.00269, -0.01967, 0.17710, 0.03147, -0.00796, 0.06966, 0.12667, 0.05697, 0.01593, 0.00113 
 6420.0, 8.70157, 0.18250, 1.45028, 1.75953, 0.00230, 0.15646, 3.44346, 0.00215, 0.18619, 0.16064, 0.05064, 0.17427, 0.02997, -0.04584, 0.18066, 0.04763, 0.00179, 0.08190, 0.12529, 0.05700, 0.01450, 0.00165 
 6480.0, 8.37087, 0.18952, 1.52343, 1.83313, 0.00438, 0.18569, 3.55623, 0.00618, 0.10834, 0.16397, 0.08715, 0.14396, 0.02743, -0.03382, 0.15483, 0.04585, -0.00711, 0.05879, 0.12938, 0.04872, 0.00785, 0.00461 
 6540.0, 9.46211, 0.19949, 1.39351, 1.78589, 0.00273, 0.18201, 3.56220, 0.00734, 0.12267, 0.16376, 0.07968, 0.14828, 0.02554, -0.01339, 0.12576, 0.05597, 0.00377, 0.06308, 0.10697, 0.04158, 0.00784, 0.00211 
 6600.0, 7.62412, 0.18680, 1.44835, 1.93768, 0.00240, 0.18687, 3.52018, 0.02279, 0.08686, 0.15890, 0.05014, 0.18148, -0.00931, -0.03428, 0.13577, 0.04088, -0.00339, 0.05985, 0.12161, 0.06007, 0.01592, 0.00147 
 6660.0, 8.23325, 0.18090, 1.52494, 2.06150, 0.00001, 0.18413, 3.59792, 0.01431, 0.11306, 0.17124, 0.07181, 0.20476, 0.03463, -0.01890, 0.16331, 0.05625, 0.00703, 0.07537, 0.12589, 0.07041, 0.01410, 0.00727 
 6720.0, 7.10129, 0.17631, 1.39057, 1.54278, 0.00153, 0.27384, 3.61961, 0.02687, 0.08804, 0.17187, 0.05481, 0.15395, 0.03003, -0.02729, 0.12567, 0.05444, 0.00885, 0.06224, 0.14089, 0.05887, 0.01075, 0.00132 
 6780.0, 8.27851, 0.19296, 1.44396, 1.79363, 0.00122, 0.18144, 3.65447, 0.00425, 0.06494, 0.15873, 0.02378, 0.17309, 0.02764, -0.05106, 0.16868, 0.05061, -0.00487, 0.04420, 0.10474, 0.07143, 0.02012, 0.00165 
 6840.0, 7.75443, 0.18805, 1.37980, 1.51925, 0.00126, 0.16540, 3.65736, 0.00946, 0.10565, 0.15094, 0.05181, 0.14191, 0.01392, -0.04125, 0.16920, 0.05449, 0.00782, 0.04902, 0.11179, 0.04437, 0.03917, 0.00050 
 6900.0, 8.75147, 0.16362, 1.65925, 9.57403, 0.00235, 0.19394, 3.65702, 0.01282, 0.31556, 0.14903, 0.52828, 1.38691, 0.09543, -0.04882, 0.92115, 0.28721, 0.01541, 0.07938, 0.10664, 0.18391, 0.02670, 0.00367 
 6960.0, 7.05596, 0.17633, 1.36757, 1.46348, -0.00078, 0.22252, 3.59498, 0.01217, 0.09553, 0.16337, 0.24622, 0.15551, 0.02359, 0.04175, 0.13698, 0.05161, 0.00420, 0.07671, 0.12474, 0.05267, 0.01705, 0.00341 
 7020.0, 7.77476, 0.17875, 1.40298, 1.90594, 0.00432, 0.21567, 3.64138, 0.01980, 0.08034, 0.15657, 0.33087, 0.17309, 0.02271, 0.11821, 0.17631, 0.05060, 0.01160, 0.08623, 0.11777, 0.05945, 0.02008, 0.00136 
 7080.0, 8.08034, 0.17773, 1.37660, 1.99732, 0.00459, 0.20192, 3.57321, 0.00636, 0.11846, 0.14172, 0.12183, 0.22890, 0.04002, -0.00603, 0.15298, 0.06085, 0.00390, 0.07012, 0.09853, 0.06385, 0.01773, -0.00021 
 7140.0, 6.74538, 0.17256, 1.31833, 1.38944, 0.00362, 0.24043, 3.31056, -0.00119, 0.12932, 0.16865, 0.11851, 0.18563, 0.04237, -0.01636, 0.14273, 0.06055, 0.01456, 0.06433, 0.09366, 0.05837, 0.01502, 0.00096 
 7200.0, 7.05342, 0.18392, 1.27013, 1.82361, 0.00364, 0.16059, 3.27640, 0.00704, 0.06391, 0.12562, 0.12111, 0.15353, -0.00924, -0.01540, 0.13155, 0.04265, 0.00956, 0.05463, 0.11739, 0.04773, 0.03236, 0.00036 
 7260.0, 7.03899, 0.17225, 1.23409, 1.50588, 0.00585, 0.14242, 3.16112, 0.00345, 0.09604, 0.13685, 0.03650, 0.17029, 0.00384, -0.02786, 0.15512, 0.04872, -0.00539, 0.05084, 0.07950, 0.03460, 0.04545, 0.00066 
 7320.0, 9.51536, 0.17327, 1.47541, 1.82480, 0.00222, 0.15815, 3.22462, 0.00604, 0.08557, 0.12776, 0.09759, 0.21708, -0.00922, -0.02946, 0.19728, 0.06858, 0.00847, 0.04257, 0.14149, 0.03477, 0.05231, 0.00116 
 7380.0, 8.03605, 0.17872, 1.44920, 2.16029, 0.00341, 0.17243, 3.28204, 0.01111, 0.10355, 0.13543, 0.01443, 0.17126, -0.00921, -0.05749, 0.16152, 0.05300, -0.00274, 0.06159, 0.11403, 0.02187, 0.04655, 0.00119 
 7440.0, 6.79320, 0.17829, 1.57178, 2.24418, 0.00239, 0.16657, 3.18945, -0.00123, 0.08201, 0.12286, 0.07288, 0.19492, 0.01954, -0.04753, 0.13582, 0.05658, -0.00596, 0.05015, 0.12474, 0.06730, 0.01484, 0.00412 
 7500.0, 7.41377, 0.16917, 1.35053, 2.61097, 0.00480, 0.15853, 3.13729, 0.01827, 0.07837, 0.13742, 0.07577, 0.23807, 0.01333, -0.03008, 0.13678, 0.05388, 0.00156, 0.03753, 0.09526, 0.03822, 0.01537, 0.00146 
 7560.0, 8.53065, 0.19236, 1.73970, 2.53585, 0.00745, 0.13403, 3.27293, 0.00414, 0.11966, 0.14052, 0.12197, 0.29382, 0.00266, -0.02516, 0.19766, 0.07573, 0.00098, 0.05047, 0.12800, 0.05694, 0.01418, 0.00151 
 7620.0, 7.20546, 0.18716, 1.34206, 2.91364, 0.00627, 0.14319, 3.01884, 0.01105, 0.07517, 0.11749, 0.04819, 0.24340, 0.00947, -0.06190, 0.16595, 0.05481, 0.00883, 0.05032, 0.09124, 0.04071, 0.00920, 0.00427 
 7680.0, 6.26523, 0.19945, 1.39774, 2.32445, 0.00628, 0.14960, 2.99640, 0.00510, 0.11417, 0.13443, 0.03895, 0.20136, 0.02658, -0.05450, 0.14570, 0.04611, -0.00538, 0.02454, 0.10306, 0.04894, 0.01200, 0.00240 
 7740.0, 7.09358, 0.18935, 1.24485, 2.12433, 0.00305, 0.14671, 3.04372, 0.02043, 0.11222, 0.12712, 0.00218, 0.18881, 0.01061, -0.05957, 0.12025, 0.06319, -0.01950, 0.03220, 0.11309, 0.03552, 0.01185, 0.00035 
 7800.0, 6.93747, 0.18460, 1.23129, 1.65865, 0.00301, 0.12227, 2.81838, 0.01465, 0.11085, 0.12598, 0.00393, 0.17375, 0.00925, -0.05018, 0.10378, 0.04250, -0.01181, 0.03780, 0.06987, 0.04524, 0.00588, 0.00249 
 7860.0, 6.25782, 0.17603, 1.24552, 2.16161, 0.00384, 0.12604, 2.89185, -0.00130, 0.08895, 0.12139, 0.04269, 0.15098, 0.01360, -0.04700, 0.10314, 0.04726, -0.00899, 0.01195, 0.07571, 0.04520, 0.01296, 0.00390 
 7920.0, 7.13648, 0.20400, 1.51828, 2.93580, 0.00612, 0.19914, 3.04404, 0.01450, 0.15618, 0.14060, 0.13352, 0.36724, 0.00019, -0.02776, 0.19796, 0.09154, -0.01295, 0.04030, 0.10322, 0.03804, 0.01045, 0.00344 
 7980.0, 7.26348, 0.17326, 1.15766, 2.21607, 0.00371, 0.12653, 2.95805, 0.01047, 0.08854, 0.12997, 0.09279, 0.18975, 0.00697, -0.03199, 0.10802, 0.04959, -0.00931, 0.03932, 0.08670, 0.04071, 0.00564, 0.00136 
 8040.0, 7.31013, 0.19376, 1.32691, 2.21937, 0.00062, 0.14297, 2.91685, 0.01209, 0.13977, 0.12616, 0.04609, 0.19386, -0.00913, -0.02706, 0.12209, 0.05189, -0.00899, 0.05537, 0.09532, 0.03482, 0.00958, 0.00537 
 8100.0, 5.04929, 0.16249, 0.84406, 1.31762, -0.00061, 0.11081, 2.61016, -0.00134, 0.05507, 0.10084, 0.03908, 0.10111, 0.00672, -0.03824, 0.06393, 0.02897, -0.00316, 0.03284, 0.04901, 0.04291, 0.00606, 0.00185 
 8160.0, 5.64177, 0.18399, 1.04669, 1.60708, 0.00095, 0.09493, 2.63512, 0.00666, 0.08686, 0.09490, 0.06119, 0.19643, 0.00544, -0.04516, 0.14646, 0.05874, 0.01061, 0.02599, 0.06046, 0.04298, 0.00575, 0.00418 
 8220.0, 6.27663, 0.16913, 0.94732, 1.82902, 0.00232, 0.13213, 2.60237, 0.00052, 0.07543, 0.10632, 0.05178, 0.15023, 0.01742, -0.04040, 0.10386, 0.03662, 0.00462, 0.03636, 0.05929, 0.02766, 0.00323, 0.00269 
