CampaignData_and_Merges/R0/CSL_MobileLab_Parked/raw/20240719/USOS-Picarro-CO2-CH4-CO-H2O_MobileLabGround_20240719_R0.ict
38, 1001
Ilana Pollack, Nell Schafer, and Jeff Peischl
NOAA Chemical Sciences Laboratory
Picarro 2401-m CO2/CH4/CO/H2O Analyzer
USOS
1, 1
2024, 07, 19, 2024, 11, 20
0
StartTime_UTC, seconds_past_midnight, seconds past midnight
5
1, 1, 1, 1, 1
-9999, -9999, -9999, -9999, -9999
StopTime_UTC, seconds_past_midnight, seconds past midnight
CO2_ppm_1min, ppm, Gas_CO2_InSitu_S_DMF, carbon dioxide mixing ratio
CH4_ppb_1min, ppb, Gas_CH4_InSitu_S_DMF, methane mixing ratio
CO_ppb_1min, ppb, Gas_CO_InSitu_S_DMF, carbon monoxide mixing ratio
H2O_ppmv_1min, ppmv, Met_H2OMRV_InSitu_S_AVMR, water vapor mixing ratio
1
SPECIAL COMMENTS: N/A
18
PI_CONTACT_INFO: Address: NOAA Chemical Sciences Laboratory, Mail Stop CSL7, 325 Broadway, Boulder, CO 80305; Email: Ilana.Pollack@noaa.gov
PLATFORM: NOAA CSL Mobile Laboratory
LOCATION: The mobile lab was stationed in Salt Lake City, Utah.
ASSOCIATED_DATA: N/A
INSTRUMENT_INFO: CO2, CH4, and CO are reported as dry air mole fractions using a commercial wavelength-scanned cavity ring-down analyzer (Picarro 2401-m). An in-field calibration gas standard of 432±0.07 ppm CO2, 2095±1 ppb CH4, and 183±1 ppb CO, calibrated in the Boulder laboratories before and after the field project using primary CO2, CH4, and CO standard tanks tied to the WMO standard (X2019, X2004A, and X2014A, respectively) from the Global Monitoring Laboratory (GML), was delivered to the inlet every 2-3 days to evaluate instrument sensitivity. A H2O measurement was calibrated before the project with a Dew Point Mirror 373 hygrometer. The water correction calculated from these calibrations was applied to the H2O measurement for the entire campaign. Species are measured at 0.5 Hz and reported as 1-minute averages for stationary measurements.
DATA_INFO: Units: CO2, ppm, dry air mole fraction; CH4, ppb, dry air mole fraction; CO, ppb, dry air mole fraction; H2O, ppmv
UNCERTAINTY: Total uncertainties are estimated as ±0.1 ppm for CO2, ±1 ppb for CH4, ±5 ppb for CO, and ±(50 ppm + 4%) for H2O.
ULOD_FLAG: -7777
ULOD_VALUE: N/A
LLOD_FLAG: -8888
LLOD_VALUE: N/A
DM_CONTACT_INFO: Data Manager: Nathan Howard; nathan.h.howard@noaa.gov
PROJECT_INFO: USOS Dates of Study: July – August 2024
STIPULATIONS_ON_USE: Use of these data require prior ok from PI.
OTHER_COMMENTS: Data are averaged to 1 minute intervals. Stationary data collected from a 10 ft tower on top of the mobile van.
REVISION: R0
R0: Final Data
StartTime_UTC, StopTime_UTC, CO2_ppm_1min, CH4_ppb_1min, CO_ppb_1min, H2O_ppmv_1min
0,60,-9999,-9999,-9999,-9999
60,120,-9999,-9999,-9999,-9999
120,180,-9999,-9999,-9999,-9999
180,240,-9999,-9999,-9999,-9999
240,300,-9999,-9999,-9999,-9999
300,360,-9999,-9999,-9999,-9999
360,420,-9999,-9999,-9999,-9999
420,480,-9999,-9999,-9999,-9999
480,540,-9999,-9999,-9999,-9999
540,600,-9999,-9999,-9999,-9999
600,660,-9999,-9999,-9999,-9999
660,720,-9999,-9999,-9999,-9999
720,780,-9999,-9999,-9999,-9999
780,840,-9999,-9999,-9999,-9999
840,900,-9999,-9999,-9999,-9999
900,960,-9999,-9999,-9999,-9999
960,1020,-9999,-9999,-9999,-9999
1020,1080,-9999,-9999,-9999,-9999
1080,1140,-9999,-9999,-9999,-9999
1140,1200,-9999,-9999,-9999,-9999
1200,1260,-9999,-9999,-9999,-9999
1260,1320,-9999,-9999,-9999,-9999
1320,1380,-9999,-9999,-9999,-9999
1380,1440,-9999,-9999,-9999,-9999
1440,1500,-9999,-9999,-9999,-9999
1500,1560,-9999,-9999,-9999,-9999
1560,1620,-9999,-9999,-9999,-9999
1620,1680,-9999,-9999,-9999,-9999
1680,1740,-9999,-9999,-9999,-9999
1740,1800,-9999,-9999,-9999,-9999
1800,1860,-9999,-9999,-9999,-9999
1860,1920,-9999,-9999,-9999,-9999
1920,1980,-9999,-9999,-9999,-9999
1980,2040,-9999,-9999,-9999,-9999
2040,2100,-9999,-9999,-9999,-9999
2100,2160,-9999,-9999,-9999,-9999
2160,2220,-9999,-9999,-9999,-9999
2220,2280,-9999,-9999,-9999,-9999
2280,2340,-9999,-9999,-9999,-9999
2340,2400,-9999,-9999,-9999,-9999
2400,2460,-9999,-9999,-9999,-9999
2460,2520,-9999,-9999,-9999,-9999
2520,2580,-9999,-9999,-9999,-9999
2580,2640,-9999,-9999,-9999,-9999
2640,2700,-9999,-9999,-9999,-9999
2700,2760,-9999,-9999,-9999,-9999
2760,2820,-9999,-9999,-9999,-9999
2820,2880,-9999,-9999,-9999,-9999
2880,2940,-9999,-9999,-9999,-9999
2940,3000,-9999,-9999,-9999,-9999
3000,3060,-9999,-9999,-9999,-9999
3060,3120,-9999,-9999,-9999,-9999
3120,3180,-9999,-9999,-9999,-9999
3180,3240,-9999,-9999,-9999,-9999
3240,3300,-9999,-9999,-9999,-9999
3300,3360,-9999,-9999,-9999,-9999
3360,3420,-9999,-9999,-9999,-9999
3420,3480,-9999,-9999,-9999,-9999
3480,3540,-9999,-9999,-9999,-9999
3540,3600,-9999,-9999,-9999,-9999
3600,3660,-9999,-9999,-9999,-9999
3660,3720,-9999,-9999,-9999,-9999
3720,3780,-9999,-9999,-9999,-9999
3780,3840,-9999,-9999,-9999,-9999
3840,3900,-9999,-9999,-9999,-9999
3900,3960,-9999,-9999,-9999,-9999
3960,4020,-9999,-9999,-9999,-9999
4020,4080,-9999,-9999,-9999,-9999
4080,4140,-9999,-9999,-9999,-9999
4140,4200,-9999,-9999,-9999,-9999
4200,4260,-9999,-9999,-9999,-9999
4260,4320,-9999,-9999,-9999,-9999
4320,4380,-9999,-9999,-9999,-9999
4380,4440,-9999,-9999,-9999,-9999
4440,4500,-9999,-9999,-9999,-9999
4500,4560,433.07,1957.8,157.7,12876.0156
4560,4620,431.33,1954.9,150.9,12798.2314
4620,4680,430.53,1952.6,143.7,12738.4189
4680,4740,431.08,1952.8,153.2,12765.6221
4740,4800,431.31,1954.0,147.2,12814.7500
4800,4860,431.06,1953.2,147.6,12835.2109
4860,4920,431.85,1953.1,145.9,12853.1650
4920,4980,431.82,1954.2,144.2,12921.9541
4980,5040,431.82,1953.8,148.5,12787.5850
5040,5100,432.38,1954.4,149.0,12844.1162
5100,5160,431.75,1953.4,144.7,12732.7617
5160,5220,431.20,1952.4,143.0,12596.6133
5220,5280,431.22,1952.4,143.2,12534.2393
5280,5340,431.09,1952.8,146.0,12486.4971
5340,5400,432.27,1954.0,157.9,12553.9775
5400,5460,431.72,1953.5,153.5,12544.7246
5460,5520,431.98,1953.9,153.7,12584.6191
5520,5580,432.01,1954.4,154.4,12600.1240
5580,5640,431.64,1953.6,154.8,12660.1025
5640,5700,431.34,1953.1,150.7,12697.0244
5700,5760,431.87,1953.4,151.8,12701.1270
5760,5820,432.04,1953.4,152.9,12603.3916
5820,5880,432.48,1954.2,154.8,12604.5518
5880,5940,432.33,1954.6,153.0,12584.8994
5940,6000,432.52,1955.0,152.4,12575.3164
6000,6060,432.61,1954.6,155.0,12438.0615
6060,6120,432.26,1954.4,156.4,12302.5176
6120,6180,432.67,1955.0,157.8,12338.3027
6180,6240,432.93,1955.1,162.8,12261.1836
6240,6300,432.91,1955.1,165.7,12216.2813
6300,6360,432.75,1955.5,161.0,12232.7266
6360,6420,431.23,1954.0,148.0,12220.0742
6420,6480,432.14,1954.4,155.7,12276.3779
6480,6540,432.04,1954.4,150.4,12231.6670
6540,6600,433.32,1955.5,158.4,12267.9961
6600,6660,433.27,1955.4,154.1,12379.1631
6660,6720,433.27,1955.3,159.0,12252.0693
6720,6780,432.94,1955.3,155.3,12226.6152
6780,6840,433.93,1955.3,158.9,12269.2090
6840,6900,433.04,1954.6,154.1,12215.2002
6900,6960,433.60,1954.3,155.3,12249.0879
6960,7020,434.79,1954.8,154.1,12305.5000
7020,7080,436.52,1954.8,155.1,12449.5684
7080,7140,432.59,1953.4,149.7,11819.7539
7140,7200,435.06,1954.6,151.0,11852.1328
7200,7260,437.44,1953.9,150.4,11947.6934
7260,7320,437.45,1954.6,162.3,11763.9834
7320,7380,442.64,1956.2,201.7,11897.2676
7380,7440,439.92,1957.2,187.0,11993.8262
7440,7500,440.11,1957.6,186.1,11781.8457
7500,7560,442.74,1961.0,209.3,11751.6270
7560,7620,439.10,1960.5,194.9,11679.4463
7620,7680,436.81,1958.8,170.9,11725.2510
7680,7740,436.51,1958.4,163.2,11819.4717
7740,7800,438.73,1959.2,163.9,11965.9609
7800,7860,436.08,1958.4,158.2,11793.4248
7860,7920,441.01,1959.3,172.0,12120.3799
7920,7980,438.17,1959.3,169.9,11868.6807
7980,8040,436.12,1959.8,158.4,11856.5381
8040,8100,434.35,1956.4,151.9,11492.9082
8100,8160,435.75,1955.4,321.4,11335.3721
8160,8220,433.55,1953.7,176.7,10983.3564
8220,8280,431.56,1952.8,147.4,10714.4502
8280,8340,430.38,1952.5,133.6,10621.2471
8340,8400,428.86,1951.0,126.8,10586.3789
8400,8460,429.14,1951.0,129.0,10605.2764
8460,8520,429.38,1951.0,127.6,10612.8047
8520,8580,429.50,1951.4,130.0,10627.7432
8580,8640,429.38,1951.8,126.7,10621.6406
8640,8700,429.60,1952.0,130.2,10640.2793
8700,8760,430.04,1952.4,130.6,10668.4570
8760,8820,429.96,1952.6,130.7,10653.0127
8820,8880,430.76,1953.6,137.3,10709.8359
8880,8940,430.76,1954.3,135.3,10749.3086
8940,9000,430.97,1954.4,133.1,10724.5879
9000,9060,431.82,1954.8,146.4,10766.0137
9060,9120,433.39,1955.5,154.3,10964.4834
9120,9180,433.37,1955.0,172.7,10841.4541
9180,9240,437.52,1955.8,173.9,10901.0967
9240,9300,443.73,1957.7,198.1,10836.8203
9300,9360,446.09,1959.3,209.4,11231.9980
9360,9420,441.95,1960.1,208.3,10981.6895
9420,9480,436.38,1959.6,172.0,10954.7422
9480,9540,434.94,1960.7,163.2,10922.0088
9540,9600,440.53,1962.5,216.6,11243.3682
9600,9660,437.87,1962.0,190.8,11313.8457
9660,9720,437.90,1962.7,164.7,11386.8848
9720,9780,437.73,1963.1,174.0,11279.7666
9780,9840,436.36,1962.8,163.6,11288.4082
9840,9900,435.24,1962.9,160.1,11207.3516
9900,9960,437.77,1962.7,163.8,11371.7744
9960,10020,444.58,1964.4,198.4,11360.1992
10020,10080,446.48,1964.4,203.2,11497.6152
10080,10140,440.61,1959.2,177.8,11356.5381
10140,10200,438.49,1957.1,171.8,11175.1592
10200,10260,437.82,1956.2,178.0,11149.3594
10260,10320,435.89,1954.2,216.9,11130.0811
10320,10380,434.57,1952.0,163.8,11190.0117
10380,10440,435.87,1953.2,153.1,11145.1973
10440,10500,434.51,1951.6,162.9,11447.2393
10500,10560,433.40,1952.3,154.2,11455.5156
10560,10620,433.32,1952.6,153.8,11529.2881
10620,10680,433.11,1952.4,151.4,11617.6973
10680,10740,433.85,1952.8,160.4,11675.1016
10740,10800,433.68,1952.5,157.1,11760.7402
10800,10860,436.75,1952.8,164.4,11928.5000
10860,10920,436.60,1952.7,163.8,11902.4521
10920,10980,433.34,1951.6,152.3,11914.5020
10980,11040,436.45,1951.9,161.4,12045.3828
11040,11100,433.29,1951.6,151.1,11955.1377
11100,11160,433.43,1952.3,154.7,11987.3867
11160,11220,434.44,1953.0,161.8,12007.7939
11220,11280,436.83,1953.3,171.1,12089.4795
11280,11340,441.22,1953.6,203.6,12349.6201
11340,11400,435.63,1953.4,166.5,12148.4170
11400,11460,434.75,1952.8,159.3,12162.9355
11460,11520,436.95,1953.1,158.5,12241.2236
11520,11580,436.86,1953.0,169.6,12271.7725
11580,11640,436.50,1953.4,170.4,12243.1875
11640,11700,437.01,1953.4,169.0,12315.7051
11700,11760,437.63,1954.6,163.0,12456.6387
11760,11820,437.57,1956.9,156.9,12548.0859
11820,11880,435.20,1955.5,147.2,12478.0479
11880,11940,435.66,1955.2,143.9,12598.0039
11940,12000,436.16,1956.5,144.5,12626.4619
12000,12060,434.20,1954.7,141.5,12532.7617
12060,12120,435.03,1955.6,144.1,12565.6641
12120,12180,438.23,1956.9,144.7,12741.5791
12180,12240,433.97,1953.5,147.6,12506.3350
12240,12300,433.42,1952.7,146.9,12476.3496
12300,12360,433.86,1953.3,145.4,12467.1934
12360,12420,434.18,1952.8,144.5,12481.7832
12420,12480,437.66,1955.7,148.8,12685.9365
12480,12540,439.73,1957.0,160.8,12659.6963
12540,12600,436.26,1955.3,150.7,12595.9639
12600,12660,433.11,1953.1,143.3,12428.0527
12660,12720,434.03,1953.4,147.1,12433.0996
12720,12780,438.70,1955.9,156.0,12525.8965
12780,12840,446.43,1959.4,173.9,12614.6846
12840,12900,445.03,1960.7,410.1,12596.3418
12900,12960,446.88,1961.2,266.4,12529.7900
12960,13020,445.14,1960.9,256.4,12588.7295
13020,13080,444.14,1963.1,252.4,12621.6094
13080,13140,445.98,1963.6,265.3,12699.1563
13140,13200,444.92,1962.5,217.5,12704.1709
13200,13260,447.38,1964.0,224.5,12822.7227
13260,13320,450.09,1965.2,197.2,12812.4629
13320,13380,451.16,1965.7,185.4,12814.9463
13380,13440,455.01,1968.3,206.3,12867.0547
13440,13500,448.32,1967.7,189.0,12726.1943
13500,13560,446.46,1968.9,179.4,12705.0723
13560,13620,442.81,1963.5,165.6,12590.5283
13620,13680,443.61,1962.3,166.8,12630.8867
13680,13740,442.76,1961.3,174.9,12581.4209
13740,13800,434.68,1953.8,145.7,12403.3545
13800,13860,439.52,1961.7,157.7,12613.2822
13860,13920,451.61,1976.4,226.8,12957.1016
13920,13980,451.19,1973.1,265.9,13026.9492
13980,14040,446.04,1969.7,206.6,12872.2334
14040,14100,446.94,1971.0,207.0,12804.5576
14100,14160,444.30,1969.3,196.0,12768.3340
14160,14220,444.12,1968.7,194.6,12819.1270
14220,14280,444.31,1968.4,193.4,12879.6729
14280,14340,443.05,1967.3,193.6,12965.6641
14340,14400,450.84,1969.7,186.9,13214.7090
14400,14460,443.16,1968.3,187.9,12985.9238
14460,14520,435.24,1959.2,151.4,12761.0830
14520,14580,435.72,1958.5,149.6,12773.3438
14580,14640,435.42,1957.6,146.7,12751.3232
14640,14700,435.75,1958.3,145.9,12782.6543
14700,14760,438.58,1959.9,146.3,12891.9004
14760,14820,441.61,1961.8,148.9,13061.7715
14820,14880,437.50,1960.6,147.5,12888.6631
14880,14940,437.15,1960.7,147.9,12853.3037
14940,15000,436.17,1959.0,146.1,12780.6846
15000,15060,440.16,1965.7,165.6,13038.0127
15060,15120,443.06,1972.8,192.3,13236.9707
15120,15180,445.67,1974.5,185.3,13314.3203
15180,15240,451.95,1973.8,186.8,13508.6162
15240,15300,447.17,1972.2,180.0,13423.9619
15300,15360,443.68,1972.5,183.4,13258.9863
15360,15420,443.72,1974.5,179.0,13301.7227
15420,15480,442.67,1972.3,170.0,13300.8594
15480,15540,439.28,1969.9,162.6,13139.3184
15540,15600,437.57,1969.4,160.1,13078.2520
15600,15660,438.34,1968.9,158.7,13116.5762
15660,15720,443.34,1974.8,177.0,13287.0781
15720,15780,445.71,1978.8,184.6,13437.5742
15780,15840,446.25,1979.1,188.8,13457.8057
15840,15900,446.13,1979.7,191.4,13464.6348
15900,15960,445.71,1979.1,169.1,13513.7109
15960,16020,446.44,1982.0,170.4,13681.1299
16020,16080,444.92,1980.8,178.3,13805.4131
16080,16140,444.80,1981.6,182.2,13852.5459
16140,16200,445.40,1982.5,182.0,13904.9805
16200,16260,444.65,1981.2,182.8,13905.4639
16260,16320,445.79,1981.7,181.3,13919.8467
16320,16380,447.32,1982.8,178.7,14032.5449
16380,16440,446.42,1981.8,177.2,14054.7139
16440,16500,444.02,1980.2,178.3,14026.0508
16500,16560,446.45,1979.1,192.8,14065.9932
16560,16620,451.21,1979.4,244.3,13883.4727
16620,16680,448.91,1975.9,200.6,13578.6035
16680,16740,450.21,1977.9,182.9,13659.8750
16740,16800,453.67,1978.0,191.0,13730.9541
16800,16860,457.34,1977.1,186.7,13874.7764
16860,16920,457.44,1978.0,197.9,13887.8232
16920,16980,451.76,1974.7,179.8,13541.7568
16980,17040,448.27,1973.1,188.0,13288.6230
17040,17100,446.88,1970.8,153.2,13304.2910
17100,17160,448.79,1971.6,157.7,13311.4619
17160,17220,444.14,1970.9,150.3,13109.4629
17220,17280,447.87,1972.1,166.8,13215.7051
17280,17340,448.84,1969.5,163.5,13164.7891
17340,17400,446.89,1968.8,152.6,13098.8906
17400,17460,444.49,1968.2,154.2,13004.7373
17460,17520,445.00,1968.4,151.5,12985.7510
17520,17580,445.45,1969.0,165.3,12971.6455
17580,17640,447.84,1970.9,164.2,13037.4355
17640,17700,451.93,1971.2,171.1,13141.5713
17700,17760,453.39,1969.8,170.1,13154.0537
17760,17820,448.22,1969.1,175.1,12982.9111
17820,17880,446.25,1964.6,158.0,12835.3965
17880,17940,444.98,1963.2,152.4,12770.9414
17940,18000,443.53,1962.2,157.4,12694.0801
18000,18060,445.30,1962.9,163.2,12771.1572
18060,18120,445.91,1962.4,151.1,12845.9766
18120,18180,444.30,1963.2,156.0,12734.9658
18180,18240,445.27,1963.4,154.5,12789.8994
18240,18300,444.97,1962.9,150.7,12842.0322
18300,18360,442.43,1963.4,147.8,12902.5332
18360,18420,442.26,1961.9,138.4,13342.3232
18420,18480,437.73,1960.5,132.5,13576.2715
18480,18540,436.37,1960.2,129.6,13744.6787
18540,18600,434.81,1959.1,128.0,13801.5889
18600,18660,435.62,1959.0,127.9,13875.5576
18660,18720,436.69,1958.9,128.3,14060.5723
18720,18780,436.16,1959.3,135.0,13990.9180
18780,18840,435.13,1959.2,132.1,13953.4102
18840,18900,434.95,1958.5,132.6,13971.3857
18900,18960,434.13,1957.7,129.2,13970.5371
18960,19020,434.33,1958.2,128.2,14009.5127
19020,19080,434.41,1957.7,126.0,14036.4307
19080,19140,434.41,1957.4,127.9,14060.3262
19140,19200,435.08,1957.1,128.0,14147.0762
19200,19260,433.58,1956.6,126.7,13998.1172
19260,19320,433.78,1956.1,127.9,14021.8242
19320,19380,434.92,1956.6,130.8,14099.6211
19380,19440,434.90,1956.8,130.4,14081.1816
19440,19500,432.98,1955.5,127.4,13922.6338
19500,19560,432.89,1954.9,134.2,13885.7617
19560,19620,432.39,1954.8,134.7,13822.0439
19620,19680,432.88,1954.9,141.5,13849.9326
19680,19740,433.29,1954.4,132.0,13836.6299
19740,19800,433.57,1954.0,129.4,13832.4561
19800,19860,431.99,1953.2,125.3,13636.2334
19860,19920,431.73,1953.1,124.3,13658.8232
19920,19980,431.58,1952.6,123.3,13609.5762
19980,20040,431.18,1952.4,128.8,13551.0938
20040,20100,432.17,1952.8,130.5,13602.8232
20100,20160,431.65,1952.1,127.1,13552.6934
20160,20220,431.14,1952.0,126.8,13450.0234
20220,20280,431.90,1952.0,126.6,13531.0088
20280,20340,431.70,1952.0,124.4,13523.6318
20340,20400,430.90,1951.4,124.8,13400.9531
20400,20460,431.57,1951.6,125.0,13460.2031
20460,20520,430.41,1951.5,123.1,13352.7422
20520,20580,431.19,1951.7,126.5,13466.8291
20580,20640,431.01,1951.9,123.6,13389.1924
20640,20700,430.82,1952.1,127.0,13386.9365
20700,20760,430.77,1952.2,125.0,13359.3086
20760,20820,431.22,1952.7,122.8,13421.3477
20820,20880,431.12,1953.3,124.0,13405.4775
20880,20940,430.91,1953.7,128.7,13375.0557
20940,21000,431.12,1954.2,139.7,13383.1221
21000,21060,431.25,1953.6,126.4,13414.8057
21060,21120,431.05,1954.0,125.2,13404.4658
21120,21180,431.85,1954.2,122.6,13476.3184
21180,21240,430.88,1954.1,124.1,13371.2080
21240,21300,431.16,1954.6,131.7,13389.7051
21300,21360,430.78,1954.7,125.6,13342.0361
21360,21420,431.02,1955.6,124.0,13376.0762
21420,21480,431.23,1955.9,125.7,13370.6650
21480,21540,431.66,1955.8,126.6,13398.0850
21540,21600,430.80,1954.9,122.1,13378.7998
21600,21660,431.15,1955.2,122.0,13387.5410
21660,21720,431.36,1955.3,123.3,13433.1514
21720,21780,431.07,1954.5,123.0,13400.8730
21780,21840,431.50,1955.3,122.9,13454.1064
21840,21900,431.34,1955.5,121.4,13443.4561
21900,21960,432.31,1956.2,126.7,13528.5479
21960,22020,431.36,1956.2,122.8,13399.8838
22020,22080,431.52,1955.9,125.0,13423.7598
22080,22140,432.48,1956.0,123.2,13502.7295
22140,22200,431.25,1955.7,123.3,13390.7666
22200,22260,431.59,1956.0,121.9,13421.0322
22260,22320,431.44,1955.6,119.8,13405.7441
22320,22380,432.16,1955.6,122.9,13510.9121
22380,22440,432.44,1955.7,119.9,13486.0322
22440,22500,431.38,1955.4,121.2,13392.4473
22500,22560,431.64,1955.6,124.0,13420.5039
22560,22620,431.57,1955.7,121.3,13398.8027
22620,22680,432.08,1956.5,121.8,13461.2402
22680,22740,432.06,1955.9,127.6,13456.6396
22740,22800,433.03,1956.2,125.8,13589.5107
22800,22860,432.39,1955.8,124.1,13493.8604
22860,22920,433.31,1955.8,126.4,13524.1719
22920,22980,432.56,1955.3,121.1,13475.1670
22980,23040,432.12,1955.0,126.1,13450.3486
23040,23100,431.97,1955.4,121.4,13457.9980
23100,23160,432.34,1954.7,121.7,13495.6777
23160,23220,431.42,1954.2,120.1,13420.3730
23220,23280,431.64,1953.9,121.0,13440.3730
23280,23340,431.98,1954.2,120.9,13460.1953
23340,23400,431.90,1954.0,120.8,13466.5039
23400,23460,432.33,1953.8,120.3,13520.3584
23460,23520,432.12,1953.7,120.8,13515.0938
