CampaignData_and_Merges/R0/CSL_MobileLab_Parked/raw/20240719/USOS-MetNav_MobileLabGround_20240719_R0.ict
44, 1001
Carrie Womack, Nate Howard, Mike Zucker
NOAA Chemical Sciences Laboratory
Mobile Lab MetNav Station
USOS
1, 1
2024, 07, 19, 2024, 12, 21
60
Time_Start, seconds_past_midnight, Seconds from midnight UTC
11
1, 1, 1, 1, 1, 1, 1, 1, 1, 1, 1
-9999, -9999, -9999, -9999, -9999, -9999, -9999, -9999, -9999, -9999, -9999
GPS_Alt_m, meters, Altitude from Differential GPS
GPS_Course_deg, degrees, Course from Differential GPS
GPS_GndSpd_m_s, m/s, Ground Speed from Differential GPS
GPS_Heading_deg, degrees, Heading from Differential GPS
GPS_Lat_deg, degrees, Latitude from Differential GPS
GPS_Lon_deg, degrees, Longitude from Differential GPS
AirTemp_C, Celsius, Air Temperature from Airmar
RelHumidity_pct, percent, Relative Humidity from Airmar
Pressure_mb, millibars, Pressure from Honeywell
WindDir_calc_deg, degrees, Wind Direction from Airmar corrected for van movement
WindSpd_calc_m_s, m/s, Wind Speed from Airmar corrected for van movement
1
SPECIAL COMMENTS:
18
PI_CONTACT_INFO: Address: 325 Broadway R/CSL7, Boulder, CO, 80305
PLATFORM: CSL Mobile Lab
LOCATION: Salt Lake City, UT
ASSOCIATED_DATA: N/A
INSTRUMENT_INFO: N/A
DATA_INFO: Units:
UNCERTAINTY: N/A
ULOD_FLAG: -7777
ULOD_VALUE: N/A
LLOD_FLAG: -8888
LLOD_VALUE: N/A
DM_CONTACT_INFO: Data Manager: Nate Howard
PROJECT_INFO: 
STIPULATIONS_ON_USE: Use of these data require prior ok from PI.
OTHER_COMMENTS: 
REVISION: R0
R0: Final data. Fixed bug in wind averaging code. RA: Preliminary Data. For in-field use only. 
Time_Start, GPS_Alt_m, GPS_Course_deg, GPS_GndSpd_m_s, GPS_Heading_deg, GPS_Lat_deg, GPS_Lon_deg, AirTemp_C, RelHumidity_pct, Pressure_mb, WindDir_calc_deg, WindSpd_calc_m_s
[from data line 1195]
71700.0,1308.9,358.92,0.05,358.92,40.73434,-111.87211,37.9,18.0,878.6,136.30,1.8
71760.0,1309.0,358.94,0.06,358.94,40.73434,-111.87211,38.1,17.4,878.6,125.42,1.6
71820.0,1309.1,358.74,0.04,358.74,40.73434,-111.87210,38.3,16.9,878.6,141.93,1.7
71880.0,1309.1,359.02,0.05,359.02,40.73434,-111.87210,38.3,17.0,878.5,136.90,1.9
71940.0,1309.2,358.92,0.05,358.92,40.73434,-111.87210,38.3,18.6,878.5,111.10,1.4
72000.0,1309.5,359.11,0.05,359.11,40.73434,-111.87210,38.6,17.4,878.5,118.19,0.4
72060.0,1309.5,359.14,0.05,359.14,40.73434,-111.87210,38.8,17.5,878.5,103.15,0.7
72120.0,1309.3,359.42,0.05,359.42,40.73434,-111.87210,38.9,17.8,878.4,97.31,1.1
72180.0,1309.5,359.02,0.05,359.02,40.73434,-111.87210,38.9,17.0,878.4,75.99,0.6
72240.0,1309.6,358.84,0.05,358.84,40.73434,-111.87210,39.1,16.5,878.4,90.45,0.9
72300.0,1309.6,359.75,0.05,359.75,40.73434,-111.87210,39.0,16.8,878.4,111.84,1.9
72360.0,1309.7,359.94,0.05,359.94,40.73434,-111.87210,38.8,15.9,878.4,127.97,1.6
72420.0,1309.8,359.73,0.05,359.73,40.73434,-111.87210,38.7,17.0,878.4,88.32,1.0
72480.0,1309.6,359.61,0.05,359.61,40.73434,-111.87210,38.9,16.5,878.4,108.84,1.0
72540.0,1309.2,359.32,0.05,359.32,40.73434,-111.87210,38.9,17.0,878.4,88.00,1.0
72600.0,1309.0,359.97,0.05,359.97,40.73434,-111.87210,38.9,16.6,878.4,84.98,0.8
72660.0,1308.9,359.98,0.05,359.98,40.73434,-111.87210,39.0,16.5,878.4,81.48,0.7
72720.0,1308.8,359.81,0.04,359.81,40.73434,-111.87210,38.9,16.1,878.4,59.74,0.5
72780.0,1308.8,359.45,0.05,359.45,40.73434,-111.87210,38.9,15.9,878.3,73.45,0.8
72840.0,1308.6,359.74,0.04,359.74,40.73434,-111.87210,38.9,15.6,878.3,69.55,0.5
72900.0,1308.6,359.80,0.04,359.80,40.73434,-111.87210,39.0,15.4,878.3,64.38,0.6
72960.0,1308.6,359.45,0.04,359.45,40.73434,-111.87210,38.9,15.6,878.4,55.84,0.8
73020.0,1308.5,359.55,0.04,359.55,40.73434,-111.87210,38.9,15.9,878.3,105.40,1.5
73080.0,1308.5,359.90,0.05,359.90,40.73434,-111.87210,38.6,16.2,878.3,89.84,1.1
73140.0,1308.5,0.21,0.05,0.21,40.73434,-111.87210,38.7,16.4,878.3,78.50,0.8
73200.0,1308.6,0.03,0.05,0.03,40.73434,-111.87210,38.5,15.6,878.3,87.25,1.1
73260.0,1308.7,359.93,0.05,359.93,40.73434,-111.87210,38.4,15.2,878.2,113.88,2.3
73320.0,1308.7,359.99,0.05,359.99,40.73434,-111.87210,38.5,16.5,878.2,109.11,1.3
73380.0,1308.8,359.89,0.05,359.89,40.73434,-111.87210,38.7,16.1,878.2,94.72,1.1
73440.0,1308.8,359.41,0.05,359.41,40.73434,-111.87210,38.6,16.2,878.2,87.62,0.9
73500.0,1308.8,359.56,0.05,359.56,40.73434,-111.87210,38.6,16.5,878.2,94.20,1.3
73560.0,1308.8,359.19,0.05,359.19,40.73434,-111.87210,38.5,17.0,878.2,103.64,1.5
73620.0,1308.7,358.95,0.05,358.95,40.73434,-111.87210,38.7,16.7,878.2,103.34,1.3
73680.0,1308.6,358.98,0.05,358.98,40.73434,-111.87210,38.8,15.9,878.2,112.26,1.3
73740.0,1308.4,358.85,0.05,358.85,40.73434,-111.87210,39.0,16.2,878.1,96.23,0.7
73800.0,1308.3,358.66,0.05,358.66,40.73434,-111.87210,39.0,16.8,878.1,101.25,1.6
73860.0,1308.2,358.97,0.04,358.97,40.73434,-111.87210,38.9,16.8,878.1,69.43,1.0
73920.0,1308.3,359.05,0.06,359.05,40.73434,-111.87210,39.0,16.2,878.1,70.71,0.6
73980.0,1308.2,359.21,0.05,359.21,40.73434,-111.87210,39.1,16.0,878.1,69.67,0.6
74040.0,1308.2,359.79,0.05,359.79,40.73434,-111.87210,39.0,15.7,878.1,82.81,0.3
74100.0,1308.3,359.79,0.05,359.79,40.73434,-111.87210,39.3,16.2,878.1,90.26,1.0
74160.0,1308.3,359.95,0.05,359.95,40.73434,-111.87210,39.3,16.0,878.1,81.55,0.6
74220.0,1308.2,359.99,0.05,359.99,40.73434,-111.87210,39.4,16.2,878.1,86.02,0.8
74280.0,1308.1,359.37,0.05,359.37,40.73434,-111.87210,39.3,16.0,878.1,53.50,0.6
74340.0,1308.1,358.94,0.05,358.94,40.73434,-111.87210,39.6,15.4,878.1,98.74,0.4
74400.0,1308.2,359.11,0.05,359.11,40.73434,-111.87210,39.8,15.1,878.1,91.98,0.5
74460.0,1308.3,359.34,0.05,359.34,40.73434,-111.87210,39.7,15.5,878.1,36.85,0.4
74520.0,1308.6,358.76,0.05,358.76,40.73434,-111.87210,39.7,15.5,878.1,63.95,0.4
74580.0,1309.4,359.04,0.05,359.04,40.73433,-111.87210,39.8,15.9,878.1,84.13,0.6
74640.0,1309.2,359.28,0.05,359.28,40.73433,-111.87210,39.8,15.6,878.1,46.33,0.4
74700.0,1309.0,359.43,0.04,359.43,40.73434,-111.87210,39.8,15.0,878.1,88.11,0.6
74760.0,1309.0,359.91,0.05,359.91,40.73434,-111.87210,39.8,15.1,878.1,54.21,0.4
74820.0,1309.0,359.44,0.05,359.44,40.73434,-111.87210,39.8,14.5,878.1,66.99,0.6
74880.0,1309.0,358.77,0.05,358.77,40.73434,-111.87210,39.8,14.8,878.1,76.87,0.6
74940.0,1309.1,359.06,0.05,359.06,40.73434,-111.87210,39.7,15.2,878.1,83.59,1.0
75000.0,1309.2,359.30,0.05,359.30,40.73434,-111.87210,39.8,14.7,878.1,91.48,0.4
75060.0,1309.1,359.51,0.05,359.51,40.73434,-111.87210,39.7,14.7,878.1,25.65,0.2
75120.0,1309.2,359.38,0.05,359.38,40.73434,-111.87210,39.9,14.5,878.1,51.71,0.3
75180.0,1309.3,359.17,0.05,359.17,40.73434,-111.87211,39.8,14.5,878.1,79.60,0.7
75240.0,1309.1,359.04,0.05,359.04,40.73434,-111.87211,39.4,15.1,878.1,75.13,1.1
75300.0,1309.1,358.84,0.05,358.84,40.73434,-111.87211,39.2,14.3,878.0,110.83,2.0
75360.0,1309.2,358.91,0.05,358.91,40.73434,-111.87211,39.2,14.9,878.0,110.07,1.4
75420.0,1308.9,358.94,0.05,358.94,40.73434,-111.87211,39.0,15.6,878.0,103.57,1.1
75480.0,1309.0,358.61,0.05,358.61,40.73434,-111.87211,39.1,15.7,878.0,71.70,0.7
75540.0,1309.1,358.27,0.05,358.27,40.73434,-111.87211,38.9,15.4,878.0,51.76,0.7
75600.0,1309.1,358.72,0.05,358.72,40.73434,-111.87211,39.0,15.5,878.0,69.69,0.5
75660.0,1309.1,358.46,0.05,358.46,40.73434,-111.87211,39.0,16.1,878.0,66.13,0.7
75720.0,1309.3,358.61,0.05,358.61,40.73434,-111.87211,39.0,15.6,878.0,26.16,0.2
75780.0,1309.3,358.80,0.06,358.80,40.73434,-111.87211,39.1,15.6,878.0,38.57,0.2
75840.0,1309.2,358.67,0.05,358.67,40.73434,-111.87211,39.4,15.4,878.0,97.28,0.5
75900.0,1309.2,358.97,0.06,358.97,40.73434,-111.87211,39.6,15.4,878.0,87.48,0.7
75960.0,1309.3,359.10,0.05,359.10,40.73434,-111.87211,39.7,15.0,878.0,111.82,1.5
76020.0,1309.2,358.87,0.05,358.87,40.73434,-111.87211,39.3,15.9,877.9,109.38,2.5
76080.0,1308.9,358.76,0.05,358.76,40.73434,-111.87211,39.2,16.5,877.9,111.37,1.5
76140.0,1308.9,358.73,0.05,358.73,40.73434,-111.87211,39.3,14.7,877.9,137.41,1.8
76200.0,1309.0,358.11,0.05,358.11,40.73434,-111.87211,39.4,14.9,877.9,111.25,1.1
76260.0,1309.2,358.47,0.06,358.47,40.73434,-111.87211,39.6,15.6,877.9,107.24,0.6
76320.0,1309.3,359.01,0.05,359.01,40.73434,-111.87211,39.7,16.4,877.9,84.74,0.8
76380.0,1309.3,359.67,0.05,359.67,40.73434,-111.87211,39.8,15.9,877.9,24.06,0.1
76440.0,1309.3,359.46,0.04,359.46,40.73434,-111.87211,39.3,15.2,877.9,322.24,0.5
76500.0,1309.3,358.95,0.05,358.95,40.73434,-111.87211,39.5,15.6,877.9,0.32,0.1
76560.0,1309.4,358.85,0.04,358.85,40.73434,-111.87211,39.7,15.6,877.9,32.45,0.1
76620.0,1309.6,359.39,0.06,359.39,40.73434,-111.87211,39.7,15.5,877.9,100.44,0.3
76680.0,1309.6,359.25,0.05,359.25,40.73434,-111.87211,39.9,14.6,877.8,192.63,0.7
76740.0,1309.6,358.92,0.05,358.92,40.73434,-111.87211,40.0,14.9,877.8,106.03,1.3
76800.0,1309.4,358.33,0.06,358.33,40.73434,-111.87211,40.1,15.0,877.8,132.25,0.7
76860.0,1309.7,357.97,0.05,357.97,40.73434,-111.87211,40.1,14.6,877.8,125.00,1.1
76920.0,1309.9,357.75,0.04,357.75,40.73434,-111.87211,40.3,14.5,877.8,163.35,1.1
76980.0,1309.4,358.55,0.05,358.55,40.73434,-111.87211,40.5,14.7,877.8,142.21,1.1
77040.0,1308.3,359.25,0.05,359.25,40.73434,-111.87210,40.4,15.4,877.8,83.37,0.4
77100.0,1308.4,359.68,0.06,359.68,40.73434,-111.87210,40.1,16.0,877.8,40.38,0.4
77160.0,1308.4,359.71,0.04,359.71,40.73434,-111.87210,40.1,15.7,877.8,76.36,0.3
77220.0,1308.5,359.33,0.05,359.33,40.73434,-111.87210,40.1,15.7,877.8,91.16,0.7
77280.0,1308.7,358.89,0.05,358.89,40.73434,-111.87210,40.2,16.4,877.8,86.48,0.9
77340.0,1308.4,359.31,0.05,359.31,40.73434,-111.87210,40.0,15.6,877.8,68.89,0.7
77400.0,1308.5,359.05,0.04,359.05,40.73434,-111.87210,40.0,14.7,877.8,31.45,0.2
77460.0,1309.0,359.06,0.05,359.06,40.73434,-111.87210,40.0,14.9,877.8,99.52,1.4
77520.0,1309.1,359.20,0.04,359.20,40.73434,-111.87210,40.0,15.1,877.7,38.54,0.2
77580.0,1308.9,359.44,0.05,359.44,40.73434,-111.87210,39.9,15.1,877.7,58.56,0.5
77640.0,1308.5,359.33,0.04,359.33,40.73434,-111.87210,39.8,15.3,877.7,69.94,0.5
77700.0,1308.5,358.60,0.04,358.60,40.73434,-111.87210,39.7,15.2,877.7,59.80,0.6
77760.0,1308.3,358.52,0.05,358.52,40.73434,-111.87210,39.9,14.3,877.7,110.73,1.1
77820.0,1308.7,358.44,0.05,358.44,40.73434,-111.87210,39.8,14.3,877.7,117.08,2.0
77880.0,1308.8,358.37,0.04,358.37,40.73434,-111.87210,39.5,15.5,877.6,118.59,2.2
77940.0,1309.0,358.45,0.05,358.45,40.73434,-111.87210,39.4,14.8,877.6,144.30,2.8
78000.0,1309.2,358.37,0.05,358.37,40.73434,-111.87211,39.4,15.3,877.6,132.60,2.2
78060.0,1309.1,359.11,0.05,359.11,40.73434,-111.87211,39.6,16.1,877.6,96.04,0.9
78120.0,1309.0,359.84,0.05,359.84,40.73434,-111.87211,39.6,15.9,877.6,123.19,1.4
78180.0,1308.8,359.42,0.04,359.42,40.73434,-111.87210,39.7,15.8,877.6,96.91,1.2
78240.0,1308.7,359.33,0.05,359.33,40.73434,-111.87210,39.8,15.6,877.5,115.26,0.7
78300.0,1308.6,359.60,0.05,359.60,40.73434,-111.87210,39.8,15.9,877.5,78.06,0.8
78360.0,1308.6,359.54,0.05,359.54,40.73434,-111.87210,39.8,15.1,877.5,118.98,0.0
78420.0,1308.3,358.99,0.05,358.99,40.73434,-111.87210,39.9,14.9,877.5,79.47,0.6
78480.0,1308.3,359.31,0.05,359.31,40.73434,-111.87210,39.9,14.9,877.5,70.36,0.5
78540.0,1308.4,359.72,0.05,359.72,40.73434,-111.87210,40.0,15.1,877.5,61.12,0.5
78600.0,1308.5,359.90,0.05,359.90,40.73434,-111.87210,39.8,15.3,877.5,66.33,0.6
78660.0,1308.4,359.96,0.05,359.96,40.73434,-111.87210,39.8,15.2,877.5,65.09,0.6
78720.0,1308.3,0.00,0.04,0.00,40.73434,-111.87210,39.8,15.0,877.5,83.29,0.7
78780.0,1308.4,0.38,0.05,0.38,40.73434,-111.87211,39.8,15.4,877.5,100.66,1.1
78840.0,1308.4,0.05,0.04,0.05,40.73434,-111.87211,39.9,15.2,877.5,72.62,0.6
78900.0,1308.5,359.81,0.04,359.81,40.73434,-111.87211,40.0,14.5,877.5,244.53,0.5
78960.0,1308.6,359.70,0.04,359.70,40.73434,-111.87211,40.0,14.0,877.5,112.64,0.4
79020.0,1308.6,359.78,0.04,359.78,40.73434,-111.87211,40.1,14.4,877.5,104.75,0.7
79080.0,1308.7,359.33,0.04,359.33,40.73434,-111.87211,40.3,14.5,877.5,88.94,0.4
79140.0,1308.7,359.47,0.05,359.47,40.73434,-111.87211,40.4,14.2,877.5,92.51,0.6
79200.0,1308.7,359.76,0.04,359.76,40.73434,-111.87211,40.4,14.0,877.4,147.31,1.3
79260.0,1308.8,359.72,0.04,359.72,40.73434,-111.87211,40.5,13.7,877.4,144.24,0.9
79320.0,1308.8,359.68,0.04,359.68,40.73434,-111.87211,40.6,14.2,877.4,99.05,1.0
79380.0,1308.8,359.63,0.04,359.63,40.73434,-111.87211,40.6,14.5,877.4,101.97,0.6
79440.0,1308.9,359.77,0.04,359.77,40.73434,-111.87210,40.5,14.7,877.4,50.54,0.5
79500.0,1309.0,359.84,0.04,359.84,40.73434,-111.87210,40.4,14.6,877.4,85.54,0.3
79560.0,1309.1,359.46,0.05,359.46,40.73434,-111.87210,40.4,14.5,877.4,81.18,0.7
79620.0,1309.2,359.42,0.05,359.42,40.73434,-111.87210,40.6,14.1,877.4,108.76,0.5
79680.0,1309.1,359.80,0.04,359.80,40.73434,-111.87210,40.7,13.9,877.4,123.24,0.7
79740.0,1309.1,359.58,0.04,359.58,40.73434,-111.87210,40.8,13.8,877.5,125.27,1.0
79800.0,1309.2,359.29,0.05,359.29,40.73434,-111.87210,40.9,14.1,877.5,109.29,1.0
79860.0,1309.4,359.04,0.05,359.04,40.73434,-111.87210,40.8,14.7,877.4,96.22,1.2
79920.0,1309.5,359.17,0.05,359.17,40.73434,-111.87210,40.8,14.7,877.4,83.22,0.6
79980.0,1309.6,359.30,0.05,359.30,40.73434,-111.87210,40.7,14.4,877.4,105.31,0.6
80040.0,1309.5,359.46,0.05,359.46,40.73434,-111.87210,40.7,14.4,877.4,297.12,0.3
80100.0,1309.6,0.08,0.05,0.08,40.73434,-111.87210,40.3,14.5,877.4,16.09,0.3
80160.0,1309.6,0.25,0.04,0.25,40.73434,-111.87210,40.2,15.1,877.5,76.87,0.8
80220.0,1309.4,0.19,0.05,0.19,40.73434,-111.87210,40.2,15.7,877.5,97.05,1.2
80280.0,1309.1,0.62,0.04,0.62,40.73434,-111.87210,40.0,15.3,877.5,83.29,1.1
80340.0,1309.0,359.85,0.04,359.85,40.73434,-111.87210,39.8,14.5,877.5,87.78,0.9
80400.0,1308.8,359.50,0.05,359.50,40.73434,-111.87210,39.7,14.7,877.4,79.49,1.0
80460.0,1308.6,359.64,0.04,359.64,40.73434,-111.87210,39.5,15.1,877.4,83.22,1.0
80520.0,1308.5,359.81,0.06,359.81,40.73434,-111.87210,39.5,15.3,877.4,80.17,0.8
80580.0,1308.5,359.68,0.04,359.68,40.73434,-111.87210,39.4,15.2,877.4,78.59,0.9
80640.0,1308.6,359.68,0.04,359.68,40.73434,-111.87210,39.3,14.9,877.4,81.31,0.6
80700.0,1308.5,359.97,0.05,359.97,40.73434,-111.87210,39.3,14.7,877.4,77.41,0.8
80760.0,1308.4,0.38,0.04,0.38,40.73434,-111.87210,39.4,14.6,877.4,60.84,0.3
80820.0,1308.4,0.61,0.04,0.61,40.73434,-111.87210,39.3,14.8,877.4,66.71,0.9
80880.0,1308.9,0.52,0.04,0.52,40.73434,-111.87210,39.4,14.6,877.5,98.54,0.7
80940.0,1308.9,0.14,0.05,0.14,40.73434,-111.87210,39.5,14.4,877.4,97.35,0.7
81000.0,1308.4,359.87,0.04,359.87,40.73434,-111.87210,39.4,14.9,877.4,97.33,1.2
81060.0,1308.4,359.84,0.05,359.84,40.73434,-111.87210,39.5,14.8,877.4,121.31,1.6
81120.0,1308.3,359.68,0.04,359.68,40.73434,-111.87210,39.6,14.9,877.4,93.76,1.0
81180.0,1308.4,359.91,0.05,359.91,40.73434,-111.87210,39.6,15.4,877.4,74.45,0.9
81240.0,1308.6,0.25,0.04,0.25,40.73434,-111.87210,39.6,14.9,877.4,52.08,0.4
81300.0,1308.7,0.10,0.04,0.10,40.73434,-111.87211,39.6,15.0,877.3,56.35,0.5
81360.0,1308.7,0.25,0.04,0.25,40.73434,-111.87211,39.4,14.7,877.3,36.51,0.4
81420.0,1308.8,0.38,0.05,0.38,40.73434,-111.87211,39.4,15.0,877.3,60.22,0.5
81480.0,1308.9,0.20,0.05,0.20,40.73434,-111.87211,39.6,14.4,877.3,66.95,0.4
81540.0,1308.8,359.72,0.05,359.72,40.73434,-111.87211,39.6,14.5,877.3,91.97,0.8
81600.0,1308.8,0.34,0.06,0.34,40.73434,-111.87211,39.3,15.0,877.2,83.58,1.2
81660.0,1308.7,0.12,0.05,0.12,40.73434,-111.87211,39.3,15.4,877.2,104.00,1.3
81720.0,1308.9,359.84,0.04,359.84,40.73434,-111.87211,39.4,15.6,877.2,102.98,1.1
81780.0,1309.1,359.83,0.05,359.83,40.73434,-111.87211,39.4,14.9,877.2,64.97,0.6
81840.0,1309.0,359.43,0.05,359.43,40.73434,-111.87211,39.5,14.9,877.2,87.97,0.6
81900.0,1309.2,359.95,0.04,359.95,40.73433,-111.87211,39.5,14.5,877.1,117.93,0.3
81960.0,1309.2,359.64,0.05,359.64,40.73433,-111.87211,39.7,14.5,877.1,93.91,1.0
82020.0,1309.3,359.16,0.05,359.16,40.73433,-111.87211,39.5,15.1,877.1,50.03,0.8
82080.0,1309.4,359.20,0.04,359.20,40.73433,-111.87211,39.5,15.0,877.1,78.28,0.8
82140.0,1309.7,359.57,0.04,359.57,40.73433,-111.87211,39.3,15.0,877.1,65.33,0.6
82200.0,1309.8,0.06,0.04,0.06,40.73433,-111.87211,39.3,14.6,877.0,67.26,0.5
82260.0,1309.8,359.65,0.04,359.65,40.73433,-111.87211,39.5,14.4,877.0,97.05,0.8
82320.0,1309.7,359.13,0.05,359.13,40.73433,-111.87211,39.5,16.3,877.0,108.45,1.7
82380.0,1309.8,359.20,0.05,359.20,40.73433,-111.87211,39.3,15.1,877.0,97.25,1.2
82440.0,1310.1,359.15,0.04,359.15,40.73433,-111.87211,39.3,15.2,877.0,69.22,0.5
82500.0,1310.3,0.31,0.06,0.31,40.73433,-111.87211,39.3,14.6,877.0,84.57,0.7
82560.0,1310.5,359.80,0.06,359.80,40.73433,-111.87211,39.6,14.5,877.0,85.58,0.7
82620.0,1310.8,359.37,0.05,359.37,40.73433,-111.87211,39.6,15.0,877.0,83.85,0.8
82680.0,1310.9,359.73,0.06,359.73,40.73433,-111.87211,39.8,13.7,877.0,108.88,0.9
82740.0,1311.1,359.47,0.06,359.47,40.73433,-111.87211,39.4,14.7,877.0,61.30,0.9
82800.0,1310.9,359.66,0.05,359.66,40.73433,-111.87211,39.4,14.8,877.0,74.35,0.6
82860.0,1310.9,0.06,0.05,0.06,40.73433,-111.87211,39.3,14.8,877.0,69.49,0.7
82920.0,1310.8,359.65,0.05,359.65,40.73433,-111.87211,39.3,14.6,877.0,79.37,0.7
82980.0,1310.7,359.48,0.05,359.48,40.73433,-111.87211,39.1,14.3,877.0,357.96,0.6
83040.0,1310.6,359.75,0.05,359.75,40.73433,-111.87211,39.1,14.7,877.0,75.56,0.7
83100.0,1310.0,359.99,0.05,359.99,40.73433,-111.87211,39.1,14.9,877.0,89.08,1.1
83160.0,1310.2,359.81,0.04,359.81,40.73433,-111.87211,39.0,14.9,876.9,108.19,1.8
83220.0,1310.2,359.50,0.04,359.50,40.73433,-111.87211,38.8,15.0,876.9,96.19,1.2
83280.0,1309.9,358.97,0.05,358.97,40.73434,-111.87211,38.7,15.2,876.9,70.49,1.0
83340.0,1309.9,358.87,0.05,358.87,40.73434,-111.87210,38.3,14.5,876.9,58.53,0.9
83400.0,1309.9,359.28,0.05,359.28,40.73434,-111.87210,38.3,15.2,876.9,91.93,1.0
83460.0,1309.5,359.32,0.05,359.32,40.73434,-111.87210,38.3,14.7,876.9,88.54,0.8
83520.0,1309.4,358.59,0.05,358.59,40.73434,-111.87210,38.5,14.9,876.9,89.40,0.6
83580.0,1310.0,358.18,0.05,358.18,40.73434,-111.87210,38.6,15.0,876.9,86.58,0.7
