CampaignData_and_Merges/R0/CSL_MobileLab_Parked/raw/20240719/USOS-jNO2_MobileLabGround_20240719_R0.ict
52,1001
Waxman, E.; Rollins, A.; Zuraski, K.; Chace, W.
NOAA Chemical Sciences Laboratory
jNO2 filter radiometer on CSL Mobile Lab
AMMBEC / USOS
1, 1
2024,07,19, 2025,04,01
60
Time_Start, seconds, number_of_seconds_since_0000_UTC
20
1, 1, 1, 1, 1, 1, 1, 1, 1, 1, 1, 1, 1, 1, 1, 1, 1, 1, 1, 1
-9999, -9999, -9999, -9999, -9999, -9999, -9999, -9999, -9999, -9999, -9999, -9999, -9999, -9999, -9999, -9999, -9999, -9999, -9999, -9999
Time_Stop, seconds, number_of_seconds_since_0000_UTC
jNO2_meas, per second, photolysis rate of NO2 measured using a filter radiometer.
jBrCl, per second, photolysis rate of BrCl -> Br + Cl calculated in TUV for cloud-free sky with local AOD
jBr2, per second, photolysis rate of Br2 -> Br + Br calculated in TUV for cloud-free sky with local AOD
jCCl4, per second, photolysis rate of CCl4 -> Products calcualted in TUV for cloud-free sky with local AOD
jCH2Oa, per second, photolysis rate of CH2O -> H + HCO calculated in TUV for cloud-free sky with local AOD
jCH2Ob, per second, photolysis rate of CH2O -> H2 + CO calculated in TUV for cloud-free sky with local AOD
jClNO2, per second, photolysis rate of ClNO2 -> Cl + NO2 calculated in TUV for cloud-free sky with local AOD
jClOa, per second, photolysis rate of ClO -> Cl + O(1D) calculated in TUV for cloud-free sky with local AOD
jClOb, per second, photolysis rate of ClO -> Cl + O(3P) calculated in TUV for cloud-free sky with local AOD
jCl2, per second, photolysis rate of Cl2 -> Cl + Cl calculated in TUV for cloud-free sky with local AOD
jHNO2, per second, photolysis rate of HNO2 -> OH + NO calculated in TUV for cloud-free sky with local AOD
jHNO3, per second, photolysis rate of HNO3 -> OH + NO2 calculated in TUV for cloud-free sky with local AOD
jI2, per second, photolysis rate of I2 -> I + I calculated in TUV for cloud-free sky with local AOD
jNO2, per second, photolysis rate of NO2 -> NO + O(3P) calculated in TUV for cloud-free sky with local AOD
jNO3a, per second, photolysis rate of NO3 -> NO + O2 calculated in TUV for cloud-free sky with local AOD
jNO3b, per second, photolysis rate of NO3 -> NO2 + O(3P) calculated in TUV for cloud-free sky with local AOD
jN2O5, per second, photolysis rate of N2O5 -> NO3 + NO + O(3P) calculated in TUV for cloud-free sky with local AOD
jO3, per second, photolysis rate of O3 -> O2 + O(1D) calculated in TUV for cloud-free sky with local AOD
AOD_500nm, unitless, UTC daily mean AOD at 500 nm from an AERONET station located at 40.178 N, -112.452 E
0
18
PI_CONTACT_INFO: eleanor.waxman@noaa.gov
PLATFORM: CSL Mobile Lab, at ground site
LOCATION: Salt Lake City, UT
ASSOCIATED_DATA:
INSTRUMENT_INFO: jNO2 filter radiometer.  TUV calculations are for mobile van lat/lon/altitude assuming clear sky (cloud AOD = 0) and daily mean AOD.
DATA_INFO:
UNCERTAINTY: Data uncertainties are +/- 20%.  These come from uncertainties in radiometer angular response, radiometer thermal response, local interferences from clouds/aerosols/shadows etc.
ULOD_FLAG: -7777
ULOD_VALUE: N/A
LLOD_FLAG: -8888
LLOD_VALUE: N/A
DM_CONTACT_INFO: eleanor.waxman@noaa.gov
PROJECT_INFO: USOS Project, July - August 2024
STIPULATIONS_ON_USE: Users are strongly encouraged to contact the PI for proper data usage.
OTHER_COMMENTS: 
REVISION: R0
R0: final data
Time_Start, Time_Stop, jNO2_meas, jBrCl, jBr2, jCCl4, jCH2Oa, jCH2Ob, jClNO2, jClOa, jClOb, jCl2, jHNO2, jHNO3, jI2, jNO2, jNO3a, jNO3b, jN2O5, jO3, AOD_500nm
[from data line 1196]
   71760,   71820,0.0090996,0.01049,0.03134,1.99e-21,3.351e-05,4.877e-05,0.0004804,9.739e-22,5.28e-05,0.002317,0.001499,6.236e-07,0.1104,0.009147,0.02117,0.1704,4.351e-05,3.491e-05,0.138
   71820,   71880,0.0090797,0.01049,0.03133,1.964e-21,3.35e-05,4.875e-05,0.0004802,9.611e-22,5.276e-05,0.002316,0.001499,6.233e-07,0.1104,0.009146,0.02117,0.1704,4.349e-05,3.488e-05,0.138
   71880,   71940,0.0090651,0.01049,0.03133,1.937e-21,3.348e-05,4.874e-05,0.0004801,9.479e-22,5.272e-05,0.002316,0.001499,6.229e-07,0.1104,0.009144,0.02116,0.1704,4.348e-05,3.485e-05,0.138
   71940,   72000,0.0090494,0.01048,0.03133,1.912e-21,3.347e-05,4.872e-05,0.0004799,9.352e-22,5.267e-05,0.002315,0.001499,6.225e-07,0.1104,0.009143,0.02116,0.1704,4.346e-05,3.482e-05,0.138
   72000,   72060,0.0090504,0.01048,0.03133,1.884e-21,3.345e-05,4.871e-05,0.0004798,9.214e-22,5.263e-05,0.002315,0.001498,6.221e-07,0.1104,0.009141,0.02116,0.1704,4.345e-05,3.479e-05,0.138
   72060,   72120,0.0090748,0.01048,0.03132,1.855e-21,3.344e-05,4.869e-05,0.0004796,9.072e-22,5.258e-05,0.002314,0.001498,6.217e-07,0.1104,0.009139,0.02116,0.1704,4.343e-05,3.476e-05,0.138
   72120,   72180,0.009072,0.01048,0.03132,1.828e-21,3.342e-05,4.868e-05,0.0004795,8.937e-22,5.253e-05,0.002314,0.001498,6.213e-07,0.1104,0.009137,0.02116,0.1704,4.341e-05,3.472e-05,0.138
   72180,   72240,0.009065,0.01048,0.03132,1.798e-21,3.341e-05,4.866e-05,0.0004793,8.792e-22,5.248e-05,0.002313,0.001497,6.209e-07,0.1104,0.009136,0.02116,0.1704,4.34e-05,3.469e-05,0.138
   72240,   72300,0.0090482,0.01048,0.03131,1.768e-21,3.339e-05,4.864e-05,0.0004791,8.645e-22,5.243e-05,0.002312,0.001497,6.204e-07,0.1104,0.009134,0.02116,0.1703,4.338e-05,3.465e-05,0.138
   72300,   72360,0.0090472,0.01048,0.03131,1.74e-21,3.337e-05,4.863e-05,0.000479,8.504e-22,5.238e-05,0.002312,0.001497,6.2e-07,0.1104,0.009132,0.02116,0.1703,4.336e-05,3.462e-05,0.138
   72360,   72420,0.0090522,0.01047,0.03131,1.709e-21,3.336e-05,4.861e-05,0.0004788,8.353e-22,5.232e-05,0.002311,0.001496,6.195e-07,0.1104,0.00913,0.02116,0.1703,4.334e-05,3.458e-05,0.138
   72420,   72480,0.0090529,0.01047,0.0313,1.678e-21,3.334e-05,4.859e-05,0.0004786,8.199e-22,5.227e-05,0.00231,0.001496,6.19e-07,0.1104,0.009128,0.02116,0.1703,4.332e-05,3.454e-05,0.138
   72480,   72540,0.0090506,0.01047,0.0313,1.648e-21,3.332e-05,4.857e-05,0.0004784,8.053e-22,5.221e-05,0.00231,0.001495,6.185e-07,0.1104,0.009126,0.02115,0.1703,4.33e-05,3.45e-05,0.138
   72540,   72600,0.0090427,0.01047,0.0313,1.617e-21,3.33e-05,4.855e-05,0.0004782,7.898e-22,5.215e-05,0.002309,0.001495,6.18e-07,0.1103,0.009123,0.02115,0.1703,4.328e-05,3.446e-05,0.138
   72600,   72660,0.0090621,0.01047,0.03129,1.585e-21,3.328e-05,4.853e-05,0.000478,7.741e-22,5.209e-05,0.002308,0.001495,6.175e-07,0.1103,0.009121,0.02115,0.1703,4.326e-05,3.442e-05,0.138
   72660,   72720,0.0090807,0.01047,0.03129,1.555e-21,3.326e-05,4.851e-05,0.0004778,7.593e-22,5.203e-05,0.002307,0.001494,6.17e-07,0.1103,0.009119,0.02115,0.1703,4.324e-05,3.437e-05,0.138
   72720,   72780,0.0091056,0.01046,0.03128,1.522e-21,3.324e-05,4.849e-05,0.0004776,7.435e-22,5.196e-05,0.002307,0.001494,6.164e-07,0.1103,0.009116,0.02115,0.1703,4.321e-05,3.433e-05,0.138
   72780,   72840,0.0090838,0.01046,0.03128,1.49e-21,3.322e-05,4.846e-05,0.0004774,7.275e-22,5.19e-05,0.002306,0.001493,6.158e-07,0.1103,0.009114,0.02115,0.1702,4.319e-05,3.428e-05,0.138
   72840,   72900,0.0090755,0.01046,0.03128,1.459e-21,3.32e-05,4.844e-05,0.0004772,7.125e-22,5.183e-05,0.002305,0.001493,6.153e-07,0.1103,0.009111,0.02115,0.1702,4.317e-05,3.424e-05,0.138
   72900,   72960,0.0090654,0.01046,0.03127,1.427e-21,3.317e-05,4.842e-05,0.0004769,6.966e-22,5.176e-05,0.002304,0.001492,6.147e-07,0.1103,0.009109,0.02115,0.1702,4.314e-05,3.419e-05,0.138
   72960,   73020,0.0090711,0.01046,0.03127,1.395e-21,3.315e-05,4.84e-05,0.0004767,6.806e-22,5.169e-05,0.002303,0.001492,6.14e-07,0.1103,0.009106,0.02114,0.1702,4.312e-05,3.414e-05,0.138
   73020,   73080,0.0090554,0.01045,0.03126,1.364e-21,3.313e-05,4.837e-05,0.0004765,6.656e-22,5.162e-05,0.002302,0.001491,6.135e-07,0.1103,0.009104,0.02114,0.1702,4.309e-05,3.41e-05,0.138
   73080,   73140,0.0090453,0.01045,0.03126,1.332e-21,3.31e-05,4.835e-05,0.0004762,6.496e-22,5.155e-05,0.002301,0.001491,6.128e-07,0.1103,0.009101,0.02114,0.1702,4.307e-05,3.404e-05,0.138
   73140,   73200,0.0090293,0.01045,0.03125,1.299e-21,3.308e-05,4.832e-05,0.000476,6.337e-22,5.147e-05,0.0023,0.00149,6.122e-07,0.1102,0.009098,0.02114,0.1702,4.304e-05,3.399e-05,0.138
   73200,   73260,0.0090338,0.01045,0.03125,1.269e-21,3.305e-05,4.83e-05,0.0004757,6.189e-22,5.14e-05,0.0023,0.00149,6.115e-07,0.1102,0.009095,0.02114,0.1701,4.301e-05,3.394e-05,0.138
   73260,   73320,0.0090138,0.01044,0.03124,1.237e-21,3.303e-05,4.827e-05,0.0004755,6.031e-22,5.132e-05,0.002299,0.001489,6.108e-07,0.1102,0.009092,0.02114,0.1701,4.298e-05,3.389e-05,0.138
   73320,   73380,0.0089899,0.01044,0.03124,1.205e-21,3.3e-05,4.824e-05,0.0004752,5.875e-22,5.124e-05,0.002298,0.001489,6.102e-07,0.1102,0.009089,0.02114,0.1701,4.296e-05,3.383e-05,0.138
   73380,   73440,0.008972,0.01044,0.03123,1.175e-21,3.298e-05,4.822e-05,0.0004749,5.728e-22,5.116e-05,0.002297,0.001488,6.095e-07,0.1102,0.009086,0.02113,0.1701,4.293e-05,3.378e-05,0.138
   73440,   73500,0.0089703,0.01044,0.03123,1.144e-21,3.295e-05,4.819e-05,0.0004747,5.573e-22,5.108e-05,0.002296,0.001488,6.088e-07,0.1102,0.009083,0.02113,0.1701,4.29e-05,3.372e-05,0.138
   73500,   73560,0.0089522,0.01043,0.03122,1.112e-21,3.292e-05,4.816e-05,0.0004744,5.419e-22,5.099e-05,0.002294,0.001487,6.08e-07,0.1102,0.00908,0.02113,0.1701,4.287e-05,3.366e-05,0.138
   73560,   73620,0.0089096,0.01043,0.03122,1.083e-21,3.29e-05,4.813e-05,0.0004741,5.276e-22,5.091e-05,0.002293,0.001487,6.073e-07,0.1102,0.009077,0.02113,0.17,4.284e-05,3.361e-05,0.138
   73620,   73680,0.0088789,0.01043,0.03121,1.053e-21,3.287e-05,4.81e-05,0.0004738,5.126e-22,5.083e-05,0.002292,0.001486,6.066e-07,0.1101,0.009073,0.02113,0.17,4.281e-05,3.355e-05,0.138
   73680,   73740,0.0088161,0.01043,0.03121,1.022e-21,3.284e-05,4.807e-05,0.0004735,4.977e-22,5.074e-05,0.002291,0.001485,6.058e-07,0.1101,0.00907,0.02113,0.17,4.278e-05,3.349e-05,0.138
   73740,   73800,0.0088071,0.01042,0.0312,9.941e-22,3.281e-05,4.804e-05,0.0004732,4.838e-22,5.065e-05,0.00229,0.001485,6.05e-07,0.1101,0.009067,0.02112,0.17,4.274e-05,3.343e-05,0.138
   73800,   73860,0.008803,0.01042,0.0312,9.643e-22,3.278e-05,4.801e-05,0.0004729,4.692e-22,5.056e-05,0.002289,0.001484,6.042e-07,0.1101,0.009063,0.02112,0.17,4.271e-05,3.336e-05,0.138
   73860,   73920,0.0087928,0.01042,0.03119,9.351e-22,3.275e-05,4.798e-05,0.0004726,4.549e-22,5.046e-05,0.002288,0.001483,6.034e-07,0.1101,0.009059,0.02112,0.1699,4.268e-05,3.33e-05,0.138
   73920,   73980,0.0087785,0.01041,0.03118,9.079e-22,3.272e-05,4.795e-05,0.0004723,4.415e-22,5.037e-05,0.002287,0.001483,6.026e-07,0.1101,0.009056,0.02112,0.1699,4.265e-05,3.324e-05,0.138
   73980,   74040,0.008779,0.01041,0.03118,8.794e-22,3.268e-05,4.791e-05,0.000472,4.276e-22,5.028e-05,0.002285,0.001482,6.018e-07,0.1101,0.009052,0.02112,0.1699,4.261e-05,3.317e-05,0.138
   74040,   74100,0.0087993,0.01041,0.03117,8.514e-22,3.265e-05,4.788e-05,0.0004716,4.138e-22,5.018e-05,0.002284,0.001481,6.009e-07,0.11,0.009048,0.02111,0.1699,4.257e-05,3.31e-05,0.138
   74100,   74160,0.0088102,0.0104,0.03116,8.253e-22,3.262e-05,4.785e-05,0.0004713,4.01e-22,5.009e-05,0.002283,0.001481,6.001e-07,0.11,0.009045,0.02111,0.1699,4.254e-05,3.304e-05,0.138
   74160,   74220,0.0088062,0.0104,0.03116,7.982e-22,3.259e-05,4.781e-05,0.000471,3.877e-22,4.999e-05,0.002282,0.00148,5.992e-07,0.11,0.009041,0.02111,0.1698,4.25e-05,3.297e-05,0.138
   74220,   74280,0.0087599,0.0104,0.03115,7.715e-22,3.255e-05,4.778e-05,0.0004706,3.747e-22,4.988e-05,0.00228,0.001479,5.983e-07,0.11,0.009037,0.02111,0.1698,4.247e-05,3.29e-05,0.138
   74280,   74340,0.008768,0.01039,0.03114,7.469e-22,3.252e-05,4.774e-05,0.0004703,3.626e-22,4.978e-05,0.002279,0.001479,5.975e-07,0.11,0.009033,0.0211,0.1698,4.243e-05,3.283e-05,0.138
   74340,   74400,0.0087429,0.01039,0.03114,7.212e-22,3.248e-05,4.771e-05,0.0004699,3.5e-22,4.968e-05,0.002278,0.001478,5.966e-07,0.11,0.009028,0.0211,0.1698,4.239e-05,3.276e-05,0.138
   74400,   74460,0.0087482,0.01039,0.03113,6.96e-22,3.245e-05,4.767e-05,0.0004695,3.377e-22,4.957e-05,0.002276,0.001477,5.956e-07,0.11,0.009024,0.0211,0.1698,4.235e-05,3.268e-05,0.138
   74460,   74520,0.0087604,0.01038,0.03112,6.727e-22,3.241e-05,4.763e-05,0.0004692,3.263e-22,4.947e-05,0.002275,0.001476,5.947e-07,0.1099,0.00902,0.0211,0.1697,4.232e-05,3.261e-05,0.138
   74520,   74580,0.0087673,0.01038,0.03111,6.485e-22,3.238e-05,4.759e-05,0.0004688,3.144e-22,4.936e-05,0.002273,0.001475,5.938e-07,0.1099,0.009016,0.0211,0.1697,4.228e-05,3.254e-05,0.138
   74580,   74640,0.0087578,0.01038,0.03111,6.249e-22,3.234e-05,4.755e-05,0.0004684,3.029e-22,4.925e-05,0.002272,0.001475,5.928e-07,0.1099,0.009011,0.02109,0.1697,4.223e-05,3.246e-05,0.138
   74640,   74700,0.0087975,0.01037,0.0311,6.031e-22,3.23e-05,4.752e-05,0.0004681,2.922e-22,4.914e-05,0.002271,0.001474,5.919e-07,0.1099,0.009007,0.02109,0.1697,4.22e-05,3.239e-05,0.138
   74700,   74760,0.0088245,0.01037,0.03109,5.806e-22,3.227e-05,4.748e-05,0.0004677,2.812e-22,4.903e-05,0.002269,0.001473,5.909e-07,0.1099,0.009002,0.02109,0.1696,4.215e-05,3.231e-05,0.138
   74760,   74820,0.0088222,0.01037,0.03108,5.584e-22,3.223e-05,4.744e-05,0.0004673,2.704e-22,4.891e-05,0.002268,0.001472,5.899e-07,0.1098,0.008998,0.02109,0.1696,4.211e-05,3.223e-05,0.138
   74820,   74880,0.0088186,0.01036,0.03108,5.382e-22,3.219e-05,4.74e-05,0.0004669,2.605e-22,4.88e-05,0.002266,0.001471,5.889e-07,0.1098,0.008993,0.02108,0.1696,4.207e-05,3.216e-05,0.138
   74880,   74940,0.0088671,0.01036,0.03107,5.173e-22,3.215e-05,4.735e-05,0.0004665,2.503e-22,4.869e-05,0.002265,0.00147,5.879e-07,0.1098,0.008989,0.02108,0.1696,4.203e-05,3.208e-05,0.138
   74940,   75000,0.0089116,0.01035,0.03106,4.969e-22,3.211e-05,4.731e-05,0.0004661,2.403e-22,4.857e-05,0.002263,0.00147,5.868e-07,0.1098,0.008984,0.02108,0.1695,4.198e-05,3.199e-05,0.138
   75000,   75060,0.0089225,0.01035,0.03105,4.782e-22,3.207e-05,4.727e-05,0.0004657,2.312e-22,4.845e-05,0.002261,0.001469,5.858e-07,0.1098,0.008979,0.02107,0.1695,4.194e-05,3.192e-05,0.138
   75060,   75120,0.008914,0.01035,0.03104,4.588e-22,3.203e-05,4.723e-05,0.0004652,2.217e-22,4.833e-05,0.00226,0.001468,5.847e-07,0.1097,0.008974,0.02107,0.1695,4.189e-05,3.183e-05,0.138
   75120,   75180,0.0088426,0.01034,0.03103,4.4e-22,3.199e-05,4.718e-05,0.0004648,2.125e-22,4.821e-05,0.002258,0.001467,5.836e-07,0.1097,0.008969,0.02107,0.1694,4.185e-05,3.175e-05,0.138
   75180,   75240,0.0088347,0.01034,0.03102,4.228e-22,3.194e-05,4.714e-05,0.0004644,2.041e-22,4.809e-05,0.002257,0.001466,5.826e-07,0.1097,0.008964,0.02106,0.1694,4.18e-05,3.166e-05,0.138
   75240,   75300,0.0088422,0.01033,0.03101,4.051e-22,3.19e-05,4.709e-05,0.0004639,1.955e-22,4.796e-05,0.002255,0.001465,5.815e-07,0.1097,0.008959,0.02106,0.1694,4.176e-05,3.158e-05,0.138
   75300,   75360,0.008841,0.01033,0.03101,3.879e-22,3.186e-05,4.705e-05,0.0004635,1.871e-22,4.784e-05,0.002253,0.001464,5.804e-07,0.1097,0.008953,0.02106,0.1693,4.171e-05,3.149e-05,0.138
   75360,   75420,0.0088636,0.01032,0.031,3.722e-22,3.182e-05,4.7e-05,0.000463,1.794e-22,4.771e-05,0.002252,0.001463,5.793e-07,0.1096,0.008948,0.02106,0.1693,4.166e-05,3.141e-05,0.138
   75420,   75480,0.0087961,0.01032,0.03099,3.56e-22,3.177e-05,4.696e-05,0.0004626,1.716e-22,4.758e-05,0.00225,0.001462,5.781e-07,0.1096,0.008943,0.02105,0.1693,4.161e-05,3.132e-05,0.138
   75480,   75540,0.008772,0.01032,0.03098,3.404e-22,3.172e-05,4.691e-05,0.0004621,1.639e-22,4.745e-05,0.002248,0.001461,5.77e-07,0.1096,0.008937,0.02105,0.1693,4.156e-05,3.123e-05,0.138
   75540,   75600,0.0087639,0.01031,0.03097,3.261e-22,3.168e-05,4.686e-05,0.0004617,1.57e-22,4.733e-05,0.002246,0.00146,5.758e-07,0.1096,0.008932,0.02105,0.1692,4.152e-05,3.114e-05,0.138
   75600,   75660,0.0087545,0.01031,0.03096,3.115e-22,3.164e-05,4.681e-05,0.0004612,1.499e-22,4.719e-05,0.002244,0.001459,5.747e-07,0.1095,0.008926,0.02104,0.1692,4.147e-05,3.105e-05,0.138
   75660,   75720,0.0087532,0.0103,0.03095,2.974e-22,3.159e-05,4.676e-05,0.0004607,1.43e-22,4.706e-05,0.002243,0.001458,5.735e-07,0.1095,0.008921,0.02104,0.1692,4.141e-05,3.096e-05,0.138
   75720,   75780,0.0087621,0.0103,0.03094,2.846e-22,3.154e-05,4.672e-05,0.0004602,1.368e-22,4.693e-05,0.002241,0.001457,5.723e-07,0.1095,0.008915,0.02104,0.1691,4.137e-05,3.087e-05,0.138
   75780,   75840,0.0087572,0.01029,0.03093,2.713e-22,3.149e-05,4.667e-05,0.0004597,1.303e-22,4.679e-05,0.002239,0.001456,5.711e-07,0.1095,0.008909,0.02103,0.1691,4.131e-05,3.077e-05,0.138
   75840,   75900,0.008778,0.01029,0.03092,2.587e-22,3.145e-05,4.661e-05,0.0004592,1.242e-22,4.665e-05,0.002237,0.001455,5.698e-07,0.1094,0.008903,0.02103,0.169,4.126e-05,3.068e-05,0.138
   75900,   75960,0.0088003,0.01028,0.03091,2.472e-22,3.14e-05,4.656e-05,0.0004587,1.186e-22,4.652e-05,0.002235,0.001454,5.686e-07,0.1094,0.008897,0.02102,0.169,4.121e-05,3.059e-05,0.138
   75960,   76020,0.0087918,0.01028,0.03089,2.354e-22,3.135e-05,4.651e-05,0.0004582,1.129e-22,4.638e-05,0.002233,0.001453,5.674e-07,0.1094,0.008891,0.02102,0.169,4.115e-05,3.049e-05,0.138
   76020,   76080,0.0087854,0.01027,0.03088,2.241e-22,3.13e-05,4.646e-05,0.0004577,1.074e-22,4.623e-05,0.002231,0.001452,5.661e-07,0.1094,0.008885,0.02102,0.1689,4.11e-05,3.039e-05,0.138
   76080,   76140,0.0087771,0.01027,0.03087,2.138e-22,3.125e-05,4.641e-05,0.0004572,1.024e-22,4.61e-05,0.002229,0.001451,5.649e-07,0.1093,0.008879,0.02101,0.1689,4.105e-05,3.03e-05,0.138
   76140,   76200,0.0087799,0.01026,0.03086,2.033e-22,3.12e-05,4.635e-05,0.0004566,9.728e-23,4.595e-05,0.002227,0.001449,5.636e-07,0.1093,0.008873,0.02101,0.1689,4.099e-05,3.02e-05,0.138
   76200,   76260,0.0087688,0.01026,0.03085,1.932e-22,3.115e-05,4.63e-05,0.0004561,9.24e-23,4.58e-05,0.002225,0.001448,5.623e-07,0.1093,0.008866,0.021,0.1688,4.093e-05,3.01e-05,0.138
   76260,   76320,0.0087608,0.01025,0.03084,1.842e-22,3.11e-05,4.624e-05,0.0004556,8.799e-23,4.566e-05,0.002223,0.001447,5.61e-07,0.1092,0.00886,0.021,0.1688,4.088e-05,3e-05,0.138
   76320,   76380,0.0087838,0.01024,0.03083,1.749e-22,3.105e-05,4.619e-05,0.000455,8.35e-23,4.551e-05,0.002221,0.001446,5.597e-07,0.1092,0.008853,0.021,0.1687,4.082e-05,2.99e-05,0.138
   76380,   76440,0.0088063,0.01024,0.03081,1.66e-22,3.099e-05,4.613e-05,0.0004545,7.92e-23,4.536e-05,0.002219,0.001445,5.583e-07,0.1092,0.008847,0.02099,0.1687,4.076e-05,2.979e-05,0.138
   76440,   76500,0.0088077,0.01023,0.0308,1.58e-22,3.094e-05,4.608e-05,0.0004539,7.532e-23,4.522e-05,0.002217,0.001444,5.57e-07,0.1092,0.00884,0.02099,0.1687,4.071e-05,2.97e-05,0.138
   76500,   76560,0.008775,0.01023,0.03079,1.498e-22,3.089e-05,4.602e-05,0.0004534,7.137e-23,4.507e-05,0.002214,0.001442,5.557e-07,0.1091,0.008833,0.02098,0.1686,4.065e-05,2.959e-05,0.138
   76560,   76620,0.0087486,0.01022,0.03078,1.42e-22,3.083e-05,4.596e-05,0.0004528,6.76e-23,4.491e-05,0.002212,0.001441,5.543e-07,0.1091,0.008826,0.02098,0.1686,4.059e-05,2.948e-05,0.138
   76620,   76680,0.0087259,0.01022,0.03076,1.35e-22,3.078e-05,4.59e-05,0.0004522,6.421e-23,4.477e-05,0.00221,0.00144,5.529e-07,0.1091,0.00882,0.02097,0.1685,4.053e-05,2.938e-05,0.138
   76680,   76740,0.0086696,0.01021,0.03075,1.279e-22,3.072e-05,4.584e-05,0.0004516,6.076e-23,4.461e-05,0.002208,0.001439,5.515e-07,0.109,0.008812,0.02097,0.1685,4.047e-05,2.928e-05,0.138
   76740,   76800,0.0086586,0.0102,0.03074,1.211e-22,3.066e-05,4.578e-05,0.000451,5.748e-23,4.445e-05,0.002205,0.001437,5.501e-07,0.109,0.008805,0.02096,0.1684,4.04e-05,2.917e-05,0.138
   76800,   76860,0.0086436,0.0102,0.03073,1.15e-22,3.061e-05,4.572e-05,0.0004505,5.452e-23,4.43e-05,0.002203,0.001436,5.487e-07,0.109,0.008798,0.02096,0.1684,4.034e-05,2.907e-05,0.138
