CampaignData_and_Merges/R0/CSL_MobileLab_Parked/raw/20240719/USOS-NOy-LIF_MobileLabGround_20240719_R0.ict
39,1001
Rollins, A.; Waxman, E.; Zuraski, K.; Chace, W.
NOAA Chemical Sciences Laboratory
LIF NO/NOx/NOy on CSL Mobile Lab
AMMBEC / USOS
1, 1
2024,07,19, 2025,01,03
1
Time_Start, seconds, number_of_seconds_since_0000_UTC
7
1, 1, 1, 1, 1, 1, 1
-9999, -9999, -9999, -9999, -9999, -9999, -9999
Time_Stop, seconds, number_of_seconds_since_0000_UTC
NO_LIF, pptv, Gas_NO_InSitu_S_AVMR, volume mixing ratio of nitric oxide in air
NO2_LIF, pptv, Gas_NO2_InSitu_S_AVMR, volume mixing ratio of nitrogen dioxide in air
NOy_LIF, pptv, Gas_NOy_InSitu_S_AVMR, volume mixing ratio of total oxidized nitrogen in air
NO_LIF_1SigmaAccuracy, pptv, Gas_NO_InSitu_S_AVMR, volume mixing ratio of nitric oxide in air
NO2_LIF_1SigmaAccuracy, pptv, Gas_NO2_InSitu_S_AVMR, volume mixing ratio of nitrogen dioxide in air
NOy_LIF_1SigmaAccuracy, pptv, Gas_NOy_InSitu_S_AVMR, volume mixing ratio of total oxidized nitrogen in air
0
18
PI_CONTACT_INFO: andrew.rollins@noaa.gov
PLATFORM: CSL Mobile Lab
LOCATION: Salt Lake City, UT
ASSOCIATED_DATA:
INSTRUMENT_INFO: NO detection by laser induced fluorescence. NO2 detection by photolytic conversion to NO. NOy detection by catalytic conversion to NO on gold surface
DATA_INFO:
UNCERTAINTY: Included 1 Sigma Accuracy waves represent the combined calibration uncertainties (±6%, ±9%, ±10%) and zero uncertainties (3 ppt, 20 ppt, 100 ppt) for NO, NO2, and NOy, respectively.
ULOD_FLAG: -7777
ULOD_VALUE: N/A
LLOD_FLAG: -8888
LLOD_VALUE: N/A
DM_CONTACT_INFO: andrew.rollins@noaa.gov
PROJECT_INFO: USOS Project, July - August 2024
STIPULATIONS_ON_USE: Users are strongly encouraged to contact the PI for proper data usage.
OTHER_COMMENTS:
REVISION: R0
R0: final data
Time_Start, Time_Stop, NO_LIF, NO2_LIF, NOy_LIF, NO_LIF_1SigmaAccuracy, NO2_LIF_1SigmaAccuracy, NOy_LIF_1SigmaAccuracy
[from data line 533]
   31980,   32040,15.601,2538.7,3806.9,3.9361, 248.48, 480.69
   32040,   32100,6.0761,2750.2,3898.6,3.3646, 267.52, 489.86
   32100,   32160,8.5681,3077.3,4127.9,3.5141, 296.96, 512.79
   32160,   32220,12.516,3277,4516.9,3.7509, 314.93, 551.69
   32220,   32280,7.3301,3562.8,4733.5,3.4398, 340.66, 573.35
   32280,   32340,6.8164,3781.2,5051.3,3.409, 360.3, 605.13
   32340,   32400,8.441,3917.6,5172.6,3.5065, 372.59, 617.26
   32400,   32460,12.668,4041.1,5461,3.7601, 383.7, 646.1
   32460,   32520,12.243,4697.1,6094.5,3.7346, 442.74, 709.45
   32520,   32580,17.167,4956,6407,4.03, 466.04, 740.7
   32580,   32640,28.97,4684.9,6354.8,4.7382, 441.64, 735.48
   32640,   32700,13.462,4167.3,5901.2,3.8077, 395.06, 690.12
   32700,   32760,8.4931,4076.2,5678.7,3.5096, 386.86, 667.87
   32760,   32820,17.621,3885.6,5609.9,4.0573, 369.7, 660.99
   32820,   32880,29.911,3934.6,5582,4.7946, 374.11, 658.2
   32880,   32940,11.984,3677.1,5408,3.7191, 350.94, 640.8
   32940,   33000,8.8456,3767,5288.6,3.5307, 359.03, 628.86
   33000,   33060,9.0293,3675.3,5202.4,3.5418, 350.78, 620.24
   33060,   33120,9.9555,3646.7,5111,3.5973, 348.2, 611.1
   33120,   33180,21.824,3694.1,5171.6,4.3095, 352.47, 617.16
   33180,   33240,9.4857,3634.8,5074.6,3.5691, 347.13, 607.46
   33240,   33300,8.6536,3502.3,5040.8,3.5192, 335.2, 604.08
   33300,   33360,11.119,3573,4957.2,3.6672, 341.57, 595.72
   33360,   33420,7.4489,3590.2,4969.6,3.4469, 343.12, 596.96
   33420,   33480,36.035,3689.8,5078.1,5.1621, 352.08, 607.81
   33480,   33540,64.575,3913.6,5513.5,6.8745, 372.22, 651.35
   33540,   33600,6.3995,3675.9,5202.3,3.384, 350.83, 620.23
   33600,   33660,6.8974,3676,5143.7,3.4138, 350.84, 614.37
   33660,   33720,8.7587,3680.9,5181.4,3.5255, 351.28, 618.14
   33720,   33780,5.8507,3584.1,4998.9,3.351, 342.57, 599.89
   33780,   33840,8.2901,3666.7,5094.7,3.4974, 350, 609.47
   33840,   33900,8.1134,3626.3,5116.5,3.4868, 346.36, 611.65
   33900,   33960,6.9766,3276.8,5009.1,3.4186, 314.91, 600.91
   33960,   34020,14.449,3040,4979.5,3.867, 293.6, 597.95
   34020,   34080,13.49,3172.5,4825.5,3.8094, 305.53, 582.55
   34080,   34140,9.4629,3120.1,4656.3,3.5678, 300.81, 565.63
   34140,   34200,9.1355,3157.7,4497.4,3.5481, 304.2, 549.74
   34200,   34260,30.222,2527,4597.7,4.8133, 247.43, 559.77
   34260,   34320,19.652,2662.3,4127.4,4.1791, 259.61, 512.74
   34320,   34380,14.388,2671,4344.7,3.8633, 260.39, 534.47
   34380,   34440,22.851,2669.8,4272.5,4.371, 260.28, 527.25
   34440,   34500,8.8874,2675.7,4664.3,3.5332, 260.81, 566.43
   34500,   34560,6.9148,2716.2,4530.6,3.4149, 264.46, 553.06
   34560,   34620,9.1367,2947.2,4558.1,3.5482, 285.25, 555.81
   34620,   34680,11.818,3295.9,5016.7,3.7091, 316.63, 601.67
   34680,   34740,11.48,3808.7,5158,3.6888, 362.78, 615.8
   34740,   34800,8.2198,4458.6,5609.4,3.4932, 421.28, 660.94
   34800,   34860,7.8699,4672.6,5917,3.4722, 440.54, 691.7
   34860,   34920,4.1712,4629.6,6083.8,3.2503, 436.66, 708.38
   34920,   34980,-9999,-9999,-9999,-9999, -9999, -9999
   34980,   35040,-9999,-9999,-9999,-9999, -9999, -9999
   35040,   35100,-9999,-9999,-9999,-9999, -9999, -9999
   35100,   35160,-9999,-9999,-9999,-9999, -9999, -9999
   35160,   35220,-9999,-9999,-9999,-9999, -9999, -9999
   35220,   35280,-9999,-9999,-9999,-9999, -9999, -9999
   35280,   35340,-9999,-9999,-9999,-9999, -9999, -9999
   35340,   35400,7.8447,3874.4,5588.5,3.4707, 368.7, 658.85
   35400,   35460,12.022,3688.8,5390,3.7213, 351.99, 639
   35460,   35520,12.216,3684.5,5407.9,3.7329, 351.61, 640.79
   35520,   35580,39.788,4293.8,5810.6,5.3873, 406.44, 681.06
   35580,   35640,22.58,4098.5,5864.4,4.3548, 388.87, 686.44
   35640,   35700,22.666,3929.9,5700.8,4.36, 373.69, 670.08
   35700,   35760,14.573,3767.8,5469,3.8744, 359.1, 646.9
   35760,   35820,36.642,3822.2,5519,5.1985, 364, 651.9
   35820,   35880,49.415,3897.6,5679.3,5.9649, 370.78, 667.93
   35880,   35940,18.082,3907.8,5697,4.0849, 371.7, 669.7
   35940,   36000,15.413,3943.9,5519.8,3.9248, 374.95, 651.98
   36000,   36060,11.626,3768.9,5360.7,3.6976, 359.2, 636.07
   36060,   36120,229.96,4544.1,6246.6,16.798, 428.97, 724.66
   36120,   36180,41.698,3495.7,5675.4,5.5019, 334.62, 667.54
   36180,   36240,17.41,3323.6,4934.4,4.0446, 319.13, 593.44
   36240,   36300,14.685,3293.4,5038.9,3.8811, 316.4, 603.89
   36300,   36360,6.5834,3089.4,4769.7,3.395, 298.04, 576.97
   36360,   36420,5.8678,2967.7,4499.8,3.3521, 287.1, 549.98
   36420,   36480,9.1124,3041.2,4403.8,3.5467, 293.71, 540.38
   36480,   36540,12.22,2995.9,4487.8,3.7332, 289.63, 548.78
   36540,   36600,29.38,3210.9,4825.1,4.7628, 308.98, 582.51
   36600,   36660,54.098,3552.3,5024,6.2459, 339.7, 602.4
   36660,   36720,56.137,4634.1,6802.1,6.3682, 437.07, 780.21
   36720,   36780,22.657,4226.4,6274.9,4.3594, 400.37, 727.49
   36780,   36840,25.781,4963.7,7140.3,4.5468, 466.73, 814.03
   36840,   36900,87.281,8821.8,9573.7,8.2369, 813.97, 1057.4
   36900,   36960,41.498,7594.5,12385,5.4899, 703.51, 1338.5
   36960,   37020,47.647,4622.5,9733,5.8588, 436.03, 1073.3
   37020,   37080,32.281,3682,6050.5,4.9369, 351.38, 705.05
   37080,   37140,11.788,3322.6,5064.2,3.7073, 319.03, 606.42
   37140,   37200,12.496,3423.3,4889.5,3.7498, 328.1, 588.95
   37200,   37260,10.597,3131.7,4882.4,3.6358, 301.86, 588.24
   37260,   37320,17.569,2936.7,4560.1,4.0541, 284.3, 556.01
   37320,   37380,115.11,3444.4,4725.8,9.9063, 329.99, 572.58
   37380,   37440,67.716,3365.1,5077.6,7.063, 322.86, 607.76
   37440,   37500,15.225,2673.9,4458.3,3.9135, 260.65, 545.83
   37500,   37560,13.155,2542.5,3797.7,3.7893, 248.82, 479.77
   37560,   37620,15.008,2438,3834.7,3.9005, 239.42, 483.47
   37620,   37680,18.901,2690.2,4059.6,4.134, 262.12, 505.96
   37680,   37740,7.8585,1919.1,3449.5,3.4715, 192.72, 444.95
   37740,   37800,11.288,2193.9,3818.1,3.6773, 217.45, 481.81
   37800,   37860,11.068,2007,3258.5,3.6641, 200.63, 425.85
   37860,   37920,11.692,1963,3454.8,3.7015, 196.67, 445.48
   37920,   37980,9.8909,2026.6,3377.2,3.5935, 202.4, 437.72
   37980,   38040,5.709,1964.3,3184,3.3425, 196.79, 418.4
   38040,   38100,9.246,2006.4,3010.8,3.5548, 200.58, 401.08
   38100,   38160,7.2528,2001.2,3128.9,3.4352, 200.11, 412.89
   38160,   38220,8.9039,1963.1,3015.2,3.5342, 196.67, 401.52
   38220,   38280,10.227,1945.2,3036.4,3.6136, 195.06, 403.64
   38280,   38340,17.644,2122,3563.2,4.0586, 210.98, 456.32
   38340,   38400,12.519,2180.8,3418.6,3.7511, 216.27, 441.86
   38400,   38460,18.201,2702.7,3516.7,4.0921, 263.24, 451.67
   38460,   38520,34.83,3198.3,3929,5.0898, 307.85, 492.9
   38520,   38580,42.574,2479.6,3771.6,5.5544, 243.16, 477.16
   38580,   38640,17.968,2148.3,3741,4.0781, 213.34, 474.1
   38640,   38700,10.436,1905.2,3684.7,3.6261, 191.46, 468.47
   38700,   38760,26.856,2403.9,3929,4.6114, 236.35, 492.9
   38760,   38820,16.284,2206.1,3550,3.977, 218.55, 455
   38820,   38880,25.514,2377,3521.6,4.5308, 233.93, 452.16
   38880,   38940,8.0108,2226.2,3600.4,3.4807, 220.36, 460.04
   38940,   39000,5.8845,2224.8,3435.7,3.3531, 220.23, 443.57
   39000,   39060,6.768,2323.7,3505.7,3.4061, 229.14, 450.57
   39060,   39120,25.73,2712.7,3664.9,4.5438, 264.14, 466.49
   39120,   39180,31.057,2780.6,3840.5,4.8634, 270.26, 484.05
   39180,   39240,45.218,2888,4082,5.7131, 279.92, 508.2
   39240,   39300,84.338,2888.3,4214.1,8.0603, 279.94, 521.41
   39300,   39360,-9999,-9999,-9999,-9999, -9999, -9999
   39360,   39420,-9999,-9999,-9999,-9999, -9999, -9999
   39420,   39480,-9999,-9999,-9999,-9999, -9999, -9999
   39480,   39540,-9999,-9999,-9999,-9999, -9999, -9999
   39540,   39600,-9999,-9999,-9999,-9999, -9999, -9999
   39600,   39660,-9999,-9999,-9999,-9999, -9999, -9999
   39660,   39720,-9999,-9999,-9999,-9999, -9999, -9999
   39720,   39780,104.73,5015.3,6291.8,9.2838, 471.38, 729.18
   39780,   39840,41.82,4134.7,5623.3,5.5092, 392.12, 662.33
   39840,   39900,32.102,3554.7,5280.2,4.9261, 339.92, 628.02
   39900,   39960,29.7,3345.2,5063.7,4.782, 321.07, 606.37
   39960,   40020,105.65,4175.9,4936.3,9.3388, 395.83, 593.63
   40020,   40080,65.502,3782.7,5369.8,6.9301, 360.44, 636.98
   40080,   40140,28.367,3979.5,5548.8,4.702, 378.15, 654.88
   40140,   40200,17.16,3592.8,5279.6,4.0296, 343.35, 627.96
   40200,   40260,20.786,4026.6,5898.2,4.2471, 382.39, 689.82
   40260,   40320,16.139,3685.5,5955,3.9683, 351.69, 695.5
   40320,   40380,25.88,3006.1,5507.8,4.5528, 290.55, 650.78
   40380,   40440,13.162,2744.6,4504.4,3.7897, 267.02, 550.44
   40440,   40500,11.451,2841.2,4185.8,3.6871, 275.71, 518.58
   40500,   40560,11.427,2796,4014.9,3.6856, 271.64, 501.49
   40560,   40620,13.108,2685.1,4046.7,3.7865, 261.66, 504.67
   40620,   40680,11.884,2700.3,4149,3.713, 263.02, 514.9
   40680,   40740,11.839,2450.6,3820.1,3.7104, 240.55, 482.01
   40740,   40800,11.779,2542.4,3742.3,3.7067, 248.82, 474.23
   40800,   40860,206.3,3249.5,4109.2,15.378, 312.46, 510.92
   40860,   40920,77.109,3258.8,4134.3,7.6265, 313.3, 513.43
   40920,   40980,21.888,3056.7,4121.5,4.3133, 295.1, 512.15
   40980,   41040,17.788,2718.3,4068.5,4.0673, 264.65, 506.85
   41040,   41100,19.923,2693.8,3991.9,4.1954, 262.44, 499.19
   41100,   41160,531.22,5640.7,6140.4,34.873, 527.67, 714.04
   41160,   41220,148.72,4585.8,6301.9,11.923, 432.73, 730.19
   41220,   41280,51.295,4030.7,6400.2,6.0777, 382.77, 740.02
   41280,   41340,23.336,3657.4,5439.6,4.4001, 349.17, 643.96
   41340,   41400,32.808,3736,4962.9,4.9685, 356.24, 596.29
   41400,   41460,29.246,3418,5649.8,4.7547, 327.62, 664.98
   41460,   41520,11.18,2664.2,5288.1,3.6708, 259.78, 628.81
   41520,   41580,9.2341,2707.9,4338.2,3.554, 263.71, 533.82
   41580,   41640,11.78,2483,3946.8,3.7068, 243.47, 494.68
   41640,   41700,29.431,2743.4,3807.9,4.7659, 266.9, 480.79
   41700,   41760,35.659,3371.5,4134.7,5.1395, 323.44, 513.47
   41760,   41820,17.914,3292.4,4255.6,4.0748, 316.31, 525.56
   41820,   41880,155.06,4513.9,4469.6,12.304, 426.25, 546.96
   41880,   41940,115.21,4852.5,5704.5,9.9126, 456.72, 670.45
   41940,   42000,248.97,5536.9,6010,17.938, 518.32, 701
   42000,   42060,252.61,5743.9,6919.9,18.156, 536.95, 791.99
   42060,   42120,70.794,3747.2,6863.2,7.2476, 357.24, 786.32
   42120,   42180,28.748,2915.3,5307.2,4.7249, 282.38, 630.72
   42180,   42240,29.768,3262.5,5247.7,4.7861, 313.63, 624.77
   42240,   42300,145.53,3640,5024.2,11.732, 347.6, 602.42
   42300,   42360,201.23,4377.3,5253.5,15.074, 413.96, 625.35
   42360,   42420,5533.4,17299,8448,335, 1576.9, 944.8
   42420,   42480,3256.6,15740,18921,198.4, 1436.6, 1992.1
   42480,   42540,203.87,4870.1,16725,15.232, 458.31, 1772.5
   42540,   42600,75.043,3325.3,9738.4,7.5026, 319.27, 1073.8
   42600,   42660,136.8,4126.6,7278.1,11.208, 391.39, 827.81
   42660,   42720,64.812,3464,6225,6.8887, 331.76, 722.5
   42720,   42780,168.86,3473.5,5535.1,13.131, 332.62, 653.51
   42780,   42840,1897.5,8429.3,8587.1,116.85, 778.64, 958.71
   42840,   42900,1107.6,8165.7,11776,69.454, 754.91, 1277.6
   42900,   42960,422.5,8223.7,11715,28.35, 760.13, 1271.5
   42960,   43020,220.37,5413.6,10989,16.222, 507.22, 1198.9
   43020,   43080,51.587,3618.8,7977.9,6.0952, 345.69, 897.79
   43080,   43140,37.206,2871.8,5850.8,5.2324, 278.46, 685.08
   43140,   43200,188.46,3668.4,5344.9,14.308, 350.15, 634.49
   43200,   43260,43.537,2787.9,5025.5,5.6122, 270.91, 602.55
   43260,   43320,36.18,2806.2,4369.7,5.1708, 272.55, 536.97
   43320,   43380,76.798,2755,4258.7,7.6079, 267.95, 525.87
   43380,   43440,252.6,3991,4945.8,18.156, 379.19, 594.58
   43440,   43500,419.94,5409.4,5753.9,28.196, 506.85, 675.39
   43500,   43560,230.18,4194.8,6214.3,16.811, 397.53, 721.43
   43560,   43620,432.12,5526.4,7035,28.927, 517.38, 803.5
   43620,   43680,-9999,-9999,-9999,-9999, -9999, -9999
   43680,   43740,-9999,-9999,-9999,-9999, -9999, -9999
   43740,   43800,-9999,-9999,-9999,-9999, -9999, -9999
   43800,   43860,-9999,-9999,-9999,-9999, -9999, -9999
   43860,   43920,-9999,-9999,-9999,-9999, -9999, -9999
   43920,   43980,-9999,-9999,-9999,-9999, -9999, -9999
   43980,   44040,-9999,-9999,-9999,-9999, -9999, -9999
   44040,   44100,-9999,-9999,-9999,-9999, -9999, -9999
   44100,   44160,1061.2,5971.9,6678.6,66.674, 557.47, 767.86
   44160,   44220,62.354,3104.6,6924,6.7412, 299.42, 792.4
   44220,   44280,64.458,3093.6,4739.5,6.8675, 298.42, 573.95
   44280,   44340,30.548,2849.8,4305.9,4.8329, 276.48, 530.59
   44340,   44400,35.906,2969.4,4370.9,5.1544, 287.25, 537.09
   44400,   44460,33.315,2845.4,4480.1,4.9989, 276.09, 548.01
   44460,   44520,37.721,3297.2,4619.3,5.2632, 316.75, 561.93
   44520,   44580,45.668,3868.1,4714.4,5.7401, 368.13, 571.44
   44580,   44640,56.67,4282,5118.4,6.4002, 405.38, 611.84
   44640,   44700,86.563,3870.6,5174.2,8.1938, 368.35, 617.42
   44700,   44760,137.3,4705.5,5323.7,11.238, 443.5, 632.37
   44760,   44820,260.63,6547.1,7352.3,18.638, 609.24, 835.23
   44820,   44880,454.81,8596.2,9374.2,30.289, 793.65, 1037.4
   44880,   44940,352.53,7777.4,9559.2,24.152, 719.97, 1055.9
   44940,   45000,184.54,6146.8,8716.1,14.073, 573.21, 971.61
   45000,   45060,164.56,4786.6,8437.7,12.874, 450.79, 943.77
   45060,   45120,485.15,8453.1,8281,32.109, 780.78, 928.1
   45120,   45180,621.21,11542,10848,40.272, 1058.8, 1184.8
   45180,   45240,583.54,9815.8,10133,38.012, 903.43, 1113.3
   45240,   45300,771.67,10193,11478,49.3, 937.39, 1247.8
   45300,   45360,2677,14060,14243,163.62, 1285.4, 1524.3
   45360,   45420,2195.1,14213,17936,134.71, 1299.2, 1893.6
   45420,   45480,556.97,7976.6,15416,36.418, 737.9, 1641.6
   45480,   45540,1401.4,11488,14801,87.084, 1053.9, 1580.1
   45540,   45600,408.84,9294.4,11757,27.53, 856.49, 1275.7
   45600,   45660,700.09,10470,12304,45.006, 962.31, 1330.4
   45660,   45720,575.19,8597.4,14498,37.511, 793.77, 1549.8
   45720,   45780,595.06,8282.9,10852,38.704, 765.46, 1185.2
   45780,   45840,2799.1,12082,12943,170.94, 1107.4, 1394.3
   45840,   45900,1473.6,8974.1,17174,91.419, 827.67, 1817.4
   45900,   45960,444.12,5669.7,9436.3,29.647, 530.27, 1043.6
   45960,   46020,251.14,4826.3,8205.6,18.069, 454.37, 920.56
   46020,   46080,623.74,5822.8,7115.2,40.424, 544.05, 811.52
   46080,   46140,918.18,7043.7,10647,58.091, 653.93, 1164.7
   46140,   46200,1257.6,7441.7,10467,78.454, 689.75, 1146.7
   46200,   46260,952.89,7925.3,11998,60.173, 733.27, 1299.8
   46260,   46320,2819.9,9449.1,13120,172.2, 870.41, 1412
   46320,   46380,1224.4,7424.4,12237,76.466, 688.19, 1323.7
   46380,   46440,4607.2,14133,16963,279.43, 1292, 1796.3
   46440,   46500,968.46,6800.5,12494,61.108, 632.04, 1349.4
   46500,   46560,1959,9506,11817,120.54, 875.54, 1281.7
   46560,   46620,932.87,6022.8,12217,58.972, 562.05, 1321.7
   46620,   46680,985.58,6113.3,7887.2,62.135, 570.2, 888.72
   46680,   46740,1024.9,7413,11060,64.495, 687.17, 1206
   46740,   46800,325.82,3856.4,6888.6,22.549, 367.08, 788.86
   46800,   46860,196.31,2720.7,5333.2,14.779, 264.86, 633.32
   46860,   46920,229.32,2967.2,4265.4,16.759, 287.05, 526.54
   46920,   46980,494.32,3673.2,4368.9,32.659, 350.59, 536.89
   46980,   47040,1635.2,6747,7932.4,101.11, 627.23, 893.24
   47040,   47100,1088.1,6210.5,9726.4,68.284, 578.94, 1072.6
   47100,   47160,1879.9,7352.3,9650.6,115.79, 681.7, 1065.1
   47160,   47220,912.79,5643.7,10089,57.767, 527.93, 1108.9
   47220,   47280,791.54,4655.4,8056,50.493, 438.99, 905.6
   47280,   47340,248.2,2271.6,4448.2,17.892, 224.45, 544.82
   47340,   47400,394.92,2926.4,4460,26.695, 283.37, 546
   47400,   47460,445.22,2571.9,4888.7,29.713, 251.47, 588.87
   47460,   47520,329.92,2623.8,4763.6,22.795, 256.14, 576.36
   47520,   47580,634.99,2297.1,3290,41.099, 226.74, 429
   47580,   47640,3504.7,5622,8308.9,213.28, 525.98, 930.89
   47640,   47700,2901.2,6900,10308,177.07, 641, 1130.8
   47700,   47760,1408.3,4542.8,7480.7,87.501, 428.85, 848.07
   47760,   47820,2576.3,5871.9,8580.1,157.58, 548.47, 958.01
