CampaignData_and_Merges/R0/CSL_MobileLab_Parked/raw/20240719/USOS-NOAAIodideCIMS-HCOOH_MobileLabGround_20240719_RA.ict
34, 1001
Michael A Robinson, Chris Jernigan, Subi Thakali
NOAA ESRL Chemical Sciences Laboratory and CIRES, U. of Colorado
NOAA Iodide CIMS Instrument
USOS
1, 1
2024, 07, 19, 2024, 07, 20
0
starttime_UTC, seconds_past_midnight, seconds_of_day_since_00:00:00_UTC
1
1
-9999
HCOOH_NOAACIMS, pptv, Gas_HCOOH_InSitu_S_AVMR
1
N/A
18
PI_CONTACT_INFO: 325 Broadway, R/CSD 7, Boulder, Colorado 80305; michael.a.robinson@noaa.gov; chris.jernigan@noaa.gov;
PLATFORM: NOAA CSL Mobile Lab
LOCATION: SLC, Utah
ASSOCIATED_DATA: 1Hz data also available on request.
INSTRUMENT_INFO: NOAA I- ToF CIMS
DATA_INFO: Units: pptv
UNCERTAINTY: tbd
ULOD_FLAG: -7777
ULOD_VALUE: N/A
LLOD_FLAG: -8888
LLOD_VALUE: N/A
DM_CONTACT_INFO: Nathan Howard; nathan.h.howard@noaa.gov
PROJECT_INFO: USOS, summer 2024. https://csl.noaa.gov/groups/csl7/measurements/2024usos/
STIPULATIONS_ON_USE: only the USOS science team is allowed to use this data
OTHER_COMMENTS: Field data; Data are averaged to 1 minute intervals. Stationary data collected from a 10 ft tower on top of the mobile lab
REVISION: RA
RA: Preliminary Data; For in-field use only
starttime_UTC, HCOOH_NOAACIMS
0,-9999.000
60,-9999.000
120,-9999.000
180,-9999.000
240,-9999.000
300,-9999.000
360,-9999.000
420,-9999.000
480,-9999.000
540,-9999.000
600,-9999.000
660,-9999.000
720,-9999.000
780,-9999.000
840,-9999.000
900,-9999.000
960,-9999.000
1020,-9999.000
1080,-9999.000
1140,-9999.000
1200,-9999.000
1260,-9999.000
1320,-9999.000
1380,-9999.000
1440,-9999.000
1500,-9999.000
1560,-9999.000
1620,-9999.000
1680,-9999.000
1740,-9999.000
1800,-9999.000
1860,-9999.000
1920,-9999.000
1980,-9999.000
2040,-9999.000
2100,-9999.000
2160,-9999.000
2220,-9999.000
2280,-9999.000
2340,-9999.000
2400,-9999.000
2460,-9999.000
2520,-9999.000
2580,-9999.000
2640,-9999.000
2700,-9999.000
2760,-9999.000
2820,-9999.000
2880,-9999.000
2940,-9999.000
3000,-9999.000
3060,-9999.000
3120,-9999.000
3180,-9999.000
3240,-9999.000
3300,-9999.000
3360,-9999.000
3420,-9999.000
3480,-9999.000
3540,-9999.000
3600,-9999.000
3660,-9999.000
3720,-9999.000
3780,-9999.000
3840,-9999.000
3900,-9999.000
3960,-9999.000
4020,-9999.000
4080,-9999.000
4140,-9999.000
4200,-9999.000
4260,-9999.000
4320,-9999.000
4380,-9999.000
4440,-9999.000
4500,334.302
4560,366.305
4620,388.054
4680,392.731
4740,422.877
4800,449.357
4860,470.095
4920,503.156
4980,505.789
5040,535.273
5100,533.063
5160,523.731
5220,538.015
5280,534.049
5340,573.425
5400,575.291
5460,609.101
5520,657.677
5580,697.293
5640,692.686
5700,720.100
5760,745.287
5820,764.224
5880,789.716
5940,821.747
6000,839.623
6060,816.590
6120,793.953
6180,833.516
6240,861.220
6300,862.247
6360,839.920
6420,830.506
6480,851.310
6540,844.734
6600,896.060
6660,925.992
6720,865.262
6780,809.953
6840,794.984
6900,817.404
6960,865.129
7020,893.517
7080,877.303
7140,847.323
7200,851.721
7260,840.915
7320,861.917
7380,886.404
7440,865.190
7500,873.900
7560,882.960
7620,827.442
7680,799.814
7740,793.589
7800,793.580
7860,803.574
7920,824.577
7980,830.905
8040,786.221
8100,754.259
8160,743.268
8220,710.106
8280,684.443
8340,690.625
8400,714.283
8460,705.810
8520,-9999.000
8580,-9999.000
8640,-9999.000
8700,-9999.000
8760,-9999.000
8820,-9999.000
8880,785.646
8940,786.731
9000,806.502
9060,830.758
9120,800.376
9180,839.999
9240,812.452
9300,837.270
9360,811.744
9420,811.162
9480,797.953
9540,865.597
9600,908.349
9660,937.212
9720,952.505
9780,996.671
9840,859.790
9900,922.190
9960,936.310
10020,975.009
10080,919.056
10140,894.579
10200,854.707
10260,824.919
10320,836.586
10380,881.379
10440,888.818
10500,800.044
10560,896.185
10620,1009.002
10680,1031.765
10740,1072.664
10800,1077.202
10860,1100.678
10920,1133.564
10980,1072.397
11040,1065.785
11100,1142.654
11160,1148.716
11220,1189.317
11280,1166.928
11340,1189.389
11400,1208.541
11460,1210.309
11520,1220.914
11580,1226.196
11640,1292.304
11700,1353.891
11760,1494.959
11820,1419.364
11880,1422.179
11940,1558.074
12000,1401.058
12060,1476.326
12120,1559.866
12180,1568.549
12240,-9999.000
12300,-9999.000
12360,-9999.000
12420,-9999.000
12480,1515.022
12540,1531.167
12600,1424.803
12660,1454.357
12720,1457.486
12780,1605.919
12840,1635.224
12900,1602.968
12960,1707.656
13020,1658.488
13080,1763.617
13140,1840.226
13200,1896.154
13260,1913.962
13320,1872.345
13380,1935.626
13440,1879.802
13500,1892.298
13560,1896.668
13620,1796.470
13680,1828.172
13740,1637.785
13800,1655.274
13860,2266.403
13920,2358.296
13980,2189.254
14040,2152.674
14100,2193.852
14160,-9999.000
14220,2006.734
14280,2086.372
14340,2190.344
14400,2138.210
14460,1956.975
14520,1857.588
14580,1832.673
14640,1898.702
14700,1941.592
14760,2058.914
14820,2045.407
14880,2052.275
14940,1958.196
15000,2088.234
15060,2407.987
15120,2364.381
15180,2417.379
15240,2534.857
15300,2518.867
15360,2525.922
15420,2387.841
15480,2313.076
15540,2104.869
15600,2190.287
15660,2369.967
15720,2611.903
15780,2841.897
15840,2659.437
15900,2791.730
15960,-9999.000
16020,-9999.000
16080,-9999.000
16140,-9999.000
16200,2798.065
16260,2912.294
16320,3069.104
16380,2976.150
16440,2856.881
16500,2711.381
16560,2887.908
16620,2764.920
16680,2713.754
16740,2842.306
16800,2731.160
16860,2787.145
16920,2805.669
16980,2587.703
17040,2440.237
17100,2441.833
17160,2463.167
17220,2546.767
17280,2507.102
17340,2462.286
17400,2418.272
17460,2449.824
17520,2408.370
17580,2489.976
17640,2585.958
17700,2612.006
17760,2534.802
17820,-9999.000
17880,-9999.000
17940,-9999.000
18000,-9999.000
18060,-9999.000
18120,-9999.000
18180,2819.490
18240,2706.111
18300,2520.839
18360,2505.073
18420,2499.337
18480,2516.546
18540,2459.031
18600,2576.841
18660,2495.115
18720,2545.262
18780,2532.520
18840,2606.565
18900,2543.007
18960,2556.996
19020,2539.467
19080,2529.298
19140,2491.139
19200,2439.738
19260,2424.773
19320,2444.654
19380,2486.929
19440,2396.775
19500,2412.474
19560,2274.093
19620,2306.681
19680,2336.848
19740,2086.638
19800,2132.111
19860,2091.526
19920,2052.399
19980,2062.210
20040,2038.164
20100,2032.677
20160,1985.389
20220,1897.063
20280,1930.451
20340,1914.531
20400,1859.197
20460,1855.920
20520,1838.628
20580,1888.727
20640,1904.204
20700,1913.257
20760,1933.148
20820,1910.136
20880,1974.681
20940,2011.748
21000,1947.838
21060,1949.501
21120,1982.033
21180,1973.917
21240,1934.726
21300,1938.388
21360,1972.668
21420,2012.846
21480,2071.051
21540,2057.969
21600,-9999.000
21660,-9999.000
21720,-9999.000
21780,-9999.000
21840,-9999.000
21900,-9999.000
21960,-9999.000
22020,-9999.000
22080,-9999.000
22140,-9999.000
22200,-9999.000
22260,-9999.000
22320,-9999.000
22380,-9999.000
22440,-9999.000
22500,2123.256
22560,2130.858
22620,2159.159
22680,2212.994
22740,2196.735
22800,2172.696
22860,2206.855
22920,2211.055
22980,2160.603
23040,2183.972
23100,2167.476
23160,2206.025
23220,2157.174
23280,2167.127
23340,-9999.000
23400,-9999.000
23460,-9999.000
23520,-9999.000
23580,2132.963
23640,2198.077
23700,2218.297
23760,2183.765
23820,2184.282
23880,2240.301
23940,2249.936
24000,2184.940
24060,2245.350
24120,2268.094
24180,2223.683
24240,2271.300
24300,2258.424
24360,2266.405
24420,2289.175
24480,2296.201
24540,2293.438
24600,2311.841
24660,2329.839
24720,2362.548
24780,2287.716
24840,2303.936
24900,2394.743
24960,2405.386
25020,2376.414
25080,2356.733
25140,2351.736
25200,-9999.000
25260,-9999.000
25320,-9999.000
25380,-9999.000
25440,-9999.000
25500,2349.614
25560,2254.248
25620,2311.776
25680,2343.811
25740,2351.842
25800,2330.035
25860,2341.325
25920,2366.962
25980,2334.776
26040,2355.610
26100,2423.346
26160,2372.864
26220,2318.083
26280,2369.751
26340,2384.906
26400,2386.492
26460,2342.364
26520,2343.365
26580,2401.875
26640,2410.919
26700,2372.343
26760,2409.742
26820,2430.872
26880,2502.322
26940,2471.798
27000,2428.189
27060,-9999.000
27120,-9999.000
27180,-9999.000
27240,2446.759
27300,2367.958
27360,2453.259
27420,2451.809
27480,2432.571
27540,2470.219
27600,2444.370
27660,2439.883
27720,2419.693
27780,2443.771
27840,2387.280
27900,2340.765
27960,2320.348
28020,2368.868
28080,2354.006
28140,2499.974
28200,2547.774
28260,2643.722
28320,2670.065
28380,2635.205
28440,2814.224
28500,2875.798
28560,2904.609
28620,2910.979
28680,2778.046
28740,2655.864
28800,2713.860
28860,2624.477
28920,-9999.000
28980,-9999.000
29040,-9999.000
29100,2837.440
29160,2993.906
29220,2911.662
29280,2871.985
29340,3059.608
29400,3132.097
29460,3234.982
29520,3315.766
29580,3360.313
29640,3282.935
29700,3375.121
29760,3474.310
29820,3051.967
29880,3096.982
29940,3315.740
30000,3239.057
30060,3181.482
30120,3122.404
30180,3146.731
30240,3169.336
30300,2991.943
30360,2993.020
30420,2787.878
30480,2671.714
30540,2734.516
30600,2703.139
30660,2778.126
30720,2689.381
30780,2748.625
30840,2659.315
30900,2824.207
30960,2992.166
31020,3120.039
31080,3034.102
31140,3199.713
31200,3271.256
31260,3266.348
31320,3321.752
31380,3267.642
31440,3261.787
31500,3354.291
31560,3308.608
31620,3279.389
31680,3343.849
31740,3206.013
31800,3316.876
31860,3329.336
31920,3484.294
31980,3465.135
32040,3431.515
32100,3475.730
32160,3480.555
32220,3524.936
32280,3572.317
32340,3480.875
32400,3534.167
32460,3643.832
32520,3608.122
32580,3564.514
32640,-9999.000
32700,-9999.000
32760,-9999.000
32820,-9999.000
32880,3565.968
32940,3674.691
33000,3570.353
33060,3615.005
33120,3609.256
33180,3566.501
33240,3467.527
33300,3543.538
33360,3572.018
33420,3476.202
33480,3576.071
33540,3658.161
33600,3677.830
33660,3593.081
33720,3561.536
33780,3622.000
33840,3602.551
33900,3507.684
33960,3501.814
34020,3576.432
34080,3645.462
34140,3751.646
34200,3344.749
34260,3527.398
34320,3420.774
34380,-9999.000
34440,-9999.000
34500,-9999.000
34560,-9999.000
34620,3894.698
34680,4007.426
34740,4003.388
34800,4048.013
34860,3986.934
34920,4214.266
34980,4179.887
35040,4251.400
35100,4094.184
35160,4259.913
35220,4279.410
35280,4112.971
35340,4093.119
35400,4073.013
35460,4362.133
35520,4392.376
35580,4377.943
35640,4691.763
35700,4492.075
35760,4184.410
35820,4340.680
35880,4199.533
35940,4265.076
36000,4290.983
36060,4289.821
36120,3637.725
36180,3782.371
36240,-9999.000
36300,-9999.000
36360,-9999.000
36420,-9999.000
36480,-9999.000
36540,3814.048
36600,3829.196
36660,3959.374
36720,4035.468
36780,4039.853
36840,4276.576
36900,4034.559
36960,3923.591
37020,3865.510
37080,3792.642
37140,3925.568
37200,3844.976
37260,3814.486
37320,3711.503
37380,3760.783
37440,3694.705
37500,3790.589
37560,3814.791
37620,3941.297
37680,3511.441
37740,3783.998
37800,3599.466
37860,3678.999
37920,3638.904
37980,3548.198
38040,3582.433
38100,3605.161
38160,3696.705
38220,3504.734
38280,3677.006
38340,3740.137
38400,3848.866
38460,4059.064
38520,4011.629
38580,3726.094
38640,3780.661
38700,4131.360
38760,3899.467
38820,4118.065
38880,4088.733
38940,4029.842
39000,4141.450
39060,4289.636
39120,4154.452
39180,4165.042
39240,4069.624
39300,4054.453
39360,4000.044
39420,3956.385
39480,3731.169
39540,3874.772
39600,3871.925
39660,3872.979
39720,3953.565
39780,3825.992
39840,3823.330
39900,4010.635
39960,-9999.000
40020,-9999.000
40080,-9999.000
40140,-9999.000
40200,4055.342
40260,3827.506
40320,3796.854
40380,3757.511
40440,3804.014
40500,3903.677
40560,3892.985
40620,3989.949
40680,3850.813
40740,3897.757
40800,3755.133
40860,3895.299
40920,3875.875
40980,3748.986
41040,3861.838
41100,3748.686
41160,3794.510
41220,3843.957
41280,3938.940
41340,3979.163
41400,3727.534
41460,3661.565
41520,3763.801
41580,3845.764
41640,3596.975
41700,3643.094
41760,3624.663
41820,-9999.000
41880,-9999.000
41940,-9999.000
42000,-9999.000
42060,3536.797
42120,3658.717
42180,3774.783
42240,3821.787
42300,3830.785
42360,3856.022
42420,3883.796
42480,3669.761
42540,3652.684
42600,3756.755
42660,3644.925
42720,3610.753
42780,3629.026
42840,3659.389
42900,3735.044
42960,3614.640
43020,3613.639
43080,3542.594
43140,3576.213
43200,3622.854
43260,3544.583
43320,3520.598
43380,3475.074
43440,3453.467
43500,3429.176
43560,3480.105
43620,3577.330
43680,-9999.000
43740,-9999.000
43800,-9999.000
43860,-9999.000
43920,3455.531
43980,3373.803
44040,3506.566
44100,3504.769
44160,3565.151
44220,3524.486
44280,3695.931
44340,3792.590
44400,3753.131
44460,3691.989
44520,3692.043
44580,3658.838
44640,3468.703
44700,3478.385
44760,3496.348
44820,3497.005
44880,3405.092
44940,3436.540
45000,3572.376
45060,3643.914
45120,3705.152
45180,3601.261
45240,3629.615
45300,3724.539
45360,3758.400
45420,3505.372
45480,3745.123
45540,3897.288
45600,3556.182
45660,3627.950
45720,3656.166
45780,3743.044
45840,3522.436
45900,3550.437
45960,3371.882
46020,3527.264
46080,3470.121
46140,3461.212
46200,3477.647
46260,3307.743
46320,3327.519
46380,3214.130
46440,3087.207
46500,3121.049
46560,3018.120
46620,3078.801
46680,2965.094
46740,2973.910
46800,3448.890
46860,3521.355
46920,3371.429
46980,3147.899
47040,3027.997
47100,2963.867
47160,2995.273
47220,2884.592
47280,2868.946
47340,2832.250
47400,2613.397
47460,2483.769
47520,2579.517
47580,2620.055
47640,2613.710
47700,2652.448
47760,2638.277
47820,2581.440
47880,2478.354
47940,2503.077
48000,2484.956
48060,2513.571
48120,2349.470
48180,2305.810
48240,2361.331
48300,2588.320
48360,2607.453
48420,2604.089
48480,2732.074
48540,2781.491
48600,2808.428
48660,2849.755
48720,2951.174
48780,2975.677
48840,3056.697
48900,3083.161
48960,3152.865
49020,3141.018
49080,3263.382
49140,3313.085
49200,-9999.000
49260,-9999.000
49320,-9999.000
49380,-9999.000
49440,3229.535
49500,3225.472
49560,3136.690
49620,3124.549
49680,3236.886
49740,3222.165
49800,3186.634
49860,3221.680
49920,3173.210
49980,3134.715
50040,3157.236
50100,3077.043
50160,3129.395
50220,3072.436
50280,3160.748
50340,3084.133
50400,3099.292
50460,3176.855
50520,2995.641
50580,3070.307
50640,3221.903
50700,3232.003
50760,3327.660
50820,3361.428
50880,3360.854
50940,3295.654
51000,3358.351
51060,3469.320
51120,-9999.000
51180,-9999.000
51240,-9999.000
51300,-9999.000
51360,-9999.000
51420,-9999.000
51480,-9999.000
51540,3326.622
51600,3440.643
51660,3385.842
51720,3361.744
51780,3168.277
51840,3217.810
51900,3284.146
51960,3199.948
52020,3220.011
52080,3088.191
52140,3089.572
52200,3065.926
52260,3106.304
52320,3079.456
52380,3080.336
52440,3376.980
52500,3500.354
52560,3508.954
52620,3602.181
52680,3522.753
52740,3612.865
52800,3629.699
52860,3600.018
52920,-9999.000
52980,-9999.000
53040,-9999.000
53100,3488.878
53160,3594.095
53220,3440.304
53280,3458.954
53340,3443.507
53400,3470.157
53460,3359.664
53520,3309.307
53580,3388.360
53640,3338.184
53700,2966.658
53760,2862.234
53820,2936.482
53880,2790.671
53940,2817.103
54000,2799.041
54060,2896.938
54120,2720.156
54180,2728.520
54240,2747.286
54300,2719.859
54360,2743.945
54420,2841.280
54480,2792.341
54540,2705.686
54600,2752.059
54660,2879.440
54720,-9999.000
54780,-9999.000
54840,-9999.000
54900,-9999.000
54960,2961.654
55020,2974.266
55080,2934.138
55140,2984.988
55200,3074.753
55260,2970.362
55320,3053.068
55380,3007.155
55440,2889.010
55500,2906.170
55560,3077.239
55620,3097.890
55680,3214.770
55740,2959.430
55800,2987.931
55860,2897.480
55920,2845.818
55980,2933.375
56040,2992.973
56100,2883.952
56160,2845.569
56220,2896.476
56280,2793.207
56340,2724.810
56400,2554.640
56460,2617.942
56520,2733.016
56580,2703.379
56640,3135.341
56700,3031.163
56760,3164.432
56820,2862.689
56880,2890.550
56940,3313.717
57000,3032.861
57060,3036.304
57120,3078.732
57180,2770.843
57240,2846.023
57300,2937.525
57360,2433.882
57420,2333.366
57480,2421.597
57540,2352.214
57600,2268.916
57660,2224.504
57720,2350.885
57780,2399.669
57840,2387.351
57900,2319.947
57960,2371.472
58020,2292.203
58080,2084.459
58140,2048.314
58200,2012.382
58260,2343.909
58320,2236.385
58380,2107.092
58440,2034.939
58500,2007.918
58560,2018.215
58620,2254.139
58680,2243.630
58740,2085.885
58800,2359.113
58860,2170.172
58920,2107.624
58980,2132.741
59040,2209.113
59100,2090.724
59160,2035.784
59220,2007.761
59280,2105.434
59340,2160.439
59400,2088.295
59460,2162.212
59520,2178.333
59580,2318.408
59640,2442.632
59700,1935.308
59760,2155.002
59820,2256.470
59880,2105.140
59940,2318.361
60000,2025.723
60060,1921.496
60120,1815.692
60180,1980.430
60240,2034.569
60300,1962.143
60360,1733.458
60420,-9999.000
60480,-9999.000
60540,-9999.000
60600,-9999.000
60660,-9999.000
60720,-9999.000
60780,-9999.000
60840,-9999.000
60900,-9999.000
60960,-9999.000
61020,-9999.000
61080,-9999.000
61140,-9999.000
61200,-9999.000
61260,-9999.000
61320,-9999.000
61380,-9999.000
61440,-9999.000
61500,-9999.000
61560,-9999.000
61620,-9999.000
61680,-9999.000
61740,-9999.000
61800,-9999.000
61860,-9999.000
61920,-9999.000
61980,-9999.000
62040,-9999.000
62100,-9999.000
62160,-9999.000
62220,-9999.000
62280,-9999.000
62340,-9999.000
62400,-9999.000
62460,-9999.000
62520,-9999.000
62580,-9999.000
62640,-9999.000
62700,-9999.000
62760,-9999.000
62820,-9999.000
62880,-9999.000
62940,-9999.000
63000,-9999.000
63060,-9999.000
63120,-9999.000
63180,-9999.000
63240,-9999.000
63300,-9999.000
63360,-9999.000
63420,-9999.000
63480,-9999.000
63540,-9999.000
63600,-9999.000
63660,-9999.000
63720,-9999.000
63780,-9999.000
63840,-9999.000
63900,-9999.000
63960,-9999.000
64020,-9999.000
64080,-9999.000
64140,-9999.000
