CampaignData_and_Merges/R0/CSL_MobileLab_Parked/raw/20240719/USOS-PTR_MobileLabGround_20240719_R0.ict
58, 1001
Matthew Coggon, Kelvin Bates, Chelsea Stockwell, Carsten Warneke
NOAA ESRL Chemical Sciences Division
NOAA PTR-ToF-MS
USOS
1,1 
2024, 07, 19, 2025, 09, 19
0
Time_Start, seconds, number of seconds from 00:00 UTC 
22
1, 1, 1, 1, 1, 1, 1, 1, 1, 1, 1, 1, 1, 1, 1, 1, 1, 1, 1, 1, 1, 1
-9999, -9999, -9999, -9999, -9999, -9999, -9999, -9999, -9999, -9999, -9999, -9999, -9999, -9999, -9999, -9999, -9999, -9999, -9999, -9999, -9999, -9999
CH3OH_NOAAPTR_ppbv,  ppbv, Gas_CH3OH_InSitu_S_AVMR, (CH3OH) methanol
CH3CN_NOAAPTR_ppbv,  ppbv, Gas_CH3CN_InSitu_S_AVMR, (CH3CN) acetonitrile
CH3CHO_NOAAPTR_ppbv,  ppbv, Gas_CH3CHO_InSitu_S_AVMR, (CH3CHO) acetaldehyde plus contributions from ethylene glycol and ethylene oxide. Interference from ethanol has been subtracted out.
C2H5OH_NOAAPTR_ppbv,  ppbv, Gas_C2H5OH_InSitu_S_AVMR, (C2H5OH) ethanol
CH3SH_NOAAPTR_ppbv,  ppbv, Gas_CH3SH_InSitu_S_AVMR, (CH3SH) methanethiol, using calibration factor for DMS
Acrolein_NOAAPTR_ppbv,  ppbv, Gas_Acrolein_InSitu_S_AVMR, (C3H4O) acrolein
AcetonePropanal_NOAAPTR_ppbv,  ppbv, Gas_AcetoneAndPropanal_InSitu_S_AVMR, (C3H6O) sum of acetone (dominant isomer) and propanal, using calibration factor for acetone
DMS_NOAAPTR_ppbv,  ppbv, Gas_DMS_InSitu_S_AVMR, (C2H6S) dimethyl sulfide with possible small contributions from ethanethiol
C5H8_NOAAPTR_ppbv,  ppbv, Gas_Isoprene_InSitu_S_AVMR, (C5H8) isoprene and possible fragments from cycloalkanes and aldehydes. Interferences have been subtracted following methods described by Coggon et al (2023)
MVKMAC_NOAAPTR_ppbv,  ppbv, Gas_MVKAndMAC_InSitu_S_AVMR, (C4H6O) sum of methyl vinyl ketone, methacrolein, and small amounts of crotonaldehyde, using weighted calibration factor for MVK (0.637) and MACR (0.363)
Benzene_NOAAPTR_ppbv,  ppbv, Gas_Benzene_InSitu_S_AVMR, (C6H6) benzene
Toluene_NOAAPTR_ppbv,  ppbv, Gas_Toluene_InSitu_S_AVMR, (C7H8) toluene with possible small contributions of fragments from ethyltoluene
Styrene_NOAAPTR_ppbv,  ppbv, Gas_Styrene_InSitu_S_AVMR, (C8H8) styrene
Benzaldehyde_NOAAPTR_ppbv,  ppbv, Gas_Benzaldehyde_InSitu_S_AVMR, (C7H6O) benzaldehyde
C8Aromatics_NOAAPTR_ppbv,  ppbv, Gas_C8Aromatics_InSitu_M_AVMR, (C8H10) sum of m-xylene, p-xylene, o-xylene, and ethyl benzene
C9Aromatics_NOAAPTR_ppbv,  ppbv, Gas_C9Aromatics_InSitu_M_AVMR, (C9H12) sum of C9 aromatics
Naphthalene_NOAAPTR_ppbv,  ppbv, Gas_Naphthalene_InSitu_S_AVMR, (C10H8) naphthalene
Octanal_NOAAPTR_ppbv,  ppbv, Gas_Octanal_InSitu_S_AVMR, (C8H16O) octanal and small amounts of octanone
Monoterpenes_NOAAPTR_ppbv,  ppbv, Gas_Monoterpenes_InSitu_M_AVMR, (C10H16) sum of monoterpenes and possible contributions from fragments of oxygenated monoterpenoids such as eucalyptol.
Nonanal_NOAAPTR_ppbv,  ppbv, Gas_Nonanal_InSitu_M_AVMR, (C9H18O) nonanal and small amounts of nonanone
C7H4ClF3_NOAAPTR_ppbv,  ppbv, Gas_C7H4ClF3_InSitu_S_AVMR, (C7H4ClF3) parachlorobenzotrifluoride
C10H30O5Si5_NOAAPTR_ppbv,  ppbv, Gas_C10H30O5Si5_InSitu_S_AVMR, (C10H30O5Si5) decamethylcyclopentasiloxane
1
SPECIAL COMMENTS:N/A
21
PI_CONTACT_INFO: NOAA ESRL Chemical Sciences Division, Tropospheric Chemistry Group. 325 Broadway, R/CSD7, Boulder, CO 80305
PLATFORM: Mobile Laboratory.
LOCATION: Salt Lake City, UT
ASSOCIATED_DATA: N/A
INSTRUMENT_INFO: NOAA PTR-ToF-MS measurements on NOAA CSL Mobile Lab
DATA_INFO: Units: ppbv
UNCERTAINTY: See OTHER_COMMENTS
ULOD_FLAG: -7777
ULOD_VALUE: N/A
LLOD_FLAG: -8888
LLOD_VALUE: N/A.
DM_CONTACT_INFO: Data Managers: Matt Coggon, Kelvin Bates, Chelsea Stockwell; email: matthew.m.coggon@noaa.gov and kelvin.bates@colorado.edu
PROJECT_INFO: USOS Deployment July-August, 2024
STIPULATIONS_ON_USE: Use of these data require prior OK from PI.
OTHER_COMMENTS: Uncertainties:
CH3OH_NOAAPTR_ppbv:30%; CH3CN_NOAAPTR_ppbv:30%; CH3CHO_NOAAPTR_ppbv:30%; C2H5OH_NOAAPTR_ppbv:30%; CH3SH_NOAAPTR_ppbv:50%; Acrolein_NOAAPTR_ppbv:30%; AcetonePropanal_NOAAPTR_ppbv:30%; DMS_NOAAPTR_ppbv:30%; C5H8_NOAAPTR_ppbv:30%; MVKMAC_NOAAPTR_ppbv:30%; 
Benzene_NOAAPTR_ppbv:30%; Toluene_NOAAPTR_ppbv:30%; Styrene_NOAAPTR_ppbv:30%; Benzaldehyde_NOAAPTR_ppbv:30%; C8Aromatics_NOAAPTR_ppbv:30%; C9Aromatics_NOAAPTR_ppbv:30%; Naphthalene_NOAAPTR_ppbv:30%; Octanal_NOAAPTR_ppbv:30%; Monoterpenes_NOAAPTR_ppbv:30%; Nonanal_NOAAPTR_ppbv:30%; 
C7H4ClF3_NOAAPTR_ppbv:30%; C10H30O5Si5_NOAAPTR_ppbv:30%; 
REVISION: R0
R0: Calibrated PTR Data. See individual species comments for details about measurement uncertainties
Time_Start, CH3OH_NOAAPTR_ppbv, CH3CN_NOAAPTR_ppbv, CH3CHO_NOAAPTR_ppbv, C2H5OH_NOAAPTR_ppbv, CH3SH_NOAAPTR_ppbv, Acrolein_NOAAPTR_ppbv, AcetonePropanal_NOAAPTR_ppbv, DMS_NOAAPTR_ppbv, C5H8_NOAAPTR_ppbv, MVKMAC_NOAAPTR_ppbv, Benzene_NOAAPTR_ppbv, Toluene_NOAAPTR_ppbv, Styrene_NOAAPTR_ppbv, Benzaldehyde_NOAAPTR_ppbv, C8Aromatics_NOAAPTR_ppbv, C9Aromatics_NOAAPTR_ppbv, Naphthalene_NOAAPTR_ppbv, Octanal_NOAAPTR_ppbv, Monoterpenes_NOAAPTR_ppbv, Nonanal_NOAAPTR_ppbv, C7H4ClF3_NOAAPTR_ppbv, C10H30O5Si5_NOAAPTR_ppbv
[from data line 1162]
69720.0, 7.82199, 0.21981, 1.47194, 2.34074, 0.00340, 0.21258, 4.87034, -0.00029, 0.16655, 0.19384, 0.06340, 0.14840, -0.00001, 0.03621, 0.06942, 0.01920, -0.01577, 0.03958, 0.06060, 0.04048, 0.03614, 0.00151 
69780.0, 7.96965, 0.19501, 1.69738, 2.54968, -0.00085, 0.19953, 4.78097, 0.00127, 0.22472, 0.22015, 0.05952, 0.15185, 0.00053, 0.06247, 0.07743, 0.01962, -0.00541, 0.03945, 0.07395, 0.03899, 0.03594, 0.00449 
69840.0, 7.17984, 0.19661, 1.50189, 2.33655, 0.00013, 0.20611, 4.78874, 0.00744, 0.14124, 0.21206, -0.00341, 0.13217, 0.00898, 0.03876, 0.07266, 0.01705, -0.02243, 0.02278, 0.06066, 0.03935, 0.04598, 0.00018 
69900.0, 7.81928, 0.20001, 1.65784, 2.79149, 0.00343, 0.25620, 4.81727, -0.00030, 0.09651, 0.24408, 0.05948, 0.20145, 0.00651, 0.03459, 0.08737, 0.04333, -0.00868, 0.04305, 0.06328, 0.04917, 0.03483, 0.00330 
69960.0, 8.74841, 0.20944, 1.62171, 2.68300, 0.00019, 0.23310, 4.73002, 0.00649, 0.07679, 0.22052, 0.00152, 0.16266, 0.00552, 0.02677, 0.07335, 0.01957, -0.01732, 0.03873, 0.11624, 0.02401, 0.03532, 0.00133 
70020.0, 7.71540, 0.19218, 1.42593, 2.54393, 0.00045, 0.19776, 4.67601, -0.00030, 0.17086, 0.18964, 0.00850, 0.11950, 0.01221, 0.02773, 0.06075, 0.01350, -0.00861, 0.05204, 0.09622, 0.03983, 0.02770, 0.00270 
70080.0, 7.28969, 0.18812, 1.34988, 2.23547, -0.00085, 0.19238, 4.45643, -0.00030, 0.11089, 0.19156, 0.03836, 0.14638, 0.00294, 0.03188, 0.06417, 0.01974, -0.00071, 0.04134, 0.07631, 0.02009, 0.03410, 0.00073 
70140.0, 7.80306, 0.17150, 1.65555, 3.22716, -0.00085, 0.23035, 4.62278, 0.00332, 0.17330, 0.22275, 0.09158, 0.23215, -0.00123, 0.02786, 0.11751, 0.03244, -0.01159, 0.06058, 0.10030, 0.17731, 0.03245, 0.00233 
70200.0, 8.54300, 0.18725, 1.50754, 2.17625, 0.00015, 0.20976, 4.50098, 0.00010, 0.07808, 0.21429, 0.05445, 0.12960, 0.00171, 0.04073, 0.05694, 0.02127, -0.01257, 0.05538, 0.12345, 0.09472, 0.02914, 0.00341 
70260.0, 7.29942, 0.18777, 1.35052, 2.32826, 0.00135, 0.15356, 4.58371, 0.00000, 0.00000, 0.18872, 0.05015, 0.15463, 0.00389, 0.04461, 0.06259, 0.01208, -0.00485, 0.02875, 0.03043, 0.02139, 0.04233, 0.00053 
70320.0, 6.79242, 0.18214, 1.37899, 2.34474, 0.00159, 0.21175, 4.53603, 0.00103, 0.07202, 0.16084, 0.03048, 0.12356, 0.00504, 0.00475, 0.05940, 0.01625, -0.02113, 0.04219, 0.04081, 0.23091, 0.03632, 0.00096 
70380.0, 7.89548, 0.19224, 1.46185, 2.58111, 0.00132, 0.20733, 4.56681, -0.00031, 0.00000, 0.18886, 0.06949, 0.13529, 0.01396, 0.04270, 0.05637, 0.01734, -0.01188, 0.07813, 0.05193, 0.37345, 0.03767, 0.00369 
70440.0, 8.27005, 0.20427, 1.70689, 2.49256, 0.00158, 0.20667, 4.81054, 0.00203, 0.01022, 0.19886, 0.05025, 0.14489, 0.01491, 0.03686, 0.06108, 0.01900, 0.00381, 0.04520, 0.18055, 0.15633, 0.04799, 0.00279 
70500.0, 8.38591, 0.17331, 1.56906, 2.67044, 0.00032, 0.24794, 4.65365, 0.00167, 0.18401, 0.19629, 0.16089, 0.13721, 0.01662, 0.07726, 0.07083, 0.01054, -0.01644, 0.04653, 0.13682, 0.38086, 0.03915, 0.00361 
70560.0, 8.21028, 0.18856, 1.55204, 2.41466, -0.00022, 0.20119, 4.80135, -0.00031, 0.08720, 0.21044, 0.10529, 0.16234, 0.00402, 0.04892, 0.06667, 0.02281, -0.00322, 0.05888, 0.10572, 0.07587, 0.03940, 0.00306 
70620.0, 8.24362, 0.20664, 1.59173, 2.10712, 0.00405, 0.24834, 4.65876, -0.00032, 0.04112, 0.20587, 0.06763, 0.12357, 0.01639, 0.01841, 0.07344, 0.03314, -0.02311, 0.04312, 0.06028, 0.03640, 0.02255, 0.00212 
70680.0, 5.97233, 0.19588, 1.17305, 1.81207, -0.00079, 0.16843, 4.30011, -0.00032, 0.00000, 0.16915, 0.04532, 0.11715, 0.01024, 0.03274, 0.05235, 0.00962, -0.01310, 0.02686, 0.02318, 0.04747, 0.02684, 0.00385 
70740.0, 6.02194, 0.19977, 0.90715, 1.20786, 0.00003, 0.09937, 3.52716, -0.00032, 0.00000, 0.09989, 0.00684, 0.07180, 0.00792, 0.01422, 0.03872, 0.00769, -0.01526, 0.02343, 0.03616, 0.02501, 0.01658, 0.00134 
70800.0, 6.21553, 0.19716, 1.27254, 1.42530, 0.00420, 0.18265, 3.60797, -0.00032, 0.13366, 0.13769, 0.06202, 0.07566, 0.00719, 0.01474, 0.04344, 0.01444, -0.01123, 0.05143, 0.07920, 0.25678, 0.00838, 0.00095 
70860.0, 6.20454, 0.18024, 1.00447, 1.15002, 0.00253, 0.13992, 3.50872, -0.00032, 0.01916, 0.13373, 0.06040, 0.08096, -0.00205, 0.01461, 0.03493, 0.00587, -0.01285, 0.02178, 0.03218, 0.03138, 0.01071, 0.00157 
70920.0, 6.59827, 0.20487, 1.12541, 1.69017, -0.00084, 0.11818, 3.97253, -0.00032, 0.00000, 0.12623, -0.00230, 0.09370, 0.00850, 0.01958, 0.03385, 0.00391, 0.00582, 0.01502, 0.01326, 0.02011, 0.02661, 0.00398 
70980.0, 6.64928, 0.18403, 1.15774, 1.67232, -0.00084, 0.13081, 4.04273, -0.00032, 0.03685, 0.14458, 0.02955, 0.10050, -0.00253, 0.01196, 0.03745, 0.00649, 0.00117, 0.02646, 0.02411, 0.03196, 0.02550, 0.00047 
71040.0, 5.85229, 0.18408, 1.10498, 1.50217, -0.00066, 0.15629, 3.85989, -0.00033, 0.00000, 0.12512, 0.03539, 0.08948, -0.00597, 0.01136, 0.02918, 0.01036, -0.00913, 0.01599, 0.02680, 0.02211, 0.02672, -0.00023 
71100.0, 6.80051, 0.20392, 1.17600, 1.71532, -0.00084, 0.14891, 3.92213, -0.00033, 0.03758, 0.14059, -0.00649, 0.10175, 0.00566, -0.01346, 0.03922, 0.01349, -0.00756, 0.04645, 0.03042, 0.03408, 0.02213, 0.00250 
71160.0, 6.13197, 0.18297, 1.07047, 1.59069, 0.00272, 0.15739, 3.68898, -0.00033, 0.01138, 0.13928, 0.06508, 0.09705, 0.01375, 0.01159, 0.03305, 0.00916, -0.02357, 0.03504, 0.02763, 0.03061, 0.01117, 0.00055 
71220.0, 6.23304, 0.19446, 0.83606, 1.03783, 0.00258, 0.13323, 3.19791, -0.00033, 0.16429, 0.12178, 0.03373, 0.06130, 0.00332, 0.00268, 0.02299, 0.00840, -0.02216, 0.02528, 0.05314, 0.02114, 0.00729, 0.00149 
71280.0, 6.68959, 0.17488, 1.13127, 1.82304, 0.00080, 0.13260, 4.00370, 0.00458, 0.13112, 0.13953, -0.01427, 0.10472, -0.00372, 0.00629, 0.04692, 0.02079, -0.01487, 0.02639, 0.03762, 0.01873, 0.01709, 0.00245 
71340.0, 6.13434, 0.20401, 1.23105, 1.91293, 0.00123, 0.16838, 4.25669, 0.00759, 0.04315, 0.13641, 0.05206, 0.10953, 0.01610, 0.00174, 0.04903, 0.01464, -0.01177, 0.02998, 0.02814, 0.02072, 0.03524, -0.00037 
71400.0, 7.37357, 0.18516, 1.34925, 1.83361, 0.00153, 0.18558, 4.15201, 0.00511, 0.40365, 0.15065, 0.00212, 0.12116, -0.01042, 0.00286, 0.04147, 0.01229, -0.02378, 0.03277, 0.03215, 0.03342, 0.02285, 0.00173 
71460.0, 9.38200, 0.19586, 1.57515, 2.33359, 0.00366, 0.23299, 4.43654, 0.01115, 0.29086, 0.21406, 0.04453, 0.13260, 0.00401, 0.02868, 0.06693, 0.02356, -0.01708, 0.04656, 0.08433, 0.04063, 0.02524, 0.00157 
71520.0, 8.05933, 0.17966, 1.56303, 2.12090, 0.00131, 0.19283, 4.33764, 0.00367, 0.28454, 0.17533, 0.03489, 0.11145, -0.00820, 0.02499, 0.05272, 0.02344, -0.00081, 0.04003, 0.04799, 0.01689, 0.02711, -0.00042 
71580.0, 7.27255, 0.19999, 1.28559, 1.95718, 0.00055, 0.15941, 4.35302, 0.00057, 0.09782, 0.17132, 0.02818, 0.13483, -0.00466, 0.00477, 0.03862, 0.01504, -0.01789, 0.02501, 0.02224, 0.03030, 0.03300, 0.00318 
71640.0, 7.83433, 0.20608, 1.51130, 2.28405, 0.00078, 0.20528, 4.65429, 0.00246, 0.15534, 0.20199, 0.06802, 0.13138, 0.00473, 0.00972, 0.05623, 0.01511, -0.01812, 0.04457, 0.06839, 0.01992, 0.02970, 0.00279 
71700.0, 11.21809, 0.17495, 1.93322, 2.79689, 0.00254, 0.22136, 4.69558, 0.00045, 0.25080, 0.21546, 0.13649, 0.13177, -0.00941, 0.05428, 0.06291, 0.01528, -0.00287, 0.05980, 0.09810, 0.18057, 0.02199, 0.00233 
71760.0, 7.73855, 0.18695, 1.65609, 2.59346, 0.00137, 0.18396, 4.50849, -0.00034, 0.13664, 0.19887, 0.06939, 0.13307, -0.01045, 0.00063, 0.05406, 0.02069, -0.01532, 0.02837, 0.05869, 0.01748, 0.02535, 0.00102 
71820.0, 8.35870, 0.19834, 1.58194, 2.90931, -0.00070, 0.17941, 4.44362, 0.00223, 0.09244, 0.19219, 0.04741, 0.14587, 0.00826, 0.01466, 0.05475, 0.01879, -0.01288, 0.04099, 0.06342, 0.03138, 0.02632, 0.00252 
71880.0, 6.90159, 0.19376, 1.70672, 2.70238, -0.00079, 0.17358, 4.82266, -0.00035, 0.08583, 0.19300, 0.02230, 0.13600, 0.00449, 0.00562, 0.05448, 0.01824, -0.01197, 0.04701, 0.05920, 0.03977, 0.04092, 0.00168 
71940.0, 8.01800, 0.20351, 1.75187, 2.85288, -0.00046, 0.22061, 4.72386, -0.00035, 0.00526, 0.20279, 0.05077, 0.19341, 0.00511, -0.00174, 0.08224, 0.03401, 0.01055, 0.03788, 0.06125, 0.04200, 0.02998, 0.00248 
72000.0, 7.39143, 0.18142, 1.56655, 3.26034, 0.00420, 0.18778, 4.79897, -0.00035, 0.09759, 0.17211, 0.00961, 0.14640, 0.00374, -0.00774, 0.05588, 0.02352, -0.01663, 0.02909, 0.01290, 0.01387, 0.02826, 0.00383 
72060.0, 8.04235, 0.20239, 1.70045, 2.79775, 0.00098, 0.20764, 4.69096, 0.00088, 0.08249, 0.21164, 0.05582, 0.19224, -0.00397, -0.02083, 0.07802, 0.02905, -0.00054, 0.04739, 0.08357, 0.03269, 0.03147, 0.00077 
72120.0, 6.83426, 0.18468, 1.78985, 1.98356, -0.00020, 0.19990, 4.32255, -0.00035, 0.13722, 0.20890, 0.33706, 0.19042, 0.00247, 0.10388, 0.08160, 0.02893, -0.02441, 0.03611, 0.11165, 0.07404, 0.01598, 0.00192 
72180.0, 6.42749, 0.18829, 1.90216, 1.84408, 0.00205, 0.21110, 4.40645, -0.00035, 0.20509, 0.22812, 0.24925, 0.16353, 0.00871, 0.03950, 0.08290, 0.03147, -0.01993, 0.04644, 0.10584, 0.14744, 0.01571, 0.00164 
72240.0, 5.65689, 0.18731, 1.80388, 1.35536, -0.00083, 0.18803, 4.20627, -0.00036, 0.00000, 0.16349, 0.06274, 0.15713, 0.01171, -0.00480, 0.05907, 0.02144, -0.01136, 0.03671, 0.11574, 0.15725, 0.01572, 0.00219 
72300.0, 8.03425, 0.18863, 1.91080, 2.06596, 0.00355, 0.22083, 4.38887, -0.00036, 0.04332, 0.19572, 0.05763, 0.20319, 0.01709, -0.01575, 0.07941, 0.04011, -0.01522, 0.04008, 0.19134, 0.12774, 0.01277, 0.00114 
72360.0, 7.31141, 0.19486, 1.84274, 1.75997, 0.00288, 0.18547, 4.33024, 0.00224, 0.02156, 0.16814, 0.05920, 0.15968, 0.00215, -0.00577, 0.05905, 0.03738, -0.01931, 0.04307, 0.16107, 0.04800, 0.01428, 0.00268 
72420.0, 8.73610, 0.20305, 2.01771, 2.02218, 0.00567, 0.26489, 4.48684, 0.01838, 0.14198, 0.25988, 0.08577, 0.16455, 0.00372, -0.02191, 0.07434, 0.02949, -0.02230, 0.03905, 0.10138, 0.10757, 0.01733, 0.00363 
72480.0, 7.73155, 0.16879, 2.22010, 4.72300, 0.00370, 0.23830, 4.72840, -0.00036, 0.27862, 0.24162, 0.16997, 0.43275, 0.01749, -0.02550, 0.25436, 0.09385, -0.00944, 0.05739, 0.11892, 0.13409, 0.01203, 0.00551 
72540.0, 7.69738, 0.19350, 1.93518, 2.52848, 0.00382, 0.24549, 4.51857, 0.00334, 0.22121, 0.22857, 0.24137, 0.18466, 0.01148, 0.05356, 0.09006, 0.04310, -0.01892, 0.04954, 0.14466, 0.12848, 0.01409, 0.00338 
72600.0, 8.36310, 0.18906, 2.07235, 2.42576, 0.00043, 0.26584, 4.46587, -0.00001, 0.18722, 0.23602, 0.24785, 0.16003, -0.01052, 0.08871, 0.06485, 0.02524, -0.01703, 0.05479, 0.10751, 0.14522, 0.02110, 0.00801 
72660.0, 7.07887, 0.16994, 1.71594, 1.94518, 0.00096, 0.21790, 4.31667, -0.00037, 0.25435, 0.18923, 0.01219, 0.14894, -0.01052, -0.03437, 0.06691, 0.01831, -0.01757, 0.07173, 0.09578, 0.04595, 0.02460, 0.00245 
72720.0, 8.79296, 0.20326, 2.08257, 2.88121, 0.00355, 0.23589, 4.55665, -0.00037, 0.35972, 0.24322, 0.27673, 0.15492, 0.00305, 0.06130, 0.07156, 0.03703, -0.01021, 0.06018, 0.21339, 0.17498, 0.00993, 0.00260 
72780.0, 7.88001, 0.19326, 2.03708, 2.16417, 0.00302, 0.21622, 4.55983, 0.00561, 0.32531, 0.23054, 0.09639, 0.14030, 0.00747, -0.00687, 0.05975, 0.04306, -0.02235, 0.05741, 0.16529, 0.19761, 0.00660, 0.00218 
72840.0, 6.10163, 0.19232, 1.43591, 1.31662, 0.00067, 0.16852, 3.94814, -0.00037, 0.12010, 0.13972, 0.03224, 0.10040, -0.01054, -0.02485, 0.03347, 0.01754, -0.00611, 0.04997, 0.08425, 0.13904, 0.01941, 0.00216 
72900.0, 7.28976, 0.18935, 1.78499, 1.98612, 0.00084, 0.22063, 4.11607, -0.00037, 0.32985, 0.18815, 0.09411, 0.10880, 0.00862, 0.00828, 0.04541, 0.03126, -0.00555, 0.07094, 0.13568, 0.32617, 0.01393, 0.00247 
72960.0, 6.54013, 0.18288, 1.41595, 1.40787, -0.00001, 0.17625, 3.99845, -0.00037, 0.08418, 0.15161, -0.00211, 0.10596, 0.00223, -0.04290, 0.02696, 0.01868, -0.01738, 0.04603, 0.12232, 0.12784, 0.01747, 0.00166 
73020.0, 6.63521, 0.19043, 1.44119, 1.34980, -0.00024, 0.17404, 4.13137, -0.00038, 0.06999, 0.16495, 0.22642, 0.11664, -0.00275, 0.07962, 0.04548, 0.01657, -0.01432, 0.02790, 0.06054, 0.03599, 0.00920, 0.00201 
73080.0, 7.59891, 0.19144, 1.74840, 1.54604, 0.00205, 0.21380, 4.39350, -0.00038, 0.15608, 0.17755, 0.16912, 0.14645, 0.00675, 0.01711, 0.05424, 0.04686, -0.01060, 0.03979, 0.15943, 0.13272, 0.01290, 0.00238 
73140.0, 8.94086, 0.18873, 1.92387, 1.73723, -0.00007, 0.26523, 4.43033, 0.00668, 0.18830, 0.19895, 0.19804, 0.12510, -0.00650, 0.06689, 0.05786, 0.02108, -0.02487, 0.05461, 0.12624, 0.12172, 0.00950, 0.00111 
73200.0, 5.19039, 0.18294, 0.91864, 1.06521, -0.00042, 0.13978, 3.47391, 0.00001, 0.00000, 0.11699, 0.06094, 0.04915, 0.00227, -0.00349, 0.02510, 0.00781, -0.01584, 0.02920, 0.03445, 0.03441, 0.00830, 0.00094 
73260.0, 6.00347, 0.19600, 1.34097, 1.15979, -0.00083, 0.22462, 4.01368, -0.00038, 1.10025, 0.20609, 0.04812, 0.10739, 0.00964, 0.00225, 0.04066, 0.01878, -0.01260, 0.03778, 0.06766, 0.04222, 0.01054, 0.00256 
73320.0, 7.17820, 0.18191, 1.37890, 1.49698, 0.00316, 0.17912, 3.98863, 0.01984, 0.20760, 0.17741, 0.05664, 0.10575, 0.00864, -0.01226, 0.04989, 0.01865, -0.02394, 0.04148, 0.05632, 0.04246, 0.00945, 0.00188 
73380.0, 7.55631, 0.18899, 1.73245, 2.66157, 0.00468, 0.21115, 4.16525, 0.00593, 0.18391, 0.16599, 0.08721, 0.24901, 0.01932, -0.01342, 0.15083, 0.05255, -0.01869, 0.06533, 0.09244, 0.20827, 0.01340, 0.00385 
73440.0, 7.27315, 0.18005, 1.44140, 1.43337, 0.00049, 0.23161, 4.29807, -0.00039, 0.01431, 0.17529, 0.08149, 0.09027, 0.00749, 0.00746, 0.04538, 0.01416, -0.01643, 0.02576, 0.08222, 0.07111, 0.01174, 0.00263 
73500.0, 6.99432, 0.16424, 1.39673, 1.69492, 0.00355, 0.19437, 4.32234, -0.00039, 0.00000, 0.15679, 0.16113, 0.10340, -0.00772, 0.03221, 0.04164, 0.00823, -0.01793, 0.01892, 0.08615, 0.04900, 0.01473, 0.00215 
73560.0, 8.37620, 0.19014, 1.50751, 1.73660, -0.00082, 0.22836, 4.44682, -0.00039, 0.00396, 0.19536, 0.24888, 0.10026, -0.00027, 0.10182, 0.03723, 0.01294, -0.02566, 0.03216, 0.09858, 0.07566, 0.00480, 0.00069 
73620.0, 8.20543, 0.19091, 1.82656, 4.65351, -0.00048, 0.26305, 4.61855, 0.01333, 0.11308, 0.21591, 0.25622, 0.54032, 0.01343, -0.00874, 0.31950, 0.09060, -0.01843, 0.02434, 0.08590, 0.16237, 0.02093, 0.00282 
73680.0, 6.53160, 0.19424, 1.47062, 1.62621, -0.00029, 0.24359, 4.41339, -0.00039, 0.08484, 0.19977, 0.00078, 0.11222, 0.00443, -0.04285, 0.03894, 0.00759, -0.02576, 0.02927, 0.04008, 0.04988, 0.01748, 0.00308 
73740.0, 10.36615, 0.18433, 2.01886, 2.27450, 0.00203, 0.25965, 4.71890, -0.00022, 0.33057, 0.27693, 0.05247, 0.21773, 0.00690, 0.00667, 0.08770, 0.03868, -0.02257, 0.05874, 0.18372, 0.11938, 0.02355, 0.00245 
73800.0, 9.50245, 0.17707, 2.03014, 2.52622, 0.00526, 0.28806, 4.82763, 0.00314, 0.44901, 0.27775, 0.61983, 0.16872, 0.00394, 0.21784, 0.10137, 0.02337, -0.00236, 0.05885, 0.16930, 0.13521, 0.01504, 0.00363 
73860.0, 7.29744, 0.19147, 1.51046, 1.60250, 0.00165, 0.23505, 4.11288, -0.00040, 0.14867, 0.20500, 0.16431, 0.11121, -0.00044, 0.02691, 0.05000, 0.01657, -0.01864, 0.03483, 0.14931, 0.11654, 0.01561, 0.00238 
73920.0, 8.13369, 0.18687, 1.52537, 2.94379, 0.00109, 0.26529, 4.16783, -0.00040, 0.26249, 0.20974, 0.00166, 0.07996, 0.00476, -0.02131, 0.03216, 0.02124, -0.00970, 0.05713, 0.16905, 0.18773, 0.00979, 0.00030 
73980.0, 9.05914, 0.17796, 1.92561, 3.82585, 0.00194, 0.30952, 4.47975, -0.00040, 0.31676, 0.22072, 0.14093, 0.30630, -0.00431, -0.04204, 0.15372, 0.07052, -0.00388, 0.03588, 0.12197, 0.14729, 0.01352, 0.00150 
74040.0, 6.31998, 0.16691, -9999.00000, 1.16005, -0.00082, 0.20288, 4.03869, 0.01287, -9999.00000, 0.19366, 0.04472, 0.09163, 0.00026, -0.02657, 0.05184, 0.01305, -0.02025, 0.02404, 0.07601, 0.07267, 0.01090, 0.00187 
74100.0, -9999.00000, -9999.00000, -9999.00000, -9999.00000, -9999.00000, -9999.00000, -9999.00000, -9999.00000, -9999.00000, -9999.00000, -9999.00000, -9999.00000, -9999.00000, -9999.00000, -9999.00000, -9999.00000, -9999.00000, -9999.00000, -9999.00000, -9999.00000, -9999.00000, -9999.00000 
