CampaignData_and_Merges/R0/CSL_MobileLab_Parked/raw/20240719/USOS-Picarro-CO2-CH4-CO-H2O_MobileLabGround_20240719_R0.ict
38, 1001
Ilana Pollack, Nell Schafer, and Jeff Peischl
NOAA Chemical Sciences Laboratory
Picarro 2401-m CO2/CH4/CO/H2O Analyzer
USOS
1, 1
2024, 07, 19, 2024, 11, 20
0
StartTime_UTC, seconds_past_midnight, seconds past midnight
5
1, 1, 1, 1, 1
-9999, -9999, -9999, -9999, -9999
StopTime_UTC, seconds_past_midnight, seconds past midnight
CO2_ppm_1min, ppm, Gas_CO2_InSitu_S_DMF, carbon dioxide mixing ratio
CH4_ppb_1min, ppb, Gas_CH4_InSitu_S_DMF, methane mixing ratio
CO_ppb_1min, ppb, Gas_CO_InSitu_S_DMF, carbon monoxide mixing ratio
H2O_ppmv_1min, ppmv, Met_H2OMRV_InSitu_S_AVMR, water vapor mixing ratio
1
SPECIAL COMMENTS: N/A
18
PI_CONTACT_INFO: Address: NOAA Chemical Sciences Laboratory, Mail Stop CSL7, 325 Broadway, Boulder, CO 80305; Email: Ilana.Pollack@noaa.gov
PLATFORM: NOAA CSL Mobile Laboratory
LOCATION: The mobile lab was stationed in Salt Lake City, Utah.
ASSOCIATED_DATA: N/A
INSTRUMENT_INFO: CO2, CH4, and CO are reported as dry air mole fractions using a commercial wavelength-scanned cavity ring-down analyzer (Picarro 2401-m). An in-field calibration gas standard of 432±0.07 ppm CO2, 2095±1 ppb CH4, and 183±1 ppb CO, calibrated in the Boulder laboratories before and after the field project using primary CO2, CH4, and CO standard tanks tied to the WMO standard (X2019, X2004A, and X2014A, respectively) from the Global Monitoring Laboratory (GML), was delivered to the inlet every 2-3 days to evaluate instrument sensitivity. A H2O measurement was calibrated before the project with a Dew Point Mirror 373 hygrometer. The water correction calculated from these calibrations was applied to the H2O measurement for the entire campaign. Species are measured at 0.5 Hz and reported as 1-minute averages for stationary measurements.
DATA_INFO: Units: CO2, ppm, dry air mole fraction; CH4, ppb, dry air mole fraction; CO, ppb, dry air mole fraction; H2O, ppmv
UNCERTAINTY: Total uncertainties are estimated as ±0.1 ppm for CO2, ±1 ppb for CH4, ±5 ppb for CO, and ±(50 ppm + 4%) for H2O.
ULOD_FLAG: -7777
ULOD_VALUE: N/A
LLOD_FLAG: -8888
LLOD_VALUE: N/A
DM_CONTACT_INFO: Data Manager: Nathan Howard; nathan.h.howard@noaa.gov
PROJECT_INFO: USOS Dates of Study: July – August 2024
STIPULATIONS_ON_USE: Use of these data require prior ok from PI.
OTHER_COMMENTS: Data are averaged to 1 minute intervals. Stationary data collected from a 10 ft tower on top of the mobile van.
REVISION: R0
R0: Final Data
StartTime_UTC, StopTime_UTC, CO2_ppm_1min, CH4_ppb_1min, CO_ppb_1min, H2O_ppmv_1min
[from data line 1138]
68280,68340,437.56,1968.8,206.9,14173.1543
68340,68400,436.90,1967.5,201.7,14056.4375
68400,68460,437.52,1967.2,204.0,13918.0303
68460,68520,438.43,1967.6,214.0,15293.8184
68520,68580,441.37,1968.7,222.3,14953.1836
68580,68640,441.36,1968.9,226.8,14974.3652
68640,68700,439.13,1968.7,215.3,14780.1934
68700,68760,438.13,1968.7,210.9,15076.6123
68760,68820,438.28,1968.1,210.0,14513.9570
68820,68880,437.25,1967.8,204.7,14262.2295
68880,68940,436.86,1967.6,204.0,14213.2617
68940,69000,436.66,1967.2,200.5,14150.8535
69000,69060,436.34,1968.0,198.9,14520.9736
69060,69120,436.65,1967.6,198.1,14260.7422
69120,69180,436.84,1967.6,204.0,14260.2969
69180,69240,435.95,1966.2,198.6,14078.8789
69240,69300,435.30,1964.7,190.5,13888.9883
69300,69360,435.16,1964.8,185.6,13811.3604
69360,69420,434.41,1964.3,184.2,13852.2256
69420,69480,433.66,1964.8,182.6,14763.4229
69480,69540,433.77,1965.3,185.0,14439.1816
69540,69600,432.14,1963.4,170.0,14016.8975
69600,69660,432.56,1963.2,168.8,13909.6445
69660,69720,431.60,1961.8,164.2,13729.8906
69720,69780,432.05,1962.7,163.6,13404.9844
69780,69840,431.99,1962.4,167.3,13808.6260
69840,69900,432.83,1961.3,167.3,13422.7520
69900,69960,432.85,1962.4,170.3,13778.7510
69960,70020,431.02,1963.6,164.7,13805.3027
70020,70080,431.29,1963.5,164.7,13674.4561
70080,70140,430.93,1962.2,164.1,13664.8486
70140,70200,430.50,1962.8,163.8,14257.3389
70200,70260,431.16,1961.0,163.6,13457.6602
70260,70320,430.86,1960.8,163.8,13771.8730
70320,70380,431.06,1960.5,161.3,13664.7861
70380,70440,430.48,1961.1,159.6,14155.3623
70440,70500,430.52,1961.8,162.2,14151.2246
70500,70560,430.63,1961.6,164.4,14254.0000
70560,70620,432.13,1961.6,164.6,13220.4971
70620,70680,431.31,1960.1,159.8,12829.1641
70680,70740,428.89,1956.0,146.4,12448.0762
70740,70800,427.32,1953.7,141.2,12937.1006
70800,70860,428.42,1954.3,139.3,12196.6172
70860,70920,429.98,1958.4,150.6,12337.9355
70920,70980,430.36,1960.4,155.7,12834.3320
70980,71040,430.97,1960.3,156.5,12712.1074
71040,71100,430.94,1959.2,156.7,12453.9932
71100,71160,430.10,1958.6,152.8,12439.1963
71160,71220,428.75,1954.7,144.0,12359.7363
71220,71280,433.89,1958.8,199.1,12942.4805
71280,71340,432.34,1962.6,169.8,13248.2393
71340,71400,434.81,1964.0,183.3,13360.5693
71400,71460,431.84,1963.8,174.1,14123.1426
71460,71520,435.40,1964.2,187.5,13825.7031
71520,71580,432.54,1965.2,173.7,14028.2969
71580,71640,432.67,1965.8,170.5,13684.6338
71640,71700,431.38,1966.5,171.0,14735.4785
71700,71760,433.39,1966.8,179.2,14738.2471
71760,71820,434.86,1967.1,183.8,13452.2578
71820,71880,434.57,1967.7,184.6,13310.8086
71880,71940,434.58,1968.3,184.1,14484.1758
71940,72000,434.14,1973.3,189.9,14181.3916
72000,72060,432.90,1974.3,178.4,13641.6807
72060,72120,431.42,1969.7,175.1,13847.1094
72120,72180,431.14,1969.2,167.9,13679.5537
72180,72240,431.33,1967.6,159.6,13108.5420
72240,72300,431.32,1966.8,157.9,13108.0850
72300,72360,431.75,1967.6,158.3,13295.5566
72360,72420,431.72,1967.8,162.8,13369.8730
72420,72480,432.35,1968.4,169.3,13883.0254
72480,72540,431.56,1968.8,169.0,14175.3643
72540,72600,431.05,1969.6,167.2,13931.5469
72600,72660,431.20,1970.0,168.6,13565.8252
72660,72720,430.91,1970.5,186.8,13674.3662
72720,72780,430.87,1971.1,159.9,13355.5303
72780,72840,429.91,1968.1,151.6,13223.5479
72840,72900,429.90,1967.4,152.7,12908.3154
72900,72960,430.18,1967.1,149.2,13075.1709
72960,73020,430.24,1967.7,150.9,13241.8398
73020,73080,430.45,1970.4,153.6,12981.3818
73080,73140,430.41,1972.3,155.3,14004.7666
73140,73200,430.36,1971.7,151.0,12900.9141
73200,73260,428.98,1962.5,140.5,11975.9023
73260,73320,430.38,1967.9,179.8,13348.6836
73320,73380,431.22,1969.9,218.0,14138.7207
73380,73440,430.49,1974.5,159.8,13559.8018
73440,73500,431.50,1978.7,162.2,13686.8896
73500,73560,431.29,1980.5,162.1,14221.4102
73560,73620,431.22,1979.6,162.1,13825.7051
73620,73680,431.35,1980.6,164.9,14165.6563
73680,73740,432.01,1980.7,166.1,13830.2559
73740,73800,431.25,1981.6,164.0,14004.7705
73800,73860,429.80,1981.0,160.9,15155.6309
73860,73920,429.85,1979.2,150.8,13942.4561
73920,73980,430.01,1979.2,151.3,13539.4268
73980,74040,429.89,1980.1,152.1,13562.4209
74040,74100,430.10,1979.7,153.3,13646.8340
74100,74160,429.79,1979.0,154.1,14218.1533
74160,74220,429.50,1978.3,153.6,13657.4365
74220,74280,429.17,1980.1,151.3,14304.1416
74280,74340,430.22,1979.4,151.6,13425.1709
74340,74400,429.53,1975.4,146.2,12784.9512
74400,74460,429.65,1977.8,146.6,13176.6885
74460,74520,429.47,1979.3,147.5,13605.3105
74520,74580,429.16,1978.5,148.4,13703.7744
74580,74640,428.67,1976.2,145.8,13561.0664
74640,74700,427.88,1972.0,142.7,13234.5000
74700,74760,427.66,1969.0,140.4,12856.4131
74760,74820,427.50,1964.7,136.2,12537.8438
74820,74880,427.41,1961.6,133.0,12434.2070
74880,74940,427.90,1969.7,137.2,12726.7295
74940,75000,427.91,1972.5,140.1,12817.1670
75000,75060,427.89,1973.3,139.1,12712.1426
75060,75120,427.82,1972.0,139.4,12583.2891
75120,75180,427.64,1968.7,134.5,12381.8369
75180,75240,427.36,1967.4,134.8,12679.3936
75240,75300,428.39,1971.3,137.0,12146.6504
75300,75360,428.16,1971.8,139.2,12213.0283
75360,75420,427.19,1972.8,137.7,13344.4268
75420,75480,427.59,1976.5,145.0,13292.3174
75480,75540,427.98,1978.2,142.7,13144.9346
75540,75600,427.79,1977.6,143.3,12992.8223
75600,75660,427.61,1979.5,142.6,13434.1514
75660,75720,428.22,1984.4,143.9,13399.0771
75720,75780,428.48,1986.8,144.7,13338.9668
75780,75840,428.65,1985.6,144.0,13043.5293
75840,75900,428.95,1986.6,145.7,13258.7803
75900,75960,429.08,1984.1,144.1,12615.2305
75960,76020,428.66,1982.5,143.9,13039.9395
76020,76080,428.87,1983.4,146.6,14437.5566
76080,76140,428.18,1977.6,142.6,13329.7383
76140,76200,428.74,1974.7,139.8,11950.5342
76200,76260,428.74,1978.6,144.2,12630.1865
76260,76320,428.79,1984.8,149.3,13620.4424
76320,76380,429.26,1989.4,150.2,13540.4854
76380,76440,429.35,1987.0,144.7,13062.4268
76440,76500,429.54,1987.3,143.2,13020.2314
76500,76560,429.37,1986.5,147.0,13011.6719
76560,76620,429.08,1985.6,146.9,13639.8418
76620,76680,429.41,1980.7,141.9,12481.9629
76680,76740,429.68,1982.0,144.2,12319.7168
76740,76800,429.88,1982.4,147.2,12672.0498
76800,76860,429.99,1982.9,145.2,12347.6523
76860,76920,430.00,1983.9,146.7,12292.1729
76920,76980,429.85,1983.9,143.3,12189.5264
76980,77040,429.90,1984.5,150.0,12628.7822
77040,77100,429.06,1987.8,144.4,13413.5332
77100,77160,429.30,1987.6,142.1,13290.1055
77160,77220,429.26,1986.0,145.2,13103.7236
77220,77280,429.27,1986.5,152.7,14100.8223
77280,77340,429.01,1983.5,144.2,13594.9541
77340,77400,428.76,1978.3,138.1,12456.0576
77400,77460,428.71,1975.8,138.3,12139.1826
77460,77520,428.36,1977.0,141.0,12903.7529
77520,77580,428.18,1976.9,139.0,12752.0127
77580,77640,428.41,1975.7,140.6,12933.1924
77640,77700,428.44,1975.0,138.6,12881.5703
77700,77760,428.71,1974.3,139.0,12375.7080
77760,77820,429.09,1973.7,138.1,11958.4248
77820,77880,429.44,1974.1,138.0,12573.2822
77880,77940,430.46,1974.8,146.4,12413.2510
77940,78000,430.33,1975.4,147.5,12342.5176
78000,78060,431.20,1977.4,273.7,13137.6553
78060,78120,428.33,1976.7,146.1,13330.7314
78120,78180,429.95,1976.3,148.9,12752.2578
78180,78240,431.77,1975.4,154.9,13099.1914
78240,78300,430.95,1973.5,149.6,12886.4951
78300,78360,427.86,1972.1,154.8,13245.9746
78360,78420,-9999,-9999,-9999,-9999
78420,78480,-9999,-9999,-9999,-9999
78480,78540,-9999,-9999,-9999,-9999
78540,78600,-9999,-9999,-9999,-9999
78600,78660,426.80,1967.1,135.9,12814.6777
78660,78720,426.97,1966.3,138.6,12658.7822
78720,78780,426.91,1965.7,136.3,12800.9727
78780,78840,427.05,1966.9,142.4,13134.1250
78840,78900,427.56,1968.4,141.3,12919.7490
78900,78960,427.95,1964.8,135.8,11976.6895
78960,79020,427.96,1964.1,138.7,11916.9199
79020,79080,427.50,1965.3,135.5,12254.9863
79080,79140,427.62,1962.6,134.6,11553.8252
79140,79200,428.19,1963.6,133.2,11652.3008
79200,79260,428.08,1963.5,137.0,11402.1436
79260,79320,428.38,1964.0,137.0,11387.3545
79320,79380,429.23,1965.6,140.8,11923.9004
79380,79440,427.85,1965.6,137.5,11959.7949
79440,79500,427.55,1965.8,138.4,12186.4209
79500,79560,428.00,1963.3,136.5,11857.6836
79560,79620,428.10,1962.7,135.7,11749.8994
79620,79680,428.45,1962.8,135.8,11597.8691
79680,79740,428.93,1963.6,137.0,11293.5967
79740,79800,429.71,1964.5,142.4,11565.7314
79800,79860,429.12,1965.8,144.1,12144.0410
79860,79920,429.96,1966.6,145.4,12585.6494
79920,79980,428.53,1965.5,140.9,12125.5703
79980,80040,427.75,1965.3,140.4,12332.6426
80040,80100,427.84,1966.0,138.5,12057.8242
80100,80160,427.44,1966.4,138.4,12632.7676
80160,80220,427.39,1966.1,142.9,13033.5801
80220,80280,426.65,1964.6,143.2,13136.4395
80280,80340,426.58,1961.1,133.2,12152.1035
80340,80400,426.90,1960.5,132.4,12304.1875
80400,80460,426.72,1961.8,135.4,12469.6973
80460,80520,426.94,1963.4,139.0,12867.6963
80520,80580,426.86,1963.2,134.5,12684.3223
80580,80640,426.74,1962.8,136.7,12525.8135
80640,80700,427.28,1963.2,132.9,12116.4336
80700,80760,427.07,1963.4,144.7,12269.5635
80760,80820,427.22,1964.0,140.0,12007.9658
80820,80880,427.24,1963.7,140.3,12233.9873
80880,80940,427.68,1962.7,140.3,11984.4580
80940,81000,427.22,1963.1,138.7,12300.8066
81000,81060,426.20,1962.4,133.1,12793.8555
81060,81120,427.54,1960.3,136.1,12158.7500
81120,81180,426.74,1961.2,136.8,12817.9922
81180,81240,426.64,1961.9,138.6,12747.5908
81240,81300,427.35,1962.2,136.8,12573.5625
81300,81360,427.15,1962.7,136.1,12325.2676
81360,81420,426.98,1962.7,136.6,12464.0322
81420,81480,427.00,1961.7,132.7,11813.6143
81480,81540,426.90,1961.9,131.8,12008.0605
81540,81600,426.75,1962.5,143.4,12426.6963
81600,81660,427.11,1961.9,133.8,12103.9746
81660,81720,427.05,1961.9,135.7,12901.2559
81720,81780,427.18,1960.8,132.7,12197.8447
81780,81840,427.43,1961.4,137.1,12361.9023
81840,81900,427.23,1961.5,131.5,12236.6514
81900,81960,427.79,1960.0,131.0,11446.9033
81960,82020,426.78,1961.1,140.5,12636.0313
82020,82080,426.90,1962.0,146.2,12643.7559
82080,82140,427.12,1962.5,141.2,12695.4609
82140,82200,427.09,1962.0,134.2,12236.2891
82200,82260,427.07,1961.1,129.9,11827.8496
82260,82320,426.70,1960.8,133.7,12772.8662
82320,82380,426.29,1959.6,133.3,12207.2578
82380,82440,426.23,1959.4,127.6,12058.9238
82440,82500,426.52,1959.5,128.1,12056.0420
82500,82560,426.28,1959.8,129.5,12236.6748
82560,82620,426.34,1959.7,127.9,12279.9082
82620,82680,426.53,1956.8,126.1,11378.7539
82680,82740,426.56,1957.7,126.4,11642.4365
82740,82800,426.49,1959.6,142.4,12293.0938
82800,82860,426.70,1960.9,131.3,12351.6572
82860,82920,426.86,1960.4,127.9,12075.1162
82920,82980,426.85,1959.9,128.3,12228.3135
82980,83040,426.55,1959.8,129.4,11982.5996
83040,83100,426.67,1960.4,128.9,12271.7891
83100,83160,426.46,1959.9,127.3,11968.3057
83160,83220,426.04,1959.7,128.2,12789.3848
83220,83280,426.16,1959.8,128.6,12563.7969
83280,83340,427.02,1960.1,128.8,11856.0732
83340,83400,426.85,1960.6,129.9,11683.5176
83400,83460,426.79,1961.3,130.6,12346.6797
83460,83520,427.10,1960.9,131.1,12244.2061
83520,83580,427.52,1963.7,140.9,12182.6113
83580,83640,427.25,1964.0,149.5,12463.9746
83640,83700,427.42,1964.2,138.5,12434.1729
83700,83760,427.52,1965.0,138.2,12595.1826
83760,83820,427.17,1961.9,133.9,12216.5283
83820,83880,426.82,1960.3,134.2,11872.9561
83880,83940,426.70,1960.7,136.2,12307.5967
83940,84000,426.68,1961.3,134.5,12636.5615
84000,84060,426.60,1960.6,133.7,12830.4629
84060,84120,426.68,1960.8,132.3,12570.3486
84120,84180,426.32,1961.1,133.1,13221.4902
84180,84240,426.97,1960.7,138.9,13465.0625
84240,84300,427.23,1959.5,136.1,12691.3652
84300,84360,426.75,1958.1,134.8,12456.2246
84360,84420,426.90,1956.5,131.1,12453.4883
84420,84480,426.66,1956.9,132.5,12718.1709
84480,84540,427.10,1958.1,130.4,12439.6035
84540,84600,426.31,1956.0,127.0,11750.4932
84600,84660,426.21,1956.4,136.1,11886.0762
84660,84720,426.27,1957.6,135.1,11923.4990
84720,84780,426.74,1957.4,135.8,12086.4951
84780,84840,427.18,1957.3,138.5,12784.3027
84840,84900,427.00,1957.1,140.1,12220.2637
84900,84960,427.11,1957.0,142.5,12035.6475
84960,85020,426.65,1956.3,146.6,12020.2617
85020,85080,426.87,1954.8,141.2,11735.9521
85080,85140,428.31,1955.8,148.4,12073.2676
85140,85200,427.92,1956.5,158.7,12481.0918
85200,85260,428.34,1956.7,166.1,12066.1621
85260,85320,428.00,1955.9,170.9,12787.1514
85320,85380,426.68,1956.0,156.5,12407.1357
85380,85440,427.42,1956.0,155.2,12819.8301
85440,85500,426.49,1954.0,152.8,12416.1934
85500,85560,426.17,1954.6,152.5,12500.5049
85560,85620,425.67,1952.9,150.6,12320.3994
85620,85680,425.78,1953.1,148.4,12157.4473
85680,85740,425.58,1953.0,146.8,12267.2383
85740,85800,425.48,1951.7,140.5,11498.0332
85800,85860,426.51,1952.3,147.5,12184.2559
85860,85920,427.83,1952.6,148.9,12480.1270
85920,85980,427.48,1952.7,153.1,12775.8125
85980,86040,426.55,1952.2,149.5,12499.4883
86040,86100,425.60,1951.1,138.1,11590.4707
86100,86160,425.83,1951.5,139.2,11707.0176
86160,86220,425.30,1956.5,142.5,12428.6084
86220,86280,425.49,1959.3,147.1,12683.8438
86280,86340,425.50,1960.3,145.0,12618.3311
86340,86400,426.14,1960.3,148.1,12806.0205
