CampaignData_and_Merges/R0/CSL_MobileLab_Parked/raw/20240719/USOS-MetNav_MobileLabGround_20240719_R0.ict
44, 1001
Carrie Womack, Nate Howard, Mike Zucker
NOAA Chemical Sciences Laboratory
Mobile Lab MetNav Station
USOS
1, 1
2024, 07, 19, 2024, 12, 21
60
Time_Start, seconds_past_midnight, Seconds from midnight UTC
11
1, 1, 1, 1, 1, 1, 1, 1, 1, 1, 1
-9999, -9999, -9999, -9999, -9999, -9999, -9999, -9999, -9999, -9999, -9999
GPS_Alt_m, meters, Altitude from Differential GPS
GPS_Course_deg, degrees, Course from Differential GPS
GPS_GndSpd_m_s, m/s, Ground Speed from Differential GPS
GPS_Heading_deg, degrees, Heading from Differential GPS
GPS_Lat_deg, degrees, Latitude from Differential GPS
GPS_Lon_deg, degrees, Longitude from Differential GPS
AirTemp_C, Celsius, Air Temperature from Airmar
RelHumidity_pct, percent, Relative Humidity from Airmar
Pressure_mb, millibars, Pressure from Honeywell
WindDir_calc_deg, degrees, Wind Direction from Airmar corrected for van movement
WindSpd_calc_m_s, m/s, Wind Speed from Airmar corrected for van movement
1
SPECIAL COMMENTS:
18
PI_CONTACT_INFO: Address: 325 Broadway R/CSL7, Boulder, CO, 80305
PLATFORM: CSL Mobile Lab
LOCATION: Salt Lake City, UT
ASSOCIATED_DATA: N/A
INSTRUMENT_INFO: N/A
DATA_INFO: Units:
UNCERTAINTY: N/A
ULOD_FLAG: -7777
ULOD_VALUE: N/A
LLOD_FLAG: -8888
LLOD_VALUE: N/A
DM_CONTACT_INFO: Data Manager: Nate Howard
PROJECT_INFO: 
STIPULATIONS_ON_USE: Use of these data require prior ok from PI.
OTHER_COMMENTS: 
REVISION: R0
R0: Final data. Fixed bug in wind averaging code. RA: Preliminary Data. For in-field use only. 
Time_Start, GPS_Alt_m, GPS_Course_deg, GPS_GndSpd_m_s, GPS_Heading_deg, GPS_Lat_deg, GPS_Lon_deg, AirTemp_C, RelHumidity_pct, Pressure_mb, WindDir_calc_deg, WindSpd_calc_m_s
[from data line 595]
35700.0,1309.1,359.31,0.05,359.31,40.73434,-111.87211,23.7,33.0,878.9,313.53,0.2
35760.0,1309.3,359.16,0.05,359.16,40.73434,-111.87211,23.7,33.1,878.9,89.72,0.2
35820.0,1309.3,359.17,0.05,359.17,40.73434,-111.87211,23.7,33.1,878.8,103.78,0.5
35880.0,1309.3,359.15,0.05,359.15,40.73434,-111.87211,23.6,33.5,878.8,122.75,0.9
35940.0,1309.5,358.98,0.04,358.98,40.73434,-111.87211,23.6,33.4,878.9,120.30,0.8
36000.0,1309.5,358.80,0.05,358.80,40.73434,-111.87211,23.6,33.3,878.9,117.96,0.7
36060.0,1309.3,358.73,0.05,358.73,40.73434,-111.87211,23.7,33.2,878.9,110.39,1.0
36120.0,1309.4,358.63,0.04,358.63,40.73434,-111.87211,23.6,33.1,878.9,105.54,1.3
36180.0,1309.3,358.38,0.05,358.38,40.73434,-111.87211,23.6,33.1,878.9,96.74,0.4
36240.0,1309.3,358.69,0.05,358.69,40.73434,-111.87211,23.7,32.7,878.9,121.59,0.8
36300.0,1309.3,359.10,0.05,359.10,40.73434,-111.87211,23.7,32.6,878.9,115.82,1.1
36360.0,1309.3,358.76,0.04,358.76,40.73434,-111.87211,23.7,32.8,878.9,115.38,1.2
36420.0,1309.2,359.05,0.05,359.05,40.73434,-111.87211,23.7,32.7,878.9,84.96,0.4
36480.0,1309.3,359.30,0.05,359.30,40.73434,-111.87211,23.7,32.8,878.8,81.62,0.4
36540.0,1309.3,359.99,0.05,359.99,40.73434,-111.87211,23.7,32.9,878.9,96.39,0.4
36600.0,1309.3,0.06,0.05,0.06,40.73434,-111.87211,23.7,32.8,878.8,105.86,0.5
36660.0,1309.3,0.08,0.05,0.08,40.73434,-111.87211,23.7,32.8,878.8,119.47,0.7
36720.0,1309.3,0.06,0.05,0.06,40.73434,-111.87211,23.7,32.8,878.8,119.26,0.7
36780.0,1309.3,0.33,0.06,0.33,40.73434,-111.87211,23.7,33.6,878.8,120.28,1.2
36840.0,1309.2,0.70,0.06,0.70,40.73434,-111.87211,23.6,33.8,878.8,130.07,0.8
36900.0,1309.2,1.11,0.04,1.11,40.73434,-111.87211,23.6,33.6,878.8,123.74,0.9
36960.0,1309.4,0.99,0.05,0.99,40.73434,-111.87211,23.6,33.0,878.8,112.07,0.8
37020.0,1309.4,1.35,0.05,1.35,40.73434,-111.87211,23.5,32.9,878.8,105.82,0.6
37080.0,1309.8,1.17,0.05,1.17,40.73434,-111.87211,23.5,32.6,878.8,112.39,0.6
37140.0,1310.6,1.06,0.05,1.06,40.73433,-111.87211,23.4,32.8,878.8,118.05,0.8
37200.0,1310.3,0.61,0.04,0.61,40.73433,-111.87211,23.4,33.0,878.8,115.63,1.1
37260.0,1310.0,0.63,0.05,0.63,40.73434,-111.87210,23.3,33.1,878.8,119.88,1.3
37320.0,1310.1,0.13,0.04,0.13,40.73433,-111.87210,23.3,33.0,878.8,111.22,1.0
37380.0,1310.2,359.60,0.05,359.60,40.73433,-111.87210,23.2,32.9,878.8,112.44,1.0
37440.0,1310.1,358.98,0.05,358.98,40.73433,-111.87210,23.2,32.8,878.8,116.81,1.1
37500.0,1310.0,359.33,0.04,359.33,40.73434,-111.87211,23.2,32.7,878.8,95.03,0.3
37560.0,1310.0,359.23,0.05,359.23,40.73434,-111.87211,23.2,32.5,878.8,93.56,0.5
37620.0,1309.9,359.22,0.05,359.22,40.73434,-111.87211,23.2,32.7,878.8,96.89,0.4
37680.0,1309.8,359.28,0.04,359.28,40.73434,-111.87211,23.3,32.2,878.8,99.47,0.5
37740.0,1309.8,358.63,0.04,358.63,40.73434,-111.87211,23.2,32.4,878.8,92.59,0.4
37800.0,1309.8,358.73,0.04,358.73,40.73434,-111.87211,23.2,32.1,878.8,98.71,0.3
37860.0,1309.8,358.90,0.04,358.90,40.73434,-111.87210,23.2,32.1,878.8,110.70,0.4
37920.0,1309.7,358.91,0.04,358.91,40.73434,-111.87210,23.2,32.0,878.7,108.27,0.7
37980.0,1309.8,359.23,0.04,359.23,40.73434,-111.87210,23.2,32.0,878.7,113.46,0.6
38040.0,1309.8,359.12,0.04,359.12,40.73434,-111.87210,23.1,32.0,878.7,98.96,0.4
38100.0,1309.9,359.62,0.05,359.62,40.73434,-111.87210,23.1,32.2,878.7,105.58,0.5
38160.0,1310.0,359.19,0.05,359.19,40.73433,-111.87210,23.0,32.2,878.7,93.23,0.4
38220.0,1310.0,358.98,0.05,358.98,40.73433,-111.87210,23.0,32.5,878.7,110.42,0.2
38280.0,1310.0,358.78,0.05,358.78,40.73433,-111.87210,23.1,32.8,878.7,111.91,0.2
38340.0,1309.8,359.24,0.05,359.24,40.73433,-111.87210,23.2,32.6,878.7,108.24,0.5
38400.0,1308.8,359.87,0.05,359.87,40.73434,-111.87210,23.1,32.4,878.7,97.89,0.4
38460.0,1308.9,0.01,0.04,0.01,40.73434,-111.87210,23.2,32.7,878.7,197.99,0.1
38520.0,1309.4,359.83,0.05,359.83,40.73434,-111.87210,23.2,32.6,878.7,91.42,0.2
38580.0,1309.8,359.78,0.04,359.78,40.73433,-111.87210,23.4,32.4,878.7,127.67,0.1
38640.0,1310.0,0.09,0.05,0.09,40.73433,-111.87210,23.4,32.1,878.7,98.16,0.2
38700.0,1310.3,0.01,0.05,0.01,40.73433,-111.87210,23.5,32.5,878.7,75.56,0.2
38760.0,1310.4,359.81,0.05,359.81,40.73433,-111.87210,23.4,32.1,878.7,88.65,0.4
38820.0,1310.4,359.00,0.05,359.00,40.73433,-111.87210,23.4,32.0,878.7,77.78,0.4
38880.0,1310.7,359.27,0.05,359.27,40.73433,-111.87210,23.3,32.1,878.7,111.65,0.5
38940.0,1310.8,359.57,0.05,359.57,40.73433,-111.87211,23.2,32.2,878.7,115.55,0.6
39000.0,1310.6,358.90,0.06,358.90,40.73433,-111.87211,23.1,32.7,878.7,114.06,0.8
39060.0,1310.5,359.11,0.05,359.11,40.73433,-111.87211,23.0,32.8,878.7,113.38,0.9
39120.0,1310.4,358.88,0.05,358.88,40.73433,-111.87211,22.9,33.1,878.7,114.93,1.2
39180.0,1310.4,358.48,0.05,358.48,40.73433,-111.87211,22.9,33.3,878.7,120.80,1.2
39240.0,1310.3,358.20,0.06,358.20,40.73434,-111.87210,22.8,33.8,878.7,122.69,1.1
39300.0,1310.4,357.60,0.06,357.60,40.73434,-111.87210,22.8,33.8,878.7,119.03,1.1
39360.0,1310.2,357.60,0.05,357.60,40.73433,-111.87211,22.8,34.2,878.7,115.84,0.8
39420.0,1310.3,357.75,0.05,357.75,40.73433,-111.87211,22.7,33.6,878.7,110.06,0.6
39480.0,1310.5,357.65,0.05,357.65,40.73433,-111.87211,22.7,33.4,878.8,117.17,0.7
39540.0,1310.4,357.88,0.05,357.88,40.73433,-111.87211,22.7,33.7,878.8,122.44,1.0
39600.0,1310.5,358.68,0.06,358.68,40.73433,-111.87211,22.6,33.9,878.8,124.55,0.8
39660.0,1310.5,358.65,0.05,358.65,40.73433,-111.87211,22.6,33.4,878.8,105.72,0.5
39720.0,1310.5,358.13,0.05,358.13,40.73433,-111.87211,22.6,33.3,878.8,108.84,0.6
39780.0,1310.4,358.46,0.05,358.46,40.73433,-111.87211,22.6,33.4,878.8,106.19,0.5
39840.0,1310.6,358.84,0.06,358.84,40.73433,-111.87211,22.5,33.4,878.8,97.91,0.4
39900.0,1310.5,359.12,0.05,359.12,40.73433,-111.87211,22.5,33.6,878.8,105.08,0.5
39960.0,1310.4,359.16,0.06,359.16,40.73434,-111.87211,22.5,33.7,878.8,119.14,0.9
40020.0,1310.2,359.10,0.05,359.10,40.73434,-111.87211,22.5,33.6,878.8,114.52,0.9
40080.0,1310.0,359.22,0.05,359.22,40.73434,-111.87211,22.4,33.8,878.8,114.62,0.6
40140.0,1309.8,359.08,0.05,359.08,40.73434,-111.87211,22.4,33.3,878.8,114.86,0.4
40200.0,1309.8,359.28,0.05,359.28,40.73434,-111.87211,22.4,33.5,878.9,113.39,0.5
40260.0,1309.6,359.38,0.05,359.38,40.73434,-111.87211,22.4,33.8,878.9,123.32,0.8
40320.0,1309.2,359.69,0.06,359.69,40.73434,-111.87210,22.4,34.1,878.9,119.52,0.9
40380.0,1309.2,359.47,0.06,359.47,40.73434,-111.87210,22.3,34.0,878.9,116.49,0.7
40440.0,1309.1,359.04,0.05,359.04,40.73434,-111.87210,22.3,34.0,878.9,116.28,0.7
40500.0,1309.0,359.02,0.05,359.02,40.73434,-111.87211,22.3,34.0,878.9,117.32,0.7
40560.0,1308.7,359.38,0.05,359.38,40.73434,-111.87211,22.3,34.2,878.9,117.25,0.6
40620.0,1308.6,359.69,0.06,359.69,40.73434,-111.87210,22.3,34.2,878.9,123.74,0.8
40680.0,1308.5,359.38,0.05,359.38,40.73434,-111.87210,22.3,33.9,879.0,115.77,0.8
40740.0,1308.5,359.11,0.05,359.11,40.73434,-111.87211,22.3,34.0,879.0,120.99,0.7
40800.0,1308.4,358.63,0.05,358.63,40.73434,-111.87211,22.3,34.0,879.0,117.78,0.7
40860.0,1308.5,358.41,0.04,358.41,40.73434,-111.87211,22.3,34.1,879.0,95.85,0.5
40920.0,1308.3,358.73,0.04,358.73,40.73434,-111.87211,22.3,34.2,879.0,122.56,0.9
40980.0,1308.5,359.24,0.05,359.24,40.73434,-111.87211,22.3,34.0,879.0,125.55,0.7
41040.0,1308.3,0.01,0.05,0.01,40.73434,-111.87211,22.3,34.1,879.0,104.35,0.6
41100.0,1308.2,359.82,0.06,359.82,40.73434,-111.87211,22.3,34.1,879.0,120.56,0.7
41160.0,1308.1,358.89,0.05,358.89,40.73434,-111.87211,22.3,34.0,879.0,112.94,0.7
41220.0,1308.9,358.89,0.05,358.89,40.73434,-111.87211,22.3,34.2,879.1,111.92,0.7
41280.0,1308.9,359.13,0.05,359.13,40.73434,-111.87211,22.3,34.0,879.1,119.13,0.4
41340.0,1309.0,359.18,0.05,359.18,40.73434,-111.87211,22.3,34.3,879.1,109.08,0.3
41400.0,1309.0,359.00,0.05,359.00,40.73434,-111.87211,22.3,34.1,879.1,134.64,0.5
41460.0,1309.0,359.54,0.05,359.54,40.73434,-111.87211,22.2,34.3,879.1,124.72,0.9
41520.0,1309.0,0.01,0.05,0.01,40.73434,-111.87211,22.2,34.2,879.1,102.16,0.5
41580.0,1308.5,359.69,0.05,359.69,40.73434,-111.87211,22.2,34.1,879.1,111.50,0.5
41640.0,1309.0,359.38,0.04,359.38,40.73434,-111.87211,22.2,34.1,879.1,115.45,0.9
41700.0,1308.7,359.14,0.05,359.14,40.73434,-111.87211,22.2,34.2,879.1,117.92,0.8
41760.0,1308.4,359.10,0.04,359.10,40.73434,-111.87211,22.2,34.5,879.1,123.56,0.9
41820.0,1308.7,358.98,0.05,358.98,40.73434,-111.87211,22.2,34.4,879.1,126.26,1.1
41880.0,1308.7,358.59,0.04,358.59,40.73434,-111.87211,22.2,34.6,879.1,129.80,1.1
41940.0,1308.6,358.55,0.04,358.55,40.73434,-111.87211,22.2,34.7,879.1,125.11,1.2
42000.0,1309.0,358.54,0.05,358.54,40.73434,-111.87211,22.2,34.6,879.1,122.57,1.4
42060.0,1309.2,358.65,0.05,358.65,40.73434,-111.87211,22.2,34.8,879.1,116.01,1.3
42120.0,1309.3,358.26,0.05,358.26,40.73434,-111.87211,22.2,34.7,879.1,111.08,0.9
42180.0,1309.2,358.09,0.04,358.09,40.73434,-111.87211,22.2,34.7,879.1,111.69,0.9
42240.0,1309.2,358.39,0.05,358.39,40.73434,-111.87211,22.2,34.7,879.1,112.70,0.8
42300.0,1309.2,358.20,0.04,358.20,40.73434,-111.87211,22.2,35.0,879.1,122.49,0.9
42360.0,1309.3,357.83,0.05,357.83,40.73434,-111.87211,22.2,35.4,879.1,125.44,1.1
42420.0,1309.4,358.27,0.04,358.27,40.73434,-111.87211,22.1,35.4,879.2,127.09,1.2
42480.0,1309.4,358.43,0.05,358.43,40.73434,-111.87211,22.2,35.3,879.2,128.11,1.3
42540.0,1309.3,358.04,0.05,358.04,40.73434,-111.87211,22.1,35.4,879.2,126.91,1.5
42600.0,1309.2,358.18,0.05,358.18,40.73434,-111.87211,22.1,35.7,879.2,127.76,1.4
42660.0,1309.1,358.38,0.04,358.38,40.73434,-111.87211,22.1,35.7,879.2,118.90,1.6
42720.0,1309.3,358.40,0.04,358.40,40.73434,-111.87211,22.1,35.6,879.2,118.96,1.5
42780.0,1309.3,358.43,0.05,358.43,40.73434,-111.87211,22.1,35.4,879.2,124.15,1.4
42840.0,1309.3,358.84,0.05,358.84,40.73434,-111.87211,22.1,35.6,879.2,119.31,1.4
42900.0,1309.3,359.11,0.05,359.11,40.73434,-111.87211,22.1,36.0,879.2,123.79,1.1
42960.0,1309.3,359.12,0.05,359.12,40.73434,-111.87211,22.1,35.5,879.3,120.78,1.3
43020.0,1309.4,359.22,0.05,359.22,40.73434,-111.87211,22.0,35.4,879.3,119.57,1.6
43080.0,1309.4,359.43,0.05,359.43,40.73434,-111.87211,22.0,35.2,879.2,118.12,1.7
43140.0,1309.0,359.16,0.05,359.16,40.73434,-111.87211,22.0,35.5,879.2,115.89,1.8
43200.0,1308.9,359.06,0.05,359.06,40.73434,-111.87211,22.0,35.4,879.3,119.54,1.9
43260.0,1308.7,358.94,0.05,358.94,40.73434,-111.87211,22.0,35.3,879.3,117.37,2.0
43320.0,1308.7,358.85,0.06,358.85,40.73434,-111.87211,22.0,35.4,879.3,123.41,1.6
43380.0,1308.7,358.85,0.05,358.85,40.73434,-111.87211,22.0,35.4,879.3,120.63,1.3
43440.0,1308.9,358.61,0.05,358.61,40.73434,-111.87211,22.0,35.3,879.3,127.38,1.8
43500.0,1308.7,358.81,0.05,358.81,40.73434,-111.87211,22.0,35.2,879.3,122.94,1.6
43560.0,1308.7,359.09,0.05,359.09,40.73434,-111.87211,21.9,35.3,879.3,121.20,1.7
43620.0,1308.6,359.06,0.05,359.06,40.73434,-111.87211,22.0,35.5,879.3,123.41,1.4
43680.0,1308.6,359.49,0.05,359.49,40.73434,-111.87211,21.9,35.4,879.4,123.55,1.6
43740.0,1308.5,359.59,0.05,359.59,40.73434,-111.87211,22.0,35.2,879.4,125.36,1.5
43800.0,1308.4,359.15,0.05,359.15,40.73434,-111.87211,21.9,35.4,879.4,122.54,1.5
43860.0,1308.4,359.80,0.05,359.80,40.73434,-111.87211,22.0,35.3,879.4,124.89,1.5
43920.0,1308.4,0.22,0.05,0.22,40.73434,-111.87211,21.9,35.3,879.4,127.25,1.6
43980.0,1308.5,0.23,0.05,0.23,40.73434,-111.87211,21.9,35.5,879.4,120.89,1.7
44040.0,1308.7,0.12,0.05,0.12,40.73434,-111.87211,21.9,35.4,879.4,126.89,1.6
44100.0,1309.0,0.37,0.05,0.37,40.73434,-111.87211,21.9,35.3,879.4,125.60,1.9
44160.0,1309.0,359.91,0.05,359.91,40.73434,-111.87211,21.9,35.3,879.4,116.81,1.7
44220.0,1309.0,359.97,0.05,359.97,40.73434,-111.87210,21.9,35.4,879.4,122.88,1.8
44280.0,1309.3,0.21,0.05,0.21,40.73434,-111.87210,21.9,35.3,879.4,125.61,1.6
44340.0,1309.6,0.20,0.05,0.20,40.73434,-111.87210,21.9,35.4,879.4,120.31,1.3
44400.0,1309.7,0.49,0.05,0.49,40.73434,-111.87210,21.9,35.4,879.4,124.97,1.1
44460.0,1309.7,0.61,0.05,0.61,40.73434,-111.87210,22.0,35.4,879.4,134.72,0.9
44520.0,1309.3,0.75,0.05,0.75,40.73434,-111.87210,22.0,35.5,879.4,126.32,1.1
44580.0,1309.3,0.83,0.05,0.83,40.73434,-111.87210,22.0,35.6,879.4,125.56,1.1
44640.0,1309.2,0.64,0.05,0.64,40.73434,-111.87210,22.0,35.5,879.4,127.45,1.1
44700.0,1309.4,1.00,0.05,1.00,40.73434,-111.87210,22.0,35.6,879.4,124.74,0.9
44760.0,1309.3,1.27,0.05,1.27,40.73434,-111.87210,22.0,35.4,879.4,123.20,0.9
44820.0,1309.3,0.48,0.04,0.48,40.73434,-111.87210,22.0,35.2,879.4,116.52,0.7
44880.0,1309.2,0.10,0.04,0.10,40.73434,-111.87210,22.0,35.4,879.4,120.15,0.8
44940.0,1309.2,0.29,0.05,0.29,40.73434,-111.87210,22.0,35.2,879.4,124.10,0.9
45000.0,1309.1,0.29,0.04,0.29,40.73434,-111.87210,22.0,35.3,879.4,126.14,0.9
45060.0,1309.1,0.30,0.04,0.30,40.73434,-111.87210,22.0,35.5,879.4,123.44,0.9
45120.0,1308.9,359.91,0.04,359.91,40.73434,-111.87210,22.1,35.3,879.4,127.27,0.9
45180.0,1308.8,359.95,0.05,359.95,40.73434,-111.87210,22.1,35.4,879.4,125.70,1.0
45240.0,1308.5,0.02,0.05,0.02,40.73434,-111.87210,22.1,35.4,879.4,126.39,1.1
45300.0,1308.4,359.85,0.05,359.85,40.73434,-111.87210,22.1,35.6,879.4,133.65,1.3
45360.0,1308.2,359.81,0.05,359.81,40.73434,-111.87210,22.1,36.0,879.4,134.99,1.2
45420.0,1308.0,359.61,0.05,359.61,40.73434,-111.87210,22.1,36.2,879.4,139.48,1.3
45480.0,1308.7,359.79,0.05,359.79,40.73434,-111.87210,22.1,35.9,879.4,143.23,1.2
45540.0,1308.9,359.96,0.05,359.96,40.73434,-111.87210,22.1,37.0,879.4,132.68,1.1
45600.0,1308.6,359.93,0.05,359.93,40.73434,-111.87210,22.1,36.4,879.4,140.80,1.4
45660.0,1308.5,0.08,0.05,0.08,40.73434,-111.87210,22.2,35.9,879.4,143.16,1.5
45720.0,1308.6,0.51,0.04,0.51,40.73434,-111.87210,22.1,36.2,879.5,141.75,1.4
45780.0,1308.5,0.03,0.04,0.03,40.73434,-111.87210,22.0,36.3,879.5,125.96,1.7
45840.0,1308.4,359.59,0.05,359.59,40.73434,-111.87210,22.0,36.0,879.5,131.42,1.7
45900.0,1308.4,359.20,0.06,359.20,40.73434,-111.87210,22.0,35.8,879.5,128.64,1.7
45960.0,1308.4,359.75,0.04,359.75,40.73434,-111.87210,22.0,35.8,879.5,132.92,1.7
46020.0,1308.3,359.51,0.05,359.51,40.73434,-111.87210,22.0,36.3,879.5,135.35,1.7
46080.0,1308.2,359.14,0.06,359.14,40.73434,-111.87210,21.9,36.2,879.5,126.04,1.8
46140.0,1308.2,359.08,0.04,359.08,40.73434,-111.87210,22.0,36.1,879.5,124.08,1.7
46200.0,1308.1,359.25,0.04,359.25,40.73434,-111.87210,21.9,36.4,879.5,128.11,1.6
46260.0,1308.2,359.61,0.05,359.61,40.73434,-111.87210,21.9,35.7,879.5,124.25,1.9
46320.0,1308.3,358.98,0.04,358.98,40.73434,-111.87210,21.8,35.4,879.5,119.05,2.0
46380.0,1308.3,358.53,0.04,358.53,40.73434,-111.87210,21.9,35.5,879.6,127.69,2.1
46440.0,1308.4,358.64,0.04,358.64,40.73434,-111.87211,21.8,35.4,879.6,116.67,2.0
46500.0,1308.4,359.24,0.04,359.24,40.73434,-111.87211,21.8,35.4,879.6,123.78,1.9
46560.0,1308.5,359.39,0.04,359.39,40.73434,-111.87211,21.8,35.0,879.6,128.55,2.2
46620.0,1308.6,359.65,0.04,359.65,40.73434,-111.87211,21.9,35.0,879.6,135.29,1.9
46680.0,1308.7,359.91,0.04,359.91,40.73434,-111.87211,21.9,35.5,879.6,125.17,1.9
46740.0,1308.6,0.50,0.04,0.50,40.73434,-111.87211,21.9,35.3,879.6,127.21,1.8
46800.0,1308.7,0.02,0.04,0.02,40.73434,-111.87211,21.9,34.8,879.6,129.56,1.7
46860.0,1308.7,0.26,0.04,0.26,40.73434,-111.87210,22.0,35.0,879.6,119.49,1.6
46920.0,1308.7,359.98,0.05,359.98,40.73434,-111.87210,22.0,34.9,879.6,125.61,1.9
46980.0,1308.8,0.27,0.04,0.27,40.73434,-111.87210,22.0,34.6,879.7,125.27,2.2
47040.0,1308.9,0.21,0.04,0.21,40.73434,-111.87210,22.2,35.1,879.7,128.87,2.1
47100.0,1308.9,359.94,0.05,359.94,40.73434,-111.87210,22.3,35.0,879.7,122.12,2.2
47160.0,1309.0,359.40,0.05,359.40,40.73434,-111.87210,22.4,35.0,879.7,126.29,2.1
47220.0,1309.0,358.82,0.04,358.82,40.73434,-111.87210,22.4,35.0,879.7,122.59,2.7
47280.0,1309.1,359.54,0.04,359.54,40.73434,-111.87210,22.5,35.1,879.7,120.58,2.7
47340.0,1309.1,359.89,0.04,359.89,40.73434,-111.87210,22.5,35.2,879.7,118.56,2.4
47400.0,1309.1,359.52,0.05,359.52,40.73434,-111.87210,22.6,34.7,879.7,124.26,2.4
47460.0,1309.1,359.36,0.05,359.36,40.73434,-111.87210,22.6,34.4,879.7,116.90,2.1
47520.0,1309.1,359.30,0.04,359.30,40.73434,-111.87210,22.7,34.3,879.7,110.44,1.5
47580.0,1309.1,358.81,0.04,358.81,40.73434,-111.87210,22.8,34.0,879.7,103.23,0.7
