CampaignData_and_Merges/R0/CSL_MobileLab_Parked/raw/20240719/USOS-NOAAIodideCIMS-Halogens_MobileLabGround_20240719_RA.ict
39, 1001
Michael A Robinson, Chris Jernigan, Subi Thakali
NOAA ESRL Chemical Sciences Laboratory and CIRES, U. of Colorado
NOAA Iodide CIMS Instrument
USOS
1, 1
2024, 07, 19, 2024, 07, 20
0
starttime_UTC, seconds_past_midnight, seconds_of_day_since_00:00:00_UTC
6
1, 1, 1, 1, 1, 1
-9999, -9999, -9999, -9999, -9999, -9999
Br2_NOAACIMS, pptv, Gas_Br2_InSitu_S_AVMR
BrO_NOAACIMS, pptv, Gas_BrO_InSitu_S_AVMR
Cl2_NOAACIMS, pptv, Gas_Cl2_InSitu_S_AVMR
ClNO2_NOAACIMS, pptv, Gas_ClNO2_InSitu_S_AVMR
BrCl_NOAACIMS, pptv, Gas_BrCl_InSitu_S_AVMR
NCl3_NOAACIMS, pptv, Gas_NCl3_InSitu_S_AVMR
1
N/A
18
PI_CONTACT_INFO: 325 Broadway, R/CSD 7, Boulder, Colorado 80305; michael.a.robinson@noaa.gov; chris.jernigan@noaa.gov;
PLATFORM: NOAA CSL Mobile Lab
LOCATION: SLC, Utah
ASSOCIATED_DATA: 1Hz data also available on request.
INSTRUMENT_INFO: NOAA I- ToF CIMS
DATA_INFO: Units: pptv
UNCERTAINTY: tbd
ULOD_FLAG: -7777
ULOD_VALUE: N/A
LLOD_FLAG: -8888
LLOD_VALUE: N/A
DM_CONTACT_INFO: Nathan Howard; nathan.h.howard@noaa.gov
PROJECT_INFO: USOS, summer 2024. https://csl.noaa.gov/groups/csl7/measurements/2024usos/
STIPULATIONS_ON_USE: only the USOS science team is allowed to use this data
OTHER_COMMENTS: Field data; Data are averaged to 1 minute intervals. Stationary data collected from a 10 ft tower on top of the mobile lab
REVISION: RA
RA: Preliminary Data; For in-field use only
starttime_UTC, Br2_NOAACIMS, BrO_NOAACIMS, Cl2_NOAACIMS, ClNO2_NOAACIMS, BrCl_NOAACIMS, NCl3_NOAACIMS
[from data line 1298]
77880,-9999.000,-9999.000,-9999.000,-9999.000,-9999.000,-9999.000
77940,-9999.000,-9999.000,-9999.000,-9999.000,-9999.000,-9999.000
78000,-9999.000,-9999.000,-9999.000,-9999.000,-9999.000,-9999.000
78060,-9999.000,-9999.000,-9999.000,-9999.000,-9999.000,-9999.000
78120,-9999.000,-9999.000,-9999.000,-9999.000,-9999.000,-9999.000
78180,-9999.000,-9999.000,-9999.000,-9999.000,-9999.000,-9999.000
78240,-9999.000,-9999.000,-9999.000,-9999.000,-9999.000,-9999.000
78300,-9999.000,-9999.000,-9999.000,-9999.000,-9999.000,-9999.000
78360,-9999.000,-9999.000,-9999.000,-9999.000,-9999.000,-9999.000
78420,1.371,0.231,4.357,0.108,0.248,0.194
78480,1.134,0.223,3.654,0.088,0.190,0.119
78540,0.635,0.193,3.155,0.048,0.104,0.009
78600,0.662,0.145,3.148,0.067,0.086,-0.043
78660,1.210,0.214,3.367,0.093,0.120,0.091
78720,1.290,0.243,3.362,0.059,0.120,0.108
78780,1.365,0.280,3.339,0.089,0.181,0.088
78840,1.207,0.232,3.193,0.134,0.199,0.087
78900,0.980,0.386,3.123,0.068,0.115,0.057
78960,1.314,0.304,2.954,0.048,0.134,0.027
79020,1.191,0.201,3.117,0.062,0.197,0.003
79080,1.555,0.378,3.250,0.056,0.164,0.094
79140,1.476,0.306,3.242,0.069,0.157,0.168
79200,1.743,0.345,3.236,0.059,0.218,0.125
79260,0.834,0.208,2.976,0.053,0.178,0.120
79320,0.944,0.240,3.135,0.070,0.167,0.102
79380,0.749,0.221,3.250,0.053,0.127,0.071
79440,0.684,0.243,3.087,0.077,0.139,0.071
79500,0.740,0.118,3.100,0.033,0.149,0.111
79560,0.700,0.185,3.147,0.035,0.123,0.064
79620,0.429,0.169,3.212,0.029,0.072,0.008
79680,1.503,0.277,3.170,0.069,0.180,0.116
79740,1.949,0.271,3.201,0.098,0.149,0.110
79800,1.407,0.099,3.217,0.071,0.089,0.074
79860,2.257,0.243,3.005,0.085,0.160,0.137
79920,2.151,0.303,2.914,0.091,0.143,0.188
79980,1.942,0.366,3.172,0.093,0.131,0.100
80040,1.819,0.376,3.194,0.062,0.148,0.244
80100,1.967,0.274,3.063,0.069,0.244,0.189
80160,1.758,0.310,3.040,0.041,0.108,0.147
80220,2.553,0.463,3.220,0.056,0.175,0.164
80280,2.657,0.270,3.048,0.064,0.135,0.239
80340,2.485,0.334,2.968,0.054,0.062,0.166
80400,-9999.000,-9999.000,-9999.000,-9999.000,-9999.000,-9999.000
80460,2.711,0.261,3.794,0.052,0.149,0.168
80520,2.361,0.282,3.435,0.059,0.175,0.165
80580,2.402,0.130,3.318,0.029,0.068,0.130
80640,2.590,0.226,3.525,0.060,0.158,0.148
80700,1.320,-0.001,2.854,0.019,0.036,-0.001
80760,1.321,0.021,2.575,-0.016,0.024,0.005
80820,0.681,0.004,2.521,-0.018,0.023,-0.000
80880,1.003,0.025,2.713,0.019,0.024,0.016
80940,0.843,0.027,2.451,0.005,0.050,-0.003
81000,-0.125,-0.008,3.107,-0.005,-0.004,-0.005
81060,0.734,0.061,3.840,0.003,0.024,0.028
81120,2.052,0.095,3.498,0.012,0.053,0.088
81180,2.142,0.030,3.475,0.021,0.064,0.038
81240,2.083,0.122,3.548,0.042,0.100,0.084
81300,1.817,0.007,3.095,-0.003,-0.004,0.005
81360,-9999.000,-9999.000,-9999.000,-9999.000,-9999.000,-9999.000
81420,-9999.000,-9999.000,-9999.000,-9999.000,-9999.000,-9999.000
81480,-9999.000,-9999.000,-9999.000,-9999.000,-9999.000,-9999.000
81540,-9999.000,-9999.000,-9999.000,-9999.000,-9999.000,-9999.000
81600,-9999.000,-9999.000,-9999.000,-9999.000,-9999.000,-9999.000
81660,-9999.000,-9999.000,-9999.000,-9999.000,-9999.000,-9999.000
81720,-9999.000,-9999.000,-9999.000,-9999.000,-9999.000,-9999.000
81780,-9999.000,-9999.000,-9999.000,-9999.000,-9999.000,-9999.000
81840,-9999.000,-9999.000,-9999.000,-9999.000,-9999.000,-9999.000
81900,-9999.000,-9999.000,-9999.000,-9999.000,-9999.000,-9999.000
81960,-9999.000,-9999.000,-9999.000,-9999.000,-9999.000,-9999.000
82020,-9999.000,-9999.000,-9999.000,-9999.000,-9999.000,-9999.000
82080,-9999.000,-9999.000,-9999.000,-9999.000,-9999.000,-9999.000
82140,-9999.000,-9999.000,-9999.000,-9999.000,-9999.000,-9999.000
82200,-9999.000,-9999.000,-9999.000,-9999.000,-9999.000,-9999.000
82260,-9999.000,-9999.000,-9999.000,-9999.000,-9999.000,-9999.000
82320,-9999.000,-9999.000,-9999.000,-9999.000,-9999.000,-9999.000
82380,-9999.000,-9999.000,-9999.000,-9999.000,-9999.000,-9999.000
82440,-9999.000,-9999.000,-9999.000,-9999.000,-9999.000,-9999.000
82500,-9999.000,-9999.000,-9999.000,-9999.000,-9999.000,-9999.000
82560,-9999.000,-9999.000,-9999.000,-9999.000,-9999.000,-9999.000
82620,-9999.000,-9999.000,-9999.000,-9999.000,-9999.000,-9999.000
82680,-9999.000,-9999.000,-9999.000,-9999.000,-9999.000,-9999.000
82740,2.573,0.319,2.007,0.036,0.148,0.130
82800,2.444,0.272,2.191,0.043,0.165,0.224
82860,2.230,0.271,2.106,0.025,0.175,0.197
82920,2.406,0.311,2.082,0.032,0.184,0.195
82980,2.339,0.359,2.264,-0.014,0.099,0.160
83040,2.342,0.362,2.299,-0.010,0.189,0.218
83100,2.403,0.275,2.079,0.018,0.223,0.241
83160,2.257,0.269,2.166,0.003,0.100,0.231
83220,2.308,0.382,1.933,0.029,0.201,0.238
83280,2.152,0.218,1.920,-0.001,0.184,0.222
83340,2.072,0.266,2.005,-0.012,0.135,0.165
83400,2.246,0.293,1.910,0.003,0.150,0.174
83460,2.033,0.215,1.896,0.032,0.166,0.168
83520,2.231,0.384,1.765,0.047,0.181,0.269
83580,2.376,0.343,1.738,0.026,0.178,0.243
83640,2.181,0.268,1.688,-0.024,0.303,0.292
83700,-9999.000,-9999.000,-9999.000,-9999.000,-9999.000,-9999.000
83760,-9999.000,-9999.000,-9999.000,-9999.000,-9999.000,-9999.000
83820,-9999.000,-9999.000,-9999.000,-9999.000,-9999.000,-9999.000
83880,-9999.000,-9999.000,-9999.000,-9999.000,-9999.000,-9999.000
83940,-9999.000,-9999.000,-9999.000,-9999.000,-9999.000,-9999.000
84000,-9999.000,-9999.000,-9999.000,-9999.000,-9999.000,-9999.000
84060,-9999.000,-9999.000,-9999.000,-9999.000,-9999.000,-9999.000
84120,-9999.000,-9999.000,-9999.000,-9999.000,-9999.000,-9999.000
84180,-9999.000,-9999.000,-9999.000,-9999.000,-9999.000,-9999.000
84240,-9999.000,-9999.000,-9999.000,-9999.000,-9999.000,-9999.000
84300,-9999.000,-9999.000,-9999.000,-9999.000,-9999.000,-9999.000
84360,-9999.000,-9999.000,-9999.000,-9999.000,-9999.000,-9999.000
84420,-9999.000,-9999.000,-9999.000,-9999.000,-9999.000,-9999.000
84480,-9999.000,-9999.000,-9999.000,-9999.000,-9999.000,-9999.000
84540,-9999.000,-9999.000,-9999.000,-9999.000,-9999.000,-9999.000
84600,-9999.000,-9999.000,-9999.000,-9999.000,-9999.000,-9999.000
84660,-9999.000,-9999.000,-9999.000,-9999.000,-9999.000,-9999.000
84720,-9999.000,-9999.000,-9999.000,-9999.000,-9999.000,-9999.000
84780,-9999.000,-9999.000,-9999.000,-9999.000,-9999.000,-9999.000
84840,-9999.000,-9999.000,-9999.000,-9999.000,-9999.000,-9999.000
84900,-9999.000,-9999.000,-9999.000,-9999.000,-9999.000,-9999.000
84960,-9999.000,-9999.000,-9999.000,-9999.000,-9999.000,-9999.000
85020,-9999.000,-9999.000,-9999.000,-9999.000,-9999.000,-9999.000
85080,-9999.000,-9999.000,-9999.000,-9999.000,-9999.000,-9999.000
85140,-9999.000,-9999.000,-9999.000,-9999.000,-9999.000,-9999.000
85200,-9999.000,-9999.000,-9999.000,-9999.000,-9999.000,-9999.000
85260,-9999.000,-9999.000,-9999.000,-9999.000,-9999.000,-9999.000
85320,-9999.000,-9999.000,-9999.000,-9999.000,-9999.000,-9999.000
85380,-9999.000,-9999.000,-9999.000,-9999.000,-9999.000,-9999.000
85440,-9999.000,-9999.000,-9999.000,-9999.000,-9999.000,-9999.000
85500,-9999.000,-9999.000,-9999.000,-9999.000,-9999.000,-9999.000
85560,-9999.000,-9999.000,-9999.000,-9999.000,-9999.000,-9999.000
85620,-9999.000,-9999.000,-9999.000,-9999.000,-9999.000,-9999.000
85680,-9999.000,-9999.000,-9999.000,-9999.000,-9999.000,-9999.000
85740,-9999.000,-9999.000,-9999.000,-9999.000,-9999.000,-9999.000
85800,-9999.000,-9999.000,-9999.000,-9999.000,-9999.000,-9999.000
85860,-9999.000,-9999.000,-9999.000,-9999.000,-9999.000,-9999.000
85920,-9999.000,-9999.000,-9999.000,-9999.000,-9999.000,-9999.000
85980,-9999.000,-9999.000,-9999.000,-9999.000,-9999.000,-9999.000
86040,-9999.000,-9999.000,-9999.000,-9999.000,-9999.000,-9999.000
86100,-9999.000,-9999.000,-9999.000,-9999.000,-9999.000,-9999.000
86160,-9999.000,-9999.000,-9999.000,-9999.000,-9999.000,-9999.000
86220,-9999.000,-9999.000,-9999.000,-9999.000,-9999.000,-9999.000
86280,0.712,0.039,1.876,-0.034,0.017,-0.004
86340,0.032,0.002,1.497,-0.050,0.015,0.048
