CampaignData_and_Merges/R0/CSL_MobileLab_Parked/raw/20240719/USOS-NOAAIodideCIMS-OrgNitrs_MobileLabGround_20240719_RA.ict
38, 1001
Michael A Robinson, Chris Jernigan, Subi Thakali
NOAA ESRL Chemical Sciences Laboratory and CIRES, U. of Colorado
NOAA Iodide CIMS Instrument
USOS
1, 1
2024, 07, 19, 2024, 07, 20
0
starttime_UTC, seconds_past_midnight, seconds_of_day_since_00:00:00_UTC
5
1, 1, 1, 1, 1
-9999, -9999, -9999, -9999, -9999
C4H7NO5_NOAACIMS, pptv, Gas_C4H7NO5_InSitu_M_AVMR
ISOPN_NOAACIMS, pptv, Gas_ISOPN_InSitu_M_AVMR
C5H10O3_NOAACIMS, pptv, Gas_C5H10O3_InSitu_M_AVMR
C5H9NO5_NOAACIMS, pptv, Gas_C5H9NO5_InSitu_M_AVMR
C10H17NO4_NOAACIMS, pptv, Gas_C10H17NO4_InSitu_M_AVMR
1
N/A
18
PI_CONTACT_INFO: 325 Broadway, R/CSD 7, Boulder, Colorado 80305; michael.a.robinson@noaa.gov; chris.jernigan@noaa.gov;
PLATFORM: NOAA CSL Mobile Lab
LOCATION: SLC, Utah
ASSOCIATED_DATA: 1Hz data also available on request.
INSTRUMENT_INFO: NOAA I- ToF CIMS
DATA_INFO: Units: pptv
UNCERTAINTY: tbd
ULOD_FLAG: -7777
ULOD_VALUE: N/A
LLOD_FLAG: -8888
LLOD_VALUE: N/A
DM_CONTACT_INFO: Nathan Howard; nathan.h.howard@noaa.gov
PROJECT_INFO: USOS, summer 2024. https://csl.noaa.gov/groups/csl7/measurements/2024usos/
STIPULATIONS_ON_USE: only the USOS science team is allowed to use this data
OTHER_COMMENTS: Field data; Data are averaged to 1 minute intervals. Stationary data collected from a 10 ft tower on top of the mobile lab
REVISION: RA
RA: Preliminary Data; For in-field use only
starttime_UTC, C4H7NO5_NOAACIMS, ISOPN_NOAACIMS, C5H10O3_NOAACIMS, C5H9NO5_NOAACIMS, C10H17NO4_NOAACIMS
[from data line 378]
22680,3.197,9.019,60.182,6.067,1.277
22740,3.161,8.949,60.080,5.782,1.329
22800,3.143,8.855,57.130,5.841,1.301
22860,3.176,9.127,59.265,5.773,1.278
22920,3.159,8.896,59.858,6.086,1.256
22980,3.183,8.949,60.287,5.905,1.305
23040,3.106,8.664,59.595,5.893,1.342
23100,3.191,9.039,59.976,6.013,1.357
23160,3.228,9.037,60.730,6.006,1.392
23220,3.209,8.915,60.735,6.021,1.446
23280,3.173,8.941,60.901,6.027,1.448
23340,-9999.000,-9999.000,-9999.000,-9999.000,-9999.000
23400,-9999.000,-9999.000,-9999.000,-9999.000,-9999.000
23460,-9999.000,-9999.000,-9999.000,-9999.000,-9999.000
23520,-9999.000,-9999.000,-9999.000,-9999.000,-9999.000
23580,3.130,8.707,58.992,5.973,1.350
23640,3.070,8.874,58.949,6.197,1.301
23700,3.099,9.080,59.088,6.237,1.410
23760,3.129,8.854,58.777,5.897,1.312
23820,3.098,8.532,59.157,6.149,1.409
23880,3.122,8.868,59.496,6.223,1.392
23940,3.096,8.684,58.365,6.147,1.383
24000,3.085,8.478,59.209,5.954,1.348
24060,3.131,8.715,59.367,6.173,1.462
24120,3.110,8.713,59.782,6.101,1.371
24180,3.067,8.666,61.172,5.867,1.293
24240,3.120,8.525,59.833,6.009,1.292
24300,3.163,8.699,60.173,6.166,1.301
24360,3.184,8.710,60.395,6.184,1.232
24420,3.128,8.705,61.562,6.351,1.374
24480,3.124,8.779,60.939,6.267,1.374
24540,3.056,8.592,60.511,6.265,1.363
24600,3.084,8.332,60.755,6.072,1.329
24660,3.095,8.494,61.364,6.284,1.453
24720,3.178,8.677,61.294,6.161,1.381
24780,3.152,8.614,62.033,6.282,1.359
24840,3.148,8.583,62.558,6.453,1.311
24900,3.089,8.430,61.253,6.299,1.388
24960,3.130,8.413,61.596,6.418,1.363
25020,3.092,8.550,61.450,6.391,1.326
25080,3.108,8.646,62.038,6.277,1.297
25140,3.109,8.582,62.467,6.417,1.335
25200,-9999.000,-9999.000,-9999.000,-9999.000,-9999.000
25260,-9999.000,-9999.000,-9999.000,-9999.000,-9999.000
25320,-9999.000,-9999.000,-9999.000,-9999.000,-9999.000
25380,-9999.000,-9999.000,-9999.000,-9999.000,-9999.000
25440,-9999.000,-9999.000,-9999.000,-9999.000,-9999.000
25500,3.150,8.254,59.727,6.741,1.409
25560,3.142,8.249,61.422,6.520,1.264
25620,3.116,8.027,59.747,6.653,1.231
25680,3.147,8.077,61.125,6.507,1.262
25740,3.127,8.021,61.190,6.588,1.275
25800,3.123,8.129,60.701,6.713,1.310
25860,3.161,8.030,60.695,6.728,1.322
25920,3.134,8.170,59.794,6.505,1.288
25980,3.116,8.479,60.809,6.639,1.450
26040,3.145,8.013,60.766,6.568,1.326
26100,3.098,8.219,59.183,6.511,1.249
26160,3.110,8.101,59.027,6.658,1.341
26220,3.144,8.295,59.184,6.754,1.301
26280,3.143,8.118,59.252,6.769,1.311
26340,3.109,8.320,59.954,6.698,1.338
26400,3.176,8.072,59.473,6.662,1.336
26460,3.105,8.234,60.066,6.805,1.391
26520,3.109,8.200,59.043,6.723,1.288
26580,3.180,8.045,61.009,6.479,1.409
26640,3.168,7.999,59.337,6.458,1.287
26700,3.142,8.372,60.362,6.564,1.430
26760,3.077,8.391,60.010,6.665,1.338
26820,3.111,8.207,60.074,6.425,1.425
26880,3.053,8.162,59.883,6.369,1.477
26940,3.167,8.063,60.143,6.378,1.465
27000,-9999.000,-9999.000,-9999.000,-9999.000,-9999.000
27060,-9999.000,-9999.000,-9999.000,-9999.000,-9999.000
27120,-9999.000,-9999.000,-9999.000,-9999.000,-9999.000
27180,-9999.000,-9999.000,-9999.000,-9999.000,-9999.000
27240,-9999.000,-9999.000,-9999.000,-9999.000,-9999.000
27300,-9999.000,-9999.000,-9999.000,-9999.000,-9999.000
27360,3.105,7.867,58.536,6.479,1.263
27420,3.162,8.185,59.050,6.595,1.237
27480,3.129,8.254,59.405,6.402,1.321
27540,3.145,7.942,58.637,6.676,1.233
27600,3.132,7.918,59.586,6.709,1.299
27660,3.159,8.052,61.442,6.692,1.283
27720,3.156,8.051,58.499,6.711,1.236
27780,3.156,7.844,60.041,6.810,1.321
27840,3.095,7.920,59.800,6.886,1.258
27900,3.230,7.984,60.916,7.020,1.368
27960,3.162,7.809,62.160,6.977,1.202
28020,3.189,8.067,62.289,6.871,1.263
28080,3.242,7.977,61.166,6.895,1.337
28140,3.243,8.104,63.870,6.987,1.284
28200,3.221,7.816,62.227,6.991,1.229
28260,3.189,7.688,62.125,6.854,1.360
28320,3.212,7.711,59.790,6.872,1.239
28380,3.192,7.928,61.511,7.157,1.366
28440,3.225,7.590,60.212,6.875,1.253
28500,3.183,7.758,57.963,6.854,1.235
28560,3.184,7.628,59.660,7.258,1.487
28620,3.206,7.548,54.584,7.011,1.543
28680,3.249,7.940,61.296,7.501,1.653
28740,3.314,7.613,59.109,7.285,1.557
28800,3.258,7.449,60.615,7.214,1.539
28860,3.343,7.423,59.249,7.743,1.653
28920,-9999.000,-9999.000,-9999.000,-9999.000,-9999.000
28980,-9999.000,-9999.000,-9999.000,-9999.000,-9999.000
29040,-9999.000,-9999.000,-9999.000,-9999.000,-9999.000
29100,-9999.000,-9999.000,-9999.000,-9999.000,-9999.000
29160,3.219,7.203,53.264,7.328,2.047
29220,3.219,7.240,53.043,7.395,2.029
29280,3.293,7.194,52.763,7.657,2.110
29340,3.264,7.056,53.159,7.695,2.031
29400,3.281,6.758,50.681,8.050,2.007
29460,3.270,6.588,50.808,7.967,2.095
29520,3.240,6.932,50.160,7.623,2.084
29580,3.178,6.904,50.973,7.544,2.074
29640,3.228,6.724,49.968,7.900,2.149
29700,3.248,6.709,50.092,7.712,2.124
29760,3.186,6.710,48.887,7.284,1.996
29820,3.205,7.116,50.819,7.698,1.949
29880,3.272,6.981,51.151,7.829,2.162
29940,3.162,7.125,50.429,7.733,2.267
30000,3.271,6.857,51.605,7.445,2.209
30060,3.259,7.220,51.234,7.655,2.291
30120,3.181,6.872,52.980,7.543,2.203
30180,3.178,6.958,52.340,7.568,2.152
30240,3.092,7.154,54.953,7.357,2.193
30300,3.217,6.967,54.749,7.359,2.080
30360,3.230,7.104,56.561,7.577,1.995
30420,3.233,6.982,56.565,7.237,1.846
30480,3.289,7.452,58.989,7.269,1.740
30540,3.206,7.439,59.172,7.266,1.639
30600,3.210,7.555,58.995,6.944,1.589
30660,3.217,7.571,59.255,7.162,1.663
30720,3.244,7.448,59.329,6.899,1.574
30780,-9999.000,-9999.000,-9999.000,-9999.000,-9999.000
30840,-9999.000,-9999.000,-9999.000,-9999.000,-9999.000
30900,-9999.000,-9999.000,-9999.000,-9999.000,-9999.000
30960,3.129,7.486,56.829,6.821,1.619
31020,3.203,7.493,58.288,6.810,1.558
31080,3.164,7.271,56.719,6.660,1.546
31140,3.077,7.426,56.905,6.724,1.715
31200,3.134,7.145,56.124,6.841,1.683
31260,3.179,7.576,57.362,7.154,1.867
31320,3.162,7.363,55.774,6.733,1.687
31380,3.249,7.206,57.690,6.723,1.805
31440,3.146,7.112,55.315,6.547,1.719
31500,3.120,7.123,54.761,6.593,1.697
31560,3.093,7.238,55.746,6.617,1.648
31620,3.156,6.831,52.289,6.550,1.605
31680,3.221,7.178,56.533,6.867,1.887
31740,3.268,6.830,51.089,7.003,1.841
31800,3.175,7.358,57.018,7.473,2.026
31860,3.152,6.322,52.410,7.157,1.620
31920,3.094,6.348,52.000,7.146,1.728
31980,3.228,6.822,53.091,7.172,2.015
32040,3.168,6.713,51.098,7.255,2.022
32100,3.142,6.834,51.407,7.385,2.203
32160,3.138,6.771,50.275,7.212,2.271
32220,3.155,6.739,50.510,7.132,2.311
32280,3.075,6.743,49.919,7.117,2.516
32340,3.132,6.875,50.465,7.410,2.704
32400,3.095,6.884,49.286,7.274,2.620
32460,3.112,7.050,50.149,7.398,2.642
32520,3.158,7.141,48.448,7.218,2.498
32580,3.175,7.440,50.012,7.371,2.695
32640,-9999.000,-9999.000,-9999.000,-9999.000,-9999.000
32700,-9999.000,-9999.000,-9999.000,-9999.000,-9999.000
32760,-9999.000,-9999.000,-9999.000,-9999.000,-9999.000
32820,-9999.000,-9999.000,-9999.000,-9999.000,-9999.000
32880,-9999.000,-9999.000,-9999.000,-9999.000,-9999.000
32940,3.149,6.879,47.281,7.433,2.668
33000,3.151,7.112,47.858,7.637,2.766
33060,3.165,7.235,47.972,7.571,2.723
33120,3.169,7.137,49.830,7.533,2.744
33180,3.201,7.343,48.539,7.710,2.775
33240,3.210,7.373,50.882,7.904,2.794
33300,3.215,7.073,50.539,7.598,2.804
33360,3.207,7.294,51.806,7.626,2.875
33420,3.221,7.103,50.756,7.707,2.654
33480,3.280,7.144,50.473,8.074,2.847
33540,3.267,7.100,51.032,7.815,2.828
33600,3.228,7.005,50.732,7.714,2.746
33660,3.237,7.332,50.204,7.856,2.640
33720,3.291,7.290,51.231,7.992,2.800
33780,3.297,7.113,50.047,7.847,2.788
33840,3.211,7.172,49.620,7.865,2.717
33900,3.276,7.243,51.128,7.805,2.520
33960,3.257,6.836,48.569,7.582,2.400
34020,3.235,6.931,49.307,7.549,2.393
34080,3.258,7.053,47.630,7.589,2.442
34140,3.272,6.683,50.077,7.724,2.640
34200,3.220,7.028,49.015,7.232,2.126
34260,3.285,6.372,49.371,7.382,2.150
34320,3.321,6.822,50.555,7.116,2.048
34380,3.335,6.843,49.633,6.904,2.066
34440,-9999.000,-9999.000,-9999.000,-9999.000,-9999.000
34500,-9999.000,-9999.000,-9999.000,-9999.000,-9999.000
34560,-9999.000,-9999.000,-9999.000,-9999.000,-9999.000
34620,3.171,6.836,47.785,7.057,2.179
34680,3.210,6.628,47.393,6.918,2.141
34740,3.221,6.598,47.478,6.893,2.270
34800,3.205,6.546,47.920,7.134,2.414
34860,3.257,6.715,48.793,7.411,2.446
34920,3.174,6.465,47.467,7.311,2.273
34980,3.186,6.704,49.099,7.384,2.625
35040,3.173,6.268,48.060,7.183,2.377
35100,3.187,6.643,48.364,7.318,2.409
35160,3.135,6.386,46.603,7.097,2.391
35220,3.098,6.589,47.853,7.093,2.444
35280,3.117,6.725,47.129,7.125,2.325
35340,3.104,6.766,47.854,7.176,2.388
35400,3.173,6.343,46.692,7.355,2.522
35460,3.090,6.402,48.260,7.351,2.520
35520,3.163,6.234,46.502,7.322,2.367
35580,3.132,6.640,47.118,7.288,2.331
35640,3.096,6.330,48.148,7.281,2.558
35700,3.134,5.985,45.646,7.184,2.428
35760,3.002,6.000,50.060,7.158,2.462
35820,3.050,5.917,46.851,7.091,2.439
35880,3.098,5.941,49.562,7.339,2.419
35940,3.028,6.105,49.526,6.984,2.358
36000,3.053,5.891,47.827,7.185,2.411
36060,3.072,5.835,47.890,6.962,2.328
36120,3.104,6.097,48.025,7.236,2.533
36180,3.010,5.841,48.406,7.207,2.470
36240,3.081,5.936,47.501,7.202,2.560
36300,-9999.000,-9999.000,-9999.000,-9999.000,-9999.000
36360,-9999.000,-9999.000,-9999.000,-9999.000,-9999.000
36420,-9999.000,-9999.000,-9999.000,-9999.000,-9999.000
36480,-9999.000,-9999.000,-9999.000,-9999.000,-9999.000
36540,3.096,5.418,43.924,7.352,2.092
36600,3.146,5.368,45.318,7.570,2.159
36660,3.102,5.806,46.804,7.511,2.356
36720,3.046,5.486,44.945,7.458,2.329
36780,3.001,5.842,44.575,7.089,2.214
36840,3.018,5.949,46.409,7.008,2.254
36900,3.033,5.600,44.455,7.168,2.201
36960,2.935,5.565,47.163,7.068,2.413
37020,2.964,5.335,45.730,6.887,2.407
37080,2.863,5.431,46.183,6.923,2.221
37140,2.883,5.230,45.364,6.730,2.181
37200,2.823,5.254,43.842,6.654,2.101
37260,2.795,5.156,44.526,6.794,2.033
37320,2.760,4.997,42.222,6.504,1.999
37380,2.756,5.190,42.321,6.386,1.939
37440,2.697,4.784,41.694,6.554,1.895
37500,2.769,4.953,42.342,6.534,1.791
37560,2.738,4.907,39.439,6.326,1.721
37620,2.704,4.874,41.733,6.360,1.744
37680,2.728,4.923,40.143,6.576,1.603
37740,2.681,4.826,41.013,6.313,1.495
37800,2.728,4.987,41.132,6.597,1.604
37860,2.765,4.778,39.861,6.399,1.642
37920,2.757,4.794,43.297,6.554,1.686
37980,2.758,4.962,41.067,6.429,1.620
38040,2.737,4.637,43.805,6.215,1.579
38100,2.759,4.688,41.315,6.306,1.661
38160,-9999.000,-9999.000,-9999.000,-9999.000,-9999.000
38220,-9999.000,-9999.000,-9999.000,-9999.000,-9999.000
38280,-9999.000,-9999.000,-9999.000,-9999.000,-9999.000
38340,-9999.000,-9999.000,-9999.000,-9999.000,-9999.000
38400,-9999.000,-9999.000,-9999.000,-9999.000,-9999.000
38460,2.644,4.632,39.713,6.061,1.585
38520,2.712,4.632,38.819,6.209,1.644
38580,2.712,4.915,40.829,6.426,1.694
38640,2.768,4.674,40.739,6.301,1.615
38700,2.716,5.041,40.624,6.016,1.695
38760,2.727,4.441,40.431,6.150,1.668
38820,2.671,4.796,41.125,6.112,1.692
38880,2.720,4.917,39.863,6.224,1.844
38940,2.725,4.503,39.918,6.288,1.749
39000,2.639,4.849,41.118,6.023,2.013
39060,2.631,4.630,39.137,5.785,1.753
39120,2.650,4.839,42.052,5.891,1.979
39180,2.661,4.759,39.988,5.847,1.783
39240,2.577,4.612,41.534,5.859,1.903
39300,2.602,4.383,39.650,5.753,1.739
39360,2.565,4.656,40.212,5.640,1.576
39420,2.619,4.699,40.153,5.680,1.608
39480,2.666,4.598,39.298,6.006,1.615
39540,2.663,4.706,38.449,5.804,1.689
39600,2.616,4.438,38.987,5.798,1.653
39660,2.648,4.635,39.164,5.687,1.698
39720,2.666,4.605,38.224,5.684,1.620
39780,2.679,4.608,39.169,5.812,1.647
39840,2.665,4.613,38.581,5.613,1.693
39900,2.675,4.571,40.100,5.543,1.713
39960,2.616,4.524,38.052,5.765,1.590
40020,-9999.000,-9999.000,-9999.000,-9999.000,-9999.000
40080,-9999.000,-9999.000,-9999.000,-9999.000,-9999.000
40140,-9999.000,-9999.000,-9999.000,-9999.000,-9999.000
40200,-9999.000,-9999.000,-9999.000,-9999.000,-9999.000
40260,2.671,4.282,35.743,5.654,1.741
40320,2.629,4.520,38.251,5.759,1.768
40380,2.619,4.178,38.388,5.610,1.715
40440,2.614,4.403,38.196,5.536,1.746
40500,2.572,4.352,37.343,5.623,1.640
40560,2.541,4.387,37.542,5.503,1.561
40620,2.555,4.587,38.526,5.658,1.725
40680,2.663,4.626,36.963,5.769,1.650
40740,2.611,4.436,37.788,5.882,1.811
40800,2.613,4.422,37.277,5.614,1.798
40860,2.590,4.495,38.226,5.822,1.721
40920,2.611,4.532,37.086,5.693,1.557
40980,2.661,4.518,38.007,5.756,1.768
41040,2.610,4.403,35.806,5.851,1.631
41100,2.710,4.532,36.649,5.913,1.795
41160,2.589,4.556,37.597,5.929,1.733
41220,2.637,4.383,36.896,5.831,1.604
41280,2.688,4.611,38.185,5.900,1.887
41340,2.653,4.476,37.036,5.590,1.645
41400,2.627,4.500,39.971,5.714,1.806
41460,2.687,4.470,38.701,5.689,1.720
41520,2.652,4.362,38.533,5.867,1.705
41580,2.636,4.509,39.001,5.840,1.747
41640,2.669,4.522,37.643,5.749,1.691
41700,2.550,4.289,37.920,5.663,1.692
41760,2.604,4.346,37.322,5.702,1.704
41820,-9999.000,-9999.000,-9999.000,-9999.000,-9999.000
41880,-9999.000,-9999.000,-9999.000,-9999.000,-9999.000
41940,-9999.000,-9999.000,-9999.000,-9999.000,-9999.000
42000,-9999.000,-9999.000,-9999.000,-9999.000,-9999.000
42060,-9999.000,-9999.000,-9999.000,-9999.000,-9999.000
42120,2.605,3.999,34.557,5.816,1.699
42180,2.545,4.052,35.053,5.697,1.665
42240,2.589,4.331,34.797,5.894,1.720
42300,2.579,4.166,34.338,5.496,1.719
42360,2.564,4.115,34.908,5.705,1.709
42420,2.553,3.920,34.409,5.755,1.689
42480,2.705,4.182,36.181,5.869,1.732
42540,2.661,4.328,34.912,5.979,1.660
42600,2.595,4.278,37.977,5.940,1.871
42660,2.698,4.253,36.743,5.804,1.720
42720,2.672,4.147,36.586,5.851,1.686
42780,2.717,4.414,36.973,6.028,1.749
42840,2.661,4.339,36.507,6.007,1.695
42900,2.716,4.200,36.754,5.872,1.677
42960,2.698,4.264,35.825,5.886,1.618
43020,2.719,4.195,37.308,6.036,1.684
43080,2.678,4.329,36.084,6.144,1.730
43140,2.665,4.196,36.461,5.942,1.719
43200,2.633,4.236,35.030,6.078,1.670
43260,2.665,4.055,36.298,6.083,1.648
43320,2.677,4.186,35.356,6.028,1.521
43380,2.688,4.341,35.204,5.713,1.637
43440,2.667,4.154,36.049,5.847,1.516
43500,2.651,3.988,35.531,5.914,1.593
43560,2.686,4.173,36.797,5.794,1.618
43620,2.737,4.221,35.453,5.933,1.363
43680,-9999.000,-9999.000,-9999.000,-9999.000,-9999.000
43740,-9999.000,-9999.000,-9999.000,-9999.000,-9999.000
43800,-9999.000,-9999.000,-9999.000,-9999.000,-9999.000
43860,-9999.000,-9999.000,-9999.000,-9999.000,-9999.000
43920,2.642,4.319,33.734,5.763,1.361
43980,2.651,4.251,34.433,5.940,1.356
44040,2.717,4.373,34.343,5.798,1.281
44100,2.643,4.127,34.641,5.717,1.328
44160,2.637,4.252,34.852,5.886,1.516
44220,2.618,4.374,34.732,5.847,1.477
44280,2.641,4.449,34.094,5.949,1.479
44340,2.647,4.239,34.753,5.950,1.524
44400,2.640,4.294,34.341,5.907,1.513
44460,2.633,4.089,34.250,5.791,1.459
44520,2.628,4.438,35.879,5.853,1.478
44580,2.677,4.174,34.848,5.861,1.483
44640,2.603,4.166,36.307,5.721,1.460
44700,2.540,3.910,34.622,5.572,1.279
44760,2.610,4.179,36.025,5.487,1.409
44820,2.643,4.280,35.169,5.506,1.429
44880,2.626,3.973,34.704,5.739,1.356
44940,2.589,4.178,34.916,5.666,1.462
45000,2.653,4.166,34.820,5.453,1.622
45060,2.626,4.279,35.480,5.629,1.588
45120,2.647,4.262,33.910,5.611,1.429
45180,2.667,4.331,35.141,5.624,1.503
45240,2.632,4.231,34.409,5.425,1.524
45300,2.616,4.534,35.204,5.691,1.546
45360,2.573,4.289,33.575,5.596,1.514
45420,2.576,4.235,35.033,5.475,1.489
45480,2.534,4.562,35.229,5.459,1.678
45540,-9999.000,-9999.000,-9999.000,-9999.000,-9999.000
45600,-9999.000,-9999.000,-9999.000,-9999.000,-9999.000
45660,-9999.000,-9999.000,-9999.000,-9999.000,-9999.000
45720,-9999.000,-9999.000,-9999.000,-9999.000,-9999.000
45780,2.579,4.307,33.510,5.250,1.411
45840,2.619,4.404,34.317,5.477,1.563
45900,2.614,4.432,33.851,5.292,1.442
45960,2.650,4.407,33.519,5.463,1.394
46020,2.671,4.605,34.337,5.225,1.516
46080,2.577,4.461,32.017,5.462,1.312
46140,2.615,4.686,32.782,5.330,1.507
46200,2.572,4.530,31.788,5.221,1.445
46260,2.602,4.422,33.178,5.114,1.499
46320,2.557,4.861,31.862,5.324,1.430
46380,2.603,4.848,32.893,5.314,1.316
46440,2.560,4.647,32.417,5.305,1.316
46500,2.553,4.989,32.275,5.206,1.359
46560,2.548,4.657,30.954,5.144,1.328
46620,2.534,4.584,32.029,5.298,1.279
46680,2.553,5.033,32.622,5.027,1.217
46740,2.565,4.575,31.245,5.206,1.258
46800,2.652,5.134,35.541,5.670,1.744
