CampaignData_and_Merges/R0/CSL_MobileLab_Parked/raw/20240806/USOS-PTR_MobileLabGround_20240806_RA.ict
58, 1001
Matthew Coggon, Kelvin Bates, Chelsea Stockwell, Carsten Warneke
NOAA ESRL Chemical Sciences Division
NOAA PTR-ToF-MS
USOS
1,1 
2024, 08, 06, 2023, 08, 08
0
Time_Start, seconds, number of seconds from 00:00 UTC 
22
1, 1, 1, 1, 1, 1, 1, 1, 1, 1, 1, 1, 1, 1, 1, 1, 1, 1, 1, 1, 1, 1
-9999, -9999, -9999, -9999, -9999, -9999, -9999, -9999, -9999, -9999, -9999, -9999, -9999, -9999, -9999, -9999, -9999, -9999, -9999, -9999, -9999, -9999
CH3OH_NOAAPTR_ppbv,  ppbv, Gas_CH3OH_InSitu_S_AVMR, (CH3OH) methanol
CH3CN_NOAAPTR_ppbv,  ppbv, Gas_CH3CN_InSitu_S_AVMR, (CH3CN) acetonitrile
CH3CHO_NOAAPTR_ppbv,  ppbv, Gas_CH3CHO_InSitu_S_AVMR, (CH3CHO) acetaldehyde plus contributions from ethylene glycol and ethylene oxide. Interference from ethanol has been subtracted out.
C2H5OH_NOAAPTR_ppbv,  ppbv, Gas_C2H5OH_InSitu_S_AVMR, (C2H5OH) ethanol
CH3SH_NOAAPTR_ppbv,  ppbv, Gas_CH3SH_InSitu_S_AVMR, (CH3SH) methanethiol, using calibration factor for DMS
Acrolein_NOAAPTR_ppbv,  ppbv, Gas_Acrolein_InSitu_S_AVMR, (C3H4O) acrolein
AcetonePropanal_NOAAPTR_ppbv,  ppbv, Gas_AcetoneAndPropanal_InSitu_S_AVMR, (C3H6O) sum of acetone (dominant isomer) and propanal, using calibration factor for acetone
DMS_NOAAPTR_ppbv,  ppbv, Gas_DMS_InSitu_S_AVMR, (C2H6S) dimethyl sulfide with possible small contributions from ethanethiol
C5H8_NOAAPTR_ppbv,  ppbv, Gas_Isoprene_InSitu_S_AVMR, (C5H8) isoprene and possible fragments from cycloalkanes and aldehydes. Interferences have been subtracted following methods described by Coggon et al (2023)
MVKMAC_NOAAPTR_ppbv,  ppbv, Gas_MVKAndMAC_InSitu_S_AVMR, (C4H6O) sum of methyl vinyl ketone, methacrolein, and small amounts of crotonaldehyde, using weighted calibration factor for MVK (0.637) and MACR (0.363)
Benzene_NOAAPTR_ppbv,  ppbv, Gas_Benzene_InSitu_S_AVMR, (C6H6) benzene
Toluene_NOAAPTR_ppbv,  ppbv, Gas_Toluene_InSitu_S_AVMR, (C7H8) toluene with possible small contributions of fragments from ethyltoluene
Styrene_NOAAPTR_ppbv,  ppbv, Gas_Styrene_InSitu_S_AVMR, (C8H8) styrene
Benzaldehyde_NOAAPTR_ppbv,  ppbv, Gas_Benzaldehyde_InSitu_S_AVMR, (C7H6O) benzaldehyde
C8Aromatics_NOAAPTR_ppbv,  ppbv, Gas_C8Aromatics_InSitu_M_AVMR, (C8H10) sum of m-xylene, p-xylene, o-xylene, and ethyl benzene
C9Aromatics_NOAAPTR_ppbv,  ppbv, Gas_C9Aromatics_InSitu_M_AVMR, (C9H12) sum of C9 aromatics
Naphthalene_NOAAPTR_ppbv,  ppbv, Gas_Naphthalene_InSitu_S_AVMR, (C10H8) naphthalene
Octanal_NOAAPTR_ppbv,  ppbv, Gas_Octanal_InSitu_S_AVMR, (C8H16O) octanal and small amounts of octanone
Monoterpenes_NOAAPTR_ppbv,  ppbv, Gas_Monoterpenes_InSitu_M_AVMR, (C10H16) sum of monoterpenes and possible contributions from fragments of oxygenated monoterpenoids such as eucalyptol.
Nonanal_NOAAPTR_ppbv,  ppbv, Gas_Nonanal_InSitu_M_AVMR, (C9H18O) nonanal and small amounts of nonanone
C7H4ClF3_NOAAPTR_ppbv,  ppbv, Gas_C7H4ClF3_InSitu_S_AVMR, (C7H4ClF3) parachlorobenzotrifluoride
C10H30O5Si5_NOAAPTR_ppbv,  ppbv, Gas_C10H30O5Si5_InSitu_S_AVMR, (C10H30O5Si5) decamethylcyclopentasiloxane
1
SPECIAL COMMENTS:N/A
21
PI_CONTACT_INFO: NOAA ESRL Chemical Sciences Division, Tropospheric Chemistry Group. 325 Broadway, R/CSD7, Boulder, CO 80305
PLATFORM: Mobile Laboratory.
LOCATION: Salt Lake City, UT
ASSOCIATED_DATA: N/A
INSTRUMENT_INFO: NOAA PTR-ToF-MS measurements on NOAA CSL Mobile Lab
DATA_INFO: Units: ppbv
UNCERTAINTY: See OTHER_COMMENTS
ULOD_FLAG: -7777
ULOD_VALUE: N/A
LLOD_FLAG: -8888
LLOD_VALUE: N/A.
DM_CONTACT_INFO: Data Managers: Matt Coggon, Kelvin Bates, Chelsea Stockwell; email: matthew.m.coggon@noaa.gov and kelvin.bates@colorado.edu
PROJECT_INFO: USOS Deployment July-August, 2024
STIPULATIONS_ON_USE: Use of these data require prior OK from PI.
OTHER_COMMENTS: Uncertainties:
CH3OH_NOAAPTR_ppbv:30%; CH3CN_NOAAPTR_ppbv:30%; CH3CHO_NOAAPTR_ppbv:30%; C2H5OH_NOAAPTR_ppbv:30%; CH3SH_NOAAPTR_ppbv:50%; Acrolein_NOAAPTR_ppbv:30%; AcetonePropanal_NOAAPTR_ppbv:30%; DMS_NOAAPTR_ppbv:30%; C5H8_NOAAPTR_ppbv:30%; MVKMAC_NOAAPTR_ppbv:30%; 
Benzene_NOAAPTR_ppbv:30%; Toluene_NOAAPTR_ppbv:30%; Styrene_NOAAPTR_ppbv:30%; Benzaldehyde_NOAAPTR_ppbv:30%; C8Aromatics_NOAAPTR_ppbv:30%; C9Aromatics_NOAAPTR_ppbv:30%; Naphthalene_NOAAPTR_ppbv:30%; Octanal_NOAAPTR_ppbv:30%; Monoterpenes_NOAAPTR_ppbv:30%; Nonanal_NOAAPTR_ppbv:30%; 
C7H4ClF3_NOAAPTR_ppbv:30%; C10H30O5Si5_NOAAPTR_ppbv:30%; 
REVISION: RA
RA: Field Data
Time_Start, CH3OH_NOAAPTR_ppbv, CH3CN_NOAAPTR_ppbv, CH3CHO_NOAAPTR_ppbv, C2H5OH_NOAAPTR_ppbv, CH3SH_NOAAPTR_ppbv, Acrolein_NOAAPTR_ppbv, AcetonePropanal_NOAAPTR_ppbv, DMS_NOAAPTR_ppbv, C5H8_NOAAPTR_ppbv, MVKMAC_NOAAPTR_ppbv, Benzene_NOAAPTR_ppbv, Toluene_NOAAPTR_ppbv, Styrene_NOAAPTR_ppbv, Benzaldehyde_NOAAPTR_ppbv, C8Aromatics_NOAAPTR_ppbv, C9Aromatics_NOAAPTR_ppbv, Naphthalene_NOAAPTR_ppbv, Octanal_NOAAPTR_ppbv, Monoterpenes_NOAAPTR_ppbv, Nonanal_NOAAPTR_ppbv, C7H4ClF3_NOAAPTR_ppbv, C10H30O5Si5_NOAAPTR_ppbv
[from data line 1308]
78480.0, -9999.00000, -9999.00000, -9999.00000, -9999.00000, -9999.00000, -9999.00000, -9999.00000, -9999.00000, -9999.00000, -9999.00000, -9999.00000, -9999.00000, -9999.00000, -9999.00000, -9999.00000, -9999.00000, -9999.00000, -9999.00000, -9999.00000, -9999.00000, -9999.00000, -9999.00000 
78540.0, -9999.00000, -9999.00000, -9999.00000, -9999.00000, -9999.00000, -9999.00000, -9999.00000, -9999.00000, -9999.00000, -9999.00000, -9999.00000, -9999.00000, -9999.00000, -9999.00000, -9999.00000, -9999.00000, -9999.00000, -9999.00000, -9999.00000, -9999.00000, -9999.00000, -9999.00000 
78600.0, -9999.00000, -9999.00000, -9999.00000, -9999.00000, -9999.00000, -9999.00000, -9999.00000, -9999.00000, -9999.00000, -9999.00000, -9999.00000, -9999.00000, -9999.00000, -9999.00000, -9999.00000, -9999.00000, -9999.00000, -9999.00000, -9999.00000, -9999.00000, -9999.00000, -9999.00000 
78660.0, -9999.00000, -9999.00000, -9999.00000, -9999.00000, -9999.00000, -9999.00000, -9999.00000, -9999.00000, -9999.00000, -9999.00000, -9999.00000, -9999.00000, -9999.00000, -9999.00000, -9999.00000, -9999.00000, -9999.00000, -9999.00000, -9999.00000, -9999.00000, -9999.00000, -9999.00000 
78720.0, -9999.00000, -9999.00000, -9999.00000, -9999.00000, -9999.00000, -9999.00000, -9999.00000, -9999.00000, -9999.00000, -9999.00000, -9999.00000, -9999.00000, -9999.00000, -9999.00000, -9999.00000, -9999.00000, -9999.00000, -9999.00000, -9999.00000, -9999.00000, -9999.00000, -9999.00000 
78780.0, 8.76593, -9999.00000, -9999.00000, 2.42867, 0.00342, 0.25528, 3.90594, 0.00215, -9999.00000, -9999.00000, 0.15104, 0.32118, 0.01897, -9999.00000, 0.12849, 0.06945, 0.00503, 0.04913, 0.18856, 0.03383, 0.00969, 0.00167 
78840.0, 6.53664, 0.19041, 1.80926, 1.91824, 0.00180, 0.23781, 3.93585, -0.00154, 0.14941, 0.27629, 0.16821, 0.19348, 0.01383, -9999.00000, 0.07593, 0.03795, 0.02135, 0.03656, 0.23892, 0.04275, 0.01228, 0.00105 
78900.0, 7.38592, 0.19257, 1.88445, 2.39620, 0.00520, 0.21246, 4.28407, 0.00894, 0.23449, 0.28480, 0.12178, 0.22689, 0.02371, -9999.00000, 0.13836, 0.02635, 0.00723, 0.03334, 0.20109, 0.04211, 0.00983, 0.00236 
78960.0, 7.08178, 0.16721, 1.89345, 2.00089, 0.00141, 0.20492, 3.98220, -0.00154, 0.19772, 0.26891, 0.15972, 0.19970, 0.00937, -9999.00000, 0.08535, 0.03528, -0.00543, 0.03370, 0.25264, 0.04909, 0.01194, 0.00447 
79020.0, 5.80173, 0.17412, 1.78815, 2.41556, 0.00111, 0.21913, 4.49266, 0.00607, 0.12649, 0.26907, 0.14445, 0.19451, 0.00797, -9999.00000, 0.17475, 0.03072, 0.00450, 0.04438, 0.08331, 0.05611, 0.01403, 0.00279 
79080.0, 6.33109, 0.17155, 1.87822, 2.52520, 0.00027, 0.23578, 5.43132, -0.00153, 0.29128, 0.28862, 0.15150, 0.19048, 0.02027, -9999.00000, 0.29664, 0.03410, -0.00098, 0.03062, 0.09278, 0.03882, 0.01529, 0.00276 
79140.0, 8.28370, 0.17665, 1.86443, 2.13899, 0.00022, 0.19877, 4.11141, -0.00153, 0.35678, 0.27831, 0.13492, 0.22968, 0.01172, -9999.00000, 0.12100, 0.03335, -0.00221, 0.02708, 0.13649, 0.03064, 0.02359, 0.00349 
79200.0, 9.72050, 0.18323, 2.16275, 3.01220, 0.00122, 0.26830, 4.32739, 0.00751, 0.43050, 0.31188, 0.14273, 0.23123, 0.01222, -9999.00000, 0.14013, 0.03560, 0.00991, 0.05370, 0.21939, 0.07786, 0.02070, 0.00122 
79260.0, 5.59866, 0.18400, 1.57910, 1.68475, 0.00124, 0.20124, 3.76703, 0.00470, 0.06479, 0.26056, 0.07133, 0.16511, 0.00435, -9999.00000, 0.07843, 0.03116, 0.00378, 0.01746, 0.16599, 0.03018, 0.03302, 0.00157 
79320.0, 6.76224, 0.18103, 1.65020, 1.60597, -0.00065, 0.20781, 3.75878, 0.00754, 0.12995, 0.24229, 0.03435, 0.14074, 0.01386, -9999.00000, 0.08019, 0.02227, -0.00495, 0.03395, 0.13395, 0.04193, 0.02773, -0.00024 
79380.0, 6.48953, 0.18101, 1.62509, 2.34226, 0.00002, 0.21426, 3.84182, -0.00152, 0.24682, 0.27049, 0.10145, 0.16734, 0.01153, -9999.00000, 0.08133, 0.02861, 0.00011, 0.01068, 0.11525, 0.03222, 0.02644, -0.00010 
79440.0, 5.92397, 0.17994, 1.24022, 1.76586, 0.00169, 0.16323, 3.60238, -0.00053, 0.11525, 0.22437, 0.09181, 0.10105, 0.01504, -9999.00000, 0.05230, 0.02064, -0.00108, 0.02471, 0.05450, 0.02728, 0.02427, 0.00077 
79500.0, 6.68161, 0.18778, 1.46043, 2.69474, 0.00091, 0.18283, 3.68198, -0.00151, 0.36561, 0.28651, 0.12760, 0.22074, 0.02506, -9999.00000, 0.09926, 0.03619, 0.00159, 0.04003, 0.14085, 0.02612, 0.01705, 0.00167 
79560.0, 6.80805, 0.16637, 1.66350, 2.25933, 0.00170, 0.20839, 4.15781, 0.00465, 0.38319, 0.26557, 0.10093, 0.21769, -0.00174, -9999.00000, 0.18994, 0.03628, 0.00064, 0.02499, 0.22613, 0.02802, 0.01478, 0.00336 
79620.0, 5.73073, 0.17301, 1.66293, 1.69908, -0.00012, 0.21468, 3.90432, 0.00093, 0.27607, 0.25983, 0.11425, 0.19201, 0.00343, -9999.00000, 0.13245, 0.02849, -0.00583, 0.02239, 0.16731, 0.04507, 0.01487, 0.00054 
79680.0, 7.02559, 0.18999, 1.64948, 1.81894, 0.00261, 0.18884, 3.83443, -0.00151, 0.19061, 0.25273, 0.10441, 0.18516, 0.00770, -9999.00000, 0.09610, 0.03001, -0.00472, 0.02861, 0.11689, 0.02360, 0.01202, -0.00041 
79740.0, 6.62468, 0.17019, 1.66082, 2.14833, -0.00044, 0.18994, 3.92905, 0.00434, 0.53803, 0.27979, 0.06581, 0.21288, -0.00131, -9999.00000, 0.11383, 0.03558, -0.00756, 0.03992, 0.22755, 0.02819, 0.00602, 0.00328 
79800.0, 6.82103, 0.16343, 1.56410, 2.43649, 0.00102, 0.19017, 3.81949, 0.00088, 0.38981, 0.26704, 0.09194, 0.29141, 0.00860, -9999.00000, 0.15703, 0.04982, 0.00411, 0.02284, 0.23156, 0.04551, 0.01327, 0.00222 
79860.0, 6.64367, 0.17461, 1.42455, 2.55570, 0.00478, 0.18001, 3.80582, -0.00054, 0.33385, 0.27349, 0.08495, 0.16762, 0.01641, -9999.00000, 0.10442, 0.04168, -0.01190, 0.01954, 0.21777, 0.04218, 0.01064, 0.00110 
79920.0, 7.00149, 0.17493, 1.41567, 2.22014, 0.00067, 0.18657, 4.18437, 0.00365, 0.39232, 0.30249, 0.13373, 0.18921, 0.02583, -9999.00000, 0.17758, 0.04695, -0.00979, 0.03067, 0.24920, 0.01957, 0.01824, 0.00102 
79980.0, 7.45632, 0.16698, 1.57920, 2.13660, 0.00084, 0.23135, 3.93132, 0.01290, 0.36796, 0.31231, 0.09718, 0.25753, 0.01593, -9999.00000, 0.13865, 0.07090, 0.00650, 0.04995, 0.29044, 0.04017, 0.01021, 0.00343 
80040.0, 5.83265, 0.19162, 1.35226, 2.18812, -0.00097, 0.19460, 3.68599, -0.00149, 0.31922, 0.29514, 0.02301, 0.20786, 0.01881, -9999.00000, 0.09913, 0.05107, -0.01193, 0.02103, 0.14817, 0.03166, 0.02471, 0.00150 
80100.0, 6.24734, 0.17354, 1.37457, 1.64691, 0.00089, 0.18955, 3.91079, 0.00529, 0.24585, 0.24602, 0.04284, 0.18089, 0.01040, -9999.00000, 0.11215, 0.02727, -0.00107, 0.02417, 0.16516, 0.02463, 0.04052, -0.00048 
80160.0, 6.19626, 0.15954, 1.26617, 1.41856, 0.00013, 0.18641, 7.44746, -0.00015, 0.32425, 0.25919, 0.13428, 0.16734, 0.02418, -9999.00000, 0.58372, 0.03395, -0.00950, 0.02804, 0.13630, 0.03148, 0.04144, 0.00389 
80220.0, 9.01524, 0.16013, 1.52921, 2.48029, 0.00408, 0.23477, 5.91921, -0.00148, 0.54200, 0.30450, 0.17052, 0.24118, 0.02441, -9999.00000, 0.42657, 0.04863, -0.00087, 0.04130, 0.27646, 0.06861, 0.02767, 0.00283 
80280.0, 6.79989, 0.15202, 1.46209, 2.18771, 0.00102, 0.20178, 4.24939, 0.01014, 0.58358, 0.27882, 0.10593, 0.20559, 0.01750, -9999.00000, 0.22295, 0.04879, -0.00483, 0.04138, 0.35874, 0.05176, 0.02027, 0.00244 
80340.0, 6.96759, 0.18087, 1.28336, 1.89200, 0.00189, 0.18341, 3.98733, 0.01311, 0.52426, 0.26709, 0.10225, 0.14210, 0.00732, -9999.00000, 0.18903, 0.02643, -0.00746, 0.01638, 0.18393, 0.01208, 0.01624, 0.00147 
80400.0, 9.29434, 0.17639, 1.68887, 2.43935, 0.00458, 0.23294, 4.52246, 0.02192, 0.60835, 0.33370, 0.11458, 0.23751, -0.00643, -9999.00000, 0.25963, 0.05708, -0.01013, 0.04187, 0.28880, 0.06469, 0.02126, 0.00604 
80460.0, 6.26656, 0.16085, 1.19890, 1.53827, -0.00084, 0.15148, 3.66792, 0.00392, 0.35968, 0.23238, 0.07621, 0.13580, -0.00467, -9999.00000, 0.07997, 0.01219, -0.01125, 0.01274, 0.10492, 0.02241, 0.01615, 0.00185 
80520.0, 6.33646, 0.14911, 1.25672, 1.51478, 0.00090, 0.16109, 3.49677, 0.00695, 0.21508, 0.21032, 0.07673, 0.12368, 0.01070, -9999.00000, 0.04895, 0.01843, 0.00333, 0.01243, 0.10507, 0.01982, 0.01253, 0.00181 
80580.0, 5.36274, 0.17113, 1.12765, 1.15945, 0.00012, 0.17215, 3.76425, 0.00402, 0.19632, 0.23244, 0.03002, 0.14107, 0.00598, -9999.00000, 0.09517, 0.01873, -0.00204, 0.01343, 0.10121, 0.02351, 0.01706, 0.00131 
80640.0, 6.46338, 0.17463, 1.18081, 1.48810, 0.00155, 0.16694, 3.89148, 0.00623, 0.24295, 0.20851, 0.12841, 0.15157, 0.02226, -9999.00000, 0.14252, 0.01790, -0.00738, 0.01902, 0.13828, 0.03516, 0.01176, 0.00045 
80700.0, 7.68901, 0.16612, 1.32527, 1.67864, 0.00107, 0.21172, 3.61603, 0.00236, 0.35840, 0.22154, 0.08074, 0.17036, 0.00544, -9999.00000, 0.11208, 0.02988, 0.00886, 0.02719, 0.15706, 0.05543, 0.00442, 0.00294 
80760.0, 9.14411, 0.19220, 1.47444, 1.74493, 0.00050, 0.19930, 4.00339, -0.00146, 0.44146, 0.25653, 0.11139, 0.15347, 0.01111, -9999.00000, 0.20091, 0.03368, 0.01109, 0.04137, 0.25314, 0.04487, 0.00492, 0.00369 
80820.0, 7.33680, 0.16750, 1.49360, 1.60288, 0.00038, 0.20940, 3.85516, 0.00312, 0.38753, 0.29259, 0.07475, 0.16106, 0.00869, -9999.00000, 0.18423, 0.03557, -0.00417, 0.03070, 0.37269, 0.02424, 0.01625, 0.00018 
80880.0, 7.57289, 0.14979, 1.47703, 2.01388, 0.00121, 0.20661, 3.61271, 0.00231, 0.33036, 0.30476, 0.09346, 0.19515, 0.01829, -9999.00000, 0.12288, 0.05198, 0.00096, 0.04902, 0.20158, 0.04827, 0.01143, 0.00312 
80940.0, 7.14284, 0.17210, 1.34204, 2.62716, 0.00072, 0.18352, 3.61035, -0.00145, 0.46676, 0.36506, 0.11156, 0.19158, 0.02014, -9999.00000, 0.12314, 0.03801, 0.00059, 0.03850, 0.14919, 0.02298, 0.01090, 0.00404 
81000.0, 6.74364, 0.17330, 1.56050, 2.38438, 0.00473, 0.17031, 3.55785, 0.00826, 0.33356, 0.37141, 0.05654, 0.20185, 0.02572, -9999.00000, 0.10358, 0.04699, -0.00082, 0.03507, 0.19352, 0.04249, 0.00915, 0.00306 
81060.0, 6.78745, 0.17227, 1.47165, 2.40683, 0.00011, 0.22518, 3.59836, 0.00388, 0.47810, 0.37570, 0.06291, 0.19975, 0.01378, -9999.00000, 0.10974, 0.05006, -0.00097, 0.03502, 0.21458, 0.04062, 0.01216, 0.00275 
81120.0, 7.57033, 0.16358, 1.56670, 2.94319, 0.00097, 0.23128, 3.84021, -0.00145, 0.71581, 0.42106, 0.09219, 0.21103, 0.01926, -9999.00000, 0.14290, 0.03781, -0.00625, 0.02898, 0.32249, 0.04393, 0.00761, 0.00241 
81180.0, 7.56659, 0.16935, 1.50801, 3.12707, 0.00173, 0.22406, 3.82627, -0.00144, 0.79133, 0.37612, 0.06136, 0.21371, 0.01586, -9999.00000, 0.16964, 0.04603, -0.01131, 0.03802, 0.42201, 0.04700, 0.01633, 0.00469 
81240.0, 7.34129, 0.18695, 1.36932, 2.34582, 0.00061, 0.19833, 3.57141, 0.00206, 0.51367, 0.34870, 0.01560, 0.16806, 0.02018, -9999.00000, 0.13322, 0.03739, -0.01080, 0.04383, 0.25603, 0.03089, 0.01132, 0.00494 
81300.0, 7.86447, 0.17315, 1.47067, 2.68338, 0.00265, 0.19447, 3.74529, 0.01030, 0.50942, 0.35063, 0.06969, 0.29421, 0.01458, -9999.00000, 0.14087, 0.05960, -0.01211, 0.04037, 0.25324, 0.07140, 0.00828, 0.00345 
81360.0, 6.39087, 0.17412, 1.27329, 2.05341, 0.00357, 0.18584, 3.51937, 0.00523, 0.46935, 0.28848, 0.05626, 0.12862, 0.00627, -9999.00000, 0.08385, 0.02786, -0.00983, 0.03274, 0.17238, 0.03445, 0.01335, 0.00140 
81420.0, 5.68431, 0.18508, 1.01253, 1.86784, 0.00197, 0.15569, 3.35686, 0.00572, 0.22076, 0.21394, 0.03945, 0.09780, -0.00515, -9999.00000, 0.03877, 0.01544, -0.00964, 0.01909, 0.10977, 0.01625, 0.01241, 0.00200 
81480.0, 6.51389, 0.15726, 1.35046, 2.21002, 0.00163, 0.17767, 3.47034, -0.00078, 0.39292, 0.28538, 0.05483, 0.18572, 0.00939, -9999.00000, 0.09389, 0.03369, -0.00942, 0.01847, 0.19881, 0.04988, 0.00589, 0.00172 
81540.0, 8.15493, 0.17926, 1.52786, 2.38762, 0.00205, 0.22605, 3.61816, 0.00607, 0.54009, 0.34194, 0.09137, 0.18350, 0.00995, -9999.00000, 0.10961, 0.03943, 0.00834, 0.03969, 0.32417, 0.04928, 0.01260, 0.00265 
81600.0, 5.99191, 0.16430, 1.36841, 1.60341, 0.00397, 0.17879, 3.25071, 0.00730, 0.29533, 0.31483, 0.06870, 0.17579, 0.01938, -9999.00000, 0.11056, 0.04889, -0.00283, 0.03018, 0.14210, 0.02072, 0.00917, 0.00399 
81660.0, 6.41841, 0.16181, 1.37695, 1.87939, 0.00338, 0.18478, 3.32606, 0.01598, 0.41436, 0.31153, 0.08636, 0.17147, -0.00403, -9999.00000, 0.07431, 0.04751, -0.00750, 0.03074, 0.24226, 0.02132, 0.00630, 0.00281 
81720.0, 6.56993, 0.17236, 1.35477, 2.29149, 0.00444, 0.18627, 3.80106, 0.00465, 0.32342, 0.30237, 0.06814, 0.16614, 0.00364, -9999.00000, 0.07280, 0.06886, 0.01056, 0.02192, 0.26554, 0.03149, 0.01101, 0.00252 
81780.0, 6.44570, 0.16949, 1.41037, 2.42530, 0.00212, 0.19786, 3.79355, -0.00142, 0.39605, 0.30459, 0.07457, 0.19921, 0.01980, -9999.00000, 0.08189, 0.06234, 0.00945, 0.02421, 0.23904, 0.02902, 0.01335, -0.00108 
81840.0, 7.73550, 0.17540, 1.52085, 2.83282, 0.00448, 0.20487, 3.89650, 0.01330, 0.65518, 0.34579, 0.09899, 0.24411, 0.01817, -9999.00000, 0.11982, 0.06346, -0.00205, 0.01715, 0.27828, 0.03334, 0.01127, 0.00125 
81900.0, 8.06418, 0.17518, 1.75538, 3.05896, 0.00605, 0.20050, 3.94261, -0.00141, 0.49191, 0.34355, 0.12341, 0.28908, 0.01263, -9999.00000, 0.13259, 0.07945, 0.00390, 0.06761, 0.24029, 0.06001, 0.00694, 0.00359 
81960.0, 7.25033, 0.17046, 1.88053, 2.66420, 0.00210, 0.21758, 3.97691, 0.01200, 0.56370, 0.38724, 0.09363, 0.24216, 0.00657, -9999.00000, 0.10664, 0.07016, 0.00306, 0.02706, 0.49446, 0.05464, 0.01073, 0.00175 
82020.0, 6.41098, 0.15944, 1.48393, 2.18517, 0.00118, 0.20689, 3.66435, 0.00529, 0.46258, 0.29418, 0.08029, 0.18663, -0.00648, -9999.00000, 0.08786, 0.05064, 0.01270, 0.03921, 0.33058, 0.03039, 0.01208, 0.00292 
82080.0, 8.27562, 0.16347, 1.49425, 1.85981, -0.00013, 0.20384, 3.60584, 0.00927, 0.28022, 0.27557, 0.13020, 0.19128, -0.00648, -9999.00000, 0.08439, 0.04209, -0.00505, 0.02782, 0.33429, 0.05074, 0.01523, 0.00035 
82140.0, 7.12836, 0.15608, 1.50125, 1.93321, 0.00360, 0.20537, 3.51385, 0.00038, 0.25794, 0.29680, 0.08821, 0.16382, 0.01591, -9999.00000, 0.07542, 0.04043, -0.00610, 0.02329, 0.26430, 0.04081, 0.00461, 0.00093 
82200.0, 6.99470, 0.18030, 1.56115, 1.87792, 0.00096, 0.21613, 3.68831, 0.00309, 0.33042, 0.29944, 0.10847, 0.19826, 0.01528, -9999.00000, 0.08152, 0.06118, -0.00285, 0.06051, 0.34480, 0.05137, 0.00585, 0.00282 
82260.0, 7.56376, 0.17700, 1.74675, 3.37805, 0.00543, 0.22230, 3.74191, 0.00151, 0.34887, 0.34572, 0.12375, 0.42911, -0.00649, -9999.00000, 0.17515, 0.09465, -0.00696, 0.03647, 0.38433, 0.05387, 0.00733, 0.00195 
82320.0, 6.60560, 0.15584, 1.28023, 1.76985, 0.00130, 0.19511, 3.63486, 0.01751, 0.29921, 0.27827, 0.08136, 0.17265, 0.01898, -9999.00000, 0.07018, 0.06121, 0.00027, 0.01216, 0.26092, 0.01638, 0.01167, 0.00018 
82380.0, 6.13320, 0.17185, 1.10083, 1.39007, 0.00128, 0.15645, 3.33372, 0.02596, 0.21763, 0.23236, 0.05431, 0.13350, 0.01180, -9999.00000, 0.06166, 0.04616, 0.00564, 0.02420, 0.18527, 0.01987, 0.01037, 0.00257 
82440.0, 6.03850, 0.18455, 1.06294, 1.55027, -0.00036, 0.15217, 3.26290, 0.01456, 0.18623, 0.23562, 0.07371, 0.10334, -0.00649, -9999.00000, 0.03900, 0.03721, -0.00109, 0.02532, 0.23091, 0.02356, 0.00783, 0.00378 
82500.0, 6.68833, 0.16060, 1.02610, 1.41647, -0.00058, 0.17090, 3.23899, 0.00877, 0.35466, 0.23138, 0.06674, 0.13016, 0.00761, -9999.00000, 0.06990, 0.03260, -0.00940, 0.01336, 0.19426, 0.02851, 0.00509, 0.00377 
82560.0, 7.36680, 0.15510, 1.13076, 1.91647, 0.00468, 0.17257, 3.35304, -0.00139, 0.36090, 0.27750, 0.04021, 0.13539, 0.00900, -9999.00000, 0.07166, 0.04206, 0.00609, 0.02812, 0.15760, 0.02416, 0.00761, 0.00113 
82620.0, 5.77330, 0.15428, 0.90973, 1.62557, 0.00411, 0.15655, 3.38099, 0.00958, 0.17466, 0.23899, 0.01494, 0.09073, 0.01166, -9999.00000, 0.04052, 0.03475, 0.00028, 0.02438, 0.14162, 0.02240, 0.00734, 0.00025 
82680.0, 7.31880, 0.16607, 1.31874, 1.86833, 0.00318, 0.17181, 3.48205, 0.01199, 0.36735, 0.27121, 0.03606, 0.17206, 0.01150, -9999.00000, 0.06800, 0.04693, 0.00940, 0.04122, 0.31011, 0.02777, 0.00723, 0.00236 
82740.0, 5.64132, 0.15529, 1.20554, 1.48581, 0.00063, 0.16299, 3.07881, 0.00815, 0.31471, 0.25792, 0.07526, 0.12158, 0.00910, -9999.00000, 0.03715, 0.02526, 0.00972, 0.01846, 0.26501, 0.02257, 0.00402, 0.00186 
