CampaignData_and_Merges/R0/CSL_MobileLab_Parked/raw/20240806/USOS-MetNav_MobileLabGround_20240806_R0.ict
44, 1001
Carrie Womack, Nate Howard, Mike Zucker
NOAA Chemical Sciences Laboratory
Mobile Lab MetNav Station
USOS
1, 1
2024, 08, 06, 2024, 12, 21
60
Time_Start, seconds_past_midnight, Seconds from midnight UTC
11
1, 1, 1, 1, 1, 1, 1, 1, 1, 1, 1
-9999, -9999, -9999, -9999, -9999, -9999, -9999, -9999, -9999, -9999, -9999
GPS_Alt_m, meters, Altitude from Differential GPS
GPS_Course_deg, degrees, Course from Differential GPS
GPS_GndSpd_m_s, m/s, Ground Speed from Differential GPS
GPS_Heading_deg, degrees, Heading from Differential GPS
GPS_Lat_deg, degrees, Latitude from Differential GPS
GPS_Lon_deg, degrees, Longitude from Differential GPS
AirTemp_C, Celsius, Air Temperature from Airmar
RelHumidity_pct, percent, Relative Humidity from Airmar
Pressure_mb, millibars, Pressure from Honeywell
WindDir_calc_deg, degrees, Wind Direction from Airmar corrected for van movement
WindSpd_calc_m_s, m/s, Wind Speed from Airmar corrected for van movement
1
SPECIAL COMMENTS:
18
PI_CONTACT_INFO: Address: 325 Broadway R/CSL7, Boulder, CO, 80305
PLATFORM: CSL Mobile Lab
LOCATION: Salt Lake City, UT
ASSOCIATED_DATA: N/A
INSTRUMENT_INFO: N/A
DATA_INFO: Units:
UNCERTAINTY: N/A
ULOD_FLAG: -7777
ULOD_VALUE: N/A
LLOD_FLAG: -8888
LLOD_VALUE: N/A
DM_CONTACT_INFO: Data Manager: Nate Howard
PROJECT_INFO: 
STIPULATIONS_ON_USE: Use of these data require prior ok from PI.
OTHER_COMMENTS: 
REVISION: R0
R0: Final data. Fixed bug in wind averaging code. RA: Preliminary Data. For in-field use only. 
Time_Start, GPS_Alt_m, GPS_Course_deg, GPS_GndSpd_m_s, GPS_Heading_deg, GPS_Lat_deg, GPS_Lon_deg, AirTemp_C, RelHumidity_pct, Pressure_mb, WindDir_calc_deg, WindSpd_calc_m_s
[from data line 211]
12660.0,1308.5,2.28,0.06,2.28,40.73434,-111.87211,29.9,23.8,877.2,179.53,2.2
12720.0,1308.6,1.92,0.05,1.92,40.73434,-111.87211,29.9,23.7,877.2,175.95,2.5
12780.0,1309.2,2.04,0.05,2.04,40.73434,-111.87210,29.9,23.8,877.2,160.41,2.3
12840.0,1308.9,2.03,0.05,2.03,40.73434,-111.87210,29.9,23.7,877.2,164.41,2.3
12900.0,1308.6,2.77,0.06,2.77,40.73434,-111.87210,29.9,23.6,877.2,166.48,1.9
12960.0,1308.0,2.62,0.04,2.62,40.73434,-111.87211,30.0,23.5,877.2,134.79,0.9
13020.0,1308.1,2.04,0.04,2.04,40.73434,-111.87211,30.1,23.4,877.2,125.07,0.9
13080.0,1308.5,2.38,0.05,2.38,40.73434,-111.87211,30.1,23.4,877.2,162.27,1.3
13140.0,1308.4,2.01,0.05,2.01,40.73434,-111.87211,30.1,24.8,877.3,117.04,1.3
13200.0,1308.5,1.99,0.05,1.99,40.73434,-111.87210,30.1,24.9,877.3,122.70,1.2
13260.0,1308.2,1.55,0.06,1.55,40.73434,-111.87211,29.9,25.1,877.3,133.26,1.5
13320.0,1308.1,1.21,0.06,1.21,40.73434,-111.87211,29.9,24.9,877.3,145.92,1.5
13380.0,1308.0,1.19,0.06,1.19,40.73434,-111.87211,29.8,24.2,877.3,143.94,2.1
13440.0,1308.2,1.18,0.05,1.18,40.73434,-111.87211,29.7,24.6,877.4,152.37,2.8
13500.0,1308.2,1.41,0.06,1.41,40.73434,-111.87211,29.5,25.1,877.4,125.84,2.6
13560.0,1308.1,1.52,0.05,1.52,40.73434,-111.87211,29.3,25.5,877.4,120.81,2.7
13620.0,1308.2,2.02,0.05,2.02,40.73434,-111.87211,29.2,26.3,877.4,111.56,1.6
13680.0,1308.2,1.38,0.05,1.38,40.73434,-111.87211,29.0,26.3,877.4,115.19,2.5
13740.0,1308.0,1.41,0.06,1.41,40.73434,-111.87211,28.8,26.5,877.4,114.99,2.6
13800.0,1307.9,1.44,0.05,1.44,40.73434,-111.87211,28.6,25.8,877.4,125.79,3.4
13860.0,1307.8,1.29,0.05,1.29,40.73434,-111.87210,28.5,25.5,877.4,122.65,3.3
13920.0,1307.8,1.35,0.05,1.35,40.73434,-111.87211,28.5,25.6,877.4,136.75,2.6
13980.0,1307.8,1.26,0.05,1.26,40.73434,-111.87211,28.4,26.2,877.4,118.96,2.6
14040.0,1307.9,1.40,0.05,1.40,40.73434,-111.87211,28.3,27.6,877.4,117.82,1.8
14100.0,1308.1,1.40,0.05,1.40,40.73434,-111.87210,28.2,27.0,877.4,113.19,1.7
14160.0,1308.1,1.43,0.05,1.43,40.73434,-111.87210,28.2,26.8,877.4,115.33,2.4
14220.0,1308.1,1.22,0.05,1.22,40.73434,-111.87210,28.1,27.0,877.4,115.93,2.0
14280.0,1307.9,1.07,0.06,1.07,40.73434,-111.87211,28.1,27.5,877.5,113.91,1.7
14340.0,1307.7,1.01,0.06,1.01,40.73433,-111.87211,28.1,27.2,877.5,111.70,2.0
14400.0,1307.7,0.75,0.06,0.75,40.73433,-111.87211,28.0,27.5,877.5,115.94,2.2
14460.0,1307.8,0.92,0.06,0.92,40.73434,-111.87211,27.9,28.0,877.5,117.33,1.9
14520.0,1307.8,1.40,0.05,1.40,40.73434,-111.87211,27.9,27.3,877.5,118.74,2.8
14580.0,1307.8,1.51,0.05,1.51,40.73434,-111.87211,27.7,27.5,877.5,108.36,2.8
14640.0,1307.8,1.55,0.05,1.55,40.73434,-111.87211,27.6,27.9,877.5,114.11,2.7
14700.0,1307.8,1.27,0.05,1.27,40.73434,-111.87211,27.5,27.2,877.5,110.73,2.4
14760.0,1307.8,1.06,0.04,1.06,40.73434,-111.87211,27.5,26.9,877.5,111.70,1.6
14820.0,1307.8,1.64,0.05,1.64,40.73434,-111.87211,27.3,28.3,877.5,115.13,2.8
14880.0,1307.8,2.05,0.06,2.05,40.73434,-111.87211,27.3,27.6,877.5,112.37,2.2
14940.0,1307.9,2.34,0.05,2.34,40.73434,-111.87211,27.2,27.9,877.5,112.80,2.4
15000.0,1307.9,2.40,0.05,2.40,40.73434,-111.87211,27.1,28.3,877.5,120.55,2.6
15060.0,1307.9,2.53,0.05,2.53,40.73434,-111.87211,27.1,27.8,877.5,129.65,2.4
15120.0,1307.9,2.40,0.05,2.40,40.73434,-111.87211,27.1,27.8,877.5,122.91,1.6
15180.0,1308.0,1.79,0.05,1.79,40.73434,-111.87211,27.1,28.1,877.5,118.54,1.5
15240.0,1308.0,1.38,0.05,1.38,40.73434,-111.87211,27.1,27.6,877.5,127.39,1.6
15300.0,1308.1,1.18,0.05,1.18,40.73434,-111.87211,27.2,27.2,877.5,133.71,1.6
15360.0,1308.2,0.96,0.05,0.96,40.73434,-111.87211,27.2,27.2,877.5,139.74,2.0
15420.0,1308.3,1.44,0.05,1.44,40.73434,-111.87210,27.2,27.1,877.5,126.42,2.8
15480.0,1308.4,1.69,0.05,1.69,40.73435,-111.87210,27.2,27.6,877.5,118.79,2.2
15540.0,1308.1,1.46,0.04,1.46,40.73434,-111.87210,27.2,28.5,877.5,112.32,2.4
15600.0,1308.0,1.20,0.04,1.20,40.73434,-111.87210,27.2,27.5,877.6,127.43,4.5
15660.0,1308.0,1.05,0.04,1.05,40.73434,-111.87210,27.2,27.4,877.6,107.03,2.7
15720.0,1308.0,0.85,0.04,0.85,40.73434,-111.87210,27.2,28.0,877.6,112.08,2.3
15780.0,1307.9,1.01,0.04,1.01,40.73434,-111.87210,27.1,28.2,877.6,106.96,2.4
15840.0,1307.8,0.78,0.04,0.78,40.73434,-111.87210,27.1,28.2,877.7,113.54,2.1
15900.0,1307.7,0.74,0.04,0.74,40.73434,-111.87210,27.0,27.4,877.7,114.22,3.0
15960.0,1307.6,0.44,0.04,0.44,40.73434,-111.87210,27.1,27.5,877.8,111.44,2.5
16020.0,1307.6,0.59,0.04,0.59,40.73434,-111.87210,27.1,27.0,877.8,107.85,3.0
16080.0,1307.6,0.48,0.04,0.48,40.73434,-111.87210,27.3,26.6,877.8,110.28,1.6
16140.0,1307.4,0.76,0.04,0.76,40.73434,-111.87210,27.4,26.6,877.8,90.96,2.0
16200.0,1307.4,0.74,0.04,0.74,40.73434,-111.87211,27.5,26.8,877.8,102.90,1.6
16260.0,1307.3,0.66,0.05,0.66,40.73434,-111.87211,27.6,26.3,877.8,109.58,2.7
16320.0,1307.3,0.14,0.04,0.14,40.73434,-111.87211,27.6,26.3,877.8,107.16,3.0
16380.0,1307.3,0.41,0.04,0.41,40.73434,-111.87211,27.7,26.1,877.8,103.14,2.1
16440.0,1307.4,0.35,0.04,0.35,40.73434,-111.87211,27.8,26.1,877.8,110.28,3.1
16500.0,1307.6,0.01,0.04,0.01,40.73434,-111.87211,27.9,26.2,877.8,111.04,1.7
16560.0,1307.6,0.04,0.04,0.04,40.73434,-111.87211,27.9,26.3,877.9,114.20,3.1
16620.0,1307.4,359.89,0.04,359.89,40.73434,-111.87211,27.9,26.1,877.9,111.78,3.5
16680.0,1307.4,0.11,0.05,0.11,40.73434,-111.87211,28.0,26.0,877.9,112.38,3.7
16740.0,1307.4,359.94,0.05,359.94,40.73434,-111.87211,28.0,26.2,877.9,109.02,3.0
16800.0,1307.4,359.77,0.05,359.77,40.73434,-111.87211,27.9,26.8,877.9,115.14,3.7
16860.0,1307.6,359.97,0.05,359.97,40.73434,-111.87211,27.9,26.5,878.0,109.69,3.3
16920.0,1307.8,359.56,0.05,359.56,40.73434,-111.87211,27.9,26.6,878.0,114.60,2.6
16980.0,1308.0,359.96,0.04,359.96,40.73434,-111.87211,27.9,26.3,878.0,115.29,3.0
17040.0,1308.2,359.95,0.05,359.95,40.73434,-111.87211,27.9,26.8,878.0,112.88,3.1
17100.0,1308.1,359.25,0.05,359.25,40.73434,-111.87211,27.8,26.9,878.0,112.65,3.1
17160.0,1308.0,359.30,0.04,359.30,40.73434,-111.87211,27.8,27.0,878.0,110.23,2.0
17220.0,1308.2,359.27,0.05,359.27,40.73434,-111.87211,27.8,26.6,878.0,99.75,2.1
17280.0,1308.3,359.52,0.04,359.52,40.73434,-111.87211,27.8,26.6,878.0,113.78,2.3
17340.0,1308.4,0.12,0.05,0.12,40.73434,-111.87211,27.6,27.1,878.0,116.14,4.0
17400.0,1308.4,359.35,0.05,359.35,40.73434,-111.87211,27.7,26.8,878.0,113.22,3.5
17460.0,1308.6,359.39,0.05,359.39,40.73434,-111.87211,27.7,26.7,878.1,102.60,2.3
17520.0,1308.6,0.11,0.05,0.11,40.73434,-111.87211,27.7,26.6,878.1,116.35,3.3
17580.0,1308.8,0.73,0.06,0.73,40.73434,-111.87211,27.8,27.0,878.0,120.87,2.6
17640.0,1308.8,1.08,0.05,1.08,40.73434,-111.87211,27.8,26.8,878.0,120.81,1.8
17700.0,1309.0,1.53,0.05,1.53,40.73434,-111.87211,27.8,26.5,878.0,133.51,2.4
17760.0,1309.1,1.49,0.05,1.49,40.73434,-111.87211,27.7,27.2,878.0,125.40,3.4
17820.0,1309.5,1.72,0.05,1.72,40.73434,-111.87211,27.7,27.6,878.0,117.88,1.8
17880.0,1309.5,2.07,0.05,2.07,40.73434,-111.87211,27.6,26.8,878.0,112.56,1.9
17940.0,1309.8,1.65,0.04,1.65,40.73434,-111.87211,27.6,26.9,878.0,111.52,2.6
18000.0,1309.8,1.74,0.04,1.74,40.73434,-111.87211,27.7,27.2,878.0,113.72,1.9
18060.0,1309.2,1.28,0.05,1.28,40.73434,-111.87211,27.7,26.9,878.0,113.46,1.7
18120.0,1309.2,1.68,0.05,1.68,40.73434,-111.87211,27.7,26.6,878.0,116.91,2.0
18180.0,1309.4,1.90,0.04,1.90,40.73434,-111.87211,27.7,27.4,878.0,124.03,2.4
18240.0,1309.3,2.02,0.05,2.02,40.73434,-111.87211,27.7,27.3,878.0,129.19,2.3
18300.0,1309.3,1.48,0.04,1.48,40.73434,-111.87211,27.6,28.1,878.0,117.02,2.4
18360.0,1309.3,1.52,0.05,1.52,40.73434,-111.87211,27.6,26.7,878.0,109.09,1.3
18420.0,1309.1,1.10,0.04,1.10,40.73434,-111.87211,27.6,26.7,878.0,121.48,1.4
18480.0,1308.7,1.80,0.04,1.80,40.73434,-111.87211,27.6,27.3,878.0,125.51,1.8
18540.0,1308.7,1.95,0.04,1.95,40.73434,-111.87211,27.7,26.7,878.0,145.44,1.5
18600.0,1308.7,2.37,0.04,2.37,40.73434,-111.87211,27.7,26.5,877.9,150.96,1.8
18660.0,1308.7,1.87,0.05,1.87,40.73434,-111.87211,27.7,27.3,878.0,128.39,1.5
18720.0,1308.6,1.98,0.04,1.98,40.73434,-111.87210,27.7,27.1,878.0,127.83,1.8
18780.0,1308.5,1.65,0.03,1.65,40.73434,-111.87211,27.7,27.4,878.0,123.15,1.3
18840.0,1308.5,1.74,0.04,1.74,40.73434,-111.87211,27.7,27.1,878.0,118.92,1.5
18900.0,1308.5,1.34,0.05,1.34,40.73434,-111.87211,27.6,27.0,878.0,117.98,2.3
18960.0,1308.6,1.51,0.05,1.51,40.73434,-111.87210,27.6,27.6,878.0,124.31,1.7
19020.0,1308.5,1.73,0.05,1.73,40.73434,-111.87211,27.6,27.0,878.0,115.29,2.0
19080.0,1308.7,2.04,0.05,2.04,40.73434,-111.87211,27.6,26.6,878.0,109.79,2.2
19140.0,1308.7,1.67,0.05,1.67,40.73434,-111.87211,27.6,26.4,878.0,116.08,3.8
19200.0,1308.7,1.90,0.05,1.90,40.73434,-111.87211,27.7,26.2,878.0,118.07,3.5
19260.0,1308.7,1.99,0.04,1.99,40.73434,-111.87211,27.8,26.7,878.0,127.70,3.9
19320.0,1308.6,1.76,0.04,1.76,40.73434,-111.87210,27.7,27.0,878.1,127.79,4.2
19380.0,1308.6,2.12,0.04,2.12,40.73434,-111.87210,27.6,27.4,878.1,128.97,4.2
19440.0,1308.6,1.57,0.04,1.57,40.73434,-111.87210,27.5,26.9,878.1,120.33,4.3
19500.0,1308.5,1.84,0.04,1.84,40.73434,-111.87210,27.5,26.6,878.1,115.35,4.0
19560.0,1308.5,1.83,0.03,1.83,40.73434,-111.87210,27.5,26.8,878.1,115.44,3.1
19620.0,1308.4,1.94,0.04,1.94,40.73434,-111.87210,27.5,27.3,878.1,123.66,3.7
19680.0,1308.3,2.20,0.04,2.20,40.73434,-111.87210,27.5,27.3,878.1,103.00,1.4
19740.0,1308.3,2.05,0.04,2.05,40.73434,-111.87210,27.4,27.1,878.1,125.82,2.5
19800.0,1308.3,2.13,0.04,2.13,40.73434,-111.87210,27.3,27.6,878.1,120.50,1.9
19860.0,1308.2,2.13,0.04,2.13,40.73434,-111.87210,27.4,27.2,878.1,125.66,2.6
19920.0,1308.2,1.76,0.04,1.76,40.73434,-111.87210,27.3,27.9,878.0,117.42,2.7
19980.0,1308.1,1.92,0.05,1.92,40.73434,-111.87210,27.3,27.2,878.0,114.55,2.5
20040.0,1308.0,1.69,0.04,1.69,40.73434,-111.87210,27.3,27.1,878.0,107.89,1.4
20100.0,1308.0,1.87,0.04,1.87,40.73434,-111.87210,27.4,26.5,878.0,110.74,1.4
20160.0,1307.9,1.78,0.04,1.78,40.73434,-111.87210,27.4,27.1,878.0,120.21,2.2
20220.0,1307.9,1.75,0.05,1.75,40.73434,-111.87210,27.4,26.9,877.9,117.17,2.3
20280.0,1307.9,1.47,0.05,1.47,40.73434,-111.87210,27.4,26.5,877.9,112.80,2.3
20340.0,1307.9,1.37,0.04,1.37,40.73434,-111.87210,27.5,27.3,877.9,115.57,1.7
20400.0,1308.0,1.64,0.05,1.64,40.73434,-111.87210,27.5,26.9,877.9,121.00,1.9
20460.0,1308.0,1.52,0.05,1.52,40.73434,-111.87210,27.5,27.4,877.9,132.43,2.0
20520.0,1308.0,1.59,0.05,1.59,40.73434,-111.87210,27.4,27.4,878.0,122.16,2.6
20580.0,1308.0,1.91,0.05,1.91,40.73434,-111.87210,27.5,27.8,878.0,122.08,2.1
20640.0,1308.0,2.34,0.04,2.34,40.73434,-111.87210,27.5,26.6,877.9,114.01,3.8
20700.0,1308.2,2.35,0.04,2.35,40.73434,-111.87210,27.5,26.4,877.9,114.92,3.8
20760.0,1308.4,2.52,0.04,2.52,40.73434,-111.87210,27.5,26.5,877.9,117.31,3.6
20820.0,1308.4,1.92,0.04,1.92,40.73434,-111.87210,27.6,26.5,877.9,105.14,1.8
20880.0,1308.5,1.77,0.05,1.77,40.73434,-111.87210,27.7,26.5,877.9,107.12,1.1
20940.0,1308.5,1.49,0.04,1.49,40.73434,-111.87210,27.7,26.0,877.8,112.75,1.3
21000.0,1308.5,1.10,0.06,1.10,40.73434,-111.87210,27.7,26.3,877.7,105.09,1.1
21060.0,1308.3,1.39,0.05,1.39,40.73434,-111.87210,27.6,26.5,877.7,108.97,1.6
21120.0,1308.1,1.63,0.05,1.63,40.73434,-111.87210,27.6,26.6,877.3,116.60,2.0
21180.0,1307.7,1.42,0.04,1.42,40.73434,-111.87210,27.5,26.7,877.6,116.50,2.6
21240.0,1307.5,1.64,0.05,1.64,40.73434,-111.87210,27.5,26.8,877.7,111.91,2.9
21300.0,1307.1,1.64,0.04,1.64,40.73434,-111.87211,27.5,26.6,877.7,112.54,2.2
21360.0,1307.0,1.64,0.05,1.64,40.73434,-111.87211,27.5,26.5,877.7,113.15,1.9
21420.0,1307.0,2.19,0.04,2.19,40.73434,-111.87211,27.5,26.7,877.6,98.27,1.6
21480.0,1307.2,1.62,0.04,1.62,40.73434,-111.87211,27.4,26.6,877.6,112.50,3.3
21540.0,1307.3,1.21,0.05,1.21,40.73434,-111.87211,27.4,26.7,877.6,105.76,2.3
21600.0,1307.1,1.44,0.04,1.44,40.73434,-111.87211,27.4,26.6,877.6,112.92,2.5
21660.0,1307.6,1.48,0.05,1.48,40.73434,-111.87211,27.4,27.1,877.6,120.91,2.0
21720.0,1307.6,1.72,0.04,1.72,40.73434,-111.87211,27.4,27.0,877.6,111.99,2.0
21780.0,1307.5,2.07,0.05,2.07,40.73434,-111.87211,27.4,27.0,877.6,116.46,1.7
21840.0,1307.5,1.86,0.04,1.86,40.73434,-111.87211,27.4,26.5,877.2,105.71,1.5
21900.0,1307.3,2.16,0.04,2.16,40.73434,-111.87211,27.3,26.3,877.4,98.99,1.9
21960.0,1307.1,2.28,0.04,2.28,40.73434,-111.87211,27.3,26.4,877.0,106.97,2.5
22020.0,1307.2,1.94,0.05,1.94,40.73434,-111.87211,27.3,26.5,877.5,115.30,3.5
22080.0,1307.4,1.34,0.04,1.34,40.73434,-111.87211,27.4,26.7,877.6,109.95,1.7
22140.0,1307.6,1.40,0.04,1.40,40.73434,-111.87211,27.4,26.3,877.6,106.04,2.4
22200.0,1307.7,1.32,0.04,1.32,40.73434,-111.87211,27.4,26.3,877.6,113.51,2.3
22260.0,1307.9,1.68,0.05,1.68,40.73434,-111.87211,27.4,26.3,877.6,110.49,2.3
22320.0,1308.0,1.99,0.05,1.99,40.73434,-111.87211,27.4,26.3,877.7,102.63,2.4
22380.0,1308.0,1.80,0.05,1.80,40.73434,-111.87211,27.4,26.6,877.7,120.35,2.6
22440.0,1308.0,1.80,0.04,1.80,40.73434,-111.87211,27.3,26.7,877.7,112.48,2.1
22500.0,1308.3,0.57,0.05,0.57,40.73434,-111.87211,27.3,26.7,877.7,111.52,2.0
22560.0,1308.8,0.97,0.04,0.97,40.73434,-111.87211,27.3,26.8,877.6,111.53,2.2
22620.0,1308.9,1.18,0.05,1.18,40.73434,-111.87211,27.3,26.4,877.6,117.35,2.2
22680.0,1308.9,1.11,0.05,1.11,40.73434,-111.87211,27.3,26.8,877.3,113.08,2.5
22740.0,1309.1,1.36,0.04,1.36,40.73434,-111.87211,27.3,26.5,877.6,113.66,2.9
22800.0,1309.2,1.26,0.04,1.26,40.73434,-111.87211,27.3,26.6,877.0,117.40,2.2
22860.0,1309.2,1.28,0.04,1.28,40.73434,-111.87211,27.3,26.9,876.6,110.35,2.2
22920.0,1309.3,1.60,0.04,1.60,40.73434,-111.87211,27.3,26.6,877.0,101.60,1.2
22980.0,1309.3,1.58,0.04,1.58,40.73434,-111.87211,27.3,26.9,877.6,119.21,2.4
23040.0,1309.4,1.56,0.05,1.56,40.73434,-111.87211,27.3,26.6,877.6,111.11,2.0
23100.0,1309.4,1.21,0.05,1.21,40.73434,-111.87211,27.2,26.4,877.6,112.64,2.8
23160.0,1309.5,1.14,0.04,1.14,40.73434,-111.87211,27.3,26.4,877.6,97.01,1.2
23220.0,1309.6,1.26,0.04,1.26,40.73434,-111.87211,27.3,26.1,877.7,111.01,2.0
23280.0,1309.8,0.78,0.05,0.78,40.73434,-111.87211,27.3,26.3,877.7,110.32,2.0
23340.0,1309.9,0.96,0.04,0.96,40.73434,-111.87211,27.3,26.2,877.7,104.78,1.4
23400.0,1310.0,1.11,0.04,1.11,40.73434,-111.87211,27.2,26.4,877.6,107.28,2.4
23460.0,1310.0,1.34,0.04,1.34,40.73434,-111.87211,27.2,26.4,877.6,114.17,2.8
23520.0,1310.1,1.42,0.05,1.42,40.73434,-111.87211,27.2,26.3,877.6,108.02,2.7
23580.0,1310.2,1.94,0.05,1.94,40.73434,-111.87211,27.3,26.4,877.6,115.82,2.5
23640.0,1310.1,1.87,0.05,1.87,40.73434,-111.87211,27.3,26.3,877.2,107.77,1.1
23700.0,1310.0,1.21,0.05,1.21,40.73434,-111.87211,27.3,26.4,877.5,126.00,1.3
23760.0,1310.0,1.22,0.05,1.22,40.73434,-111.87211,27.3,26.3,877.6,108.83,2.1
23820.0,1310.1,0.74,0.05,0.74,40.73434,-111.87211,27.3,26.3,877.6,113.59,2.9
23880.0,1310.0,0.74,0.05,0.74,40.73434,-111.87211,27.4,26.2,877.6,111.89,1.2
23940.0,1310.1,0.85,0.05,0.85,40.73434,-111.87211,27.4,26.2,877.6,115.63,1.3
24000.0,1310.1,1.21,0.04,1.21,40.73434,-111.87211,27.4,26.2,877.6,108.80,1.1
24060.0,1310.1,1.56,0.05,1.56,40.73434,-111.87211,27.4,26.6,877.6,129.34,1.3
24120.0,1309.9,1.20,0.05,1.20,40.73434,-111.87211,27.4,26.4,877.6,115.82,1.5
24180.0,1309.9,1.54,0.05,1.54,40.73434,-111.87211,27.3,26.5,877.6,116.64,2.2
24240.0,1309.9,1.65,0.05,1.65,40.73434,-111.87211,27.3,26.4,877.6,118.20,3.0
24300.0,1309.9,2.34,0.04,2.34,40.73434,-111.87211,27.3,26.5,877.6,124.90,1.6
24360.0,1309.4,2.17,0.06,2.17,40.73434,-111.87211,27.2,26.3,877.6,120.88,2.5
24420.0,1309.4,2.25,0.05,2.25,40.73434,-111.87211,27.2,27.3,877.7,130.23,2.3
24480.0,1309.5,2.20,0.05,2.20,40.73434,-111.87211,27.2,26.5,877.7,172.88,2.6
24540.0,1309.4,2.45,0.05,2.45,40.73434,-111.87211,27.2,26.5,877.7,149.61,2.6
24600.0,1309.4,2.12,0.05,2.12,40.73434,-111.87211,27.3,26.4,877.7,150.17,1.8
24660.0,1309.3,1.80,0.05,1.80,40.73434,-111.87211,27.3,26.5,877.7,139.40,2.3
24720.0,1309.3,1.99,0.05,1.99,40.73434,-111.87211,27.3,27.1,877.7,134.40,1.2
24780.0,1309.3,1.99,0.05,1.99,40.73434,-111.87211,27.3,26.9,877.7,130.47,1.2
24840.0,1309.2,2.15,0.04,2.15,40.73434,-111.87211,27.2,27.5,877.7,122.10,1.6
24900.0,1309.1,1.65,0.05,1.65,40.73434,-111.87211,27.1,26.6,877.7,121.34,1.6
24960.0,1308.9,1.37,0.04,1.37,40.73434,-111.87211,27.1,26.5,877.7,120.45,2.0
