CampaignData_and_Merges/R0/CSL_MobileLab_Parked/raw/20240806/USOS-POPS_MobileLabGround_20240806_R0.ict
78, 1001
Thornberry, T. D.
NOAA Chemical Sciences Laboratory
Portable Optical Particle Spectrometer (POPS)
USOS
1, 1
2024, 08, 06, 2025, 05, 08
60
Time_Start, seconds_past_midnight, Start time of measurement
45
1, 1, 1, 1, 1, 1, 1, 1, 1, 1, 1, 1, 1, 1, 1, 1, 1, 1, 1, 1, 1, 1, 1, 1, 1, 1, 1, 1, 1, 1, 1, 1, 1, 1, 1, 1, 1, 1, 1, 1, 1, 1, 1, 1, 1
-9999, -9999, -9999, -9999, -9999, -9999, -9999, -9999, -9999, -9999, -9999, -9999, -9999, -9999, -9999, -9999, -9999, -9999, -9999, -9999, -9999, -9999, -9999, -9999, -9999, -9999, -9999, -9999, -9999, -9999, -9999, -9999, -9999, -9999, -9999, -9999, -9999, -9999, -9999, -9999, -9999, -9999, -9999, -9999, -9999
Time_Stop, seconds_past_midnight, Stop time of measurement
Time_Mid, seconds_past_midnight, Mid time of measurement
Press_mb, mb, Pressure reported (mb)
Temp_C, degrees C, POPS temperature measurement
Aerosol_concentration, cm^-3, Aerosol concentration
Surface_Area_Conc, um^2 cm^-3, Surface area concentration
Volume_density, um^3 cm^-3, Volume density
Effective_radius, um, Effective radius
Extinction, km^-1, Extinction
Bin01, cm^-3, particle concentration in size range [1401 - 146.3 nm]
Bin02, cm^-3, particle concentration in size range [146.3 - 152.8 nm]
Bin03, cm^-3, particle concentration in size range [152.8 - 159.6 nm]
Bin04, cm^-3, particle concentration in size range [159.6 - 166.8 nm]
Bin05, cm^-3, particle concentration in size range [166.8 - 174.2 nm]
Bin06, cm^-3, particle concentration in size range [174.2 - 181.9 nm]
Bin07, cm^-3, particle concentration in size range [181.9 - 190.0 nm]
Bin08, cm^-3, particle concentration in size range [190.0 - 198.5 nm]
Bin09, cm^-3, particle concentration in size range [198.5 - 207.4 nm]
Bin10, cm^-3, particle concentration in size range [207.4 - 216.6 nm]
Bin11, cm^-3, particle concentration in size range [216.6 - 226.2 nm]
Bin12, cm^-3, particle concentration in size range [226.2 - 236.3 nm]
Bin13, cm^-3, particle concentration in size range [236.3 - 246.8 nm]
Bin14, cm^-3, particle concentration in size range [246.8 - 257.8 nm]
Bin15, cm^-3, particle concentration in size range [257.8 - 269.3 nm]
Bin16, cm^-3, particle concentration in size range [269.3 - 343.4 nm]
Bin17, cm^-3, particle concentration in size range [343.4 - 450.7 nm]
Bin18, cm^-3, particle concentration in size range [450.7 - 525.9 nm]
Bin19, cm^-3, particle concentration in size range [525.9 - 618.5 nm]
Bin20, cm^-3, particle concentration in size range [618.5 - 710.0 nm]
Bin21, cm^-3, particle concentration in size range [710.0 - 822.7 nm]
Bin22, cm^-3, particle concentration in size range [822.7 - 885.9 nm]
Bin23, cm^-3, particle concentration in size range [885.9 - 953.9 nm]
Bin24, cm^-3, particle concentration in size range [953.9 - 1027.2 nm]
Bin25, cm^-3, particle concentration in size range [1027.2 - 1106.1 nm]
Bin26, cm^-3, particle concentration in size range [1106.1 - 1191.0 nm]
Bin27, cm^-3, particle concentration in size range [1191.0 - 1282.5 nm]
Bin28, cm^-3, particle concentration in size range [1282.5 - 1381.0 nm]
Bin29, cm^-3, particle concentration in size range [1381.0 - 1487.1 nm]
Bin30, cm^-3, particle concentration in size range [1487.1 - 1601.3 nm]
Bin31, cm^-3, particle concentration in size range [1601.3 - 1724.3 nm]
[...]
PLATFORM: NOAA CSL Mobile Lab
LOCATION: USOS
ASSOCIATED_DATA: N/A
INSTRUMENT_INFO: Printed Optical Particle Spectrometer counts particles from 140 - 2500 nm in diameter 
DATA_INFO: Particle concentrations reported in number per cubic centimeter,1 Hz data
UNCERTAINTY: Counting uncertainty dominated by air flow, less than 5 percent. Measurement range is ~0 - 3000 per cm3 (varies depending on flow rate- manufacturer quotes 1250 per cm3 at 1.667 cc/s)
ULOD_FLAG: -7777
ULOD_VALUE: N/A
LLOD_FLAG: -8888
LLOD_VALUE: N/A
DM_CONTACT_INFO: Troy Thornberry, 325 Broadway R/CSL6, Boulder, CO 80305; troy.thornberry@noaa.gov; 303-497-3373
PROJECT_INFO: USOS, Utah POPS data from NOAA CSL Mobile Lab
STIPULATIONS_ON_USE: Please contact the PIs for questions regarding applications and uncertainties
OTHER_COMMENTS: POPS bin Edges (nm):  140.1, 146.3, 152.8, 159.6, 166.8, 174.2, 181.9, 190.0, 198.5, 207.4, 216.6, 226.2, 236.3, 246.8, 257.8, 269.3, 343.4, 450.7, 525.9, 618.5, 710.0, 822.7, 885.9, 953.9, 1027.2, 1106.1, 1191.0, 1282.5, 1381.0, 1487.1, 1601.3, 1724.3, 1856.7, 1999.3, 2152.8, 2318.2, 2496.2
Calculations assume organic aerosol refractive index of 1.52+0.00j and extinction wavelength = 532 nm
REVISION: R0
R0: Final data
Time_Start, Time_Stop, Time_Mid, Press_mb, Temp_C, Aerosol_concentration, Surface_Area_Conc, Volume_density, Effective_radius, Extinction, Bin01, Bin02, Bin03, Bin04, Bin05, Bin06, Bin07, Bin08, Bin09, Bin10, Bin11, Bin12, Bin13, Bin14, Bin15, Bin16, Bin17, Bin18, Bin19, Bin20, Bin21, Bin22, Bin23, Bin24, Bin25, Bin26, Bin27, Bin28, Bin29, Bin30, Bin31, Bin32, Bin33, Bin34, Bin35, Bin36
[from data line 243]
14580,14639,14610,872.082,32.905,197.276,28.739,2.053,0.205,0.008,25.450741,22.718393,19.733379,17.749605,15.991523,13.502186,11.224196,10.275471,8.364791,7.471725,6.496406,5.921815,5.208935,4.924303,4.134105,11.794019,4.082174,1.087961,0.564487,0.129297,0.061819,0.050544,0.017128,0.022434,0.016875,0.033317,0.017123,0.028101,0.022664,0.017182,0.033702,0.016936,0.033977,0.017281,0.022289,0.039076
14640,14699,14670,872.078,32.768,201.822,28.894,1.812,0.181,0.008,25.715864,22.559021,20.525970,18.081448,16.468939,13.287743,11.317774,10.289790,8.629740,7.051639,6.555209,6.169168,5.982047,5.471637,4.380090,12.739239,4.160161,1.252997,0.601974,0.103929,0.100216,0.050407,0.044462,0.038707,0.027941,0.011141,0.038590,0.022236,0.005482,0.033234,0.038889,0.033756,0.005447,0.005394,0.011057,0.010932
14700,14759,14730,872.087,32.721,193.507,27.429,1.708,0.180,0.007,24.732231,21.674812,19.247158,17.299772,15.256596,12.599530,11.643513,9.905352,8.534624,7.261744,6.960423,5.745575,5.330861,4.981179,3.949776,12.103458,4.182293,1.119178,0.521389,0.072149,0.066956,0.038477,0.050221,0.028408,0.050758,0.022210,0.016800,0.005376,0.005574,0.000000,0.022362,0.021865,0.011024,0.005556,0.005631,0.034326
14760,14819,14790,872.093,32.654,191.138,27.617,1.835,0.190,0.007,24.763430,21.278761,18.809603,17.418327,15.421472,12.864763,11.242307,9.459457,8.080444,7.300591,6.192906,5.910547,5.467003,4.775047,3.736881,11.930086,4.261550,1.038906,0.604137,0.122197,0.100210,0.038870,0.022117,0.027660,0.044319,0.038934,0.016686,0.011227,0.022277,0.026934,0.027464,0.033198,0.010893,0.005767,0.000000,0.032749
14820,14879,14850,872.110,32.679,191.007,27.199,1.791,0.186,0.007,24.600142,22.106565,19.545141,16.576906,14.893732,12.747066,11.158205,9.974488,8.051909,6.787522,5.996296,6.102876,5.557610,4.978166,3.950619,11.871135,4.182769,1.028868,0.446750,0.067699,0.073361,0.016926,0.022574,0.016698,0.016838,0.022712,0.022708,0.021947,0.028636,0.022253,0.022791,0.038671,0.017094,0.011550,0.016751,0.010935
14880,14939,14910,872.122,32.789,193.427,28.086,1.754,0.180,0.008,24.780029,21.556931,18.586859,17.537754,15.016735,13.209710,11.462628,9.324369,8.427649,7.309216,6.460129,6.158920,5.313986,4.933753,3.951364,12.528912,4.464200,1.218246,0.592685,0.126946,0.083348,0.060810,0.039084,0.044318,0.050562,0.011024,0.016386,0.005612,0.011186,0.043736,0.033514,0.016234,0.011282,0.010973,0.016766,0.010847
14940,14999,14970,872.121,32.727,193.839,27.721,1.696,0.176,0.007,25.000362,21.793488,19.557669,17.147537,14.865532,13.067342,11.447365,9.547578,7.935965,7.149740,6.536332,6.183254,5.557475,4.956025,4.026311,12.627544,4.116477,1.279760,0.570214,0.076934,0.099632,0.050574,0.016746,0.022310,0.016611,0.033602,0.011300,0.022534,0.016841,0.016311,0.017065,0.011283,0.005342,0.028083,0.005747,0.022397
15000,15059,15030,872.110,32.746,194.621,27.757,1.770,0.182,0.007,25.444389,22.725811,19.067307,17.474476,14.958404,13.181252,11.368660,10.073182,8.357408,7.060795,6.153324,5.811947,5.596658,4.771299,4.082219,12.072415,4.316910,1.088293,0.447372,0.106381,0.105456,0.022286,0.044832,0.033715,0.055349,0.022039,0.022267,0.011113,0.011357,0.022189,0.039123,0.028089,0.005556,0.011377,0.011416,0.016855
15060,15119,15090,872.128,32.613,191.232,27.042,1.664,0.178,0.007,25.106607,21.700371,18.970085,17.273342,15.041381,13.050832,10.737142,9.554059,8.237472,7.174601,6.369267,5.713772,5.507192,4.896496,4.066589,11.835705,3.991393,1.003508,0.523201,0.067369,0.101134,0.027828,0.027898,0.027946,0.027778,0.033174,0.022396,0.021738,0.027420,0.022069,0.011093,0.010876,0.005747,0.000000,0.011065,0.033805
15120,15179,15150,872.148,32.640,189.238,27.712,1.898,0.195,0.008,24.583601,21.197596,19.325037,16.976496,14.948270,12.471396,10.731636,9.381207,7.913521,7.222203,6.230217,6.033972,5.274369,4.776616,3.887774,11.954103,4.142714,1.105733,0.477908,0.104609,0.082630,0.027671,0.055694,0.055278,0.016451,0.033826,0.027123,0.016799,0.016836,0.032880,0.016603,0.016585,0.038973,0.033431,0.005519,0.022207
15180,15239,15210,872.134,32.617,188.692,26.808,1.676,0.180,0.007,25.526148,21.106693,19.011347,16.743885,14.579165,12.668542,11.238379,9.352645,7.988205,7.285642,6.035255,5.638972,5.059703,4.790730,3.642023,12.084993,3.810057,1.143445,0.459691,0.089641,0.127903,0.038787,0.033171,0.033135,0.038260,0.005411,0.022251,0.033168,0.016838,0.000000,0.005429,0.005482,0.010876,0.016806,0.022018,0.027312
15240,15299,15270,872.151,32.778,188.717,27.874,1.951,0.200,0.008,23.993540,21.485495,18.334053,16.901335,15.358287,12.779592,10.974689,9.448284,8.032525,6.899063,6.181142,5.558232,5.328733,4.905805,3.837122,11.931665,4.290700,1.342906,0.485380,0.129734,0.084222,0.062442,0.034097,0.056109,0.011026,0.045238,0.033595,0.028128,0.028411,0.017127,0.017009,0.033279,0.011472,0.011132,0.011434,0.034118
15300,15359,15330,872.165,32.980,189.116,28.353,2.039,0.207,0.008,24.654057,21.073400,18.404730,17.046600,14.813817,12.988811,11.016744,9.555577,8.019702,6.716803,6.053632,5.990493,5.328242,5.047260,3.768460,11.690923,4.378926,1.313399,0.514381,0.101195,0.118848,0.073255,0.061811,0.034454,0.056497,0.033657,0.033701,0.044728,0.034010,0.011100,0.028708,0.028487,0.022465,0.005521,0.023279,0.028284
15360,15419,15390,872.186,32.924,191.781,27.100,1.627,0.176,0.007,24.991365,21.600735,19.314373,17.158445,15.008149,13.256653,10.962885,9.489920,8.116244,7.175441,6.354392,5.805289,5.272373,4.945107,3.937542,12.158572,4.105305,1.173069,0.457199,0.079393,0.073161,0.051232,0.034440,0.039416,0.022975,0.034342,0.022198,0.022488,0.028385,0.016319,0.016809,0.022177,0.000000,0.011299,0.011550,0.011380
15420,15479,15450,872.186,32.890,196.412,27.222,1.619,0.172,0.007,26.593569,22.966360,19.806705,18.008184,15.817212,13.086352,11.189520,9.967709,7.915444,7.118634,6.130007,5.564722,5.338882,5.064918,3.725555,12.232357,3.970990,1.068827,0.425159,0.066709,0.071975,0.011359,0.022239,0.032728,0.043765,0.011338,0.011002,0.005537,0.016261,0.033092,0.039172,0.010827,0.010988,0.000000,0.016677,0.016969
15480,15539,15510,872.202,32.754,210.063,29.192,1.695,0.170,0.008,28.262358,24.999840,21.198956,19.121069,16.774380,14.391192,11.944040,10.471260,8.661819,7.265170,6.819770,6.273813,5.836608,5.052742,4.038677,12.260908,4.394300,1.220061,0.505193,0.071521,0.105183,0.055772,0.060805,0.049636,0.022566,0.033591,0.005574,0.033688,0.011320,0.033227,0.038331,0.016724,0.011093,0.011161,0.010965,0.000000
15540,15599,15570,872.221,32.785,192.073,28.044,1.883,0.192,0.008,25.118914,22.404945,18.516323,17.230394,14.967268,12.956367,10.624760,9.336373,7.714923,7.117663,6.345346,5.902088,5.349603,5.201112,4.265210,12.698872,4.063551,1.197053,0.508174,0.083752,0.066195,0.049772,0.050138,0.022100,0.039128,0.022123,0.033436,0.011186,0.027572,0.027486,0.032758,0.016846,0.010876,0.017085,0.011131,0.032508
15600,15659,15630,872.200,32.829,190.456,27.864,1.894,0.196,0.008,24.040098,21.639771,18.916822,16.697042,15.772515,12.964913,10.983792,9.208773,8.070939,7.190347,6.212259,5.794415,5.466733,4.849861,4.001101,11.999575,4.218192,1.126424,0.733350,0.099748,0.066177,0.049536,0.027862,0.038965,0.060714,0.016676,0.021708,0.022213,0.016638,0.027741,0.022152,0.038927,0.016470,0.016670,0.010971,0.016326
15660,15719,15690,872.246,32.925,187.439,27.339,1.827,0.191,0.007,24.609941,20.691925,18.357140,16.851095,14.794785,12.790511,10.741613,9.389546,7.564102,7.038517,6.060375,5.966640,5.501100,4.752592,4.235561,11.526377,4.330277,1.138589,0.523934,0.090128,0.084353,0.044733,0.045133,0.068162,0.028423,0.028325,0.028348,0.011154,0.011103,0.016866,0.028019,0.022520,0.017010,0.005594,0.016921,0.028081
15720,15779,15750,872.265,32.893,185.884,26.224,1.521,0.168,0.007,23.976837,20.662727,18.047514,16.621599,14.385547,12.584738,10.346249,9.534171,8.175425,6.784800,6.308395,5.987048,5.694924,4.655515,3.948390,12.043410,4.067302,1.133619,0.507116,0.100380,0.090532,0.022449,0.039706,0.016820,0.021489,0.016343,0.005429,0.016668,0.011065,0.010634,0.016638,0.010875,0.000000,0.005631,0.005767,0.028257
15780,15839,15810,872.301,32.735,184.967,26.314,1.560,0.174,0.007,23.181257,20.976404,18.196201,16.405439,14.551424,12.474224,10.312579,9.388268,8.403257,6.910890,6.192249,5.914823,5.090674,4.851404,3.892254,12.222320,3.945428,1.035031,0.536637,0.084650,0.068148,0.056393,0.034300,0.051031,0.016921,0.022643,0.011359,0.016765,0.016917,0.022397,0.028330,0.022743,0.016600,0.011262,0.000000,0.005669
15840,15899,15870,872.302,32.697,184.172,26.404,1.650,0.181,0.007,23.768867,21.238901,18.267435,16.715818,14.264729,12.453568,10.826292,9.516224,7.705146,6.401660,5.825271,5.378653,5.106746,4.718410,3.818552,11.950108,3.999412,1.031375,0.618085,0.099741,0.066469,0.061193,0.060957,0.028135,0.022149,0.055951,0.022299,0.022159,0.005727,0.033262,0.027660,0.039237,0.005501,0.016839,0.000000,0.000000
15900,15959,15930,872.328,32.675,186.584,27.199,1.812,0.192,0.007,24.474726,20.623169,18.457767,16.626348,14.641445,12.615190,10.797912,9.013146,7.803971,6.633424,6.401497,5.791718,5.414563,4.992706,4.107639,11.843741,4.122676,1.203843,0.529477,0.072087,0.066514,0.044528,0.016675,0.027652,0.022334,0.022280,0.022377,0.021863,0.033258,0.022339,0.022106,0.016665,0.022456,0.022491,0.005519,0.027839
15960,16019,15990,872.400,32.682,188.019,27.036,1.619,0.173,0.007,23.762947,21.765047,18.875614,16.342743,15.033789,12.691902,10.677269,9.706491,8.132062,6.967777,6.114758,5.609007,5.353913,4.615765,3.898494,11.755371,4.320619,1.294150,0.557441,0.110838,0.087991,0.033270,0.038629,0.016724,0.056485,0.027577,0.033544,0.005574,0.038806,0.033341,0.016451,0.005787,0.005376,0.000000,0.016646,0.016891
16020,16079,16050,872.429,32.772,187.228,26.333,1.529,0.170,0.007,24.089813,20.667011,19.030622,16.897346,15.094974,12.483411,10.433119,9.657606,7.428021,7.116703,6.281426,5.946986,5.121873,4.942716,3.882651,12.099339,3.987934,1.112324,0.498805,0.092920,0.089123,0.050005,0.017158,0.016643,0.011266,0.038996,0.017005,0.005708,0.022263,0.016435,0.022605,0.022215,0.016290,0.005429,0.005519,0.005574
16080,16139,16110,872.468,32.853,187.381,26.393,1.573,0.173,0.007,24.209753,21.539804,18.171141,16.294199,14.287982,12.864115,11.038457,9.602195,8.194062,6.644270,6.252695,5.769241,5.406618,4.891696,4.154637,12.017012,4.142136,0.965113,0.526046,0.083521,0.050102,0.033143,0.016622,0.005556,0.044022,0.049365,0.033774,0.005411,0.005394,0.011056,0.011263,0.022118,0.000000,0.005411,0.016521,0.016610
16140,16199,16170,872.479,32.714,186.318,26.436,1.654,0.180,0.007,24.084782,20.880686,18.506256,16.923296,14.952220,12.331841,10.711205,9.498748,7.864800,6.925771,6.194970,5.525504,5.257225,4.817255,3.722784,11.996780,4.215330,1.094265,0.399716,0.079065,0.045006,0.040125,0.028394,0.010980,0.017035,0.017454,0.023072,0.028124,0.017121,0.005650,0.022824,0.022717,0.022720,0.005575,0.005824,0.022970
16200,16259,16230,872.472,32.708,187.245,26.307,1.516,0.168,0.007,23.867409,21.432898,18.882326,16.878042,14.494280,12.731818,11.061757,9.533705,7.805934,7.031733,5.892674,5.515813,5.375656,4.819124,3.771362,12.020714,4.097243,1.177328,0.446182,0.066665,0.060987,0.033559,0.021928,0.010946,0.028198,0.038520,0.016762,0.027629,0.022077,0.016050,0.021699,0.010918,0.005556,0.005447,0.005411,0.016543
16260,16319,16290,872.467,32.779,187.689,26.179,1.518,0.169,0.007,24.288416,21.293131,18.683964,17.111469,14.587256,13.157627,10.806477,9.298219,7.963410,6.566806,6.161858,6.026118,5.043368,4.620861,3.838596,12.246040,4.079125,1.104614,0.465719,0.078010,0.055843,0.027702,0.022406,0.011047,0.016868,0.016730,0.000000,0.016695,0.011262,0.005727,0.016434,0.011188,0.017047,0.011056,0.011041,0.016858
16320,16379,16350,872.471,32.516,192.030,26.791,1.611,0.170,0.007,25.354086,22.342012,19.287699,16.880920,15.354557,12.728986,10.953626,9.277251,8.241557,6.991968,6.262846,5.596529,5.535403,4.921052,3.811476,12.551461,4.063395,1.019434,0.435791,0.094653,0.067468,0.033695,0.027717,0.033944,0.005650,0.022367,0.011261,0.022718,0.005612,0.021884,0.005519,0.022457,0.010878,0.000000,0.000000,0.033812
16380,16439,16410,872.495,32.322,190.993,26.380,1.521,0.166,0.007,25.372078,21.889364,19.778458,17.305172,15.094078,13.056501,10.674340,9.536102,7.873373,6.985081,6.205495,5.918091,5.229914,5.031466,3.776288,11.114976,4.015745,1.246476,0.542595,0.082257,0.033062,0.021980,0.027405,0.016595,0.011022,0.061033,0.005537,0.005727,0.011111,0.000000,0.010736,0.011130,0.010789,0.000000,0.016578,0.022370
16440,16499,16470,872.524,32.388,189.047,25.857,1.334,0.150,0.006,24.685308,21.235598,18.451065,16.689899,15.118785,12.503997,11.301253,9.812610,7.831180,7.457349,6.368413,5.635339,5.685291,4.880621,3.782805,11.769524,3.855483,1.158171,0.503139,0.088296,0.033133,0.044846,0.005394,0.033315,0.011074,0.016836,0.000000,0.010877,0.021919,0.005593,0.022140,0.005556,0.000000,0.011224,0.005394,0.005574
16500,16559,16530,872.555,32.504,190.859,26.357,1.423,0.157,0.007,24.280722,21.887850,19.336620,16.977343,14.777100,13.208886,11.267074,9.558642,7.989093,7.124743,6.298648,5.786436,5.733333,4.883666,4.052627,11.849859,3.758841,1.234861,0.438156,0.091589,0.067301,0.056575,0.022459,0.034703,0.017075,0.011027,0.016694,0.017277,0.000000,0.022967,0.017435,0.005669,0.016643,0.000000,0.005669,0.011453
16560,16619,16590,872.561,32.619,191.472,26.593,1.401,0.156,0.007,24.753456,21.629015,18.956831,17.376087,15.300660,13.233795,10.708633,10.094166,8.137444,7.176445,6.000615,5.756433,5.355543,4.571901,3.903718,12.146940,4.270189,1.113450,0.557685,0.082987,0.066963,0.038935,0.016510,0.045172,0.038991,0.011338,0.016724,0.011363,0.038923,0.027563,0.005650,0.005708,0.016668,0.000000,0.005429,0.000000
16620,16679,16650,872.574,32.632,191.706,27.117,1.605,0.172,0.007,24.544952,21.930048,19.050255,17.873610,14.880878,13.010962,11.388092,9.765368,7.964862,6.956775,6.423098,5.444760,5.325902,4.814646,4.065804,12.055805,4.098646,1.149299,0.484107,0.066621,0.072908,0.056074,0.033047,0.038712,0.027908,0.011019,0.011357,0.028031,0.010616,0.032604,0.033275,0.005342,0.022494,0.005708,0.011398,0.011436
16680,16739,16710,872.589,32.603,190.789,26.601,1.505,0.164,0.007,24.966770,21.531979,18.696241,16.657440,14.613394,13.181776,11.243115,9.321600,8.037847,7.128920,5.949075,5.922532,5.877290,4.965245,4.104059,12.501626,4.197081,1.051615,0.510494,0.067471,0.039969,0.038331,0.022917,0.016741,0.010830,0.005669,0.005557,0.011151,0.005707,0.033375,0.022464,0.017012,0.011226,0.005805,0.005688,0.011281
16740,16799,16770,872.604,32.654,191.415,26.215,1.337,0.150,0.006,25.038982,22.131941,18.974812,16.919773,14.972286,12.821214,11.061003,9.650764,8.208714,6.861497,6.428339,5.768346,5.416813,4.931493,4.003617,12.108168,4.158979,1.203031,0.383192,0.099708,0.078187,0.021753,0.033529,0.027589,0.022398,0.005501,0.016637,0.005359,0.000000,0.016601,0.005501,0.000000,0.022443,0.005376,0.005727,0.005574
16800,16859,16830,872.613,32.749,188.375,26.699,1.667,0.181,0.007,24.190807,21.428488,18.764095,16.814140,15.153625,12.728843,11.090611,9.319594,7.917818,6.760009,6.563479,5.939743,5.315007,4.815923,3.808594,11.898268,3.934340,1.014889,0.502555,0.045117,0.055888,0.045126,0.016588,0.011319,0.022495,0.016783,0.027713,0.022214,0.022915,0.038738,0.021806,0.016544,0.016866,0.000000,0.011326,0.022667
16860,16919,16890,872.628,32.600,187.732,25.913,1.461,0.165,0.006,23.911072,21.502319,19.197763,17.055679,15.041723,12.385416,10.782284,9.152044,8.464028,6.792571,6.105211,5.836658,5.148961,4.777643,4.014357,11.811077,3.819430,1.097627,0.479172,0.083941,0.089569,0.005631,0.022567,0.000000,0.017114,0.022356,0.017066,0.010876,0.005429,0.016466,0.005688,0.016526,0.011038,0.010702,0.016358,0.005631
