CampaignData_and_Merges/R0/CSL_MobileLab_Parked/raw/20240806/USOS-NOAAIodideCIMS-Halogens_MobileLabGround_20240806_RA.ict
38, 1001
Michael A Robinson, Chris Jernigan, Subi Thakali
NOAA ESRL Chemical Sciences Laboratory and CIRES, U. of Colorado
NOAA Iodide CIMS Instrument
USOS
1, 1
2024, 08, 06, 2024, 08, 06
1
starttime_UTC, seconds_past_midnight, seconds_of_day_since_00:00:00_UTC
6
1, 1, 1, 1, 1, 1
-9999, -9999, -9999, -9999, -9999, -9999
Br2_NOAACIMS, pptv, Gas_Br2_InSitu_S_AVMR, 
BrO_NOAACIMS, pptv, Gas_BrO_InSitu_S_AVMR, 
Cl2_NOAACIMS, pptv, Gas_Cl2_InSitu_S_AVMR, 
ClNO2_NOAACIMS, pptv, Gas_ClNO2_InSitu_S_AVMR, 
BrCl_NOAACIMS, pptv, Gas_BrCl_InSitu_S_AVMR, 
NCl3_NOAACIMS, pptv, Gas_NCl3_InSitu_S_AVMR, 
0
18
PI_CONTACT_INFO: 325 Broadway, R/CSD 7, Boulder, Colorado 80305; michael.a.robinson@noaa.gov; chris.jernigan@noaa.gov;
PLATFORM: NOAA CSL Mobile Lab
LOCATION: SLC, Utah
ASSOCIATED_DATA: 1Hz data also available on request.
INSTRUMENT_INFO: NOAA I- ToF CIMS
DATA_INFO: All data in parts per trillion by volume (pptv). 1 Hz data is available upon request.
UNCERTAINTY: TBD
ULOD_FLAG: -7777
ULOD_VALUE: N/A
LLOD_FLAG: -8888
LLOD_VALUE: N/A
DM_CONTACT_INFO: Nathan Howard; nathan.h.howard@noaa.gov
PROJECT_INFO: USOS, summer 2024. https://csl.noaa.gov/groups/csl7/measurements/2024usos/
STIPULATIONS_ON_USE: Users are strongly encouraged to contact the PI for proper data usage.
OTHER_COMMENTS: 
REVISION: RA
RA: Preliminary Data; For in-field use only
starttime_UTC, Br2_NOAACIMS, BrO_NOAACIMS, Cl2_NOAACIMS, ClNO2_NOAACIMS, BrCl_NOAACIMS, NCl3_NOAACIMS
[from data line 1120]
 67200,  1.046,  0.019,  0.567,  0.106,  0.042,  0.047
 67260,  1.139, -0.006,  0.691,  0.166,  0.098,  0.100
 67320, -9999.000, -9999.000, -9999.000, -9999.000, -9999.000, -9999.000
 67380,  0.715,  0.014,  0.541,  0.045, -0.013, -0.027
 67440,  0.898,  0.015,  0.491,  0.054,  0.022,  0.069
 67500,  0.848,  0.048,  0.499,  0.092,  0.016,  0.122
 67560,  1.143,  0.006,  0.651,  0.105,  0.045,  0.151
 67620,  0.982,  0.020,  0.617,  0.086,  0.065,  0.076
 67680,  0.981, -0.006,  0.546,  0.103, -0.019, -0.047
 67740,  0.916,  0.007,  0.681,  0.105, -0.007,  0.024
 67800,  1.088, -0.000,  0.661,  0.074,  0.111,  0.066
 67860,  0.938,  0.014,  0.560,  0.056, -0.040, -0.067
 67920,  0.928,  0.005,  0.427,  0.068,  0.026, -0.023
 67980,  0.919,  0.006,  0.549,  0.045, -0.012, -0.014
 68040,  1.216, -0.004,  0.577,  0.060,  0.055,  0.111
 68100,  1.251,  0.014,  0.645,  0.054,  0.098,  0.104
 68160,  1.238,  0.031,  0.591,  0.057,  0.137,  0.041
 68220,  1.267,  0.006,  0.583,  0.062,  0.131,  0.088
 68280,  1.284,  0.021,  0.713,  0.115,  0.068,  0.104
 68340,  1.328,  0.000,  0.644,  0.072,  0.210,  0.094
 68400,  1.501,  0.002,  0.735,  0.084,  0.174,  0.060
 68460,  0.850,  0.000,  0.595,  0.070,  0.038, -0.055
 68520,  1.496,  0.043,  0.673,  0.045,  0.108,  0.119
 68580,  1.372,  0.052,  0.647,  0.081,  0.187,  0.125
 68640,  1.286,  0.008,  0.680,  0.118,  0.187,  0.095
 68700,  1.507,  0.052,  0.512,  0.080,  0.163,  0.176
 68760,  1.264,  0.035,  0.523,  0.072,  0.114,  0.064
 68820,  0.747,  0.004,  0.406,  0.056, -0.048,  0.083
 68880,  1.290, -0.001,  0.519,  0.043,  0.144,  0.084
 68940,  1.038,  0.036,  0.640,  0.026,  0.098, -0.022
 69000,  1.311,  0.018,  0.743,  0.072,  0.157,  0.189
 69060,  1.469,  0.010,  0.888,  0.083,  0.263,  0.184
 69120,  1.571,  0.017,  0.990,  0.099,  0.290,  0.067
 69180, -9999.000, -9999.000, -9999.000, -9999.000, -9999.000, -9999.000
 69240,  0.198,  0.010,  0.672,  0.043, -0.184,  0.028
 69300,  0.913,  0.020,  0.660,  0.034,  0.050,  0.095
 69360,  0.982,  0.047,  0.682,  0.085,  0.131,  0.103
 69420,  1.236,  0.026,  0.665,  0.067,  0.144,  0.090
 69480,  0.062,  0.014,  0.512,  0.053, -0.121,  0.015
 69540,  1.150,  0.004,  0.674,  0.112,  0.224,  0.024
 69600,  0.659,  0.039,  0.742,  0.058,  0.019,  0.001
 69660,  1.133,  0.000,  0.625,  0.040,  0.123,  0.079
 69720,  1.004,  0.028,  0.576,  0.080,  0.021,  0.054
 69780,  0.975,  0.060,  0.725,  0.086,  0.005,  0.069
 69840,  0.148,  0.006,  0.335,  0.041, -0.136, -0.119
 69900,  0.906,  0.015,  0.590,  0.075,  0.149,  0.013
 69960,  0.800,  0.006,  0.640,  0.071,  0.102,  0.017
 70020,  0.713, -0.011,  0.448,  0.066, -0.069,  0.029
 70080, -9999.000, -0.011,  0.162, -0.010, -0.475, -0.172
 70140, -9999.000, -0.012,  0.164, -0.030, -0.657, -0.285
 70200, -9999.000,  0.007,  0.322,  0.013, -0.298, -0.137
 70260, -9999.000, -0.013,  0.762,  0.085,  0.127,  0.088
 70320, -9999.000,  0.012,  0.760,  0.071,  0.145,  0.036
 70380, -9999.000, -0.000,  0.674,  0.067,  0.057,  0.009
 70440, -9999.000, -0.005,  0.487,  0.064, -0.096, -0.029
 70500, -9999.000, -0.015,  0.424,  0.050, -0.062, -0.067
 70560, -9999.000, -0.001,  0.746,  0.076,  0.110,  0.020
 70620, -9999.000, -0.010,  0.604,  0.095,  0.091,  0.048
 70680, -9999.000, -0.013,  0.572,  0.086,  0.048,  0.071
 70740, -9999.000, -0.009,  1.655,  0.089,  0.055,  0.017
 70800, -9999.000,  0.004,  4.425,  0.236,  0.093,  0.047
 70860, -9999.000, -0.017,  3.868,  0.205,  0.063,  0.001
 70920, -9999.000,  0.016,  3.610,  0.203,  0.020,  0.060
 70980, -9999.000, -0.000,  5.098,  0.317,  0.023,  0.000
 71040, -9999.000, -0.007,  5.420,  0.462,  0.051, -0.015
 71100, -9999.000,  0.014,  2.675,  0.200,  0.005, -0.018
 71160, -9999.000,  0.011,  1.419,  0.148,  0.073,  0.078
 71220, -9999.000, -0.014,  1.037,  0.080, -0.131, -0.091
 71280, -9999.000,  0.054,  1.244,  0.085, -0.106, -0.089
 71340, -9999.000,  0.002,  1.079,  0.136,  0.071,  0.029
 71400, -9999.000, -0.014,  0.280,  0.002, -0.524, -0.213
 71460, -9999.000, -0.016,  0.258, -0.017, -0.403, -0.139
 71520, -9999.000,  0.008,  0.355,  0.067,  0.052,  0.003
 71580, -9999.000,  0.038,  0.296,  0.031, -0.194, -0.097
 71640, -9999.000, -0.005,  0.505,  0.029, -0.224, -0.079
 71700, -9999.000, -0.012,  0.465,  0.036, -0.317, -0.145
 71760, -9999.000, -0.003,  0.649,  0.040, -0.179, -0.054
 71820, -9999.000,  0.012,  0.872,  0.132,  0.037,  0.067
 71880, -9999.000, -0.005,  0.874,  0.096,  0.064, -0.005
 71940, -9999.000, -0.004,  0.684,  0.052, -0.170, -0.063
 72000, -9999.000,  0.044,  0.674,  0.111,  0.045, -0.032
 72060, -9999.000, -0.008,  0.555,  0.060,  0.076,  0.137
 72120, -9999.000, -0.006,  0.644,  0.061,  0.067,  0.043
 72180, -9999.000,  0.045,  0.661,  0.094,  0.077,  0.078
 72240, -9999.000, -0.002,  0.617,  0.088,  0.114,  0.071
 72300, -9999.000, -0.002,  0.481,  0.069,  0.010,  0.070
 72360, -9999.000,  0.025,  0.632,  0.059,  0.074,  0.043
 72420, -9999.000, -0.005,  0.301,  0.019, -0.253, -0.027
 72480, -9999.000,  0.005,  0.515,  0.042,  0.056,  0.078
 72540, -9999.000,  0.001,  0.532,  0.067,  0.042,  0.004
 72600, -9999.000, -0.001,  0.643,  0.039,  0.003,  0.030
 72660, -9999.000,  0.032,  0.647,  0.037, -0.059,  0.049
 72720, -9999.000,  0.020,  0.688,  0.095,  0.020,  0.090
 72780, -9999.000,  0.001,  0.781,  0.110,  0.020,  0.063
 72840, -9999.000, -9999.000, -9999.000, -9999.000, -9999.000, -9999.000
 72900, -9999.000,  0.090,  0.887,  0.084,  0.006,  0.083
 72960, -9999.000,  0.050,  0.562,  0.092, -0.049, -0.025
 73020, -9999.000,  0.040,  0.589,  0.069, -0.051,  0.003
 73080, -9999.000,  0.025,  0.784,  0.082, -0.017,  0.107
 73140, -9999.000,  0.014,  0.891,  0.108,  0.221,  0.162
 73200, -9999.000,  0.014,  0.679,  0.106,  0.137,  0.018
 73260, -9999.000, -0.001,  0.872,  0.133,  0.178,  0.166
 73320, -9999.000,  0.050,  0.633,  0.060,  0.129,  0.087
 73380, -9999.000,  0.001,  0.606,  0.042,  0.094,  0.062
 73440, -9999.000,  0.014,  0.482,  0.045,  0.123,  0.137
 73500, -9999.000,  0.008,  0.597,  0.083,  0.111,  0.126
 73560, -9999.000,  0.030,  0.577,  0.060,  0.170,  0.108
 73620, -9999.000,  0.031,  0.715,  0.079,  0.100,  0.087
 73680, -9999.000,  0.005,  0.831,  0.073,  0.127,  0.106
 73740, -9999.000,  0.006,  0.923,  0.097,  0.151,  0.078
 73800, -9999.000,  0.031,  0.722,  0.059,  0.156,  0.029
 73860, -9999.000,  0.028,  0.701,  0.092,  0.169,  0.084
 73920, -9999.000,  0.073,  0.702,  0.087,  0.178,  0.018
 73980, -9999.000,  0.025,  0.784,  0.094,  0.184,  0.120
 74040, -9999.000,  0.008,  0.793,  0.097,  0.209,  0.046
 74100, -9999.000,  0.000,  0.466,  0.029,  0.103, -0.012
 74160, -9999.000, -0.017,  0.669,  0.038,  0.091,  0.001
 74220, -9999.000, -0.004,  0.560,  0.074,  0.031, -0.024
 74280, -9999.000,  0.007,  0.962,  0.034,  0.211, -0.005
 74340, -9999.000, -0.014,  0.793,  0.069,  0.101, -0.000
 74400, -9999.000,  0.026,  0.722,  0.059,  0.181, -0.054
 74460, -9999.000,  0.048,  0.399,  0.014,  0.118, -0.008
 74520, -9999.000,  0.012,  0.642,  0.022,  0.102, -0.041
 74580, -9999.000,  0.049,  0.442,  0.037,  0.095,  0.012
 74640, -9999.000,  0.110,  0.597,  0.026,  0.127, -0.022
 74700, -9999.000, -9999.000, -9999.000, -9999.000, -9999.000, -9999.000
 74760, -9999.000,  0.054,  0.673,  0.055,  0.070, -0.057
 74820, -9999.000,  0.039,  0.656,  0.065,  0.103, -0.013
 74880, -9999.000,  0.016,  0.680,  0.044,  0.035,  0.017
 74940, -9999.000,  0.022,  0.715,  0.042, -0.008, -0.086
 75000, -9999.000,  0.042,  0.686,  0.083,  0.051, -0.037
 75060, -9999.000,  0.017,  0.644,  0.061,  0.193,  0.003
 75120, -9999.000, -0.007,  0.265, -0.027, -0.226, -0.205
 75180, -9999.000, -0.019,  0.314, -0.045, -0.496, -0.377
 75240, -9999.000, -0.018,  0.313, -0.041, -0.603, -0.374
 75300, -9999.000, -0.017, -0.022, -0.049, -0.549, -0.371
 75360, -9999.000, -0.016,  0.266, -0.032, -0.439, -0.368
 75420, -9999.000, -0.012,  0.331, -0.005, -0.083, -0.115
 75480, -9999.000,  0.006,  0.598,  0.021,  0.137, -0.009
 75540, -9999.000, -0.001,  0.722,  0.060,  0.165, -0.011
 75600, -9999.000,  0.015,  0.652,  0.058,  0.091,  0.020
 75660, -9999.000,  0.038,  0.738,  0.004,  0.120,  0.144
 75720, -9999.000,  0.052,  0.642,  0.043,  0.150,  0.024
 75780, -9999.000,  0.018,  0.805,  0.060,  0.206,  0.110
 75840, -9999.000,  0.001,  0.679,  0.021,  0.106,  0.064
 75900, -9999.000,  0.037,  0.679,  0.067,  0.167,  0.096
 75960, -9999.000,  0.042,  0.817,  0.002,  0.147,  0.123
 76020, -9999.000,  0.017,  0.521,  0.060,  0.169,  0.037
 76080, -9999.000,  0.019,  0.536,  0.036,  0.106,  0.120
 76140,  1.230, -0.003,  0.529,  0.049,  0.145,  0.086
 76200,  1.176,  0.049,  0.721,  0.049,  0.150,  0.030
 76260,  1.187,  0.014,  0.910,  0.046,  0.218,  0.098
 76320,  1.284,  0.090,  0.720,  0.023,  0.093,  0.042
 76380,  1.121,  0.066,  1.021,  0.050,  0.169,  0.150
 76440,  1.338,  0.013,  0.857,  0.030,  0.068,  0.048
 76500,  1.263,  0.019,  0.644,  0.047,  0.142,  0.113
 76560, -9999.000, -9999.000, -9999.000, -9999.000, -9999.000, -9999.000
 76620,  0.679,  0.089,  0.799,  0.024, -0.031,  0.049
 76680,  0.941,  0.066,  0.705,  0.031,  0.062,  0.130
 76740,  1.042,  0.050,  0.780,  0.044,  0.096,  0.122
 76800,  0.735,  0.087,  0.442,  0.017,  0.026,  0.128
 76860,  0.469,  0.093,  0.571,  0.001, -0.027,  0.059
 76920,  1.155,  0.091,  0.827,  0.067,  0.205,  0.166
 76980,  1.128,  0.015,  0.532,  0.052,  0.110,  0.042
 77040,  1.105,  0.037,  0.807,  0.053,  0.105,  0.047
 77100,  1.328,  0.006,  0.729,  0.030,  0.186,  0.136
 77160,  1.183,  0.027,  0.701,  0.031,  0.172,  0.113
 77220,  1.230,  0.032,  0.680,  0.041,  0.158,  0.169
 77280,  1.108,  0.049,  0.716,  0.078,  0.146,  0.093
 77340,  0.913,  0.017,  0.772,  0.039,  0.022, -0.032
 77400,  0.677,  0.025,  0.672,  0.050,  0.047,  0.136
 77460,  1.287,  0.021,  0.703,  0.020,  0.145,  0.113
 77520,  1.166, -0.004,  0.548,  0.040,  0.140,  0.105
 77580,  1.341, -0.014,  0.632,  0.052,  0.151,  0.135
 77640,  1.213,  0.027,  0.528,  0.061,  0.166,  0.125
 77700,  0.914,  0.016,  0.863,  0.082,  0.052,  0.168
 77760,  1.026,  0.013,  0.736,  0.060,  0.101,  0.171
 77820,  1.169, -0.018,  0.910,  0.050,  0.145,  0.087
 77880,  1.120,  0.004,  0.713,  0.078,  0.126,  0.114
 77940,  1.240,  0.041,  0.771,  0.082,  0.078,  0.170
 78000,  1.145,  0.002,  0.846,  0.104,  0.138,  0.189
 78060,  1.422, -0.011,  0.985,  0.098,  0.150,  0.181
 78120,  1.225,  0.021,  0.847,  0.093,  0.150,  0.151
 78180,  1.316, -0.018,  0.830,  0.072,  0.247,  0.188
 78240,  1.473, -0.020,  0.648,  0.081,  0.105,  0.190
 78300,  1.326,  0.004,  0.991,  0.070,  0.182,  0.052
 78360,  1.075,  0.011,  0.715,  0.053,  0.152,  0.068
 78420,  1.029,  0.025,  0.731,  0.018,  0.160,  0.179
 78480,  1.032, -0.014,  0.848,  0.070,  0.134,  0.071
 78540,  1.106,  0.023,  0.985,  0.102,  0.104,  0.065
 78600,  1.275,  0.062,  1.052,  0.133,  0.178,  0.164
 78660,  1.271,  0.091,  0.967,  0.066,  0.185,  0.173
 78720,  1.315, -0.016,  0.864,  0.080,  0.131,  0.203
 78780,  1.469,  0.062,  0.855,  0.092,  0.234,  0.117
 78840,  1.463,  0.030,  0.814,  0.105,  0.180,  0.156
 78900,  1.076,  0.010,  0.760,  0.073,  0.050,  0.073
 78960,  1.279,  0.009,  0.849,  0.102,  0.200,  0.224
 79020,  1.228,  0.048,  0.960,  0.082,  0.227,  0.141
 79080,  1.094,  0.073,  0.688,  0.097,  0.211,  0.109
 79140,  1.256,  0.021,  0.863,  0.098,  0.257,  0.057
 79200,  1.190,  0.117,  1.135,  0.133,  0.123,  0.150
 79260,  1.155,  0.042,  0.933,  0.085,  0.236,  0.082
 79320,  1.209,  0.026,  0.838,  0.142,  0.203,  0.077
 79380,  1.229,  0.066,  0.867,  0.098,  0.189,  0.066
 79440,  1.062,  0.081,  0.838,  0.051,  0.127,  0.121
 79500,  0.999,  0.048,  1.280,  0.057,  0.148,  0.089
 79560,  0.996, -0.010,  1.169,  0.140,  0.166,  0.049
 79620,  1.128,  0.041,  0.911,  0.076,  0.243, -0.004
 79680,  1.046,  0.020,  0.976,  0.064,  0.144,  0.014
 79740,  0.985,  0.065,  1.051,  0.085,  0.181, -0.006
 79800,  0.958,  0.062,  0.981,  0.051,  0.184,  0.032
 79860,  0.967,  0.015,  0.777,  0.124,  0.201,  0.074
 79920,  1.130,  0.061,  0.760,  0.131,  0.254,  0.094
 79980,  1.056,  0.047,  0.859,  0.078,  0.201, -0.001
 80040,  0.879,  0.051,  0.900,  0.123,  0.174,  0.057
 80100,  0.883,  0.019,  0.863,  0.066,  0.245, -0.019
 80160,  1.090,  0.056,  0.949,  0.049,  0.156,  0.028
 80220,  0.990, -0.001,  0.866, -0.009,  0.375, -0.040
 80280, -0.175, -0.013,  0.749,  0.053,  0.035,  0.141
 80340,  0.419,  0.081,  1.000,  0.102,  0.095, -0.067
 80400,  0.691,  0.081,  1.066,  0.114,  0.110,  0.035
 80460,  0.612,  0.095,  1.079,  0.125,  0.138,  0.045
 80520,  0.687,  0.051,  1.026,  0.045,  0.122,  0.026
 80580,  0.596,  0.015,  1.119,  0.071,  0.095,  0.037
 80640,  0.959,  0.071,  0.881,  0.079,  0.165,  0.004
 80700,  0.845,  0.023,  0.999,  0.091,  0.195,  0.072
 80760,  0.734, -0.013,  0.984,  0.083,  0.165,  0.019
 80820,  0.890,  0.059,  0.782,  0.082,  0.212,  0.033
 80880,  0.854,  0.055,  0.778,  0.109,  0.244,  0.045
 80940,  0.765,  0.026,  0.928,  0.080,  0.184,  0.121
 81000,  0.796,  0.064,  0.886,  0.053,  0.207,  0.036
 81060,  1.108, -0.003,  0.797,  0.104,  0.188,  0.088
 81120,  1.105,  0.035,  1.174,  0.065,  0.290,  0.118
 81180,  1.056,  0.073,  1.207,  0.136,  0.298,  0.011
 81240,  1.026,  0.020,  1.203,  0.060,  0.339,  0.091
 81300,  1.151,  0.062,  0.962,  0.101,  0.286,  0.013
 81360,  0.947,  0.073,  1.174,  0.020,  0.174, -0.068
 81420,  0.712,  0.009,  0.891,  0.065,  0.133,  0.031
 81480,  0.786, -0.015,  0.892,  0.138,  0.081, -0.049
 81540,  1.143,  0.021,  1.135,  0.111,  0.351, -0.013
 81600,  1.225,  0.009,  1.113,  0.129,  0.377,  0.120
 81660,  1.102,  0.008,  0.915,  0.078,  0.300,  0.135
 81720,  1.324,  0.010,  0.799,  0.068,  0.276, -0.013
 81780,  1.213, -0.013,  0.991,  0.101,  0.340,  0.100
 81840,  1.168, -0.025,  1.020,  0.100,  0.323,  0.095
 81900,  1.372,  0.011,  0.966,  0.109,  0.287,  0.061
 81960,  0.869, -0.032,  1.074,  0.126,  0.171,  0.039
 82020,  1.261,  0.046,  0.966,  0.096,  0.291,  0.116
 82080,  1.221, -0.038,  0.854,  0.083,  0.313, -0.004
 82140,  0.681,  0.092,  0.843,  0.066, -0.017, -0.009
 82200,  0.400,  0.027,  0.769,  0.081, -0.016, -0.124
 82260,  0.801,  0.010,  0.755,  0.063,  0.186, -0.017
 82320,  1.189, -0.000,  0.804,  0.090,  0.287,  0.030
 82380,  1.101,  0.033,  1.132,  0.135,  0.237,  0.007
 82440,  0.984, -0.026,  0.678,  0.066,  0.126,  0.007
 82500,  0.337,  0.026,  0.610,  0.071, -0.006, -0.138
 82560,  1.192,  0.108,  0.795,  0.071,  0.198,  0.020
 82620,  0.894,  0.003,  0.611,  0.078,  0.130,  0.050
 82680,  1.044,  0.009,  0.782,  0.060,  0.159, -0.013
 82740,  0.991,  0.030,  0.874,  0.079,  0.225, -0.002
 82800,  0.907,  0.026,  0.645,  0.068,  0.116,  0.045
 82860,  1.384,  0.032,  0.646,  0.088,  0.175, -0.001
 82920,  1.067,  0.068,  0.830,  0.136,  0.171,  0.160
 82980,  0.949,  0.009,  0.562,  0.087,  0.178, -0.003
 83040,  1.303,  0.031,  0.725,  0.084,  0.206, -0.015
 83100,  1.261,  0.035,  0.619,  0.077,  0.214,  0.103
 83160,  1.168, -0.007,  0.658,  0.083,  0.211,  0.068
 83220, -0.326,  0.012,  0.573,  0.032, -0.268, -0.192
 83280,  0.445,  0.005,  0.565,  0.046, -0.070, -0.097
 83340,  0.319,  0.019,  0.613,  0.017, -0.123, -0.124
 83400,  0.367,  0.002,  0.562,  0.045, -0.176,  0.021
 83460,  0.497, -0.017,  0.761,  0.026, -0.023, -0.077
 83520,  0.895, -0.013,  0.594,  0.071,  0.057, -0.026
 83580,  0.918,  0.026,  0.659,  0.071,  0.098,  0.071
 83640, -0.413, -0.003,  0.414,  0.021, -0.360, -0.124
 83700,  0.210, -0.015,  0.691,  0.043, -0.142,  0.063
 83760,  0.575,  0.051,  0.645,  0.064, -0.067, -0.030
 83820,  0.639,  0.062,  0.880,  0.095, -0.008,  0.013
 83880,  0.868,  0.102,  0.784,  0.062,  0.105,  0.033
 83940, -9999.000, -9999.000, -9999.000, -9999.000, -9999.000, -9999.000
 84000,  0.738,  0.110,  0.481,  0.055, -0.039, -0.036
 84060,  0.818,  0.104,  0.563,  0.061,  0.060,  0.066
 84120,  0.919, -0.005,  0.690,  0.058,  0.111,  0.163
