CampaignData_and_Merges/R0/CSL_MobileLab_Parked/raw/20240806/USOS-HCHO_MobileLabGround_20240806_R0.ict
35,1001
Huang, Yaoxian
Wayne State University
Picarro G2307 on CSL Mobile Lab
USOS
1,1
2024,08,06,2024,08,09
1.0
Time_Start,seconds_since_midnight,number_of_seconds_since_0000_UTC
3
1.0,1.0,1.0
-9999.0,-9999.0,-9999.0
HCHO,ppbv,Gas_HCHO_InSitu_S_AVMR,volume mixing ratio of formaldehyde in air
H2O,ppmv,Gas_H2O_InSitu_S_AVMR,volume mixing ratio of water vapor in air
CH4,ppmv,Gas_CH4_InSitu_S_AVMR,volume mixing ratio of methane in air
0
18
PI_CONTACT_INFO: yaoxian.huang@wayne.edu
PLATFORM: CSL Mobile Lab, at Ground Site
LOCATION: Salt Lake City, UT
ASSOCIATED_DATA: N/A
INSTRUMENT_INFO: Cavity Ring-Down Spectrometer
DATA_INFO: Data is averaged to 1 minute intervals for stationary and 1 second interval for driving. Stationary data collected from a 20 ft tower on top of the mobile lab.
UNCERTAINTY: N/A
ULOD_FLAG: -7777
ULOD_VALUE: N/A
LLOD_FLAG: -8888
LLOD_VALUE: N/A
DM_CONTACT_INFO: Yaoxian Huang; yaoxian.huang@wayne.edu
PROJECT_INFO: USOS, Summer 2024. https://csl.noaa.gov/groups/csl7/measurements/2024usos/
STIPULATIONS_ON_USE: Users are strongly encouraged to contact the PI for proper data usage.
OTHER_COMMENTS: Data have been shifted backwards by 1 minute to align with USOS MetNav and Picarro GHG data.
REVISION: R0
R0: Final Data
Time_Start,HCHO,H2O,CH4
0,2.7253,11113.8,1.90721
60,2.57625,11003.0,1.90415
120,2.35617,10611.3,1.90699
180,2.275,11040.4,1.90491
240,2.31631,10965.9,1.90132
300,2.38527,10821.3,1.90317
360,2.44656,11004.3,1.90262
420,2.60222,11117.5,1.90289
480,2.19887,10716.3,1.90432
540,2.05696,10105.9,1.90481
600,2.53029,10242.0,1.90597
660,2.15792,10053.8,1.90341
720,2.11011,10101.3,1.90455
780,2.13171,9897.91,1.90544
840,2.33299,10214.7,1.90555
900,2.16546,10765.3,1.90297
960,2.09024,10227.6,1.90423
1020,2.13514,9977.97,1.90878
1080,2.31635,10125.2,1.90705
1140,2.04376,10189.3,1.90481
1200,2.00773,10374.0,1.90358
1260,2.19344,10486.2,1.90632
1320,2.11522,10906.9,1.90513
1380,1.98193,10212.9,1.90495
1440,2.05118,10391.4,1.90281
1500,1.60517,9871.28,1.90241
1560,1.78886,10391.3,1.90369
1620,1.80828,9507.08,1.90429
1680,1.56161,9703.94,1.90334
1740,1.71892,9501.37,1.90357
1800,1.92982,9920.16,1.90506
1860,2.01718,10240.9,1.90589
1920,1.92892,10130.9,1.90447
1980,2.03711,10505.7,1.90375
2040,2.2124,10747.8,1.90174
2100,2.239,11402.3,1.90065
2160,2.22626,11362.7,1.90255
2220,2.37451,10475.8,1.9033
2280,2.56683,10775.6,1.90496
2340,2.76512,12042.7,1.90475
2400,3.05184,11731.9,1.90259
2460,2.82905,12133.4,1.90317
2520,3.02651,12478.4,1.90095
2580,3.03883,12501.8,1.9029
2640,3.06846,12822.5,1.90305
2700,3.13624,12964.3,1.90467
2760,3.42944,13125.8,1.9048
2820,3.331,13504.9,1.90514
2880,3.43435,13425.5,1.90537
2940,3.26657,13669.5,1.90269
3000,3.23905,13591.6,1.90018
3060,3.30848,13547.7,1.90099
3120,3.07122,13726.8,1.90179
3180,3.30766,13614.1,1.90052
3240,3.19937,13483.6,1.90188
3300,3.11987,13885.9,1.89904
3360,3.29209,14019.5,1.90116
3420,3.4131,13861.3,1.90154
3480,3.36258,13882.4,1.90028
3540,3.34441,13836.6,1.8983
3600,3.43626,13819.1,1.89821
3660,3.30043,14113.4,1.89824
3720,3.43308,13996.0,1.89928
3780,3.46634,14108.1,1.89685
3840,3.22796,13583.0,1.90095
3900,3.42341,13935.0,1.89952
3960,3.37903,13804.5,1.90046
4020,3.49293,14388.8,1.90107
4080,3.56531,14150.1,1.90164
4140,3.30479,13788.7,1.90079
4200,3.51193,14120.1,1.90092
4260,3.58071,13916.7,1.8999
4320,3.69892,13902.4,1.90125
4380,3.36944,13918.9,1.89986
4440,3.43936,13845.2,1.90108
4500,3.41935,13827.1,1.90227
4560,3.14069,13798.0,1.90135
4620,3.38609,14010.0,1.90151
4680,3.38072,13818.0,1.90241
4740,3.3945,13584.0,1.89909
4800,3.16019,13824.6,1.90074
4860,3.43026,13953.5,1.90002
4920,3.67576,13713.9,1.90261
4980,3.22189,13756.6,1.89951
5040,3.12138,13581.3,1.90133
5100,3.26465,13442.6,1.90029
5160,3.17726,13629.3,1.90075
5220,3.26377,13650.5,1.90288
5280,3.43356,13843.0,1.90241
5340,3.27924,13837.0,1.90061
5400,3.32986,13976.8,1.90137
5460,3.5603,13667.5,1.90255
5520,3.36435,13339.6,1.90078
5580,3.29432,13606.6,1.8996
5640,3.05949,13312.2,1.90136
5700,3.16075,13587.5,1.90154
5760,3.34341,13609.1,1.89983
5820,3.34115,13808.6,1.90119
5880,3.07925,13532.5,1.90066
5940,3.17557,13617.2,1.89906
6000,3.03829,13586.4,1.90025
6060,3.14147,13594.8,1.89768
6120,2.99406,13531.2,1.90037
6180,3.23865,13487.5,1.8995
6240,2.94612,13219.2,1.9023
6300,3.23957,13271.6,1.8987
6360,3.60085,13413.1,1.90324
6420,3.97514,13184.2,1.90871
6480,3.89675,13190.7,1.91144
6540,3.55478,12790.0,1.90446
6600,3.78798,12778.3,1.90713
6660,3.39399,12786.4,1.90588
6720,3.48309,12808.2,1.90361
6780,3.19202,12764.8,1.90519
6840,3.55002,12819.2,1.90293
6900,3.70882,13405.3,1.90626
6960,3.96958,13207.0,1.90603
7020,3.71656,13435.4,1.90399
7080,3.30765,13392.1,1.9021
7140,3.34629,13036.7,1.90317
7200,3.11487,12810.9,1.90049
7260,3.08758,12905.0,1.89903
7320,3.18546,12858.4,1.90303
7380,3.42488,13241.2,1.90171
7440,3.41647,13259.0,1.90206
7500,3.27052,13293.6,1.9028
7560,3.01257,13193.4,1.90225
7620,2.93469,13154.6,1.89972
7680,2.94729,13296.4,1.90272
7740,2.97886,13189.8,1.89995
7800,3.10077,13373.3,1.90195
7860,2.96089,13502.4,1.8993
7920,3.07352,13289.2,1.90116
7980,2.66433,13471.1,1.90247
8040,3.12371,13532.0,1.90351
8100,3.04887,13509.4,1.90244
8160,3.31702,13581.3,1.90262
8220,2.8319,13477.7,1.90125
8280,2.70989,13353.3,1.90076
8340,2.83191,13414.7,1.90119
8400,2.92869,13485.4,1.9002
8460,2.84754,13389.4,1.89908
8520,2.7987,13269.7,1.89938
8580,2.87721,13103.8,1.90008
8640,2.93867,13289.2,1.90166
8700,2.78759,13343.3,1.90241
8760,2.96879,13401.2,1.90237
8820,2.85229,13368.4,1.90152
8880,2.9427,13523.1,1.90351
8940,3.0119,13457.7,1.90182
9000,2.8773,13661.2,1.90128
9060,2.70387,13567.3,1.89855
9120,2.69086,13552.2,1.89986
9180,2.74477,13621.1,1.90064
9240,2.61029,13487.4,1.90026
9300,2.84917,13486.7,1.90024
9360,2.71029,13468.8,1.90252
9420,2.76504,13568.5,1.90106
9480,3.02351,13618.2,1.90254
9540,2.92094,13476.0,1.90221
9600,3.02769,13589.5,1.90211
9660,2.72727,13544.4,1.90227
9720,2.7925,13546.9,1.90224
9780,2.52451,13481.4,1.90158
9840,2.64496,13522.9,1.9023
9900,2.78158,13497.9,1.90168
9960,2.5783,13486.9,1.90018
10020,2.5877,13587.7,1.89882
10080,2.52808,13812.3,1.89833
10140,2.72432,13710.1,1.90312
10200,2.38813,13743.6,1.90279
10260,2.60846,13691.8,1.90104
10320,2.73195,13698.9,1.90086
10380,2.70437,13609.4,1.90045
10440,2.70683,13564.2,1.90167
10500,2.64794,13661.2,1.89888
10560,2.51264,13582.4,1.89981
10620,2.35033,13474.0,1.89752
10680,2.72421,13619.9,1.89817
10740,2.57348,13478.3,1.89893
10800,2.60615,13567.1,1.90377
10860,2.66805,13594.2,1.89877
10920,2.55824,13449.0,1.90285
10980,2.71146,13516.0,1.90303
11040,2.41562,13440.4,1.90127
11100,2.37757,13382.9,1.90262
11160,2.62008,13361.7,1.90066
11220,2.80192,13422.2,1.90373
11280,2.70782,13425.7,1.9023
11340,2.36446,13253.0,1.90106
11400,2.42892,13308.2,1.90236
11460,2.42503,13341.3,1.90249
11520,2.77134,13293.4,1.90235
11580,2.5601,13442.5,1.90265
11640,2.3891,13109.7,1.90181
11700,2.22308,13114.1,1.90107
11760,2.69677,13165.1,1.90295
11820,2.41927,13211.9,1.90114
11880,2.43419,13140.6,1.90266
11940,2.37686,13203.1,1.90347
12000,2.46963,13183.7,1.90282
12060,2.59535,13113.3,1.90439
12120,2.64518,13122.1,1.90377
12180,2.57214,13170.5,1.90535
12240,2.60809,13026.6,1.90031
12300,2.46755,13150.6,1.90241
12360,2.33079,12994.1,1.90202
12420,2.2822,13122.9,1.90059
12480,2.4244,13141.7,1.90082
12540,2.46964,13085.4,1.90245
12600,2.34841,13103.7,1.90179
12660,2.42843,13143.0,1.90273
12720,2.49911,13085.3,1.90297
12780,2.44994,13176.3,1.90599
12840,2.45183,13128.3,1.90109
12900,2.42969,13056.4,1.90533
12960,2.45084,13051.6,1.89901
13020,2.44826,13060.9,1.90358
13080,2.59136,13100.6,1.90885
13140,2.65727,13705.3,1.90714
13200,2.79198,13686.9,1.90384
13260,2.71744,14016.3,1.90472
13320,2.50467,13311.1,1.90546
13380,2.50113,13410.0,1.90525
13440,2.60672,13349.2,1.90669
13500,2.64136,13710.2,1.90601
13560,2.29189,13308.9,1.90454
13620,2.5718,13677.6,1.90554
13680,2.493,13611.6,1.90405
13740,2.36279,13466.5,1.90451
13800,2.34836,13245.6,1.90647
13860,2.18849,13258.4,1.9035
13920,2.53156,13428.7,1.9065
13980,2.47995,13450.7,1.90539
14040,2.37195,14028.3,1.90674
14100,2.69321,13683.4,1.90806
14160,2.58136,13684.1,1.9073
14220,2.56485,13829.6,1.90555
14280,2.84359,13765.9,1.90661
14340,2.6197,13546.9,1.90849
14400,2.37318,13889.6,1.90401
14460,2.55512,13538.9,1.90583
14520,2.37251,13601.2,1.90432
14580,2.42815,13464.3,1.90377
14640,2.26609,13293.8,1.90039
14700,2.06156,13595.4,1.89929
14760,2.22709,13340.1,1.90157
14820,2.20786,13546.7,1.90238
14880,2.26092,13466.1,1.90035
14940,2.27439,13559.0,1.89906
15000,2.19045,13672.2,1.90256
15060,2.41013,13742.8,1.9017
15120,2.38651,13524.2,1.90256
15180,2.18319,13713.7,1.90278
15240,2.14373,13535.4,1.9032
15300,2.40667,13292.5,1.90308
15360,2.44518,13276.4,1.90686
15420,2.21371,13324.1,1.90178
15480,2.17365,13571.9,1.90009
15540,2.3252,13666.1,1.90092
15600,2.1152,13384.5,1.90109
15660,2.26431,13160.5,1.90193
15720,2.23938,13355.3,1.901
15780,1.94868,13244.5,1.89971
15840,2.4395,13372.3,1.90049
15900,1.96747,13089.9,1.90018
15960,2.2521,13300.1,1.90032
16020,2.05465,12982.6,1.90109
16080,2.27441,13145.2,1.90031
16140,2.19667,12924.4,1.901
16200,2.19305,13093.7,1.89715
16260,2.0181,13053.2,1.89894
16320,1.85814,13068.9,1.90035
16380,2.17693,12977.1,1.89965
16440,2.22487,12951.5,1.90071
16500,2.23767,13002.8,1.89865
16560,1.92513,13066.8,1.89909
16620,2.05304,13023.6,1.90374
16680,2.23187,12928.5,1.89968
16740,2.14365,13101.4,1.90107
16800,2.32995,13382.9,1.90145
16860,2.25915,13339.1,1.90138
16920,2.15892,13283.7,1.89967
16980,2.35458,13154.7,1.89881
17040,2.10128,13492.3,1.90007
17100,1.89554,13407.8,1.90109
17160,2.08099,13559.7,1.89961
17220,1.94355,13358.6,1.90165
17280,2.16843,13296.4,1.89833
17340,2.26074,13598.9,1.90083
17400,1.88696,13467.9,1.9004
17460,2.17306,13514.4,1.90001
17520,2.19256,13388.2,1.90044
17580,2.0382,13574.5,1.89818
17640,1.85864,13529.5,1.89885
17700,1.98468,13403.4,1.899
17760,2.29722,13531.4,1.90159
17820,2.0284,13887.9,1.90185
17880,2.34318,13414.6,1.90325
17940,2.11094,13417.3,1.89908
18000,2.14799,13535.0,1.90106
18060,2.06751,13424.6,1.89809
18120,2.00988,13330.8,1.9006
18180,2.12944,13517.8,1.90393
18240,2.00502,13433.8,1.90114
18300,2.16794,13762.0,1.89775
18360,1.98042,13272.1,1.90045
18420,2.03142,13376.8,1.90246
18480,2.235,13349.0,1.90275
18540,2.40944,13265.9,1.90271
18600,2.10041,13257.3,1.90083
18660,2.04645,13469.7,1.90257
18720,2.02147,13404.5,1.90189
18780,1.96772,13583.6,1.90383
18840,2.18193,13234.5,1.90232
18900,2.16804,13347.1,1.89808
18960,2.18943,13787.8,1.90128
19020,2.0681,13292.1,1.90321
19080,2.02583,13136.8,1.90311
19140,2.09688,12963.2,1.90089
19200,2.05423,12979.7,1.90092
19260,1.96916,12887.3,1.90211
19320,2.14003,13031.2,1.90131
19380,1.82032,13270.9,1.90217
19440,2.0204,13338.4,1.90159
19500,1.68049,13125.4,1.90052
19560,1.92322,13199.6,1.89981
19620,1.81947,13355.9,1.8985
19680,2.04794,13288.6,1.9007
19740,2.07025,13467.3,1.8995
19800,2.08778,13442.4,1.90213
19860,2.05375,13267.2,1.90126
19920,2.21342,13294.6,1.90323
19980,1.90263,13260.3,1.90319
20040,1.86222,13146.2,1.89896
20100,1.98858,13105.0,1.9014
20160,1.9289,13245.2,1.89908
20220,2.01871,13206.6,1.90263
20280,1.85157,13108.7,1.89886
20340,2.07585,13345.4,1.90415
20400,2.03927,13153.5,1.90305
20460,2.06913,13298.6,1.90317
20520,1.98909,13339.7,1.9024
20580,2.02651,13341.0,1.90202
20640,1.84197,12957.4,1.90055
20700,1.88675,12899.2,1.90253
20760,1.87273,13054.8,1.89889
20820,2.04982,13173.9,1.89991
20880,2.07831,13160.9,1.89879
20940,2.00385,13092.3,1.8991
21000,1.88561,13202.5,1.90025
21060,2.00222,13313.0,1.90051
21120,2.22754,13227.5,1.90256
21180,2.01548,13220.3,1.9014
21240,1.98092,13125.2,1.90098
21300,1.87089,13173.4,1.90159
21360,2.02375,13176.6,1.90215
21420,1.73172,13307.2,1.89945
21480,1.9765,13120.1,1.89888
21540,1.81968,13123.6,1.89894
21600,1.98503,13132.8,1.89985
21660,1.80446,13352.4,1.90062
21720,1.98918,13258.2,1.90071
21780,1.77662,13123.0,1.90065
21840,1.9235,13157.6,1.89818
21900,1.95843,13040.5,1.90008
21960,2.13026,13093.0,1.89978
22020,1.90986,13091.1,1.89854
22080,1.85681,13202.5,1.89999
22140,1.86995,13007.4,1.90027
22200,1.90672,13014.9,1.89705
22260,1.92679,13059.5,1.90052
22320,1.77743,13066.0,1.9012
22380,2.07926,13138.2,1.89915
22440,2.00273,13115.9,1.90158
22500,1.72974,13079.1,1.90017
22560,1.85769,13218.4,1.90072
22620,1.9428,13064.2,1.90182
22680,2.08603,13136.5,1.89809
22740,1.86986,13048.3,1.90029
22800,1.74314,13128.4,1.89979
22860,2.11976,13234.7,1.89925
22920,2.00678,13127.9,1.90168
22980,2.01394,13107.5,1.90012
23040,1.8711,13155.2,1.89589
23100,1.99578,13000.9,1.89879
23160,1.9222,13021.6,1.90103
23220,1.92714,12873.9,1.89973
23280,1.92817,12979.6,1.89912
23340,1.70509,12936.7,1.90094
23400,1.69489,12971.6,1.89927
23460,2.06736,12940.3,1.90076
23520,1.8409,13032.6,1.89761
23580,1.78985,13005.5,1.90063
23640,1.8224,13013.5,1.90124
23700,1.58254,13113.5,1.89817
23760,2.0624,13018.6,1.90148
23820,1.76395,12948.9,1.90038
23880,1.87555,12969.8,1.90299
23940,1.95953,12983.2,1.90121
24000,1.99979,13043.0,1.89934
24060,1.92683,13033.4,1.89978
24120,1.79116,13059.1,1.90081
24180,2.09927,12964.0,1.90362
24240,1.8411,12992.2,1.90152
24300,1.83973,13058.9,1.90111
24360,1.62194,12958.8,1.90145
24420,1.83275,13224.9,1.90131
24480,1.82721,12970.1,1.90237
24540,1.85355,12928.7,1.89988
24600,1.70676,12935.4,1.90237
24660,1.91816,12937.9,1.90458
24720,2.01747,13162.1,1.90422
24780,1.89298,13065.9,1.90587
24840,2.09688,13137.5,1.90292
24900,1.71322,13015.6,1.90399
24960,2.10143,12967.0,1.90193
25020,1.78786,13037.5,1.90281
25080,2.01469,13112.5,1.90265
25140,1.95088,12988.3,1.90106
25200,1.90143,12980.2,1.90215
25260,2.08064,12941.9,1.90076
25320,1.95152,13034.6,1.90229
25380,1.94679,12920.2,1.90316
25440,1.95728,13035.7,1.90175
25500,1.74594,12977.8,1.90038
25560,1.96817,12913.2,1.90082
25620,1.88286,12982.8,1.89984
25680,2.05134,12970.2,1.90014
25740,2.00256,13004.4,1.90156
25800,1.96211,12957.6,1.89957
25860,1.86184,12884.1,1.90154
25920,1.89395,12866.7,1.90199
25980,1.86388,12940.5,1.89807
26040,2.21252,12787.0,1.89982
26100,2.06531,12897.0,1.90106
26160,1.89612,12798.3,1.90261
26220,1.88768,12784.1,1.9022
26280,1.85943,12961.0,1.90632
26340,1.9597,12870.0,1.90269
26400,1.91104,12971.6,1.90237
26460,1.86077,13045.2,1.9027
26520,1.90965,12952.3,1.9016
26580,1.84487,13064.0,1.90135
26640,1.84874,13004.5,1.89958
26700,1.94818,12923.8,1.8991
26760,1.71127,12955.9,1.90224
26820,1.90295,13090.4,1.90106
26880,1.72575,13179.1,1.90299
26940,1.92033,12911.4,1.90248
27000,1.62889,12900.8,1.90242
27060,1.74775,12896.4,1.90061
27120,1.72702,12899.9,1.9005
27180,1.79321,13296.6,1.90066
27240,1.67556,13010.3,1.9015
27300,1.617,13099.8,1.90001
27360,1.98608,13129.9,1.90119
27420,1.77033,13024.5,1.89991
27480,1.99312,12987.3,1.90321
27540,1.76958,13118.4,1.90432
27600,1.88957,13028.5,1.90278
27660,1.85219,13034.7,1.90459
27720,1.83404,13086.5,1.90679
27780,2.0916,12990.2,1.90386
27840,1.7344,12971.1,1.90498
27900,2.07899,13121.4,1.90427
27960,2.07395,13133.1,1.90433
28020,1.81677,12902.9,1.9046
28080,2.02326,12972.4,1.90357
28140,1.62294,12990.6,1.90547
28200,2.22353,13092.7,1.91221
28260,2.13177,13197.3,1.91507
28320,2.2926,13362.3,1.92627
28380,2.40312,13309.3,1.92709
28440,2.44992,13349.5,1.92913
28500,2.27032,13222.3,1.92548
28560,2.42825,13192.5,1.92632
28620,2.33052,13179.1,1.92364
28680,2.16886,13196.6,1.92234
28740,2.65244,13274.0,1.92617
28800,2.21193,13563.4,1.92366
28860,2.09071,13361.4,1.9252
28920,2.21357,13470.4,1.92712
28980,2.37405,13407.2,1.92783
29040,2.40715,13296.3,1.92238
29100,2.3643,13419.1,1.92858
29160,2.46367,13434.2,1.92277
29220,2.20903,13142.2,1.91829
29280,1.83024,12840.7,1.91412
29340,2.28075,13006.8,1.91709
29400,1.78945,12900.3,1.91043
29460,1.9227,12677.6,1.90596
29520,1.99283,12843.7,1.91222
29580,1.98931,12662.4,1.90273
29640,1.89653,12850.9,1.90309
29700,2.1105,12889.1,1.90641
29760,1.84652,12803.8,1.90354
29820,1.91232,12732.6,1.90545
29880,1.8414,12845.8,1.90401
29940,1.75717,12878.4,1.90418
30000,1.82963,12849.8,1.90401
30060,1.66156,12913.3,1.903
30120,1.97786,12931.9,1.90407
30180,1.82078,12996.2,1.90461
30240,2.15086,12899.5,1.90563
30300,2.18003,13016.1,1.90698
30360,2.11383,13022.4,1.91285
30420,2.11558,13080.4,1.91711
30480,2.13441,13144.8,1.92019
30540,2.30181,13207.2,1.92219
30600,2.28306,13273.0,1.92122
30660,2.52274,13346.4,1.93326
30720,2.65976,13351.4,1.93579
30780,2.69585,13361.8,1.9347
30840,2.65185,13378.7,1.93794
30900,2.78522,13478.5,1.93778
30960,2.46545,13466.3,1.93762
31020,2.87621,13465.3,1.94328
31080,2.86058,13549.8,1.94429
31140,2.73697,13483.7,1.94888
31200,2.60744,13528.2,1.94772
31260,2.51685,13511.5,1.94696
31320,2.55863,13551.4,1.94574
31380,2.6067,13479.1,1.94316
31440,2.50905,13395.4,1.94197
31500,2.52003,13466.8,1.94086
31560,2.85393,13439.2,1.9426
31620,2.78321,13417.9,1.94075
31680,2.61285,13484.8,1.93918
31740,2.44758,13388.8,1.9412
31800,2.65293,13585.6,1.94437
31860,2.49294,13390.8,1.94203
31920,2.55612,13420.8,1.94072
31980,2.60633,13509.7,1.9433
32040,2.57854,13609.0,1.94304
32100,2.76997,13446.1,1.9433
32160,2.51809,13483.6,1.94247
32220,2.60381,13542.8,1.94778
32280,2.55633,13496.4,1.94626
32340,2.69553,13400.7,1.94926
32400,2.58591,13496.8,1.95297
32460,2.8717,13638.4,1.94887
32520,2.71589,13952.2,1.95021
