CampaignData_and_Merges/R0/CSL_MobileLab_Parked/raw/20240806/USOS-NOAAIodideCIMS-HCOOH_MobileLabGround_20240806_RA.ict
33, 1001
Michael A Robinson, Chris Jernigan, Subi Thakali
NOAA ESRL Chemical Sciences Laboratory and CIRES, U. of Colorado
NOAA Iodide CIMS Instrument
USOS
1, 1
2024, 08, 06, 2024, 08, 06
1
starttime_UTC, seconds_past_midnight, seconds_of_day_since_00:00:00_UTC
1
1
-9999
HCOOH_NOAACIMS, pptv, Gas_HCOOH_InSitu_S_AVMR, 
0
18
PI_CONTACT_INFO: 325 Broadway, R/CSD 7, Boulder, Colorado 80305; michael.a.robinson@noaa.gov; chris.jernigan@noaa.gov;
PLATFORM: NOAA CSL Mobile Lab
LOCATION: SLC, Utah
ASSOCIATED_DATA: 1Hz data also available on request.
INSTRUMENT_INFO: NOAA I- ToF CIMS
DATA_INFO: All data in parts per trillion by volume (pptv). 1 Hz data is available upon request.
UNCERTAINTY: TBD
ULOD_FLAG: -7777
ULOD_VALUE: N/A
LLOD_FLAG: -8888
LLOD_VALUE: N/A
DM_CONTACT_INFO: Nathan Howard; nathan.h.howard@noaa.gov
PROJECT_INFO: USOS, summer 2024. https://csl.noaa.gov/groups/csl7/measurements/2024usos/
STIPULATIONS_ON_USE: Users are strongly encouraged to contact the PI for proper data usage.
OTHER_COMMENTS: 
REVISION: RA
RA: Preliminary Data; For in-field use only
starttime_UTC, HCOOH_NOAACIMS
     0, -9999.000
    60, -9999.000
   120, -9999.000
   180, -9999.000
   240, -9999.000
   300, -9999.000
   360, -9999.000
   420, -9999.000
   480, -9999.000
   540, -9999.000
   600, -9999.000
   660, -9999.000
   720, -9999.000
   780, -9999.000
   840, -9999.000
   900, -9999.000
   960, 1925.031
  1020, 1850.977
  1080, 1719.160
  1140, 1020.891
  1200, 907.849
  1260, 956.153
  1320, 884.411
  1380, 855.412
  1440, 713.406
  1500, 734.292
  1560, 685.276
  1620, 637.718
  1680, 648.476
  1740, 602.570
  1800, 633.698
  1860, 665.806
  1920, 636.649
  1980, 665.528
  2040, 679.205
  2100, -9999.000
  2160, 564.995
  2220, 590.615
  2280, 662.965
  2340, 763.692
  2400, 741.477
  2460, 731.267
  2520, 743.822
  2580, 820.576
  2640, 827.631
  2700, 907.004
  2760, 893.751
  2820, 961.324
  2880, 950.606
  2940, 917.096
  3000, 975.499
  3060, 948.537
  3120, 984.763
  3180, 954.004
  3240, 960.248
  3300, 1009.239
  3360, 995.729
  3420, 949.372
  3480, 944.129
  3540, 955.056
  3600, 791.672
  3660, 429.297
  3720, 415.930
  3780, 396.980
  3840, 386.373
  3900, 411.606
  3960, -9999.000
  4020, 459.418
  4080, 451.182
  4140, 465.378
  4200, 491.316
  4260, 494.852
  4320, 520.369
  4380, 499.630
  4440, 508.831
  4500, 543.511
  4560, 750.388
  4620, 856.466
  4680, 797.985
  4740, 811.546
  4800, 836.028
  4860, 844.042
  4920, 833.188
  4980, 819.501
  5040, 795.696
  5100, 775.813
  5160, 794.283
  5220, 838.786
  5280, 873.398
  5340, 877.341
  5400, 888.722
  5460, 837.280
  5520, 820.629
  5580, 847.374
  5640, 805.063
  5700, 832.065
  5760, 792.465
  5820, -9999.000
  5880, 809.670
  5940, 808.453
  6000, 800.505
  6060, 801.752
  6120, 765.530
  6180, 751.576
  6240, 752.546
  6300, 820.228
  6360, 843.164
  6420, 925.334
  6480, 854.339
  6540, 776.666
  6600, 800.138
  6660, 779.086
  6720, 778.918
  6780, 757.969
  6840, 778.764
  6900, 865.289
  6960, 856.426
  7020, 826.959
  7080, 822.602
  7140, 765.733
  7200, 750.883
  7260, 773.772
  7320, 807.845
  7380, 922.052
  7440, 819.582
  7500, 824.629
  7560, 775.514
  7620, 790.677
  7680, 813.003
  7740, 786.010
  7800, 867.320
  7860, 861.133
  7920, 820.636
  7980, 877.861
  8040, 871.962
  8100, 893.075
  8160, 942.048
  8220, 873.615
  8280, 839.714
  8340, 859.003
  8400, 869.995
  8460, 820.045
  8520, 817.415
  8580, 787.449
  8640, 810.898
  8700, 831.481
  8760, 897.804
  8820, 901.587
  8880, 910.660
  8940, 906.195
  9000, 920.343
  9060, 900.888
  9120, 923.546
  9180, 895.755
  9240, 908.547
  9300, 913.064
  9360, 953.310
  9420, 943.104
  9480, 994.057
  9540, 951.542
  9600, 961.947
  9660, 954.305
  9720, 926.202
  9780, 921.865
  9840, 921.578
  9900, 935.078
  9960, 908.312
 10020, 989.426
 10080, 996.129
 10140, 1019.213
 10200, 993.143
 10260, 986.326
 10320, 1017.461
 10380, 1008.623
 10440, 964.826
 10500, 997.376
 10560, 959.454
 10620, 997.388
 10680, 996.756
 10740, 1028.357
 10800, 1035.274
 10860, 1059.748
 10920, 1036.627
 10980, 1090.075
 11040, 1048.957
 11100, 1039.477
 11160, 1032.264
 11220, 1090.551
 11280, 1036.287
 11340, 996.753
 11400, 1067.111
 11460, 1036.293
 11520, 1086.281
 11580, 1102.160
 11640, 994.923
 11700, 1053.374
 11760, 1055.390
 11820, 1038.261
 11880, 1067.830
 11940, 1112.890
 12000, 1071.511
 12060, 1091.859
 12120, 1113.380
 12180, 1086.701
 12240, 1114.454
 12300, 1126.632
 12360, 1091.100
 12420, 1132.558
 12480, 1158.672
 12540, 1118.947
 12600, 1186.014
 12660, 1163.667
 12720, 1169.525
 12780, 1167.951
 12840, 1138.075
 12900, 1092.736
 12960, 1119.944
 13020, 1281.184
 13080, 1228.066
 13140, 1197.824
 13200, -9999.000
 13260, 1342.838
 13320, 1210.874
 13380, 1254.373
 13440, 1226.220
 13500, 1191.380
 13560, 1169.658
 13620, 1197.219
 13680, 1206.600
 13740, 1138.213
 13800, 1174.219
 13860, 1144.522
 13920, 1227.858
 13980, 1229.903
 14040, 1252.189
 14100, 1273.970
 14160, 1270.150
 14220, 1296.384
 14280, 1312.880
 14340, 1356.278
 14400, 1271.327
 14460, 1318.573
 14520, 1272.672
 14580, 1260.261
 14640, 1166.731
 14700, 1248.611
 14760, 1262.484
 14820, 1239.848
 14880, 1309.933
 14940, 1279.753
 15000, 1260.847
 15060, -9999.000
 15120, 1294.364
 15180, 1311.907
 15240, 1366.807
 15300, 1329.105
 15360, 1304.661
 15420, 1228.770
 15480, 1235.683
 15540, 1248.397
 15600, 1228.783
 15660, 1268.964
 15720, 1226.712
 15780, 1239.225
 15840, 1277.837
 15900, 1235.896
 15960, 1256.570
 16020, 1226.400
 16080, 1234.338
 16140, 1204.953
 16200, 1232.315
 16260, 1223.235
 16320, 1212.066
 16380, 1215.314
 16440, 1193.598
 16500, 1239.412
 16560, 1200.130
 16620, 1222.186
 16680, 1193.231
 16740, 1218.112
 16800, 1205.144
 16860, 1240.121
 16920, -9999.000
 16980, 1219.577
 17040, 1238.984
 17100, 1271.267
 17160, 1282.095
 17220, 1281.543
 17280, 1237.823
 17340, 1273.915
 17400, 1278.597
 17460, 1270.080
 17520, 1227.276
 17580, 1210.191
 17640, 1242.673
 17700, 1249.277
 17760, 1236.953
 17820, 1265.901
 17880, 1248.508
 17940, 1220.106
 18000, 1286.316
 18060, 1262.954
 18120, 1260.118
 18180, 1300.719
 18240, 1260.570
 18300, 1277.777
 18360, 1316.152
 18420, 1327.369
 18480, 1303.022
 18540, 1330.307
 18600, 1381.359
 18660, 1312.081
 18720, 1308.335
 18780, 1271.487
 18840, 1260.935
 18900, 1267.991
 18960, 1277.801
 19020, 1333.026
 19080, 1236.571
 19140, 1231.376
 19200, 1174.127
 19260, 1161.016
 19320, 1189.175
 19380, 1249.866
 19440, 1241.023
 19500, 1218.381
 19560, 1240.306
 19620, 1265.438
 19680, 1297.677
 19740, 1271.963
 19800, 1264.578
 19860, 1318.313
 19920, 1286.825
 19980, 1293.768
 20040, 1257.093
 20100, 1288.452
 20160, 1295.321
 20220, 1245.770
 20280, 1232.158
 20340, 1212.344
 20400, 1195.060
 20460, 1285.785
 20520, 1283.290
 20580, -9999.000
 20640, 1179.121
 20700, 1222.134
 20760, 1218.210
 20820, 1279.948
 20880, 1261.557
 20940, 1284.384
 21000, 1331.509
 21060, 1292.871
 21120, 1331.672
 21180, 1264.882
 21240, 1279.145
 21300, 1265.132
 21360, 1278.573
 21420, 1286.500
 21480, 1250.205
 21540, 1278.268
 21600, 1302.058
 21660, 1275.026
 21720, 1250.809
 21780, 1269.547
 21840, 1313.363
 21900, 1296.265
 21960, 1254.795
 22020, 1218.747
 22080, 1275.563
 22140, 1284.184
 22200, 1254.328
 22260, 1260.647
 22320, 1274.954
 22380, 1248.381
 22440, -9999.000
 22500, 1262.951
 22560, 1233.155
 22620, 1301.110
 22680, 1267.451
 22740, 1270.587
 22800, 1279.960
 22860, 1236.819
 22920, 1295.141
 22980, 1259.454
 23040, 1273.444
 23100, 1287.520
 23160, 1245.846
 23220, 1279.213
 23280, 1256.129
 23340, 1318.896
 23400, 1269.793
 23460, 1250.708
 23520, 1279.519
 23580, 1218.004
 23640, 1278.540
 23700, 1248.135
 23760, 1257.985
 23820, 1220.392
 23880, 1255.462
 23940, 1269.375
 24000, 1292.286
 24060, 1287.769
 24120, 1275.981
 24180, 1287.288
 24240, 1226.321
 24300, -9999.000
 24360, 1286.067
 24420, 1250.088
 24480, 1291.057
 24540, 1313.997
 24600, 1313.954
 24660, 1328.335
 24720, 1275.051
 24780, 1307.412
 24840, 1296.742
 24900, 1310.246
 24960, 1277.681
 25020, 1224.332
 25080, 1275.612
 25140, 1276.453
 25200, 1267.297
 25260, 1261.243
 25320, 1273.460
 25380, 1309.824
 25440, 1242.665
 25500, 1275.932
 25560, 1258.242
 25620, 1301.874
 25680, 1232.064
 25740, 1232.716
 25800, 1257.586
 25860, 1202.458
 25920, 1210.089
 25980, 1228.674
 26040, 1275.860
 26100, 1293.420
 26160, 1246.219
 26220, 1276.465
 26280, 1275.021
 26340, 1264.479
 26400, 1300.469
 26460, 1248.648
 26520, 1243.823
 26580, 1242.592
 26640, 1241.303
 26700, 1213.384
 26760, 1209.772
 26820, 1203.538
 26880, 1234.755
 26940, 1216.602
 27000, 1224.449
 27060, 1241.727
 27120, 1199.259
 27180, 1262.443
 27240, 1327.673
 27300, 1240.268
 27360, 1283.999
 27420, 1260.356
 27480, 1289.303
 27540, 1300.128
 27600, 1278.400
 27660, 1294.741
 27720, 1309.964
 27780, 1295.467
 27840, 1282.674
 27900, 1292.924
 27960, 1286.496
 28020, 1238.125
 28080, 1257.667
 28140, 1299.777
 28200, 1423.939
 28260, 1515.755
 28320, 1584.788
 28380, 1594.257
 28440, 1565.572
 28500, 1535.202
 28560, 1546.585
 28620, 1503.878
 28680, 1473.720
 28740, 1569.895
 28800, 1519.271
 28860, 1551.315
 28920, 1569.873
 28980, 1573.376
 29040, 1561.928
 29100, 1683.888
 29160, 1531.151
 29220, 1355.700
 29280, 1391.027
 29340, 1454.803
 29400, 1304.761
 29460, 1278.022
 29520, 1298.002
 29580, 1198.906
 29640, 1277.819
 29700, 1270.274
 29760, 1238.267
 29820, 1206.170
 29880, 1231.625
 29940, 1301.381
 30000, 1273.616
 30060, 1280.896
 30120, 1289.611
 30180, 1338.595
 30240, 1352.412
 30300, 1344.177
 30360, 1468.362
 30420, 1516.490
 30480, 1539.993
 30540, 1639.767
 30600, 1702.631
 30660, 1764.034
 30720, 1771.137
 30780, 1828.484
 30840, 1821.317
 30900, 1882.645
 30960, 1949.092
 31020, 1942.585
 31080, 1918.552
 31140, 1933.493
 31200, 1961.543
 31260, 1926.295
 31320, 1871.473
 31380, 1761.966
 31440, 1790.597
 31500, 1815.633
 31560, 1818.485
 31620, 1788.851
 31680, -9999.000
 31740, 1843.008
 31800, 1828.963
 31860, 1761.146
 31920, 1824.764
 31980, 1835.164
 32040, 1857.071
 32100, 1807.911
 32160, 1863.473
 32220, 1841.085
 32280, 1783.869
 32340, 1807.165
 32400, 1827.273
 32460, 1937.473
 32520, 2007.140
 32580, 1866.458
 32640, 1889.647
 32700, 1906.690
 32760, 1921.376
 32820, 1994.385
 32880, 1985.373
 32940, 2059.393
 33000, 2025.997
 33060, 2071.741
 33120, 2146.943
 33180, 1990.927
 33240, 2095.519
 33300, 2218.798
 33360, 2259.446
 33420, 2370.401
 33480, 2332.899
 33540, -9999.000
 33600, 2407.701
 33660, 2335.734
 33720, 2317.745
 33780, 2284.092
 33840, 2257.458
 33900, 2217.343
 33960, 2277.155
 34020, 2300.567
 34080, 2376.794
 34140, 2316.931
 34200, 2409.430
 34260, 2334.183
 34320, 2303.129
 34380, 2323.450
 34440, 2243.890
 34500, 2193.143
 34560, 2196.601
 34620, 2193.320
 34680, 2176.026
 34740, 2035.513
 34800, 2158.504
 34860, 2188.558
 34920, 2248.638
 34980, 2069.319
 35040, 1940.507
 35100, 1761.575
 35160, 1765.026
 35220, 1689.400
 35280, 1632.421
 35340, 1458.803
 35400, -9999.000
 35460, 1494.118
 35520, 1403.698
 35580, 1417.502
 35640, 1450.798
 35700, 1438.212
 35760, 1587.415
 35820, 1692.258
 35880, 1703.112
 35940, 1779.192
 36000, 1843.288
 36060, 1945.507
 36120, 2126.801
 36180, 2037.055
 36240, 2105.187
 36300, 2115.428
 36360, 2147.972
 36420, 2204.499
 36480, 2166.715
 36540, 2159.445
 36600, 2099.707
 36660, 2035.234
 36720, 2115.133
 36780, 2126.988
 36840, 2080.712
 36900, 2024.594
 36960, 2005.867
 37020, 1944.526
 37080, 1958.444
 37140, 1910.945
 37200, 1909.618
 37260, 1924.042
 37320, 1917.297
 37380, 1834.923
 37440, 1951.540
 37500, 1863.843
 37560, 1813.390
 37620, 1828.113
 37680, 1859.532
 37740, 1754.337
 37800, 1815.350
 37860, 1777.253
 37920, 1738.916
 37980, 1763.772
 38040, 1704.517
 38100, 1687.952
 38160, 1787.722
 38220, 1752.581
 38280, 1721.876
 38340, 1774.490
 38400, 1702.690
 38460, 1703.962
 38520, 1697.256
 38580, 1683.393
 38640, 1659.231
 38700, 1697.890
 38760, 1691.255
 38820, 1723.518
 38880, 1722.083
 38940, 1690.688
 39000, 1694.452
 39060, -9999.000
 39120, 1656.859
 39180, 1667.968
 39240, 1658.956
 39300, 1659.416
 39360, 1617.912
 39420, 1576.618
 39480, 1617.894
 39540, 1602.349
 39600, 1584.786
 39660, 1610.725
 39720, 1591.391
 39780, 1578.561
 39840, 1536.453
 39900, 1524.107
 39960, 1527.172
 40020, 1561.694
 40080, 1586.267
 40140, 1516.551
 40200, 1544.544
 40260, 1490.673
 40320, 1481.385
 40380, 1529.595
 40440, 1506.540
 40500, 1508.939
 40560, 1563.635
 40620, 1555.002
 40680, 1584.291
 40740, 1574.526
 40800, 1542.842
 40860, 1537.337
 40920, -9999.000
 40980, 1524.925
 41040, 1508.064
 41100, 1530.683
 41160, 1510.218
 41220, 1500.268
 41280, 1479.914
 41340, 1479.220
 41400, 1492.999
 41460, 1504.185
 41520, 1497.690
 41580, 1482.849
 41640, 1483.006
 41700, 1496.198
 41760, 1520.680
 41820, 1465.364
 41880, 1495.002
 41940, 1471.628
 42000, 1411.804
 42060, 1351.097
 42120, 1419.099
 42180, 1418.395
 42240, 1396.824
 42300, 1424.791
 42360, 1374.476
 42420, 1387.550
 42480, 1409.906
 42540, 1355.697
 42600, 1388.284
 42660, 1367.734
 42720, 1379.292
 42780, -9999.000
 42840, 1362.611
 42900, 1372.771
 42960, 1310.871
 43020, 1303.550
 43080, 1330.706
 43140, 1328.879
 43200, 1315.217
 43260, 1377.563
 43320, 1305.788
 43380, 1305.139
 43440, 1352.845
 43500, 1337.583
 43560, 1304.399
 43620, 1339.943
 43680, 1296.868
 43740, 1331.485
 43800, 1331.113
 43860, 1322.412
 43920, 1284.516
 43980, 1239.569
 44040, 1302.044
 44100, 1277.398
 44160, 1284.838
 44220, 1282.133
 44280, 1284.043
 44340, 1273.628
 44400, 1293.808
 44460, 1287.083
 44520, 1234.955
 44580, 1279.099
 44640, 1193.564
 44700, 1225.984
 44760, 1266.939
 44820, 1235.976
 44880, 1266.285
 44940, 1251.918
 45000, 1263.808
 45060, 1255.417
 45120, 1258.078
 45180, 1262.890
 45240, 1236.680
 45300, 1189.539
 45360, 1242.427
 45420, 1248.798
 45480, 1213.803
 45540, 1254.436
 45600, 1221.772
 45660, 1190.086
 45720, 1217.297
 45780, 1222.370
 45840, 1230.906
 45900, 1251.425
 45960, 1244.388
 46020, 1215.997
 46080, 1238.864
 46140, 1205.633
 46200, 1201.060
 46260, 1168.319
 46320, 1217.759
 46380, 1227.896
 46440, 1234.342
 46500, 1155.029
 46560, 1212.485
 46620, 1242.894
 46680, 1248.581
 46740, 1225.019
 46800, 1314.575
 46860, 1586.791
 46920, 1500.861
 46980, 1403.117
 47040, 1376.660
 47100, 1325.601
 47160, 1292.449
 47220, 1216.460
 47280, 1226.171
 47340, 1224.721
 47400, 1171.861
 47460, 1138.977
 47520, 1178.984
 47580, 1158.057
 47640, 1118.519
 47700, 1141.663
 47760, 1133.043
 47820, 1086.427
 47880, 1132.328
 47940, 1132.937
 48000, 1073.490
 48060, 1090.094
 48120, 1080.148
 48180, 1095.448
 48240, 1060.134
 48300, 1076.043
 48360, 1108.878
 48420, 1095.172
 48480, 1082.872
 48540, 1109.108
 48600, 1071.419
 48660, 1098.434
 48720, 1084.224
 48780, 1067.778
 48840, 1098.847
 48900, 1089.897
 48960, 1077.707
 49020, 1074.749
 49080, 1080.377
 49140, 1075.225
 49200, 1051.260
 49260, 1071.417
 49320, 1088.703
 49380, 1085.171
 49440, 1065.936
 49500, 1071.598
 49560, 1060.599
 49620, 1048.868
 49680, 1070.761
 49740, 1082.830
 49800, 1040.608
 49860, 1042.774
 49920, 1058.159
 49980, 1085.861
 50040, 1109.986
 50100, 1056.128
 50160, -9999.000
 50220, 1074.543
 50280, 1061.539
 50340, 1087.157
 50400, 1075.588
 50460, 1053.451
 50520, 1075.692
 50580, 1062.923
 50640, 1068.369
 50700, 1092.515
 50760, 1067.975
 50820, 1091.674
 50880, 1081.048
 50940, 1098.549
 51000, 1071.290
 51060, 1041.108
 51120, 1104.070
 51180, 1060.159
 51240, 1073.920
 51300, 1066.705
 51360, 1046.750
 51420, 1079.939
 51480, 1068.381
 51540, 1093.232
 51600, 1067.960
 51660, 1064.344
 51720, 1116.955
 51780, 1097.242
 51840, 1084.910
 51900, 1083.697
 51960, 1085.121
 52020, -9999.000
 52080, 1061.391
 52140, 1095.751
 52200, 1040.358
 52260, 1060.748
 52320, 1071.166
 52380, 1073.038
 52440, 1107.826
 52500, 1083.309
 52560, 1069.171
 52620, 1092.849
 52680, 1088.231
 52740, 1113.799
 52800, 1086.688
 52860, 1129.864
 52920, 1148.871
 52980, 1129.012
 53040, 1152.024
 53100, 1096.945
 53160, 1141.562
 53220, 1159.278
 53280, 1124.652
 53340, 1125.761
 53400, 1147.886
 53460, 1170.803
 53520, 1117.123
 53580, 1162.951
 53640, 1167.838
 53700, 1166.753
 53760, 1174.479
 53820, 1162.874
 53880, -9999.000
 53940, 1163.515
 54000, 1176.798
 54060, 1190.471
 54120, 1147.777
 54180, 1144.327
 54240, 1152.774
 54300, 1164.893
 54360, 1144.273
 54420, 1135.153
 54480, 1158.496
 54540, 1140.261
 54600, 1137.333
 54660, 1158.443
 54720, 1143.029
 54780, 1169.530
 54840, 1165.355
 54900, 1195.120
 54960, 1160.203
 55020, 1139.442
 55080, 1160.155
 55140, 1127.134
 55200, 1129.083
 55260, 1135.000
 55320, 1129.316
 55380, 1171.444
 55440, 1119.967
 55500, 1148.341
 55560, 1120.817
 55620, 1141.528
 55680, 1136.192
 55740, 1192.775
 55800, 1202.144
 55860, 1232.084
 55920, 1142.382
 55980, 1136.255
 56040, 1183.934
 56100, 1121.491
 56160, 1126.637
 56220, 1137.012
 56280, 1093.612
 56340, 1129.754
 56400, 1119.001
 56460, 1088.754
 56520, 1092.246
 56580, 1097.657
 56640, 1139.634
 56700, 1159.485
 56760, 1192.462
 56820, 1117.918
