CampaignData_and_Merges/R0/CSL_MobileLab_Parked/raw/20240806/USOS-POPS_MobileLabGround_20240806_R0.ict
78, 1001
Thornberry, T. D.
NOAA Chemical Sciences Laboratory
Portable Optical Particle Spectrometer (POPS)
USOS
1, 1
2024, 08, 06, 2025, 05, 08
60
Time_Start, seconds_past_midnight, Start time of measurement
45
1, 1, 1, 1, 1, 1, 1, 1, 1, 1, 1, 1, 1, 1, 1, 1, 1, 1, 1, 1, 1, 1, 1, 1, 1, 1, 1, 1, 1, 1, 1, 1, 1, 1, 1, 1, 1, 1, 1, 1, 1, 1, 1, 1, 1
-9999, -9999, -9999, -9999, -9999, -9999, -9999, -9999, -9999, -9999, -9999, -9999, -9999, -9999, -9999, -9999, -9999, -9999, -9999, -9999, -9999, -9999, -9999, -9999, -9999, -9999, -9999, -9999, -9999, -9999, -9999, -9999, -9999, -9999, -9999, -9999, -9999, -9999, -9999, -9999, -9999, -9999, -9999, -9999, -9999
Time_Stop, seconds_past_midnight, Stop time of measurement
Time_Mid, seconds_past_midnight, Mid time of measurement
Press_mb, mb, Pressure reported (mb)
Temp_C, degrees C, POPS temperature measurement
Aerosol_concentration, cm^-3, Aerosol concentration
Surface_Area_Conc, um^2 cm^-3, Surface area concentration
Volume_density, um^3 cm^-3, Volume density
Effective_radius, um, Effective radius
Extinction, km^-1, Extinction
Bin01, cm^-3, particle concentration in size range [1401 - 146.3 nm]
Bin02, cm^-3, particle concentration in size range [146.3 - 152.8 nm]
Bin03, cm^-3, particle concentration in size range [152.8 - 159.6 nm]
Bin04, cm^-3, particle concentration in size range [159.6 - 166.8 nm]
Bin05, cm^-3, particle concentration in size range [166.8 - 174.2 nm]
Bin06, cm^-3, particle concentration in size range [174.2 - 181.9 nm]
Bin07, cm^-3, particle concentration in size range [181.9 - 190.0 nm]
Bin08, cm^-3, particle concentration in size range [190.0 - 198.5 nm]
Bin09, cm^-3, particle concentration in size range [198.5 - 207.4 nm]
Bin10, cm^-3, particle concentration in size range [207.4 - 216.6 nm]
Bin11, cm^-3, particle concentration in size range [216.6 - 226.2 nm]
Bin12, cm^-3, particle concentration in size range [226.2 - 236.3 nm]
Bin13, cm^-3, particle concentration in size range [236.3 - 246.8 nm]
Bin14, cm^-3, particle concentration in size range [246.8 - 257.8 nm]
Bin15, cm^-3, particle concentration in size range [257.8 - 269.3 nm]
Bin16, cm^-3, particle concentration in size range [269.3 - 343.4 nm]
Bin17, cm^-3, particle concentration in size range [343.4 - 450.7 nm]
Bin18, cm^-3, particle concentration in size range [450.7 - 525.9 nm]
Bin19, cm^-3, particle concentration in size range [525.9 - 618.5 nm]
Bin20, cm^-3, particle concentration in size range [618.5 - 710.0 nm]
Bin21, cm^-3, particle concentration in size range [710.0 - 822.7 nm]
Bin22, cm^-3, particle concentration in size range [822.7 - 885.9 nm]
Bin23, cm^-3, particle concentration in size range [885.9 - 953.9 nm]
Bin24, cm^-3, particle concentration in size range [953.9 - 1027.2 nm]
Bin25, cm^-3, particle concentration in size range [1027.2 - 1106.1 nm]
Bin26, cm^-3, particle concentration in size range [1106.1 - 1191.0 nm]
Bin27, cm^-3, particle concentration in size range [1191.0 - 1282.5 nm]
Bin28, cm^-3, particle concentration in size range [1282.5 - 1381.0 nm]
Bin29, cm^-3, particle concentration in size range [1381.0 - 1487.1 nm]
Bin30, cm^-3, particle concentration in size range [1487.1 - 1601.3 nm]
Bin31, cm^-3, particle concentration in size range [1601.3 - 1724.3 nm]
[...]
PLATFORM: NOAA CSL Mobile Lab
LOCATION: USOS
ASSOCIATED_DATA: N/A
INSTRUMENT_INFO: Printed Optical Particle Spectrometer counts particles from 140 - 2500 nm in diameter 
DATA_INFO: Particle concentrations reported in number per cubic centimeter,1 Hz data
UNCERTAINTY: Counting uncertainty dominated by air flow, less than 5 percent. Measurement range is ~0 - 3000 per cm3 (varies depending on flow rate- manufacturer quotes 1250 per cm3 at 1.667 cc/s)
ULOD_FLAG: -7777
ULOD_VALUE: N/A
LLOD_FLAG: -8888
LLOD_VALUE: N/A
DM_CONTACT_INFO: Troy Thornberry, 325 Broadway R/CSL6, Boulder, CO 80305; troy.thornberry@noaa.gov; 303-497-3373
PROJECT_INFO: USOS, Utah POPS data from NOAA CSL Mobile Lab
STIPULATIONS_ON_USE: Please contact the PIs for questions regarding applications and uncertainties
OTHER_COMMENTS: POPS bin Edges (nm):  140.1, 146.3, 152.8, 159.6, 166.8, 174.2, 181.9, 190.0, 198.5, 207.4, 216.6, 226.2, 236.3, 246.8, 257.8, 269.3, 343.4, 450.7, 525.9, 618.5, 710.0, 822.7, 885.9, 953.9, 1027.2, 1106.1, 1191.0, 1282.5, 1381.0, 1487.1, 1601.3, 1724.3, 1856.7, 1999.3, 2152.8, 2318.2, 2496.2
Calculations assume organic aerosol refractive index of 1.52+0.00j and extinction wavelength = 532 nm
REVISION: R0
R0: Final data
Time_Start, Time_Stop, Time_Mid, Press_mb, Temp_C, Aerosol_concentration, Surface_Area_Conc, Volume_density, Effective_radius, Extinction, Bin01, Bin02, Bin03, Bin04, Bin05, Bin06, Bin07, Bin08, Bin09, Bin10, Bin11, Bin12, Bin13, Bin14, Bin15, Bin16, Bin17, Bin18, Bin19, Bin20, Bin21, Bin22, Bin23, Bin24, Bin25, Bin26, Bin27, Bin28, Bin29, Bin30, Bin31, Bin32, Bin33, Bin34, Bin35, Bin36
[from data line 324]
19440,19499,19470,872.822,32.297,182.359,25.486,1.512,0.170,0.007,23.921473,20.772142,18.052858,16.765619,14.334887,12.251122,10.402539,9.208920,7.370567,6.636966,5.788222,5.626716,5.337942,4.544582,3.837048,11.447007,4.241673,1.076229,0.383042,0.044591,0.054696,0.044355,0.016612,0.032928,0.011186,0.021850,0.011190,0.000000,0.005556,0.044330,0.022216,0.027854,0.000000,0.005447,0.000000,0.016970
19500,19559,19530,872.839,32.396,182.360,25.679,1.496,0.170,0.007,23.806259,20.865383,18.077471,16.251274,14.212083,12.193280,10.276226,9.143955,7.818354,6.775497,5.951044,5.721486,5.358051,4.965515,3.679114,11.259319,4.034703,1.106932,0.396416,0.083449,0.066967,0.044458,0.050453,0.039304,0.000000,0.011019,0.044444,0.016827,0.027649,0.016397,0.016972,0.016748,0.016600,0.005574,0.000000,0.011246
19560,19619,19590,872.852,32.439,180.478,25.609,1.541,0.173,0.007,23.850122,20.379986,18.210045,16.088783,14.086603,12.160330,10.125275,8.975645,7.470126,6.689368,5.832413,5.495078,5.276248,4.627815,3.719286,11.560360,3.956418,1.134961,0.400821,0.099799,0.055413,0.049923,0.016784,0.016880,0.016240,0.027995,0.010634,0.022117,0.021973,0.000000,0.033331,0.005593,0.016707,0.022572,0.011186,0.011186
19620,19679,19650,872.837,32.576,183.063,25.592,1.569,0.177,0.007,23.799391,20.921545,18.595404,16.475090,14.220337,12.258650,10.552069,8.869308,7.667234,7.080083,5.935652,5.526525,5.238739,4.867358,3.720856,11.389845,3.991603,1.124035,0.439143,0.083916,0.056103,0.034058,0.032725,0.022139,0.016469,0.005650,0.005650,0.027665,0.000000,0.016695,0.011435,0.044648,0.005411,0.022090,0.000000,0.005747
19680,19739,19710,872.818,32.673,181.595,26.139,1.715,0.186,0.007,23.327341,21.143541,17.487270,16.690559,14.256025,12.350809,10.671721,8.971483,7.973556,7.014637,6.024220,5.322720,4.660918,4.697538,3.650780,11.609793,3.815237,0.976388,0.442880,0.116180,0.071692,0.027506,0.027586,0.022196,0.000000,0.044381,0.016451,0.032886,0.021905,0.010876,0.016323,0.005537,0.022004,0.033084,0.022297,0.016649
19740,19799,19770,872.816,32.680,183.683,25.400,1.381,0.158,0.006,23.041767,21.251940,18.580168,16.881405,14.644100,12.223441,10.937079,9.219992,8.127277,6.626254,6.172568,5.476790,5.212178,4.556372,3.670211,11.469280,3.707980,1.045822,0.401417,0.073862,0.078998,0.028107,0.045553,0.034439,0.034478,0.028340,0.005824,0.011513,0.011491,0.022573,0.022532,0.005521,0.016763,0.011493,0.005688,0.000000
19800,19859,19830,872.788,32.663,181.822,25.440,1.491,0.169,0.006,23.928810,20.842319,18.056818,16.319286,14.188685,12.134680,10.536089,9.429794,7.529612,6.680977,5.894179,5.734764,5.024976,4.736732,3.733835,11.229805,4.118099,0.939249,0.367239,0.079689,0.056097,0.022741,0.005432,0.011286,0.028577,0.028750,0.022036,0.028088,0.017064,0.028520,0.027723,0.005745,0.000000,0.000000,0.011452,0.022596
19860,19919,19890,872.785,32.677,183.959,25.834,1.525,0.170,0.007,23.818483,21.392712,18.094887,16.714035,14.397787,12.346485,10.495182,9.312928,7.920589,6.825176,5.813065,5.676223,5.494265,4.416340,3.951889,11.391990,3.897835,1.095743,0.436801,0.141946,0.085367,0.022619,0.023045,0.028340,0.017597,0.005824,0.016693,0.017288,0.022527,0.016955,0.011362,0.005707,0.011243,0.005805,0.005824,0.028715
19920,19979,19950,872.776,32.665,181.541,25.860,1.590,0.177,0.007,23.966988,20.482706,18.249838,16.763193,13.680033,12.085278,10.509100,9.098431,7.605383,6.656704,5.852470,5.632560,4.964348,4.677003,3.888522,11.403512,4.064063,1.091588,0.395486,0.111418,0.060736,0.028183,0.034114,0.033660,0.033171,0.005767,0.005394,0.022142,0.022242,0.005593,0.049988,0.005501,0.016988,0.000000,0.021792,0.016613
19980,20039,20010,872.757,32.612,182.408,24.910,1.367,0.161,0.006,24.024044,20.698427,19.172138,16.412905,14.436111,12.329829,9.984127,9.061031,7.583527,6.882259,5.832122,5.288801,5.237233,4.790737,3.719756,11.195312,3.961196,1.008950,0.467497,0.065642,0.039502,0.033419,0.033543,0.011244,0.016561,0.016544,0.039084,0.000000,0.005291,0.011243,0.005650,0.027912,0.000000,0.000000,0.016655,0.000000
20040,20099,20070,872.749,32.470,181.601,26.470,1.876,0.200,0.007,23.904560,20.086515,17.809067,15.954427,14.857205,12.637735,10.577552,8.954053,7.718983,6.783164,5.840440,5.621259,5.189751,4.701588,3.640700,11.437073,3.966665,1.040995,0.400095,0.067532,0.039431,0.028108,0.027709,0.039249,0.005557,0.023182,0.027774,0.022776,0.016839,0.050963,0.022603,0.028029,0.011396,0.028309,0.011373,0.028066
20100,20159,20130,872.727,32.518,180.642,25.239,1.534,0.176,0.006,23.188313,20.520634,18.457716,15.937217,13.604004,12.861550,10.428747,9.437269,7.528477,6.791877,5.522601,5.639623,4.934562,4.723873,3.662007,11.600740,4.023095,0.953425,0.499487,0.044346,0.060425,0.033561,0.022439,0.039268,0.000000,0.000000,0.000000,0.016539,0.010772,0.005747,0.016312,0.033721,0.016486,0.011242,0.000000,0.016329
20160,20219,20190,872.683,32.485,180.417,25.220,1.454,0.168,0.006,23.656549,20.753843,18.001463,16.265604,14.152525,12.192981,10.417139,8.914106,7.648540,6.455157,5.784948,5.563106,5.102211,4.627146,3.634830,11.507366,3.849479,1.067610,0.471841,0.055756,0.066591,0.033154,0.005593,0.011174,0.022643,0.005631,0.021896,0.005501,0.016866,0.022238,0.033587,0.005631,0.011104,0.010840,0.010996,0.010824
20220,20279,20250,872.668,32.428,181.705,25.316,1.421,0.165,0.006,24.201546,20.584335,17.875324,16.061760,14.240169,12.069867,10.529711,9.082288,7.469339,6.814054,5.964201,5.760321,5.216368,4.741905,3.649503,11.914573,3.539891,1.126093,0.482103,0.082771,0.061109,0.033550,0.011245,0.022139,0.021613,0.005464,0.011024,0.022007,0.022248,0.016641,0.033379,0.011246,0.005482,0.010824,0.005519,0.005688
20280,20339,20310,872.674,32.495,181.741,25.817,1.550,0.174,0.007,23.023121,20.515751,17.881517,16.246536,14.573133,12.131801,10.401256,9.507882,7.398956,6.870474,6.128623,5.725934,5.192403,4.756999,3.807048,11.778554,3.874819,1.125209,0.379828,0.073107,0.050550,0.028272,0.022393,0.022613,0.045140,0.016712,0.028066,0.022857,0.005519,0.016899,0.027693,0.005669,0.016761,0.011398,0.011149,0.016775
20340,20399,20370,872.669,32.545,183.572,26.129,1.668,0.182,0.007,23.910002,20.671410,18.238483,16.029938,14.272859,12.710055,10.569137,9.693356,8.017056,6.584881,5.904349,5.623741,5.312532,4.893170,3.760489,11.682446,3.811430,1.064222,0.382209,0.061059,0.043655,0.039057,0.060574,0.044195,0.033249,0.011001,0.005447,0.016533,0.011043,0.016326,0.016751,0.010948,0.010667,0.010977,0.016531,0.032687
20400,20459,20430,872.643,32.641,181.073,25.244,1.407,0.162,0.006,23.104891,20.959337,18.450769,16.509691,13.538300,12.103730,10.635387,8.887958,7.412604,6.972130,5.874141,5.710192,4.874038,4.679777,3.532078,11.791730,4.154414,1.002174,0.505116,0.089395,0.027526,0.050119,0.033672,0.022601,0.017148,0.022467,0.011133,0.022043,0.011455,0.000000,0.016521,0.016728,0.016630,0.005501,0.005574,0.005556
20460,20519,20490,872.629,32.658,180.348,25.733,1.612,0.179,0.007,23.135580,20.764715,17.679035,15.856546,14.536880,12.177649,10.399081,9.284954,7.677201,6.677098,6.136492,5.576569,5.144898,4.692192,3.627873,11.169748,3.742719,1.142151,0.459089,0.116690,0.077790,0.010824,0.022505,0.016911,0.005574,0.028214,0.032803,0.016782,0.005631,0.016292,0.055813,0.011263,0.011261,0.005631,0.016807,0.016757
20520,20579,20550,872.639,32.549,180.271,25.594,1.576,0.179,0.007,23.390913,20.417871,18.278870,16.397911,13.990878,11.941557,10.235528,8.770036,7.551767,6.611543,5.940859,5.205722,5.155115,4.743645,4.243604,11.754254,3.786256,0.967787,0.444551,0.076818,0.071606,0.022189,0.044876,0.032618,0.027373,0.000000,0.005631,0.016577,0.022086,0.016614,0.044426,0.016601,0.011319,0.010894,0.005650,0.016546
20580,20639,20610,872.659,32.702,184.117,26.151,1.573,0.174,0.007,23.710773,20.787144,18.492155,16.385811,14.173306,12.672064,10.972010,9.442883,7.520906,6.710712,6.110343,5.644668,5.304312,4.856363,3.625145,11.631074,3.918985,1.138144,0.513791,0.091532,0.057532,0.051739,0.068945,0.034449,0.011630,0.034839,0.028946,0.005709,0.017578,0.028875,0.017381,0.022955,0.005845,0.017319,0.005845,0.005728
20640,20699,20670,872.663,32.629,181.613,25.263,1.410,0.162,0.006,23.868639,20.592722,18.460443,16.380844,14.059220,11.726758,10.516219,8.847494,7.815937,6.566094,6.289135,5.589624,5.238604,4.578331,3.768069,11.607610,3.847310,1.048288,0.426890,0.100545,0.061611,0.022341,0.022319,0.027788,0.022117,0.022437,0.000000,0.011172,0.010877,0.016586,0.027914,0.000000,0.005482,0.005429,0.005464,0.022396
20700,20759,20730,872.658,32.500,183.936,26.084,1.558,0.171,0.007,24.025940,20.265436,17.788486,15.984587,14.736077,12.621678,10.823751,9.369944,7.928489,6.955884,6.093546,5.832570,5.314835,4.598395,3.674199,11.707355,4.294736,0.947912,0.613568,0.075127,0.057866,0.011653,0.017172,0.023148,0.028635,0.011650,0.005786,0.005766,0.011595,0.011749,0.023226,0.005905,0.028915,0.011652,0.011439,0.017280
20760,20819,20790,872.667,32.560,182.282,25.710,1.611,0.179,0.007,23.691517,20.673014,17.835655,16.552694,14.259240,12.323561,10.682381,9.190874,7.810897,6.799009,5.918891,5.700943,5.230076,4.984200,3.760128,11.087761,3.946028,1.058969,0.363335,0.065397,0.082777,0.032871,0.022176,0.016290,0.010880,0.010913,0.011227,0.022249,0.016290,0.021836,0.033447,0.022342,0.000000,0.010874,0.011228,0.021603
20820,20879,20850,872.658,32.542,179.390,24.859,1.348,0.158,0.006,23.219549,20.399548,18.068951,16.142656,14.373974,11.890411,10.126906,9.150200,7.380547,6.686626,5.800371,5.300149,5.138288,4.564003,3.753744,11.701025,3.917622,0.988455,0.395572,0.082003,0.049871,0.066436,0.049207,0.016843,0.005669,0.021686,0.010932,0.005612,0.011007,0.016253,0.016805,0.005669,0.016376,0.000000,0.005688,0.011283
20880,20939,20910,872.627,32.421,180.012,25.337,1.568,0.177,0.006,23.288322,20.521112,18.443155,16.160181,14.237982,12.475065,10.189214,9.583941,7.578728,7.042485,5.905066,5.424921,4.929938,4.453881,3.626007,10.568631,3.767524,1.024676,0.361287,0.061845,0.044568,0.028120,0.044559,0.027619,0.022546,0.016766,0.022297,0.027692,0.010789,0.022344,0.033363,0.005688,0.022583,0.005631,0.016434,0.017026
20940,20999,20970,872.606,32.443,177.092,24.733,1.408,0.166,0.006,23.229406,20.420918,17.325912,15.733922,13.551338,11.854811,10.432311,8.670005,7.632721,6.571267,6.136077,5.310669,5.303387,4.369025,3.752328,10.961699,3.965520,1.046555,0.465750,0.060290,0.044232,0.032799,0.032702,0.022320,0.027487,0.022263,0.011112,0.027514,0.016634,0.005556,0.011079,0.010971,0.000000,0.005447,0.010790,0.016874
21000,21059,21030,872.551,32.395,182.025,25.239,1.408,0.162,0.006,23.931417,21.335932,18.239147,15.897899,14.361916,12.329773,10.322949,9.197364,7.699455,6.553019,5.725483,5.363822,5.283813,4.735109,3.495332,11.647545,4.010498,1.061563,0.424611,0.127959,0.043613,0.038349,0.022176,0.016674,0.033063,0.016709,0.000000,0.016305,0.011133,0.016411,0.022077,0.016269,0.010753,0.000000,0.010965,0.005482
21060,21119,21090,872.519,32.320,181.347,25.024,1.395,0.162,0.006,24.026779,20.363907,17.812147,16.410191,14.519946,12.697869,10.901963,8.636414,7.927373,6.414708,5.858453,5.036418,4.706710,5.079082,3.634269,11.469409,3.968025,1.075388,0.461137,0.096820,0.068133,0.022814,0.011300,0.016992,0.017044,0.005594,0.022618,0.000000,0.011225,0.005765,0.016875,0.016894,0.011491,0.005824,0.005765,0.011243
21120,21179,21150,872.471,32.379,181.366,25.295,1.469,0.168,0.006,23.615801,20.652159,18.392582,15.932417,13.955941,12.508069,10.538993,9.013435,7.623914,6.649407,6.042784,5.736938,5.261993,4.549402,3.611680,11.682316,3.881629,0.983043,0.393044,0.046418,0.034327,0.034901,0.023034,0.022913,0.017559,0.034451,0.000000,0.023599,0.023262,0.000000,0.033802,0.005786,0.000000,0.005634,0.011403,0.023074
21180,21239,21210,872.452,32.556,179.824,25.053,1.407,0.163,0.006,23.151697,19.951508,18.733017,16.240681,13.649820,12.329523,10.094101,9.518466,7.672349,6.749500,6.085603,5.708795,5.047454,4.508228,3.637794,10.932874,3.904642,1.102552,0.427223,0.056103,0.066846,0.038901,0.038439,0.011002,0.016770,0.016401,0.005394,0.027475,0.011212,0.027747,0.017149,0.005394,0.016733,0.005688,0.005394,0.011223
21240,21299,21270,872.412,32.738,180.539,25.290,1.499,0.173,0.006,23.724800,20.122524,18.070953,16.016218,14.474846,12.186314,10.142080,9.345869,7.719712,6.676428,5.610257,5.625350,5.229318,4.906232,3.815674,11.163101,3.906835,0.953633,0.438271,0.067294,0.062129,0.034138,0.027540,0.045122,0.016742,0.011433,0.016618,0.011689,0.011550,0.011078,0.027961,0.022628,0.028121,0.011266,0.000000,0.005557
21300,21359,21330,872.388,32.799,180.640,25.547,1.606,0.177,0.007,23.453377,21.052057,17.812405,15.810967,14.001991,12.692582,10.363098,8.890696,7.355321,6.765182,6.026389,5.608375,5.354261,4.592168,3.809030,11.286143,3.901350,1.063106,0.390047,0.073361,0.078590,0.000000,0.051196,0.016605,0.011200,0.005450,0.039237,0.022477,0.005557,0.011395,0.011414,0.022575,0.017166,0.017034,0.011472,0.017007
21360,21419,21390,872.374,32.766,179.601,24.827,1.334,0.157,0.006,23.272366,20.575649,18.554089,15.269067,14.223637,12.229639,10.323655,9.257068,7.725778,6.308521,5.760547,5.579812,5.309049,4.509671,3.652281,11.324326,3.914759,1.016685,0.433391,0.055277,0.038389,0.055567,0.028061,0.027615,0.027183,0.005593,0.033449,0.011282,0.010948,0.028214,0.011417,0.005612,0.000000,0.011263,0.000000,0.011210
21420,21479,21450,872.386,32.792,177.968,25.017,1.537,0.177,0.006,23.200148,20.676567,17.640575,16.019478,13.790110,12.043264,10.232225,8.801666,7.187403,6.565801,5.821929,5.487639,5.344231,4.627574,3.678870,11.177670,3.809007,1.111053,0.336765,0.084275,0.061601,0.028293,0.022570,0.022268,0.016602,0.050682,0.011396,0.017180,0.005450,0.005669,0.016809,0.028294,0.011320,0.016749,0.000000,0.016782
21480,21539,21510,872.355,32.785,179.566,25.211,1.522,0.174,0.006,23.134266,20.557480,18.531004,15.985118,13.535704,12.216941,10.398634,8.717975,7.573225,6.481250,6.059869,5.664400,5.226357,4.452701,3.953036,11.473771,3.905250,0.883149,0.415947,0.077933,0.061232,0.016584,0.022679,0.016620,0.027983,0.011227,0.027887,0.022003,0.011038,0.016580,0.032894,0.022142,0.005464,0.005669,0.005342,0.016499
21540,21599,21570,872.333,32.784,179.427,25.293,1.539,0.174,0.006,22.988165,20.770536,18.253237,15.915785,13.970190,11.869057,10.065349,9.053898,7.389043,6.593674,6.024629,5.730439,5.344755,4.647236,3.722986,11.311960,3.947943,1.038740,0.481540,0.056820,0.022943,0.028975,0.005557,0.011477,0.023093,0.011135,0.005726,0.017108,0.005612,0.028488,0.011474,0.011133,0.022775,0.011518,0.022498,0.011338
21600,21659,21630,872.351,32.790,178.908,25.167,1.550,0.175,0.006,22.838421,20.507669,17.866175,15.562810,14.111120,11.969379,10.806952,8.604433,8.097370,6.609118,5.786234,5.653177,4.960612,4.647629,3.566954,11.592934,3.867616,1.087845,0.423857,0.055949,0.084384,0.022718,0.022581,0.016669,0.000000,0.000000,0.011319,0.016766,0.005574,0.005537,0.033617,0.027946,0.011204,0.000000,0.022512,0.011186
21660,21719,21690,872.343,32.718,180.100,24.219,1.205,0.145,0.006,23.234364,20.328278,17.971252,16.264725,14.854601,12.379878,10.515367,8.622083,7.683765,6.857825,5.738988,5.649819,4.889695,5.016778,3.740062,11.070879,3.637409,0.905687,0.485681,0.061249,0.050794,0.000000,0.022452,0.016746,0.022368,0.028086,0.005574,0.000000,0.005612,0.005519,0.005593,0.005869,0.005688,0.000000,0.011346,0.005593
21720,21779,21750,872.338,32.701,178.665,24.520,1.317,0.155,0.006,23.348131,20.572611,17.507799,15.908400,13.905430,12.228872,10.050835,9.344514,7.364210,6.812522,5.647826,5.657135,5.091652,4.573006,3.606245,11.287598,4.108488,0.959036,0.385672,0.083758,0.039219,0.027534,0.021889,0.021851,0.005394,0.027759,0.000000,0.005501,0.000000,0.016468,0.010806,0.011301,0.011282,0.011223,0.000000,0.011186
