CampaignData_and_Merges/R0/CSL_MobileLab_Parked/raw/20240806/USOS-NOAAIodideCIMS-OrgNitrs_MobileLabGround_20240806_RA.ict
37, 1001
Michael A Robinson, Chris Jernigan, Subi Thakali
NOAA ESRL Chemical Sciences Laboratory and CIRES, U. of Colorado
NOAA Iodide CIMS Instrument
USOS
1, 1
2024, 08, 06, 2024, 08, 06
1
starttime_UTC, seconds_past_midnight, seconds_of_day_since_00:00:00_UTC
5
1, 1, 1, 1, 1
-9999, -9999, -9999, -9999, -9999
C4H7NO5_NOAACIMS, pptv, Gas_C4H7NO5_InSitu_S_AVMR, 
ISOPN_NOAACIMS, pptv, Gas_ISOPN_InSitu_S_AVMR, 
C5H10O3_NOAACIMS, pptv, Gas_C5H10O3_InSitu_S_AVMR, 
C5H9NO5_NOAACIMS, pptv, Gas_C5H9NO5_InSitu_S_AVMR, 
C10H17NO4_NOAACIMS, pptv, Gas_C10H17NO4_InSitu_S_AVMR, 
0
18
PI_CONTACT_INFO: 325 Broadway, R/CSD 7, Boulder, Colorado 80305; michael.a.robinson@noaa.gov; chris.jernigan@noaa.gov;
PLATFORM: NOAA CSL Mobile Lab
LOCATION: SLC, Utah
ASSOCIATED_DATA: 1Hz data also available on request.
INSTRUMENT_INFO: NOAA I- ToF CIMS
DATA_INFO: All data in parts per trillion by volume (pptv). 1 Hz data is available upon request.
UNCERTAINTY: TBD
ULOD_FLAG: -7777
ULOD_VALUE: N/A
LLOD_FLAG: -8888
LLOD_VALUE: N/A
DM_CONTACT_INFO: Nathan Howard; nathan.h.howard@noaa.gov
PROJECT_INFO: USOS, summer 2024. https://csl.noaa.gov/groups/csl7/measurements/2024usos/
STIPULATIONS_ON_USE: Users are strongly encouraged to contact the PI for proper data usage.
OTHER_COMMENTS: 
REVISION: RA
RA: Preliminary Data; For in-field use only
starttime_UTC, C4H7NO5_NOAACIMS, ISOPN_NOAACIMS, C5H10O3_NOAACIMS, C5H9NO5_NOAACIMS, C10H17NO4_NOAACIMS
[from data line 667]
 40020,  3.271,  6.223, 60.028,  8.468,  0.834
 40080,  3.210,  6.262, 59.138,  8.138,  0.843
 40140,  3.228,  6.311, 57.005,  8.184,  0.765
 40200,  3.181,  6.072, 57.929,  7.903,  0.862
 40260,  3.203,  5.729, 55.418,  8.097,  0.859
 40320,  3.204,  6.433, 56.926,  7.994,  0.933
 40380,  3.195,  6.202, 58.529,  8.156,  0.938
 40440,  3.225,  5.915, 56.911,  8.084,  0.938
 40500,  3.207,  6.083, 56.219,  8.184,  0.854
 40560,  3.171,  5.690, 56.669,  8.195,  1.013
 40620,  3.165,  6.047, 56.505,  7.964,  0.830
 40680,  3.161,  5.993, 56.451,  8.149,  0.883
 40740,  3.172,  5.863, 56.173,  8.320,  0.890
 40800,  3.114,  6.073, 56.543,  8.091,  0.931
 40860,  3.159,  5.713, 56.436,  8.007,  0.858
 40920, -9999.000, -9999.000, -9999.000, -9999.000, -9999.000
 40980,  3.016,  5.508, 50.538,  7.716,  0.722
 41040,  3.124,  5.981, 52.605,  7.848,  0.857
 41100,  3.094,  5.377, 53.212,  7.942,  0.788
 41160,  3.017,  5.683, 51.385,  7.757,  0.894
 41220,  2.976,  5.732, 52.389,  7.757,  0.779
 41280,  2.965,  5.652, 52.811,  7.720,  0.854
 41340,  2.924,  5.607, 53.480,  7.732,  0.761
 41400,  2.970,  5.504, 53.798,  7.933,  0.850
 41460,  2.921,  5.739, 54.114,  7.810,  0.830
 41520,  2.868,  5.324, 52.433,  7.529,  0.725
 41580,  2.897,  5.462, 52.549,  7.664,  0.785
 41640,  2.904,  5.367, 53.310,  7.721,  0.793
 41700,  2.891,  5.417, 53.711,  7.647,  0.848
 41760,  2.964,  5.591, 54.628,  7.721,  0.793
 41820,  2.888,  5.600, 54.108,  7.864,  0.846
 41880,  2.937,  5.760, 52.989,  7.844,  0.914
 41940,  2.966,  5.785, 53.742,  8.142,  0.850
 42000,  2.911,  5.925, 53.171,  8.164,  0.856
 42060,  2.979,  6.178, 52.959,  8.424,  0.845
 42120,  2.981,  6.014, 55.029,  8.340,  0.888
 42180,  2.939,  5.903, 54.885,  8.391,  0.865
 42240,  2.972,  5.850, 53.399,  8.151,  0.817
 42300,  3.003,  6.424, 55.114,  8.546,  0.783
 42360,  2.941,  6.191, 52.896,  8.461,  0.841
 42420,  3.004,  6.308, 54.218,  8.698,  0.808
 42480,  2.976,  6.355, 53.521,  8.539,  0.770
 42540,  2.952,  6.208, 53.145,  8.707,  0.792
 42600,  3.075,  6.379, 54.896,  8.748,  0.787
 42660,  3.001,  6.182, 54.110,  8.763,  0.812
 42720,  2.955,  6.437, 54.495,  8.665,  0.769
 42780, -9999.000, -9999.000, -9999.000, -9999.000, -9999.000
 42840,  2.819,  6.010, 45.856,  8.070,  0.782
 42900,  2.881,  5.960, 49.299,  8.203,  0.895
 42960,  2.831,  6.275, 49.587,  8.147,  0.762
 43020,  2.854,  5.945, 49.848,  8.129,  0.834
 43080,  2.848,  5.766, 50.487,  8.029,  0.894
 43140,  2.899,  6.097, 51.941,  8.335,  0.944
 43200,  2.804,  6.126, 51.248,  8.282,  0.892
 43260,  2.817,  6.278, 52.000,  8.413,  0.918
 43320,  2.888,  6.040, 50.468,  8.234,  1.019
 43380,  2.868,  6.034, 49.938,  8.188,  0.960
 43440,  2.857,  5.938, 52.656,  8.177,  0.954
 43500,  2.819,  6.030, 51.604,  8.287,  0.992
 43560,  2.665,  5.623, 51.374,  7.495,  0.896
 43620,  2.691,  5.606, 51.463,  7.728,  0.960
 43680,  2.615,  5.419, 49.030,  7.378,  0.899
 43740,  2.612,  5.622, 50.221,  7.301,  0.905
 43800,  2.585,  5.574, 49.709,  7.387,  0.956
 43860,  2.568,  5.075, 50.072,  7.067,  0.858
 43920,  2.482,  4.911, 48.260,  6.835,  0.968
 43980,  2.447,  5.098, 47.367,  6.461,  0.864
 44040,  2.431,  4.990, 48.024,  6.559,  0.928
 44100,  2.418,  4.998, 48.059,  6.474,  0.913
 44160,  2.436,  4.728, 47.336,  6.528,  0.805
 44220,  2.376,  4.976, 47.025,  6.046,  0.900
 44280,  2.331,  4.735, 46.183,  6.211,  0.837
 44340,  2.357,  4.794, 45.620,  6.196,  0.873
 44400,  2.392,  4.869, 46.917,  6.265,  0.997
 44460,  2.361,  4.870, 47.078,  6.053,  0.921
 44520,  2.403,  4.740, 46.646,  6.199,  0.888
 44580,  2.364,  4.544, 48.298,  6.169,  1.023
 44640,  2.199,  4.267, 40.183,  5.597,  0.766
 44700,  2.308,  4.592, 41.752,  5.811,  0.776
 44760,  2.370,  4.656, 43.570,  6.114,  0.858
 44820,  2.281,  4.547, 43.385,  5.939,  0.843
 44880,  2.359,  4.678, 45.121,  6.227,  0.835
 44940,  2.359,  4.670, 45.128,  6.000,  0.893
 45000,  2.381,  4.691, 44.860,  6.010,  0.893
 45060,  2.356,  4.919, 44.207,  5.903,  0.879
 45120,  2.338,  4.736, 44.310,  5.931,  0.967
 45180,  2.373,  4.772, 45.084,  5.875,  0.901
 45240,  2.294,  4.689, 43.893,  5.866,  0.834
 45300,  2.295,  4.208, 42.634,  5.664,  0.785
 45360,  2.295,  4.626, 44.309,  6.053,  0.786
 45420,  2.321,  4.343, 45.438,  5.880,  0.837
 45480,  2.321,  4.492, 44.042,  6.024,  0.799
 45540,  2.340,  4.568, 44.643,  6.085,  0.838
 45600,  2.349,  4.486, 43.559,  5.674,  0.895
 45660,  2.282,  4.217, 42.071,  5.858,  0.777
 45720,  2.379,  4.109, 43.559,  5.854,  0.876
 45780,  2.336,  4.375, 43.329,  5.965,  0.763
 45840,  2.351,  4.366, 44.964,  5.783,  0.828
 45900,  2.332,  4.329, 44.372,  5.607,  0.882
 45960,  2.344,  4.620, 43.351,  5.882,  0.761
 46020,  2.297,  4.391, 42.938,  5.858,  0.773
 46080,  2.307,  4.582, 42.089,  5.881,  0.758
 46140,  2.317,  4.453, 42.855,  5.694,  0.841
 46200,  2.292,  4.081, 42.524,  5.785,  0.757
 46260,  2.318,  4.223, 42.389,  5.724,  0.686
 46320,  2.323,  4.566, 42.838,  5.679,  0.775
 46380,  2.308,  4.643, 43.367,  5.580,  0.744
 46440,  2.271,  5.000, 44.178,  5.648,  1.068
 46500,  2.176,  3.800, 34.913,  5.401,  0.863
 46560,  2.305,  4.060, 37.358,  5.710,  0.662
 46620,  2.377,  4.469, 39.296,  5.716,  0.765
 46680,  2.283,  4.115, 40.553,  5.632,  0.716
 46740,  2.393,  4.202, 40.864,  6.032,  0.805
 46800,  2.434,  4.713, 41.605,  5.981,  0.884
 46860,  2.560,  5.355, 45.224,  6.802,  1.111
 46920,  2.702,  5.391, 49.071,  7.034,  1.322
 46980,  2.606,  5.261, 47.453,  6.697,  1.235
 47040,  2.613,  5.337, 47.554,  6.753,  1.071
 47100,  2.530,  4.864, 46.921,  6.388,  1.029
 47160,  2.498,  4.991, 46.051,  6.284,  0.987
 47220,  2.513,  4.612, 44.004,  6.023,  0.863
 47280,  2.445,  4.461, 43.748,  5.968,  0.868
 47340,  2.471,  4.548, 45.422,  5.779,  1.007
 47400,  2.445,  4.438, 43.160,  5.638,  0.756
 47460,  2.467,  4.187, 41.485,  5.526,  0.755
 47520,  2.398,  3.983, 42.115,  5.511,  0.693
 47580,  2.369,  3.832, 41.067,  5.385,  0.711
 47640,  2.390,  3.785, 41.070,  5.275,  0.657
 47700,  2.364,  3.997, 41.120,  5.274,  0.727
 47760,  2.393,  3.633, 39.792,  4.975,  0.584
 47820,  2.353,  3.839, 38.717,  5.138,  0.641
 47880,  2.400,  3.977, 40.499,  5.188,  0.699
 47940,  2.405,  3.837, 41.204,  5.340,  0.725
 48000,  2.387,  3.792, 39.425,  5.086,  0.579
 48060,  2.339,  3.786, 40.452,  5.156,  0.662
 48120,  2.379,  3.590, 38.976,  5.063,  0.631
 48180,  2.407,  3.596, 39.626,  5.063,  0.627
 48240,  2.355,  3.452, 38.419,  4.702,  0.565
 48300,  2.202,  3.955, 39.035,  4.932,  0.529
 48360,  2.331,  3.641, 36.591,  4.968,  0.595
 48420,  2.422,  3.688, 37.100,  4.994,  0.625
 48480,  2.432,  3.513, 36.764,  4.841,  0.611
 48540,  2.342,  3.576, 38.417,  4.885,  0.605
 48600,  2.413,  3.675, 37.570,  4.815,  0.508
 48660,  2.393,  3.675, 36.851,  5.015,  0.537
 48720,  2.421,  3.703, 36.691,  4.842,  0.599
 48780,  2.355,  3.563, 37.259,  4.995,  0.554
 48840,  2.462,  3.780, 38.486,  5.030,  0.670
 48900,  2.447,  3.540, 37.831,  4.908,  0.570
 48960,  2.440,  4.003, 37.552,  4.774,  0.555
 49020,  2.445,  3.657, 37.425,  4.819,  0.560
 49080,  2.426,  3.798, 37.019,  4.845,  0.613
 49140,  2.487,  4.030, 37.168,  4.945,  0.629
 49200,  2.442,  4.014, 37.204,  4.768,  0.484
 49260,  2.522,  3.912, 36.469,  4.934,  0.571
 49320,  2.449,  4.001, 36.623,  4.834,  0.634
 49380,  2.531,  3.872, 36.306,  5.039,  0.665
 49440,  2.462,  3.970, 36.877,  4.879,  0.599
 49500,  2.471,  3.971, 37.629,  4.934,  0.557
 49560,  2.519,  3.958, 36.460,  4.858,  0.635
 49620,  2.551,  4.188, 37.226,  4.796,  0.613
 49680,  2.581,  4.074, 36.435,  4.943,  0.620
 49740,  2.550,  4.096, 35.853,  4.882,  0.585
 49800,  2.520,  4.198, 35.908,  4.830,  0.620
 49860,  2.579,  4.267, 35.149,  4.879,  0.632
 49920,  2.611,  4.341, 36.016,  4.808,  0.536
 49980,  2.662,  4.441, 36.392,  5.011,  0.547
 50040,  2.625,  4.859, 36.923,  4.995,  0.560
 50100,  2.635,  5.199, 36.576,  4.628,  0.620
 50160, -9999.000, -9999.000, -9999.000, -9999.000, -9999.000
 50220,  2.714,  4.654, 31.948,  4.667,  0.676
 50280,  2.663,  5.002, 33.381,  4.977,  0.711
 50340,  2.650,  4.713, 35.757,  4.865,  0.622
 50400,  2.649,  4.441, 35.174,  4.869,  0.541
 50460,  2.694,  4.512, 36.420,  4.948,  0.646
 50520,  2.675,  4.861, 36.224,  4.857,  0.572
 50580,  2.730,  4.969, 36.012,  4.911,  0.579
 50640,  2.700,  4.917, 36.336,  4.876,  0.619
 50700,  2.743,  4.823, 38.054,  4.630,  0.605
 50760,  2.686,  4.767, 36.151,  4.792,  0.652
 50820,  2.763,  5.034, 37.815,  4.798,  0.605
 50880,  2.743,  5.539, 36.440,  4.868,  0.646
 50940,  2.785,  5.502, 37.667,  4.632,  0.538
 51000,  2.835,  5.339, 38.096,  4.667,  0.563
 51060,  2.778,  5.140, 36.348,  4.650,  0.584
 51120,  2.836,  5.847, 38.589,  4.859,  0.676
 51180,  2.899,  5.620, 37.974,  4.716,  0.621
 51240,  2.828,  5.933, 38.027,  4.704,  0.640
 51300,  2.813,  5.590, 38.218,  4.805,  0.721
 51360,  2.849,  5.957, 37.812,  4.548,  0.655
 51420,  2.875,  6.506, 38.548,  4.631,  0.596
 51480,  2.879,  6.940, 38.251,  4.704,  0.627
 51540,  2.944,  7.035, 39.627,  4.580,  0.750
 51600,  2.908,  6.633, 37.730,  4.804,  0.661
 51660,  2.887,  6.781, 38.305,  4.549,  0.621
 51720,  2.906,  6.847, 39.780,  4.663,  0.609
 51780,  2.962,  7.322, 39.748,  4.621,  0.680
 51840,  2.970,  7.220, 38.319,  4.688,  0.612
 51900,  3.039,  7.290, 38.622,  4.611,  0.567
 51960,  3.052,  7.196, 37.853,  4.581,  0.584
 52020, -9999.000, -9999.000, -9999.000, -9999.000, -9999.000
 52080,  3.051,  7.122, 35.144,  4.446,  0.667
 52140,  3.146,  7.065, 35.921,  4.673,  0.595
 52200,  3.043,  6.950, 36.582,  4.627,  0.570
 52260,  3.132,  7.386, 36.796,  4.732,  0.662
 52320,  3.067,  7.510, 38.082,  4.758,  0.660
 52380,  3.105,  7.920, 38.064,  4.559,  0.625
 52440,  3.163,  8.015, 37.992,  4.721,  0.710
 52500,  3.111,  7.742, 39.081,  4.683,  0.701
 52560,  3.170,  7.384, 38.540,  4.663,  0.664
 52620,  3.205,  7.758, 39.082,  4.813,  0.676
 52680,  3.207,  8.090, 37.935,  4.683,  0.697
 52740,  3.355,  8.456, 38.798,  4.811,  0.661
 52800,  3.366,  8.841, 38.815,  4.726,  0.711
 52860,  3.599, 10.506, 38.777,  5.048,  0.652
 52920,  3.860, 12.264, 38.391,  5.266,  0.792
 52980,  3.663, 11.725, 38.356,  5.220,  0.759
 53040,  3.373, 10.622, 40.830,  4.827,  0.723
 53100,  3.285,  9.837, 40.378,  4.882,  0.726
 53160,  3.304, 10.945, 42.376,  4.901,  0.739
 53220,  3.380, 11.234, 42.505,  4.781,  0.751
 53280,  3.419, 10.644, 42.221,  4.894,  0.707
 53340,  3.375, 11.016, 41.753,  4.920,  0.751
 53400,  3.412, 11.572, 43.548,  4.863,  0.844
 53460,  3.502, 12.202, 43.498,  4.808,  0.868
 53520,  3.425, 11.356, 42.856,  5.071,  0.796
 53580,  3.533, 12.867, 43.223,  4.930,  0.736
 53640,  3.499, 12.709, 43.790,  5.084,  0.644
 53700,  3.562, 13.309, 43.171,  4.954,  0.822
 53760,  3.601, 13.505, 44.201,  5.013,  0.847
 53820,  3.592, 13.215, 42.627,  4.967,  0.741
 53880, -9999.000, -9999.000, -9999.000, -9999.000, -9999.000
 53940,  3.618, 12.672, 38.477,  4.987,  0.729
 54000,  3.599, 12.910, 41.325,  4.920,  0.724
 54060,  3.636, 13.399, 41.953,  5.115,  0.757
 54120,  3.565, 13.278, 42.956,  5.055,  0.784
 54180,  3.535, 13.172, 44.369,  5.266,  0.657
 54240,  3.515, 13.524, 45.307,  5.031,  0.741
 54300,  3.645, 14.106, 45.533,  5.022,  0.736
 54360,  3.652, 13.555, 44.913,  5.186,  0.841
 54420,  3.680, 14.073, 44.658,  4.941,  0.744
 54480,  3.529, 14.595, 44.941,  5.094,  0.781
 54540,  3.685, 14.247, 44.590,  5.044,  0.660
 54600,  3.715, 15.059, 44.790,  4.931,  0.675
 54660,  3.839, 15.610, 44.841,  5.104,  0.867
 54720,  3.750, 15.513, 45.707,  4.965,  0.870
 54780,  3.866, 16.580, 44.070,  5.175,  0.741
 54840,  3.969, 17.309, 42.948,  4.888,  0.836
 54900,  4.068, 17.874, 43.103,  5.075,  0.891
 54960,  4.212, 18.509, 43.023,  4.892,  0.833
 55020,  4.168, 17.876, 44.792,  4.830,  0.879
 55080,  4.166, 17.848, 45.313,  5.045,  0.829
 55140,  4.141, 17.925, 45.307,  5.058,  0.828
 55200,  4.488, 18.798, 45.590,  5.065,  0.817
 55260,  4.294, 18.414, 46.470,  5.016,  0.816
 55320,  4.089, 17.675, 47.628,  5.024,  0.917
 55380,  4.446, 19.680, 48.473,  5.039,  0.882
 55440,  4.373, 19.672, 47.767,  4.958,  0.795
 55500,  4.373, 20.135, 48.724,  5.262,  0.834
 55560,  4.382, 19.292, 49.936,  5.100,  0.717
 55620,  4.628, 20.434, 51.438,  5.209,  0.853
 55680,  4.470, 20.374, 50.158,  5.104,  0.884
 55740,  4.655, 21.973, 46.726,  5.097,  0.814
 55800,  5.837, 25.198, 45.624,  5.716,  0.867
 55860,  6.569, 27.567, 45.310,  6.117,  0.971
 55920,  4.803, 22.380, 50.352,  5.531,  0.976
 55980,  4.653, 22.442, 50.643,  5.218,  0.838
 56040,  4.632, 22.800, 53.654,  5.363,  1.029
 56100,  4.121, 21.543, 56.041,  5.116,  0.934
 56160,  4.250, 22.792, 57.732,  5.217,  0.901
 56220,  4.154, 23.092, 57.569,  5.186,  0.940
 56280,  4.167, 23.497, 58.050,  5.101,  0.984
 56340,  4.261, 23.680, 58.391,  5.176,  1.006
 56400,  4.421, 24.960, 58.674,  5.113,  0.992
 56460,  4.515, 25.417, 57.657,  5.261,  0.947
 56520,  4.552, 25.940, 57.266,  5.224,  0.885
 56580,  4.595, 25.594, 60.118,  5.337,  0.881
 56640,  4.596, 26.076, 59.456,  5.194,  1.024
 56700,  6.490, 30.862, 52.438,  5.893,  0.953
 56760,  7.128, 31.335, 51.132,  6.502,  0.929
 56820,  6.935, 30.514, 52.982,  6.181,  1.008
 56880,  7.686, 32.750, 51.760,  6.647,  0.879
 56940,  8.120, 33.246, 50.660,  6.848,  0.997
 57000,  8.988, 35.112, 48.051,  7.193,  1.058
 57060,  7.070, 29.450, 57.263,  5.873,  1.009
 57120,  5.887, 28.599, 61.686,  4.190,  1.072
 57180,  5.799, 29.713, 64.249,  5.016,  0.995
 57240,  5.451, 29.057, 68.310,  5.037,  1.021
 57300,  5.479, 29.355, 70.033,  4.796,  0.951
 57360, -9999.000, -9999.000, -9999.000, -9999.000, -9999.000
 57420,  7.761, 34.335, 46.898,  6.362,  1.090
 57480,  7.933, 35.707, 51.502,  6.403,  0.985
 57540,  9.534, 35.752, 48.165,  6.628,  1.037
 57600, 10.715, 35.980, 42.960,  7.158,  1.137
 57660, 11.048, 38.816, 42.811,  7.591,  1.179
 57720, 10.695, 36.093, 38.609,  7.465,  0.966
 57780, 11.748, 37.085, 47.914,  8.818,  7.951
 57840, 12.951, 40.868, 56.347,  9.715,  6.534
 57900, 12.877, 40.142, 55.909,  9.565, 11.066
 57960, 12.785, 40.333, 54.320,  9.144, 12.982
 58020, 12.400, 41.339, 61.121,  8.877, 13.354
 58080, 13.530, 41.952, 56.391,  9.476, 16.095
 58140, 13.523, 42.683, 55.984,  9.519, 15.980
 58200, 12.960, 38.651, 55.169,  9.573, 28.996
 58260, 12.919, 38.375, 53.973,  9.596, 25.853
 58320, 13.714, 41.716, 56.639,  9.336, 13.362
 58380, 13.890, 41.510, 58.081,  9.398, 12.334
 58440, 13.827, 41.802, 56.744,  9.475, 14.260
 58500, 14.543, 44.723, 57.874,  9.530,  6.866
 58560, 15.105, 45.490, 58.986,  9.394,  4.588
 58620, 15.397, 47.915, 57.285,  9.470,  5.922
 58680, 15.760, 48.680, 60.183,  9.498, 10.687
 58740, 15.358, 48.803, 59.440,  9.406, 10.877
 58800, -9999.000, -9999.000, -9999.000, -9999.000, -9999.000
 58860, -9999.000, -9999.000, -9999.000, -9999.000, -9999.000
 58920, -9999.000, -9999.000, -9999.000, -9999.000, -9999.000
 58980, -9999.000, -9999.000, -9999.000, -9999.000, -9999.000
 59040, -9999.000, -9999.000, -9999.000, -9999.000, -9999.000
 59100, -9999.000, -9999.000, -9999.000, -9999.000, -9999.000
 59160, -9999.000, -9999.000, -9999.000, -9999.000, -9999.000
 59220, -9999.000, -9999.000, -9999.000, -9999.000, -9999.000
 59280, -9999.000, -9999.000, -9999.000, -9999.000, -9999.000
 59340, -9999.000, -9999.000, -9999.000, -9999.000, -9999.000
 59400, -9999.000, -9999.000, -9999.000, -9999.000, -9999.000
 59460, -9999.000, -9999.000, -9999.000, -9999.000, -9999.000
 59520, -9999.000, -9999.000, -9999.000, -9999.000, -9999.000
 59580, -9999.000, -9999.000, -9999.000, -9999.000, -9999.000
 59640, -9999.000, -9999.000, -9999.000, -9999.000, -9999.000
 59700, -9999.000, -9999.000, -9999.000, -9999.000, -9999.000
 59760, -9999.000, -9999.000, -9999.000, -9999.000, -9999.000
 59820, -9999.000, -9999.000, -9999.000, -9999.000, -9999.000
