CampaignData_and_Merges/R0/CSL_MobileLab_Parked/raw/20240806/USOS-NOy-LIF_MobileLabGround_20240806_R0.ict
39,1001
Rollins, A.; Waxman, E.; Zuraski, K.; Chace, W.
NOAA Chemical Sciences Laboratory
LIF NO/NOx/NOy on CSL Mobile Lab
AMMBEC / USOS
1, 1
2024,08,06, 2025,01,04
1
Time_Start, seconds, number_of_seconds_since_0000_UTC
7
1, 1, 1, 1, 1, 1, 1
-9999, -9999, -9999, -9999, -9999, -9999, -9999
Time_Stop, seconds, number_of_seconds_since_0000_UTC
NO_LIF, pptv, Gas_NO_InSitu_S_AVMR, volume mixing ratio of nitric oxide in air
NO2_LIF, pptv, Gas_NO2_InSitu_S_AVMR, volume mixing ratio of nitrogen dioxide in air
NOy_LIF, pptv, Gas_NOy_InSitu_S_AVMR, volume mixing ratio of total oxidized nitrogen in air
NO_LIF_1SigmaAccuracy, pptv, Gas_NO_InSitu_S_AVMR, volume mixing ratio of nitric oxide in air
NO2_LIF_1SigmaAccuracy, pptv, Gas_NO2_InSitu_S_AVMR, volume mixing ratio of nitrogen dioxide in air
NOy_LIF_1SigmaAccuracy, pptv, Gas_NOy_InSitu_S_AVMR, volume mixing ratio of total oxidized nitrogen in air
0
18
PI_CONTACT_INFO: andrew.rollins@noaa.gov
PLATFORM: CSL Mobile Lab
LOCATION: Salt Lake City, UT
ASSOCIATED_DATA:
INSTRUMENT_INFO: NO detection by laser induced fluorescence. NO2 detection by photolytic conversion to NO. NOy detection by catalytic conversion to NO on gold surface
DATA_INFO:
UNCERTAINTY: Included 1 Sigma Accuracy waves represent the combined calibration uncertainties (±6%, ±9%, ±10%) and zero uncertainties (3 ppt, 20 ppt, 100 ppt) for NO, NO2, and NOy, respectively.
ULOD_FLAG: -7777
ULOD_VALUE: N/A
LLOD_FLAG: -8888
LLOD_VALUE: N/A
DM_CONTACT_INFO: andrew.rollins@noaa.gov
PROJECT_INFO: USOS Project, July - August 2024
STIPULATIONS_ON_USE: Users are strongly encouraged to contact the PI for proper data usage.
OTHER_COMMENTS:
REVISION: R0
R0: final data
Time_Start, Time_Stop, NO_LIF, NO2_LIF, NOy_LIF, NO_LIF_1SigmaAccuracy, NO2_LIF_1SigmaAccuracy, NOy_LIF_1SigmaAccuracy
[from data line 1052]
   63120,   63180,791.25,3945.5,6018.9,50.475, 375.09, 701.89
   63180,   63240,745.1,4084.8,6053.6,47.706, 387.63, 705.36
   63240,   63300,796.43,4053.4,6125,50.786, 384.8, 712.5
   63300,   63360,793.72,4161.1,6220,50.623, 394.5, 722
   63360,   63420,817.11,4115.6,6204.9,52.026, 390.4, 720.49
   63420,   63480,1131.8,4969.5,6724.4,70.905, 467.25, 772.44
   63480,   63540,1393.7,5380.4,7250.9,86.621, 504.24, 825.09
   63540,   63600,1407.1,5837.4,8667,87.424, 545.37, 966.7
   63600,   63660,923.06,4609.3,7029,58.384, 434.84, 802.9
   63660,   63720,981.31,4605.3,6484.7,61.879, 434.48, 748.47
   63720,   63780,1610.1,6143.3,8432.4,99.606, 572.9, 943.24
   63780,   63840,1085.5,4904.9,8326.2,68.132, 461.44, 932.62
   63840,   63900,-9999,-9999,-9999,-9999, -9999, -9999
   63900,   63960,-9999,-9999,-9999,-9999, -9999, -9999
   63960,   64020,-9999,-9999,-9999,-9999, -9999, -9999
   64020,   64080,-9999,-9999,-9999,-9999, -9999, -9999
   64080,   64140,-9999,-9999,-9999,-9999, -9999, -9999
   64140,   64200,-9999,-9999,-9999,-9999, -9999, -9999
   64200,   64260,-9999,-9999,-9999,-9999, -9999, -9999
   64260,   64320,832.39,4239.1,6464.8,52.943, 401.52, 746.48
   64320,   64380,882.81,4396.7,6439.3,55.968, 415.71, 743.93
   64380,   64440,880.16,4370.2,6451.3,55.809, 413.32, 745.13
   64440,   64500,1266.2,5480.3,7284.8,78.971, 513.23, 828.48
   64500,   64560,1661.1,6388.4,8260.3,102.67, 594.96, 926.03
   64560,   64620,705.11,3746.5,5605.5,45.307, 357.19, 660.55
   64620,   64680,599.72,3085.6,4821.1,38.983, 297.7, 582.11
   64680,   64740,562.9,2914.5,4507.7,36.774, 282.31, 550.77
   64740,   64800,591.38,3137.5,4494.2,38.483, 302.38, 549.42
   64800,   64860,874.98,4073.3,5800.1,55.499, 386.6, 680.01
   64860,   64920,1352.4,4786.2,5523.4,84.144, 450.75, 652.34
   64920,   64980,774.2,3511.8,5289.8,49.452, 336.06, 628.98
   64980,   65040,1144.4,4201.2,5915.7,71.665, 398.11, 691.57
   65040,   65100,634.89,2935.7,3986.8,41.093, 284.21, 498.68
   65100,   65160,1486.6,4102.8,5243.7,92.194, 389.25, 624.37
   65160,   65220,672.56,2816.5,4194.2,43.354, 273.49, 519.42
   65220,   65280,729.4,3087.5,4564.5,46.764, 297.88, 556.45
   65280,   65340,738.9,3314.5,4916.7,47.334, 318.31, 591.67
   65340,   65400,766.44,3108.1,4753.8,48.986, 299.73, 575.38
   65400,   65460,465.97,1962.1,2994.5,30.958, 196.59, 399.45
   65460,   65520,251.85,1113.9,1792.6,18.111, 120.25, 279.26
   65520,   65580,332.93,1468.5,2307.6,22.976, 152.16, 330.76
   65580,   65640,1376.8,3146.7,5296.2,85.607, 303.2, 629.62
   65640,   65700,489.75,1960.9,3063.4,32.385, 196.49, 406.34
   65700,   65760,322.09,1413.4,2235,22.325, 147.2, 323.5
   65760,   65820,328.01,1317.2,2128,22.681, 138.55, 312.8
   65820,   65880,545.79,1859.6,2781.2,35.747, 187.36, 378.12
   65880,   65940,339.13,1463.2,2278.9,23.348, 151.68, 327.89
   65940,   66000,405.03,1647,2536.9,27.302, 168.23, 353.69
   66000,   66060,400.2,1632.3,2543.7,27.012, 166.91, 354.37
   66060,   66120,313.78,1376.1,2169,21.827, 143.85, 316.9
   66120,   66180,306.16,1264.7,2164.5,21.37, 133.82, 316.45
   66180,   66240,652.08,1745.6,3158.3,42.125, 177.1, 415.83
   66240,   66300,328.02,1358.7,2205.6,22.681, 142.29, 320.56
   66300,   66360,322.85,1144.2,1934.5,22.371, 122.98, 293.45
   66360,   66420,266.91,1130.7,1962.4,19.015, 121.76, 296.24
   66420,   66480,361.11,1467.5,2415.1,24.667, 152.08, 341.51
   66480,   66540,645.62,2112,3208.6,41.737, 210.08, 420.86
   66540,   66600,420.1,1786.6,2808.3,28.206, 180.8, 380.83
   66600,   66660,426.26,1832.2,2866.1,28.575, 184.9, 386.61
   66660,   66720,443.51,1878.5,2888.8,29.611, 189.07, 388.88
   66720,   66780,590.53,2326.5,3532.8,38.432, 229.39, 453.28
   66780,   66840,622.04,2427.1,3802.8,40.323, 238.44, 480.28
   66840,   66900,631.84,2476.2,3728.7,40.91, 242.86, 472.87
   66900,   66960,411.12,1681,2719.8,27.667, 171.29, 371.98
   66960,   67020,430.66,1715.8,2686.7,28.839, 174.42, 368.67
   67020,   67080,672.56,2215.3,3354.9,43.353, 219.38, 435.49
   67080,   67140,631.99,2204.7,3496.7,40.919, 218.43, 449.67
   67140,   67200,524.86,1989.7,3092.8,34.491, 199.08, 409.28
   67200,   67260,434.16,1772.3,2804.7,29.05, 179.51, 380.47
   67260,   67320,506.32,1943.1,3148.6,33.379, 194.88, 414.86
   67320,   67380,419.47,1767.3,2816.6,28.168, 179.06, 381.66
   67380,   67440,364.66,1545.8,2504,24.88, 159.12, 350.4
   67440,   67500,352.04,1494.3,2431.6,24.122, 154.49, 343.16
   67500,   67560,384.74,1626.4,2631,26.084, 166.38, 363.1
   67560,   67620,413.62,1740.5,2823.9,27.817, 176.64, 382.39
   67620,   67680,559.64,2192.5,3448.1,36.578, 217.32, 444.81
   67680,   67740,928.44,2856.8,4231.1,58.706, 277.11, 523.11
   67740,   67800,624.42,2441.6,3811.3,40.465, 239.75, 481.13
   67800,   67860,518.07,2074,3271.4,34.084, 206.66, 427.14
   67860,   67920,737.66,2554,4120.9,47.26, 249.86, 512.09
   67920,   67980,392.47,1626.7,2731.1,26.548, 166.41, 373.11
   67980,   68040,373.3,1544.1,2489.3,25.398, 158.97, 348.93
   68040,   68100,358.74,1511.8,2486,24.524, 156.06, 348.6
   68100,   68160,372.75,1570.7,2588.8,25.365, 161.37, 358.88
   68160,   68220,424.76,1769.5,2792.2,28.486, 179.25, 379.22
   68220,   68280,664.48,2161.5,3386.1,42.869, 214.54, 438.61
   68280,   68340,561.67,2026.1,3189.9,36.7, 202.35, 418.99
   68340,   68400,464.27,1932.1,3155.7,30.856, 193.89, 415.57
   68400,   68460,491.61,2003.5,3234.2,32.497, 200.32, 423.42
   68460,   68520,635.54,2492.2,3928.5,41.132, 244.3, 492.85
   68520,   68580,562.37,2242.4,3352.9,36.742, 221.81, 435.29
   68580,   68640,810.77,2652.4,4184,51.646, 258.72, 518.4
   68640,   68700,461.74,1820.2,3058.6,30.704, 183.82, 405.86
   68700,   68760,623.05,2417.1,3611,40.383, 237.54, 461.1
   68760,   68820,318.79,1317.4,2195.3,22.128, 138.56, 319.53
   68820,   68880,2306.1,4525.2,6352.2,141.37, 427.26, 735.22
   68880,   68940,1988.1,4723.3,6693.1,122.29, 445.1, 769.31
   68940,   69000,871.97,2620.2,4569.7,55.318, 255.82, 556.97
   69000,   69060,542.12,2209.2,3436.6,35.527, 218.83, 443.66
   69060,   69120,661.18,2703.8,4266.9,42.671, 263.34, 526.69
   69120,   69180,602.45,2563.1,3920.5,39.147, 250.68, 492.05
   69180,   69240,849.54,2908.7,4608.8,53.972, 281.79, 560.88
   69240,   69300,483.64,2123.9,3568,32.019, 211.15, 456.8
   69300,   69360,517.27,2240.7,3609,34.036, 221.66, 460.9
   69360,   69420,564.6,2350.4,3818.5,36.876, 231.54, 481.85
   69420,   69480,480.22,2066.5,3433.2,31.813, 205.98, 443.32
   69480,   69540,459.01,1955,3341.2,30.541, 195.95, 434.12
   69540,   69600,1133.2,3245.2,5960.5,70.99, 312.07, 696.05
   69600,   69660,493.76,2162.4,3569.8,32.626, 214.62, 456.98
   69660,   69720,787.32,2668.6,3781,50.239, 260.17, 478.1
   69720,   69780,981.16,3157.7,4709,61.87, 304.19, 570.9
   69780,   69840,1173.8,3853.7,5504.8,73.426, 366.84, 650.48
   69840,   69900,581.49,2374.4,3869.4,37.889, 233.7, 486.94
   69900,   69960,534.26,2232,3757.3,35.056, 220.88, 475.73
   69960,   70020,472,2101.7,3446.6,31.32, 209.15, 444.66
   70020,   70080,433.94,1880.1,3217,29.037, 189.21, 421.7
   70080,   70140,353.81,1568.6,2800.4,24.228, 161.17, 380.04
   70140,   70200,354.32,1546.5,2738,24.259, 159.18, 373.8
   70200,   70260,361.84,1614.2,2829.2,24.71, 165.28, 382.92
   70260,   70320,397.58,1739.6,2998.5,26.855, 176.56, 399.85
   70320,   70380,398.74,1753.1,3006.6,26.925, 177.78, 400.66
   70380,   70440,379.33,1686.8,2935.4,25.76, 171.81, 393.54
   70440,   70500,423.05,1746.6,3011.3,28.383, 177.19, 401.13
   70500,   70560,388.39,1686.3,2944.7,26.304, 171.77, 394.47
   70560,   70620,361.01,1617.1,2879.4,24.66, 165.54, 387.94
   70620,   70680,354.35,1547.1,2824.9,24.261, 159.24, 382.49
   70680,   70740,361.61,1578.8,2911.4,24.697, 162.09, 391.14
   70740,   70800,337.78,1462.8,2698.2,23.267, 151.66, 369.82
   70800,   70860,622.65,2028,3714.7,40.359, 202.52, 471.47
   70860,   70920,442.99,1851.7,3145.4,29.579, 186.66, 414.54
   70920,   70980,477.12,2062.9,3511.1,31.627, 205.66, 451.11
   70980,   71040,562.28,1982.8,3446.4,36.737, 198.46, 444.64
   71040,   71100,428.12,1809.3,3160.5,28.687, 182.84, 416.05
   71100,   71160,479.54,2080.8,3495.5,31.772, 207.27, 449.55
   71160,   71220,401.35,1750.4,3190.5,27.081, 177.53, 419.05
   71220,   71280,391.61,1666.5,3010.1,26.497, 169.98, 401.01
   71280,   71340,388.16,1708.1,3026.4,26.289, 173.72, 402.64
   71340,   71400,542.83,2129.7,3444.4,35.57, 211.68, 444.44
   71400,   71460,330.12,1727.8,3008.1,22.807, 175.51, 400.81
   71460,   71520,280.32,1455.4,2690.2,19.819, 150.98, 369.02
   71520,   71580,277.93,1495.7,2702.2,19.676, 154.61, 370.22
   71580,   71640,234.62,1244.8,2437.9,17.077, 132.03, 343.79
   71640,   71700,381.51,1602.9,2875,25.891, 164.26, 387.5
   71700,   71760,446.77,1850.2,3300.8,29.806, 186.52, 430.08
   71760,   71820,338.27,1466.3,2673.7,23.296, 151.96, 367.37
   71820,   71880,-9999,-9999,-9999,-9999, -9999, -9999
   71880,   71940,-9999,-9999,-9999,-9999, -9999, -9999
   71940,   72000,-9999,-9999,-9999,-9999, -9999, -9999
   72000,   72060,-9999,-9999,-9999,-9999, -9999, -9999
   72060,   72120,-9999,-9999,-9999,-9999, -9999, -9999
   72120,   72180,-9999,-9999,-9999,-9999, -9999, -9999
   72180,   72240,-9999,-9999,-9999,-9999, -9999, -9999
   72240,   72300,285.47,1309.1,2593.4,20.128, 137.82, 359.34
   72300,   72360,259.89,1306,2650.4,18.594, 137.54, 365.04
   72360,   72420,238.71,1224.4,2491.3,17.322, 130.19, 349.13
   72420,   72480,249.92,1357.5,2627.4,17.995, 142.17, 362.74
   72480,   72540,272.86,1348.6,2632.5,19.372, 141.37, 363.25
   72540,   72600,313.64,1500.2,2806,21.818, 155.02, 380.6
   72600,   72660,401.89,1824.6,3335.1,27.113, 184.21, 433.51
   72660,   72720,334.98,1562.8,2926.3,23.099, 160.65, 392.63
   72720,   72780,318.48,1511.7,2839.2,22.109, 156.06, 383.92
   72780,   72840,360.25,1723.4,3126,24.615, 175.11, 412.6
   72840,   72900,374.95,1749.8,3232.3,25.497, 177.48, 423.23
   72900,   72960,398.33,1846.3,3317.3,26.9, 186.16, 431.73
   72960,   73020,400.6,1891.7,3483,27.036, 190.25, 448.3
   73020,   73080,333.75,1679,3599.5,23.025, 171.11, 459.95
   73080,   73140,361.37,1818.2,3562.9,24.682, 183.63, 456.29
   73140,   73200,302.77,1624.4,3143.3,21.166, 166.19, 414.33
   73200,   73260,371.86,1826.5,3495.3,25.312, 184.39, 449.53
   73260,   73320,360.08,1800.4,3485.3,24.605, 182.04, 448.53
   73320,   73380,263.6,1889.4,3525.5,18.816, 190.05, 452.55
   73380,   73440,460.98,2093.4,3591.6,30.659, 208.41, 459.16
   73440,   73500,521.43,2164.5,3773,34.286, 214.81, 477.3
   73500,   73560,227.59,1688.8,3236,16.655, 171.99, 423.6
   73560,   73620,264.18,1663.2,3258.5,18.851, 169.69, 425.85
   73620,   73680,289.68,1605.7,3172.9,20.381, 164.51, 417.29
   73680,   73740,314.26,1626.1,3354.6,21.856, 166.35, 435.46
   73740,   73800,325.87,1707.8,3436.9,22.552, 173.7, 443.69
   73800,   73860,357.62,1882.6,3555,24.457, 189.44, 455.5
   73860,   73920,304.38,1605.9,3301.5,21.263, 164.53, 430.15
   73920,   73980,253.84,1511.7,3289.4,18.23, 156.05, 428.94
   73980,   74040,2280.2,5881.1,10430,139.81, 549.3, 1143
   74040,   74100,3773.9,11028,17623,229.43, 1012.5, 1862.3
   74100,   74160,362.65,1974.7,4079.4,24.759, 197.72, 507.94
   74160,   74220,340.52,1808.4,3431.7,23.431, 182.76, 443.17
   74220,   74280,341.26,1838.3,3476.6,23.475, 185.44, 447.66
   74280,   74340,353.51,1952.2,3611.9,24.21, 195.7, 461.19
   74340,   74400,324.64,1810.6,3415.8,22.478, 182.96, 441.58
   74400,   74460,253.85,1470.1,3065,18.231, 152.31, 406.5
   74460,   74520,345.18,1649.2,3248.8,23.711, 168.43, 424.88
   74520,   74580,293.23,1563,3205.3,20.594, 160.67, 420.53
   74580,   74640,272.78,1476.1,3135.1,19.367, 152.85, 413.51
   74640,   74700,299.32,1556.8,3157,20.959, 160.12, 415.7
   74700,   74760,284.87,1502.1,3098.4,20.092, 155.19, 409.84
   74760,   74820,344.83,1759.1,3455.7,23.69, 178.32, 445.57
   74820,   74880,316.51,1677.4,3368.5,21.991, 170.96, 436.85
   74880,   74940,284.02,1500.3,3147.2,20.041, 155.03, 414.72
   74940,   75000,256.7,1423.3,2970.1,18.402, 148.09, 397.01
   75000,   75060,250.79,1452.2,3065.7,18.047, 150.7, 406.57
   75060,   75120,238.55,1574.2,3044,17.313, 161.68, 404.4
   75120,   75180,330.78,1929.6,3645.2,22.847, 193.66, 464.52
   75180,   75240,294.9,1577,3286.4,20.694, 161.93, 428.64
   75240,   75300,285.88,1591,3148,20.153, 163.19, 414.8
   75300,   75360,272.26,1391.7,3012.2,19.336, 145.26, 401.22
   75360,   75420,302.71,1617.1,3339.7,21.162, 165.53, 433.97
   75420,   75480,288.26,1510,3212.9,20.295, 155.9, 421.29
   75480,   75540,252.02,1366.4,3051.6,18.121, 142.97, 405.16
   75540,   75600,226.52,1270.9,2919.7,16.591, 134.38, 391.97
   75600,   75660,237.32,1296.1,2933.7,17.239, 136.65, 393.37
   75660,   75720,250.79,1364.9,2950.8,18.047, 142.84, 395.08
   75720,   75780,249.07,1386.7,3034.1,17.944, 144.81, 403.41
   75780,   75840,249.3,1381.6,2987,17.958, 144.34, 398.7
   75840,   75900,250.57,1399.4,3065.3,18.034, 145.95, 406.53
   75900,   75960,256.77,1508.2,3141.1,18.406, 155.74, 414.11
   75960,   76020,235.7,1467.8,3149.2,17.142, 152.1, 414.92
   76020,   76080,253.94,1402.6,2813.8,18.236, 146.23, 381.38
   76080,   76140,294.6,1552.4,3252.4,20.676, 159.72, 425.24
   76140,   76200,290.07,1519,3167.6,20.404, 156.71, 416.76
   76200,   76260,295.14,1635.4,3295.7,20.708, 167.19, 429.57
   76260,   76320,259.04,1492,3073.9,18.542, 154.28, 407.39
   76320,   76380,268.41,1488,3114,19.105, 153.92, 411.4
   76380,   76440,288.11,1642.1,3298,20.287, 167.79, 429.8
   76440,   76500,260.16,1518.5,3292.5,18.609, 156.67, 429.25
   76500,   76560,231.08,1373.2,3087.5,16.865, 143.58, 408.75
   76560,   76620,244.19,1407.3,3097.4,17.651, 146.66, 409.74
   76620,   76680,242.64,1475.6,3151.4,17.559, 152.8, 415.14
   76680,   76740,232.43,1380.1,3054.3,16.946, 144.21, 405.43
   76740,   76800,233.77,1411.5,3123,17.026, 147.03, 412.3
   76800,   76860,239.02,1387.6,3177.6,17.341, 144.88, 417.76
   76860,   76920,222.22,1321,2992.8,16.333, 138.89, 399.28
   76920,   76980,218.32,1425.4,3049.8,16.099, 148.29, 404.98
   76980,   77040,231.76,1434.7,3096.5,16.906, 149.12, 409.65
   77040,   77100,213.95,1311.6,2916.4,15.837, 138.04, 391.64
   77100,   77160,236.12,1402.1,2991.6,17.167, 146.19, 399.16
   77160,   77220,211.25,1356.3,2932.1,15.675, 142.07, 393.21
   77220,   77280,211.36,1426.2,2944.9,15.682, 148.36, 394.49
   77280,   77340,235.33,1481.1,3121.1,17.12, 153.29, 412.11
   77340,   77400,305.35,1846.3,3477.7,21.321, 186.17, 447.77
   77400,   77460,247.13,1547.2,3180.6,17.828, 159.25, 418.06
   77460,   77520,233.12,1462.2,3149.8,16.987, 151.59, 414.98
   77520,   77580,233.8,1362.7,2971.7,17.028, 142.64, 397.17
   77580,   77640,253.99,1452.1,3056.4,18.239, 150.69, 405.64
   77640,   77700,250.17,1392.9,3078.1,18.01, 145.36, 407.81
   77700,   77760,238.3,1428.5,3089.4,17.298, 148.57, 408.94
   77760,   77820,295.79,1765.3,3472,20.747, 178.87, 447.2
   77820,   77880,366.57,2066.6,3850.1,24.994, 205.99, 485.01
   77880,   77940,337.59,1997.3,3804.8,23.255, 199.76, 480.48
   77940,   78000,310.1,1850.8,3645.7,21.606, 186.57, 464.57
   78000,   78060,400.02,2239.8,4052.5,27.001, 221.58, 505.25
   78060,   78120,543.9,3055.7,5446.6,35.634, 295.01, 644.66
   78120,   78180,365.11,2467.9,4318.2,24.906, 242.11, 531.82
   78180,   78240,312.61,2040.6,4097.6,21.757, 203.65, 509.76
   78240,   78300,277.76,1878.4,3734.1,19.666, 189.05, 473.41
   78300,   78360,282.77,1982.1,3906.2,19.966, 198.39, 490.62
   78360,   78420,315.92,2073.1,3898.6,21.955, 206.58, 489.86
   78420,   78480,320.56,2107.7,4041.7,22.233, 209.69, 504.17
   78480,   78540,314.39,2157.2,4123.7,21.864, 214.15, 512.37
   78540,   78600,307.72,2089.6,4081.2,21.463, 208.07, 508.12
   78600,   78660,300.39,2128.5,4096.1,21.023, 211.57, 509.61
   78660,   78720,317.84,2238.7,4173.4,22.07, 221.48, 517.34
   78720,   78780,426.48,2724.5,4872.4,28.589, 265.2, 587.24
   78780,   78840,277.79,2024.6,4090.9,19.667, 202.21, 509.09
