CampaignData_and_Merges/R0/CSL_MobileLab_Parked/raw/20240806/USOS-jNO2_MobileLabGround_20240806_R0.ict
52,1001
Waxman, E.; Rollins, A.; Zuraski, K.; Chace, W.
NOAA Chemical Sciences Laboratory
jNO2 filter radiometer on CSL Mobile Lab
AMMBEC / USOS
1, 1
2024,08,06, 2025,04,01
60
Time_Start, seconds, number_of_seconds_since_0000_UTC
20
1, 1, 1, 1, 1, 1, 1, 1, 1, 1, 1, 1, 1, 1, 1, 1, 1, 1, 1, 1
-9999, -9999, -9999, -9999, -9999, -9999, -9999, -9999, -9999, -9999, -9999, -9999, -9999, -9999, -9999, -9999, -9999, -9999, -9999, -9999
Time_Stop, seconds, number_of_seconds_since_0000_UTC
jNO2_meas, per second, photolysis rate of NO2 measured using a filter radiometer.
jBrCl, per second, photolysis rate of BrCl -> Br + Cl calculated in TUV for cloud-free sky with local AOD
jBr2, per second, photolysis rate of Br2 -> Br + Br calculated in TUV for cloud-free sky with local AOD
jCCl4, per second, photolysis rate of CCl4 -> Products calcualted in TUV for cloud-free sky with local AOD
jCH2Oa, per second, photolysis rate of CH2O -> H + HCO calculated in TUV for cloud-free sky with local AOD
jCH2Ob, per second, photolysis rate of CH2O -> H2 + CO calculated in TUV for cloud-free sky with local AOD
jClNO2, per second, photolysis rate of ClNO2 -> Cl + NO2 calculated in TUV for cloud-free sky with local AOD
jClOa, per second, photolysis rate of ClO -> Cl + O(1D) calculated in TUV for cloud-free sky with local AOD
jClOb, per second, photolysis rate of ClO -> Cl + O(3P) calculated in TUV for cloud-free sky with local AOD
jCl2, per second, photolysis rate of Cl2 -> Cl + Cl calculated in TUV for cloud-free sky with local AOD
jHNO2, per second, photolysis rate of HNO2 -> OH + NO calculated in TUV for cloud-free sky with local AOD
jHNO3, per second, photolysis rate of HNO3 -> OH + NO2 calculated in TUV for cloud-free sky with local AOD
jI2, per second, photolysis rate of I2 -> I + I calculated in TUV for cloud-free sky with local AOD
jNO2, per second, photolysis rate of NO2 -> NO + O(3P) calculated in TUV for cloud-free sky with local AOD
jNO3a, per second, photolysis rate of NO3 -> NO + O2 calculated in TUV for cloud-free sky with local AOD
jNO3b, per second, photolysis rate of NO3 -> NO2 + O(3P) calculated in TUV for cloud-free sky with local AOD
jN2O5, per second, photolysis rate of N2O5 -> NO3 + NO + O(3P) calculated in TUV for cloud-free sky with local AOD
jO3, per second, photolysis rate of O3 -> O2 + O(1D) calculated in TUV for cloud-free sky with local AOD
AOD_500nm, unitless, UTC daily mean AOD at 500 nm from an AERONET station located at 40.178 N, -112.452 E
0
18
PI_CONTACT_INFO: eleanor.waxman@noaa.gov
PLATFORM: CSL Mobile Lab, at ground site
LOCATION: Salt Lake City, UT
ASSOCIATED_DATA:
INSTRUMENT_INFO: jNO2 filter radiometer.  TUV calculations are for mobile van lat/lon/altitude assuming clear sky (cloud AOD = 0) and daily mean AOD.
DATA_INFO:
UNCERTAINTY: Data uncertainties are +/- 20%.  These come from uncertainties in radiometer angular response, radiometer thermal response, local interferences from clouds/aerosols/shadows etc.
ULOD_FLAG: -7777
ULOD_VALUE: N/A
LLOD_FLAG: -8888
LLOD_VALUE: N/A
DM_CONTACT_INFO: eleanor.waxman@noaa.gov
PROJECT_INFO: USOS Project, July - August 2024
STIPULATIONS_ON_USE: Users are strongly encouraged to contact the PI for proper data usage.
OTHER_COMMENTS: 
REVISION: R0
R0: final data
Time_Start, Time_Stop, jNO2_meas, jBrCl, jBr2, jCCl4, jCH2Oa, jCH2Ob, jClNO2, jClOa, jClOb, jCl2, jHNO2, jHNO3, jI2, jNO2, jNO3a, jNO3b, jN2O5, jO3, AOD_500nm
[from data line 803]
   48180,   48240,0.0011515,0.00278,0.01054,3.73e-26,2.115e-06,5.278e-06,5.684e-05,1.397e-26,7.391e-07,0.0003604,0.0002542,2.359e-08,0.04642,0.001757,0.01034,0.07555,4.428e-06,4.88e-07,0.086
   48240,   48300,0.0011605,0.002847,0.01077,3.798e-26,2.189e-06,5.44e-06,5.855e-05,1.421e-26,7.715e-07,0.0003706,0.0002615,2.446e-08,0.04727,0.001806,0.01049,0.07685,4.564e-06,5.078e-07,0.086
   48300,   48360,0.0011894,0.002915,0.01099,3.867e-26,2.264e-06,5.604e-06,6.028e-05,1.446e-26,8.049e-07,0.0003809,0.0002688,2.536e-08,0.0481,0.001855,0.01065,0.07813,4.702e-06,5.283e-07,0.086
   48360,   48420,0.001298,0.002978,0.01121,3.932e-26,2.337e-06,5.762e-06,6.194e-05,1.47e-26,8.375e-07,0.0003907,0.0002758,2.622e-08,0.04888,0.001902,0.01079,0.07932,4.833e-06,5.481e-07,0.086
   48420,   48480,0.0015028,0.003045,0.01143,4.002e-26,2.416e-06,5.931e-06,6.371e-05,1.495e-26,8.732e-07,0.0004011,0.0002832,2.715e-08,0.04969,0.001952,0.01094,0.08057,4.974e-06,5.699e-07,0.086
   48480,   48540,0.001698,0.003112,0.01165,4.072e-26,2.496e-06,6.103e-06,6.551e-05,1.52e-26,9.1e-07,0.0004117,0.0002907,2.811e-08,0.05049,0.002001,0.01109,0.08179,5.117e-06,5.922e-07,0.086
   48540,   48600,0.0017742,0.003174,0.01185,4.14e-26,2.573e-06,6.267e-06,6.721e-05,1.545e-26,9.459e-07,0.0004217,0.0002978,2.903e-08,0.05123,0.002048,0.01123,0.08292,5.254e-06,6.139e-07,0.086
   48600,   48660,0.0018184,0.003241,0.01207,4.212e-26,2.656e-06,6.443e-06,6.905e-05,1.571e-26,9.852e-07,0.0004324,0.0003054,3.003e-08,0.05201,0.002099,0.01137,0.08411,5.401e-06,6.377e-07,0.086
   48660,   48720,0.0018594,0.003307,0.01229,4.285e-26,2.741e-06,6.622e-06,7.09e-05,1.597e-26,1.026e-06,0.0004431,0.0003131,3.105e-08,0.05277,0.002149,0.01151,0.08528,5.549e-06,6.621e-07,0.086
   48720,   48780,0.0019048,0.003369,0.01249,4.354e-26,2.822e-06,6.792e-06,7.267e-05,1.622e-26,1.065e-06,0.0004533,0.0003203,3.203e-08,0.05348,0.002197,0.01163,0.08635,5.69e-06,6.857e-07,0.086
   48780,   48840,0.0019424,0.003433,0.01269,4.429e-26,2.907e-06,6.971e-06,7.453e-05,1.648e-26,1.106e-06,0.0004641,0.000328,3.306e-08,0.05421,0.002247,0.01177,0.08746,5.839e-06,7.109e-07,0.086
   48840,   48900,0.0019975,0.003495,0.01289,4.498e-26,2.994e-06,7.148e-06,7.634e-05,1.673e-26,1.15e-06,0.0004744,0.0003353,3.413e-08,0.05492,0.002295,0.0119,0.08854,5.985e-06,7.371e-07,0.086
   48900,   48960,0.0020491,0.003556,0.01309,4.57e-26,3.079e-06,7.323e-06,7.814e-05,1.699e-26,1.193e-06,0.0004847,0.0003426,3.517e-08,0.0556,0.002342,0.01202,0.08957,6.13e-06,7.628e-07,0.086
   48960,   49020,0.0020754,0.00362,0.01329,4.646e-26,3.171e-06,7.511e-06,8.008e-05,1.727e-26,1.239e-06,0.0004957,0.0003503,3.629e-08,0.05631,0.002393,0.01215,0.09065,6.286e-06,7.908e-07,0.086
   49020,   49080,0.0020628,0.003684,0.01349,4.724e-26,3.264e-06,7.701e-06,8.202e-05,1.755e-26,1.287e-06,0.0005068,0.0003581,3.744e-08,0.05701,0.002444,0.01227,0.09171,6.443e-06,8.196e-07,0.086
   49080,   49140,0.0020281,0.003744,0.01368,4.761e-26,3.353e-06,7.882e-06,8.387e-05,1.767e-26,1.333e-06,0.0005172,0.0003655,3.854e-08,0.05765,0.002491,0.01239,0.09269,6.592e-06,8.472e-07,0.086
   49140,   49200,0.0015835,0.003807,0.01388,4.887e-26,3.448e-06,8.075e-06,8.583e-05,1.811e-26,1.385e-06,0.0005283,0.0003733,3.974e-08,0.05833,0.002542,0.01251,0.09373,6.751e-06,8.788e-07,0.086
   49200,   49260,0.0020712,0.003872,0.01408,4.998e-26,3.552e-06,8.278e-06,8.79e-05,1.845e-26,1.441e-06,0.0005398,0.0003814,4.102e-08,0.05903,0.002594,0.01263,0.09478,6.919e-06,9.116e-07,0.086
   49260,   49320,0.0022801,0.003934,0.01427,5.04e-26,3.647e-06,8.471e-06,8.986e-05,1.867e-26,1.492e-06,0.0005508,0.0003892,4.221e-08,0.05968,0.002644,0.01275,0.09575,7.077e-06,9.422e-07,0.086
   49320,   49380,0.002127,0.003996,0.01446,5.122e-26,3.747e-06,8.67e-06,9.187e-05,1.896e-26,1.547e-06,0.0005621,0.0003971,4.347e-08,0.06033,0.002695,0.01286,0.09674,7.242e-06,9.753e-07,0.086
   49380,   49440,0.0020435,0.004058,0.01465,5.205e-26,3.849e-06,8.87e-06,9.39e-05,1.926e-26,1.604e-06,0.0005733,0.000405,4.476e-08,0.06097,0.002745,0.01298,0.09771,7.407e-06,1.009e-06,0.086
   49440,   49500,0.0020178,0.004116,0.01483,5.285e-26,3.946e-06,9.06e-06,9.582e-05,1.954e-26,1.659e-06,0.0005839,0.0004124,4.599e-08,0.06157,0.002793,0.01308,0.09861,7.563e-06,1.042e-06,0.086
   49500,   49560,0.0025118,0.004177,0.01501,5.369e-26,4.05e-06,9.263e-06,9.786e-05,1.984e-26,1.719e-06,0.0005952,0.0004203,4.731e-08,0.06219,0.002843,0.01319,0.09954,7.73e-06,1.078e-06,0.086
   49560,   49620,0.0026027,0.004237,0.0152,5.455e-26,4.156e-06,9.468e-06,9.992e-05,2.015e-26,1.78e-06,0.0006065,0.0004282,4.867e-08,0.0628,0.002893,0.0133,0.1005,7.898e-06,1.114e-06,0.086
   49620,   49680,0.0026398,0.004294,0.01537,5.537e-26,4.257e-06,9.662e-06,0.0001019,2.044e-26,1.839e-06,0.0006172,0.0004357,4.995e-08,0.06337,0.00294,0.0134,0.1013,8.057e-06,1.15e-06,0.086
   49680,   49740,0.0026898,0.004354,0.01555,5.626e-26,4.365e-06,9.869e-06,0.0001039,2.076e-26,1.903e-06,0.0006285,0.0004436,5.134e-08,0.06397,0.00299,0.0135,0.1022,8.228e-06,1.188e-06,0.086
   49740,   49800,0.002757,0.004413,0.01573,5.715e-26,4.474e-06,1.008e-05,0.000106,2.107e-26,1.969e-06,0.0006398,0.0004515,5.276e-08,0.06456,0.00304,0.01361,0.1031,8.399e-06,1.228e-06,0.086
   49800,   49860,0.0028124,0.004468,0.01589,5.8e-26,4.578e-06,1.027e-05,0.000108,2.138e-26,2.032e-06,0.0006505,0.0004589,5.41e-08,0.0651,0.003087,0.0137,0.1039,8.56e-06,1.265e-06,0.086
   49860,   49920,0.0028678,0.004527,0.01607,5.892e-26,4.689e-06,1.048e-05,0.0001101,2.17e-26,2.101e-06,0.0006618,0.0004668,5.556e-08,0.06567,0.003137,0.0138,0.1048,8.733e-06,1.307e-06,0.086
   49920,   49980,0.002932,0.004585,0.01624,5.985e-26,4.802e-06,1.07e-05,0.0001122,2.203e-26,2.172e-06,0.0006732,0.0004747,5.704e-08,0.06624,0.003186,0.0139,0.1056,8.907e-06,1.349e-06,0.086
   49980,   50040,0.002987,0.004639,0.0164,6.074e-26,4.909e-06,1.09e-05,0.0001142,2.234e-26,2.24e-06,0.0006839,0.0004821,5.844e-08,0.06676,0.003232,0.01399,0.1064,9.071e-06,1.389e-06,0.086
   50040,   50100,0.0030275,0.004696,0.01657,6.169e-26,5.024e-06,1.111e-05,0.0001163,2.268e-26,2.314e-06,0.0006952,0.0004899,5.996e-08,0.06731,0.003281,0.01409,0.1072,9.246e-06,1.434e-06,0.086
   50100,   50160,0.0030531,0.004753,0.01673,6.266e-26,5.14e-06,1.132e-05,0.0001184,2.302e-26,2.389e-06,0.0007066,0.0004978,6.15e-08,0.06785,0.00333,0.01418,0.108,9.422e-06,1.479e-06,0.086
   50160,   50220,0.0030686,0.004806,0.01689,6.357e-26,5.249e-06,1.152e-05,0.0001204,2.335e-26,2.461e-06,0.0007172,0.0005051,6.295e-08,0.06834,0.003376,0.01426,0.1088,9.588e-06,1.522e-06,0.086
   50220,   50280,0.0031169,0.004861,0.01705,6.456e-26,5.367e-06,1.174e-05,0.0001226,2.37e-26,2.54e-06,0.0007285,0.0005129,6.453e-08,0.06887,0.003425,0.01436,0.1096,9.765e-06,1.569e-06,0.086
   50280,   50340,0.0031715,0.004917,0.01721,6.557e-26,5.487e-06,1.196e-05,0.0001247,2.405e-26,2.62e-06,0.0007398,0.0005207,6.613e-08,0.06939,0.003473,0.01444,0.1103,9.943e-06,1.617e-06,0.086
   50340,   50400,0.0032211,0.004968,0.01736,6.653e-26,5.599e-06,1.216e-05,0.0001267,2.439e-26,2.696e-06,0.0007504,0.000528,6.764e-08,0.06986,0.003518,0.01453,0.1111,1.011e-05,1.663e-06,0.086
   50400,   50460,0.0032847,0.005023,0.01752,6.756e-26,5.72e-06,1.238e-05,0.0001289,2.476e-26,2.78e-06,0.0007617,0.0005357,6.929e-08,0.07037,0.003566,0.01461,0.1118,1.029e-05,1.713e-06,0.086
   50460,   50520,0.003326,0.005077,0.01767,6.86e-26,5.841e-06,1.26e-05,0.000131,2.512e-26,2.865e-06,0.0007729,0.0005434,7.093e-08,0.07086,0.003613,0.0147,0.1125,1.047e-05,1.764e-06,0.086
   50520,   50580,0.0033634,0.005127,0.01782,6.96e-26,5.956e-06,1.28e-05,0.000133,2.548e-26,2.946e-06,0.0007835,0.0005507,7.25e-08,0.07132,0.003658,0.01478,0.1132,1.064e-05,1.813e-06,0.086
   50580,   50640,0.0034219,0.00518,0.01797,7.067e-26,6.079e-06,1.302e-05,0.0001352,2.585e-26,3.034e-06,0.0007947,0.0005583,7.418e-08,0.0718,0.003705,0.01486,0.1139,1.082e-05,1.866e-06,0.086
   50640,   50700,0.0034868,0.005233,0.01812,7.177e-26,6.204e-06,1.324e-05,0.0001373,2.624e-26,3.126e-06,0.0008059,0.000566,7.591e-08,0.07228,0.003752,0.01494,0.1147,1.1e-05,1.921e-06,0.086
   50700,   50760,0.0035351,0.005282,0.01826,7.281e-26,6.322e-06,1.345e-05,0.0001393,2.661e-26,3.211e-06,0.0008164,0.0005732,7.754e-08,0.07272,0.003796,0.01502,0.1153,1.117e-05,1.972e-06,0.086
   50760,   50820,0.0035465,0.005334,0.01841,7.394e-26,6.45e-06,1.367e-05,0.0001415,2.7e-26,3.303e-06,0.0008276,0.0005807,7.928e-08,0.07318,0.003843,0.01509,0.116,1.135e-05,2.028e-06,0.086
   50820,   50880,0.0035763,0.005381,0.01855,7.507e-26,6.574e-06,1.386e-05,0.0001433,2.74e-26,3.399e-06,0.0008366,0.0005865,8.1e-08,0.07364,0.003882,0.01517,0.1167,1.151e-05,2.085e-06,0.086
   50880,   50940,0.003631,0.005428,0.01867,7.616e-26,6.69e-06,1.409e-05,0.0001456,2.778e-26,3.49e-06,0.0008485,0.0005948,8.269e-08,0.07405,0.003927,0.01524,0.1173,1.17e-05,2.14e-06,0.086
   50940,   51000,0.0036689,0.005482,0.01882,7.734e-26,6.82e-06,1.431e-05,0.0001478,2.82e-26,3.587e-06,0.0008598,0.0006025,8.447e-08,0.0745,0.003976,0.01532,0.118,1.188e-05,2.199e-06,0.086
   51000,   51060,0.0037021,0.005533,0.01897,7.853e-26,6.949e-06,1.454e-05,0.00015,2.861e-26,3.688e-06,0.0008712,0.0006104,8.631e-08,0.07494,0.004023,0.01539,0.1186,1.207e-05,2.26e-06,0.086
   51060,   51120,0.003753,0.00558,0.0191,7.966e-26,7.071e-06,1.475e-05,0.000152,2.901e-26,3.783e-06,0.0008814,0.0006171,8.804e-08,0.07535,0.004065,0.01546,0.1192,1.224e-05,2.318e-06,0.086
   51120,   51180,0.0038169,0.005629,0.01923,8.089e-26,7.201e-06,1.497e-05,0.0001542,2.944e-26,3.886e-06,0.0008925,0.0006247,8.989e-08,0.07577,0.00411,0.01553,0.1198,1.242e-05,2.381e-06,0.086
   51180,   51240,0.0038565,0.005678,0.01937,8.213e-26,7.331e-06,1.519e-05,0.0001563,2.988e-26,3.991e-06,0.0009034,0.0006321,9.175e-08,0.07619,0.004155,0.0156,0.1205,1.26e-05,2.444e-06,0.086
   51240,   51300,0.0038697,0.005724,0.0195,8.332e-26,7.455e-06,1.54e-05,0.0001583,3.03e-26,4.091e-06,0.0009136,0.000639,9.351e-08,0.07657,0.004197,0.01567,0.121,1.278e-05,2.505e-06,0.086
   51300,   51360,0.0038785,0.005772,0.01963,8.46e-26,7.586e-06,1.562e-05,0.0001605,3.074e-26,4.199e-06,0.0009245,0.0006463,9.541e-08,0.07699,0.004241,0.01574,0.1216,1.296e-05,2.57e-06,0.086
   51360,   51420,0.0039005,0.005819,0.01976,8.59e-26,7.718e-06,1.584e-05,0.0001626,3.12e-26,4.309e-06,0.0009353,0.0006535,9.732e-08,0.07739,0.004285,0.01581,0.1222,1.314e-05,2.637e-06,0.086
   51420,   51480,0.0038091,0.005863,0.01988,8.714e-26,7.843e-06,1.605e-05,0.0001646,3.164e-26,4.414e-06,0.0009455,0.0006603,9.914e-08,0.07777,0.004326,0.01587,0.1228,1.332e-05,2.701e-06,0.086
   51480,   51540,0.0039585,0.00591,0.02001,8.848e-26,7.976e-06,1.627e-05,0.0001668,3.211e-26,4.527e-06,0.0009562,0.0006675,1.011e-07,0.07816,0.004369,0.01593,0.1234,1.35e-05,2.77e-06,0.086
   51540,   51600,0.0040354,0.005956,0.02014,8.985e-26,8.11e-06,1.649e-05,0.0001689,3.258e-26,4.641e-06,0.0009669,0.0006747,1.03e-07,0.07855,0.004412,0.016,0.124,1.368e-05,2.84e-06,0.086
   51600,   51660,0.0040911,0.005999,0.02025,9.116e-26,8.236e-06,1.67e-05,0.0001709,3.304e-26,4.751e-06,0.0009769,0.0006814,1.049e-07,0.07891,0.004453,0.01606,0.1245,1.386e-05,2.907e-06,0.086
   51660,   51720,0.0041354,0.006045,0.02038,9.257e-26,8.371e-06,1.692e-05,0.0001731,3.353e-26,4.869e-06,0.0009875,0.0006884,1.069e-07,0.07928,0.004495,0.01612,0.125,1.404e-05,2.979e-06,0.086
   51720,   51780,0.0041726,0.00609,0.0205,9.401e-26,8.506e-06,1.714e-05,0.0001752,3.403e-26,4.988e-06,0.0009981,0.0006955,1.089e-07,0.07966,0.004537,0.01618,0.1256,1.422e-05,3.052e-06,0.086
   51780,   51840,0.0042184,0.006132,0.02061,9.538e-26,8.633e-06,1.734e-05,0.0001772,3.451e-26,5.102e-06,0.001008,0.0007021,1.108e-07,0.08,0.004577,0.01624,0.1261,1.439e-05,3.122e-06,0.086
   51840,   51900,0.0042774,0.006176,0.02073,9.686e-26,8.768e-06,1.756e-05,0.0001793,3.503e-26,5.225e-06,0.001018,0.000709,1.128e-07,0.08036,0.004618,0.0163,0.1266,1.458e-05,3.197e-06,0.086
   51900,   51960,0.0043299,0.00622,0.02085,9.836e-26,8.904e-06,1.778e-05,0.0001814,3.555e-26,5.349e-06,0.001029,0.000716,1.148e-07,0.08072,0.00466,0.01636,0.1272,1.476e-05,3.273e-06,0.086
   51960,   52020,0.0043818,0.006261,0.02096,9.98e-26,9.033e-06,1.799e-05,0.0001834,3.606e-26,5.468e-06,0.001039,0.0007225,1.168e-07,0.08105,0.004699,0.01642,0.1277,1.493e-05,3.346e-06,0.086
   52020,   52080,0.0044275,0.006304,0.02108,1.014e-25,9.17e-06,1.821e-05,0.0001855,3.66e-26,5.595e-06,0.001049,0.0007293,1.188e-07,0.0814,0.004739,0.01648,0.1282,1.512e-05,3.425e-06,0.086
   52080,   52140,0.0044721,0.006346,0.02119,1.029e-25,9.307e-06,1.843e-05,0.0001876,3.715e-26,5.724e-06,0.001059,0.0007361,1.209e-07,0.08175,0.00478,0.01653,0.1287,1.53e-05,3.504e-06,0.086
   52140,   52200,0.0045026,0.006386,0.0213,1.045e-25,9.436e-06,1.863e-05,0.0001896,3.768e-26,5.847e-06,0.001069,0.0007425,1.229e-07,0.08207,0.004818,0.01659,0.1291,1.547e-05,3.58e-06,0.086
   52200,   52260,0.0045339,0.006428,0.02141,1.061e-25,9.573e-06,1.885e-05,0.0001917,3.825e-26,5.979e-06,0.001079,0.0007492,1.25e-07,0.0824,0.004858,0.01664,0.1296,1.565e-05,3.662e-06,0.086
   52260,   52320,0.0045591,0.006469,0.02152,1.077e-25,9.711e-06,1.907e-05,0.0001938,3.883e-26,6.113e-06,0.001089,0.0007559,1.271e-07,0.08273,0.004898,0.0167,0.1301,1.583e-05,3.744e-06,0.086
   52320,   52380,0.0045902,0.006508,0.02162,1.093e-25,9.841e-06,1.927e-05,0.0001957,3.938e-26,6.24e-06,0.001099,0.0007622,1.291e-07,0.08304,0.004935,0.01675,0.1306,1.601e-05,3.823e-06,0.086
   52380,   52440,0.0046159,0.006549,0.02173,1.111e-25,9.979e-06,1.949e-05,0.0001978,3.998e-26,6.377e-06,0.001109,0.0007688,1.312e-07,0.08337,0.004974,0.0168,0.1311,1.619e-05,3.908e-06,0.086
   52440,   52500,0.0046393,0.006589,0.02184,1.128e-25,1.012e-05,1.97e-05,0.0001999,4.059e-26,6.516e-06,0.001119,0.0007754,1.334e-07,0.08368,0.005013,0.01685,0.1315,1.637e-05,3.994e-06,0.086
   52500,   52560,0.0046546,0.006627,0.02194,1.145e-25,1.025e-05,1.99e-05,0.0002018,4.117e-26,6.647e-06,0.001129,0.0007815,1.354e-07,0.08398,0.005049,0.0169,0.132,1.654e-05,4.075e-06,0.086
   52560,   52620,0.0046857,0.006667,0.02204,1.163e-25,1.039e-05,2.012e-05,0.0002039,4.181e-26,6.788e-06,0.001138,0.000788,1.376e-07,0.08429,0.005088,0.01695,0.1324,1.672e-05,4.163e-06,0.086
   52620,   52680,0.0047341,0.006706,0.02215,1.182e-25,1.053e-05,2.033e-05,0.0002059,4.245e-26,6.931e-06,0.001148,0.0007945,1.398e-07,0.0846,0.005126,0.01701,0.1329,1.69e-05,4.252e-06,0.086
   52680,   52740,0.0047782,0.006743,0.02224,1.199e-25,1.066e-05,2.053e-05,0.0002079,4.307e-26,7.067e-06,0.001158,0.0008005,1.419e-07,0.08488,0.005162,0.01705,0.1333,1.707e-05,4.337e-06,0.086
   52740,   52800,0.0048113,0.006781,0.02235,1.219e-25,1.08e-05,2.075e-05,0.0002099,4.373e-26,7.213e-06,0.001167,0.0008069,1.441e-07,0.08518,0.005199,0.0171,0.1337,1.725e-05,4.428e-06,0.086
   52800,   52860,0.0048438,0.00682,0.02245,1.238e-25,1.093e-05,2.096e-05,0.0002119,4.441e-26,7.361e-06,0.001177,0.0008132,1.463e-07,0.08548,0.005237,0.01715,0.1342,1.743e-05,4.52e-06,0.086
   52860,   52920,0.0049138,0.006855,0.02254,1.257e-25,1.107e-05,2.116e-05,0.0002138,4.506e-26,7.5e-06,0.001186,0.0008191,1.484e-07,0.08575,0.005271,0.0172,0.1346,1.76e-05,4.607e-06,0.086
   52920,   52980,0.004959,0.006893,0.02264,1.277e-25,1.12e-05,2.137e-05,0.0002159,4.577e-26,7.651e-06,0.001196,0.0008254,1.506e-07,0.08604,0.005308,0.01724,0.135,1.778e-05,4.701e-06,0.086
   52980,   53040,0.0049833,0.00693,0.02273,1.298e-25,1.134e-05,2.158e-05,0.0002179,4.648e-26,7.802e-06,0.001205,0.0008316,1.528e-07,0.08633,0.005345,0.01729,0.1354,1.796e-05,4.796e-06,0.086
   53040,   53100,0.0050273,0.006965,0.02282,1.318e-25,1.148e-05,2.178e-05,0.0002198,4.717e-26,7.947e-06,0.001214,0.0008374,1.55e-07,0.08659,0.005379,0.01733,0.1358,1.813e-05,4.886e-06,0.086
   53100,   53160,0.005053,0.007001,0.02292,1.339e-25,1.162e-05,2.199e-05,0.0002218,4.792e-26,8.101e-06,0.001224,0.0008435,1.572e-07,0.08687,0.005415,0.01738,0.1362,1.83e-05,4.983e-06,0.086
