CampaignData_and_Merges/R0/CSL_MobileLab_Parked/raw/20240806/USOS-MetNav_MobileLabGround_20240806_R0.ict
44, 1001
Carrie Womack, Nate Howard, Mike Zucker
NOAA Chemical Sciences Laboratory
Mobile Lab MetNav Station
USOS
1, 1
2024, 08, 06, 2024, 12, 21
60
Time_Start, seconds_past_midnight, Seconds from midnight UTC
11
1, 1, 1, 1, 1, 1, 1, 1, 1, 1, 1
-9999, -9999, -9999, -9999, -9999, -9999, -9999, -9999, -9999, -9999, -9999
GPS_Alt_m, meters, Altitude from Differential GPS
GPS_Course_deg, degrees, Course from Differential GPS
GPS_GndSpd_m_s, m/s, Ground Speed from Differential GPS
GPS_Heading_deg, degrees, Heading from Differential GPS
GPS_Lat_deg, degrees, Latitude from Differential GPS
GPS_Lon_deg, degrees, Longitude from Differential GPS
AirTemp_C, Celsius, Air Temperature from Airmar
RelHumidity_pct, percent, Relative Humidity from Airmar
Pressure_mb, millibars, Pressure from Honeywell
WindDir_calc_deg, degrees, Wind Direction from Airmar corrected for van movement
WindSpd_calc_m_s, m/s, Wind Speed from Airmar corrected for van movement
1
SPECIAL COMMENTS:
18
PI_CONTACT_INFO: Address: 325 Broadway R/CSL7, Boulder, CO, 80305
PLATFORM: CSL Mobile Lab
LOCATION: Salt Lake City, UT
ASSOCIATED_DATA: N/A
INSTRUMENT_INFO: N/A
DATA_INFO: Units:
UNCERTAINTY: N/A
ULOD_FLAG: -7777
ULOD_VALUE: N/A
LLOD_FLAG: -8888
LLOD_VALUE: N/A
DM_CONTACT_INFO: Data Manager: Nate Howard
PROJECT_INFO: 
STIPULATIONS_ON_USE: Use of these data require prior ok from PI.
OTHER_COMMENTS: 
REVISION: R0
R0: Final data. Fixed bug in wind averaging code. RA: Preliminary Data. For in-field use only. 
Time_Start, GPS_Alt_m, GPS_Course_deg, GPS_GndSpd_m_s, GPS_Heading_deg, GPS_Lat_deg, GPS_Lon_deg, AirTemp_C, RelHumidity_pct, Pressure_mb, WindDir_calc_deg, WindSpd_calc_m_s
[from data line 626]
37560.0,1308.7,0.84,0.04,0.84,40.73434,-111.87210,23.9,35.0,878.1,110.55,4.2
37620.0,1308.6,1.21,0.04,1.21,40.73434,-111.87210,23.9,34.5,878.1,105.68,3.6
37680.0,1308.6,0.27,0.04,0.27,40.73434,-111.87211,23.9,34.9,878.1,106.93,2.3
37740.0,1308.7,359.98,0.04,359.98,40.73434,-111.87211,23.9,34.6,878.1,116.72,4.2
37800.0,1308.8,0.23,0.04,0.23,40.73434,-111.87211,24.0,34.3,878.1,91.44,2.8
37860.0,1308.9,0.27,0.05,0.27,40.73434,-111.87211,23.9,34.5,878.1,110.63,4.3
37920.0,1309.0,359.97,0.04,359.97,40.73434,-111.87210,24.0,34.0,878.1,108.83,4.1
37980.0,1309.0,0.09,0.05,0.09,40.73434,-111.87211,24.0,33.8,878.1,107.82,3.8
38040.0,1309.0,0.61,0.05,0.61,40.73434,-111.87211,24.1,34.1,878.2,110.02,3.6
38100.0,1309.0,0.80,0.05,0.80,40.73434,-111.87211,24.1,34.0,878.2,114.15,3.4
38160.0,1308.9,0.91,0.05,0.91,40.73434,-111.87211,24.1,34.2,878.1,116.15,3.6
38220.0,1308.8,0.86,0.04,0.86,40.73434,-111.87211,24.1,34.0,878.1,112.47,3.1
38280.0,1308.7,0.47,0.05,0.47,40.73434,-111.87211,24.0,34.1,878.1,112.38,4.7
38340.0,1308.7,0.29,0.05,0.29,40.73434,-111.87211,24.0,34.2,878.1,106.18,3.0
38400.0,1308.7,0.57,0.05,0.57,40.73434,-111.87211,24.0,34.0,878.1,116.41,4.1
38460.0,1308.7,0.78,0.05,0.78,40.73434,-111.87211,24.0,34.0,878.1,114.57,3.7
38520.0,1308.7,0.90,0.05,0.90,40.73434,-111.87211,24.0,34.0,878.2,109.54,2.8
38580.0,1308.7,1.20,0.05,1.20,40.73434,-111.87211,24.0,34.5,878.2,109.80,2.7
38640.0,1308.7,1.44,0.05,1.44,40.73434,-111.87211,24.0,33.4,878.2,116.46,4.1
38700.0,1308.7,1.47,0.05,1.47,40.73434,-111.87211,24.1,33.2,878.2,106.33,2.0
38760.0,1308.6,1.65,0.05,1.65,40.73434,-111.87211,24.2,33.6,878.2,110.72,2.2
38820.0,1308.7,1.64,0.05,1.64,40.73434,-111.87211,24.1,33.8,878.2,105.37,2.9
38880.0,1309.0,1.18,0.05,1.18,40.73434,-111.87211,24.1,33.5,878.2,104.96,3.1
38940.0,1309.7,0.53,0.05,0.53,40.73434,-111.87211,24.2,33.3,878.2,119.97,2.6
39000.0,1309.6,1.02,0.06,1.02,40.73434,-111.87211,24.2,33.5,878.1,103.42,2.1
39060.0,1309.2,1.16,0.05,1.16,40.73434,-111.87211,24.1,33.1,878.1,110.99,4.4
39120.0,1308.9,1.19,0.05,1.19,40.73434,-111.87211,24.1,33.1,878.1,102.53,3.0
39180.0,1308.8,1.08,0.05,1.08,40.73434,-111.87211,24.2,33.0,878.1,106.46,2.9
39240.0,1309.0,1.75,0.05,1.75,40.73434,-111.87211,24.3,33.0,878.2,108.38,3.3
39300.0,1309.0,1.57,0.05,1.57,40.73434,-111.87211,24.3,32.7,878.2,96.64,1.9
39360.0,1308.9,1.50,0.05,1.50,40.73434,-111.87211,24.3,32.6,878.2,93.51,2.2
39420.0,1309.0,1.48,0.05,1.48,40.73434,-111.87211,24.4,32.5,878.2,106.74,3.7
39480.0,1309.2,1.35,0.05,1.35,40.73434,-111.87211,24.4,33.1,878.2,116.68,2.3
39540.0,1309.7,1.44,0.06,1.44,40.73434,-111.87211,24.4,32.6,878.2,105.11,3.2
39600.0,1309.7,1.71,0.05,1.71,40.73434,-111.87211,24.4,32.7,878.2,105.88,3.2
39660.0,1309.7,1.86,0.05,1.86,40.73434,-111.87210,24.4,32.9,878.2,109.14,2.9
39720.0,1309.6,1.86,0.05,1.86,40.73434,-111.87210,24.4,32.7,878.2,106.26,2.7
39780.0,1309.7,1.76,0.05,1.76,40.73434,-111.87210,24.4,33.0,878.2,98.94,2.3
39840.0,1309.8,1.58,0.06,1.58,40.73434,-111.87210,24.4,32.7,878.2,94.39,1.8
39900.0,1309.8,1.93,0.05,1.93,40.73434,-111.87210,24.4,32.8,878.2,113.61,3.2
39960.0,1309.7,2.17,0.05,2.17,40.73434,-111.87210,24.4,32.5,878.2,109.67,3.6
40020.0,1309.7,2.36,0.05,2.36,40.73434,-111.87210,24.4,32.6,878.3,105.62,1.9
40080.0,1309.8,2.29,0.05,2.29,40.73434,-111.87210,24.5,32.8,878.3,100.75,1.5
40140.0,1310.0,2.30,0.05,2.30,40.73434,-111.87210,24.4,32.4,878.3,101.10,2.6
40200.0,1310.0,2.55,0.05,2.55,40.73434,-111.87210,24.4,32.6,878.3,105.53,2.6
40260.0,1309.9,2.57,0.05,2.57,40.73434,-111.87210,24.4,32.3,878.4,107.78,3.7
40320.0,1309.7,2.27,0.05,2.27,40.73434,-111.87210,24.4,32.3,878.4,106.81,4.0
40380.0,1309.7,2.33,0.05,2.33,40.73434,-111.87210,24.4,32.4,878.3,100.09,2.6
40440.0,1309.6,2.30,0.04,2.30,40.73434,-111.87210,24.4,32.5,878.4,112.75,3.4
40500.0,1309.5,2.50,0.05,2.50,40.73434,-111.87210,24.4,32.5,878.4,105.87,2.4
40560.0,1309.4,2.43,0.04,2.43,40.73434,-111.87210,24.4,32.6,878.4,108.07,1.4
40620.0,1309.4,2.25,0.05,2.25,40.73434,-111.87210,24.4,32.7,878.5,109.64,0.9
40680.0,1309.3,2.03,0.05,2.03,40.73434,-111.87210,24.4,32.7,878.5,115.98,1.4
40740.0,1309.3,2.10,0.05,2.10,40.73434,-111.87210,24.3,32.6,878.4,102.52,2.2
40800.0,1309.2,1.66,0.05,1.66,40.73434,-111.87210,24.3,32.4,878.4,109.32,2.5
40860.0,1308.8,1.91,0.04,1.91,40.73434,-111.87210,24.3,32.3,878.5,85.49,2.1
40920.0,1308.8,1.90,0.06,1.90,40.73434,-111.87210,24.3,32.2,878.5,100.05,2.8
40980.0,1308.7,1.80,0.06,1.80,40.73434,-111.87210,24.3,32.6,878.5,108.42,2.0
41040.0,1308.6,1.70,0.05,1.70,40.73434,-111.87210,24.2,32.2,878.5,104.96,4.1
41100.0,1308.7,1.92,0.06,1.92,40.73434,-111.87210,24.3,32.2,878.5,107.49,2.6
41160.0,1308.9,2.65,0.06,2.65,40.73434,-111.87210,24.3,32.2,878.5,102.27,1.5
41220.0,1308.9,2.72,0.05,2.72,40.73434,-111.87210,24.3,32.2,878.5,112.62,2.2
41280.0,1308.8,2.30,0.05,2.30,40.73434,-111.87210,24.2,31.9,878.5,113.11,4.0
41340.0,1308.8,2.35,0.05,2.35,40.73434,-111.87210,24.3,31.9,878.5,108.36,4.6
41400.0,1308.8,2.33,0.04,2.33,40.73434,-111.87210,24.3,31.5,878.5,96.01,3.8
41460.0,1308.7,2.29,0.05,2.29,40.73434,-111.87210,24.4,31.6,878.4,110.89,3.4
41520.0,1308.6,2.43,0.04,2.43,40.73434,-111.87210,24.5,32.1,878.5,113.73,1.4
41580.0,1308.6,2.68,0.04,2.68,40.73434,-111.87210,24.3,31.8,878.5,92.80,3.0
41640.0,1308.8,2.73,0.04,2.73,40.73434,-111.87210,24.3,31.7,878.5,116.04,4.5
41700.0,1308.9,2.75,0.04,2.75,40.73434,-111.87210,24.3,31.9,878.5,111.10,4.0
41760.0,1308.9,2.36,0.04,2.36,40.73434,-111.87210,24.3,31.9,878.5,99.27,2.1
41820.0,1309.1,2.00,0.04,2.00,40.73434,-111.87210,24.3,31.4,878.5,110.77,6.9
41880.0,1309.2,1.64,0.04,1.64,40.73433,-111.87210,24.3,31.5,878.5,109.75,4.5
41940.0,1309.2,1.26,0.04,1.26,40.73434,-111.87210,24.3,31.6,878.5,102.76,3.6
42000.0,1309.1,1.27,0.04,1.27,40.73433,-111.87210,24.3,31.8,878.6,107.95,4.0
42060.0,1309.1,1.64,0.04,1.64,40.73433,-111.87210,24.3,31.8,878.5,116.91,5.5
42120.0,1309.2,1.97,0.05,1.97,40.73433,-111.87210,24.4,31.7,878.5,113.03,4.2
42180.0,1309.3,2.31,0.05,2.31,40.73433,-111.87210,24.3,31.6,878.6,101.72,4.2
42240.0,1309.2,2.36,0.04,2.36,40.73433,-111.87210,24.4,31.6,878.5,107.52,3.5
42300.0,1309.2,2.63,0.05,2.63,40.73433,-111.87210,24.4,31.7,878.5,103.49,3.6
42360.0,1309.3,2.62,0.05,2.62,40.73433,-111.87210,24.3,31.8,878.6,102.39,5.1
42420.0,1309.2,2.50,0.04,2.50,40.73433,-111.87210,24.3,31.6,878.5,96.63,3.6
42480.0,1309.2,2.61,0.05,2.61,40.73433,-111.87210,24.4,31.5,878.6,105.74,3.5
42540.0,1309.2,2.95,0.05,2.95,40.73433,-111.87210,24.4,31.6,878.6,104.59,3.2
42600.0,1309.2,2.21,0.05,2.21,40.73433,-111.87210,24.3,31.5,878.6,103.82,4.1
42660.0,1309.1,2.15,0.05,2.15,40.73433,-111.87210,24.4,31.5,878.6,101.49,3.5
42720.0,1309.1,3.00,0.04,3.00,40.73433,-111.87210,24.4,31.5,878.6,106.12,3.9
42780.0,1309.1,2.93,0.04,2.93,40.73433,-111.87210,24.4,31.4,878.5,112.54,4.5
42840.0,1309.2,2.33,0.05,2.33,40.73433,-111.87210,24.4,31.6,878.6,102.54,3.9
42900.0,1309.2,2.34,0.05,2.34,40.73433,-111.87210,24.4,31.3,878.7,99.10,3.6
42960.0,1309.2,2.08,0.05,2.08,40.73433,-111.87210,24.4,31.4,878.6,107.94,5.7
43020.0,1309.1,1.43,0.05,1.43,40.73433,-111.87210,24.4,31.3,878.5,89.53,2.7
43080.0,1308.9,1.05,0.05,1.05,40.73433,-111.87210,24.4,31.3,878.6,102.51,5.3
43140.0,1308.8,1.23,0.04,1.23,40.73433,-111.87210,24.4,31.4,878.6,105.15,4.7
43200.0,1308.6,0.55,0.05,0.55,40.73433,-111.87210,24.4,31.4,878.6,108.90,3.2
43260.0,1308.5,1.04,0.05,1.04,40.73433,-111.87211,24.4,31.4,878.7,101.67,3.4
43320.0,1308.5,1.74,0.04,1.74,40.73433,-111.87211,24.4,31.6,878.7,105.16,4.2
43380.0,1308.5,1.81,0.05,1.81,40.73433,-111.87211,24.3,31.7,878.7,108.91,4.0
43440.0,1308.5,1.77,0.04,1.77,40.73433,-111.87211,24.3,31.6,878.6,107.32,4.7
43500.0,1308.6,1.59,0.04,1.59,40.73433,-111.87211,24.2,31.6,878.7,102.58,4.2
43560.0,1308.5,1.77,0.05,1.77,40.73433,-111.87211,24.3,31.8,878.6,105.79,4.1
43620.0,1308.5,1.70,0.04,1.70,40.73433,-111.87211,24.3,31.6,878.6,105.80,4.4
43680.0,1308.5,1.81,0.04,1.81,40.73433,-111.87211,24.2,31.6,878.6,106.64,5.8
43740.0,1308.6,1.73,0.05,1.73,40.73433,-111.87211,24.2,31.8,878.7,106.74,3.8
43800.0,1308.7,1.71,0.04,1.71,40.73433,-111.87211,24.2,31.8,878.7,100.79,4.3
43860.0,1308.8,1.92,0.04,1.92,40.73433,-111.87210,24.2,31.9,878.6,110.51,3.6
43920.0,1308.8,2.13,0.04,2.13,40.73433,-111.87211,24.2,31.6,878.6,103.93,5.4
43980.0,1308.8,1.57,0.05,1.57,40.73433,-111.87210,24.2,31.7,878.6,106.18,5.4
44040.0,1308.9,1.41,0.04,1.41,40.73433,-111.87210,24.3,32.0,878.6,109.96,2.8
44100.0,1308.8,1.68,0.04,1.68,40.73433,-111.87211,24.2,31.8,878.6,102.62,3.9
44160.0,1308.9,1.69,0.04,1.69,40.73433,-111.87210,24.2,31.8,878.6,104.52,3.9
44220.0,1308.9,1.82,0.04,1.82,40.73433,-111.87211,24.2,31.8,878.6,99.97,4.0
44280.0,1309.0,1.71,0.04,1.71,40.73433,-111.87211,24.2,31.7,878.6,100.80,3.1
44340.0,1309.0,1.64,0.05,1.64,40.73433,-111.87211,24.2,31.7,878.6,104.78,4.6
44400.0,1309.0,1.61,0.05,1.61,40.73433,-111.87211,24.2,31.8,878.6,109.86,3.7
44460.0,1309.3,1.75,0.05,1.75,40.73433,-111.87210,24.2,31.8,878.6,96.81,4.8
44520.0,1308.8,1.51,0.04,1.51,40.73433,-111.87211,24.2,31.7,878.6,106.31,5.0
44580.0,1308.7,1.09,0.05,1.09,40.73433,-111.87210,24.2,31.8,878.6,103.11,2.7
44640.0,1308.7,1.30,0.06,1.30,40.73433,-111.87210,24.2,31.7,878.6,105.67,4.0
44700.0,1308.6,1.27,0.05,1.27,40.73433,-111.87210,24.2,31.7,878.7,100.54,3.2
44760.0,1308.8,1.05,0.05,1.05,40.73433,-111.87211,24.2,31.6,878.6,107.87,4.3
44820.0,1309.1,0.77,0.06,0.77,40.73433,-111.87210,24.3,31.9,878.7,106.90,3.0
44880.0,1309.1,1.24,0.04,1.24,40.73433,-111.87210,24.2,31.6,878.7,108.26,3.4
44940.0,1309.2,1.69,0.05,1.69,40.73433,-111.87210,24.2,31.8,878.7,107.82,4.8
45000.0,1309.2,2.22,0.04,2.22,40.73433,-111.87210,24.2,31.8,878.7,99.31,2.6
45060.0,1309.4,2.02,0.04,2.02,40.73433,-111.87210,24.2,31.9,878.7,107.27,3.8
45120.0,1309.3,1.76,0.04,1.76,40.73434,-111.87211,24.1,31.8,878.7,98.56,3.9
45180.0,1309.4,1.89,0.05,1.89,40.73434,-111.87211,24.2,31.9,878.7,105.21,3.3
45240.0,1309.5,1.76,0.05,1.76,40.73433,-111.87211,24.2,31.8,878.7,99.44,2.4
45300.0,1309.5,1.48,0.05,1.48,40.73433,-111.87211,24.2,31.7,878.7,107.62,3.3
45360.0,1309.6,1.50,0.05,1.50,40.73433,-111.87211,24.1,31.6,878.8,99.66,4.9
45420.0,1309.3,1.82,0.05,1.82,40.73433,-111.87211,24.2,31.6,878.8,104.70,4.3
45480.0,1309.3,1.08,0.05,1.08,40.73433,-111.87211,24.3,31.7,878.8,104.47,4.0
45540.0,1309.3,0.27,0.05,0.27,40.73433,-111.87211,24.3,31.8,878.8,105.79,2.6
45600.0,1309.5,0.51,0.05,0.51,40.73433,-111.87211,24.2,31.8,878.8,105.76,4.8
45660.0,1309.7,1.01,0.04,1.01,40.73433,-111.87211,24.2,31.6,878.8,96.86,4.1
45720.0,1309.6,0.95,0.04,0.95,40.73433,-111.87211,24.1,31.8,878.8,111.86,4.7
45780.0,1309.6,0.46,0.05,0.46,40.73433,-111.87211,24.2,32.0,878.8,104.94,2.7
45840.0,1309.6,0.33,0.04,0.33,40.73433,-111.87211,24.1,31.8,878.8,106.24,3.9
45900.0,1309.6,0.46,0.04,0.46,40.73433,-111.87211,24.1,32.0,878.8,103.79,3.2
45960.0,1309.6,0.61,0.04,0.61,40.73433,-111.87211,24.2,31.8,878.8,107.70,2.1
46020.0,1309.5,0.69,0.05,0.69,40.73433,-111.87211,24.1,31.7,878.9,98.81,3.6
46080.0,1309.5,0.72,0.05,0.72,40.73433,-111.87211,24.1,31.6,878.9,101.05,4.8
46140.0,1309.4,1.08,0.05,1.08,40.73433,-111.87211,24.3,31.5,879.0,100.53,2.4
46200.0,1309.4,1.02,0.05,1.02,40.73433,-111.87211,24.3,31.5,879.1,112.55,3.3
46260.0,1309.4,1.34,0.04,1.34,40.73433,-111.87211,24.2,31.5,879.0,118.72,4.0
46320.0,1309.3,1.56,0.05,1.56,40.73433,-111.87211,24.2,31.8,879.0,110.38,4.3
46380.0,1309.2,1.34,0.05,1.34,40.73433,-111.87211,24.2,31.9,879.1,124.39,3.6
46440.0,1309.2,1.26,0.05,1.26,40.73433,-111.87211,24.3,31.7,879.1,112.37,3.0
46500.0,1309.3,1.27,0.05,1.27,40.73433,-111.87211,24.2,31.7,879.1,114.51,4.3
46560.0,1309.4,1.15,0.06,1.15,40.73433,-111.87211,24.2,31.5,879.0,111.51,5.3
46620.0,1309.4,1.49,0.05,1.49,40.73433,-111.87211,24.2,31.8,879.0,118.56,3.8
46680.0,1309.1,2.29,0.05,2.29,40.73434,-111.87211,24.3,31.7,879.0,111.24,2.3
46740.0,1309.0,2.29,0.05,2.29,40.73434,-111.87211,24.2,31.5,879.0,108.15,5.2
46800.0,1308.8,2.00,0.05,2.00,40.73434,-111.87211,24.2,31.7,879.0,117.40,5.3
46860.0,1308.9,1.77,0.04,1.77,40.73434,-111.87211,24.3,31.7,878.9,119.42,3.8
46920.0,1308.6,1.91,0.05,1.91,40.73434,-111.87211,24.3,31.4,878.9,106.34,3.6
46980.0,1308.7,1.69,0.05,1.69,40.73434,-111.87211,24.4,31.0,879.0,101.25,2.3
47040.0,1308.6,1.77,0.05,1.77,40.73434,-111.87211,24.4,31.2,879.0,104.35,3.9
47100.0,1308.6,1.68,0.04,1.68,40.73434,-111.87211,24.4,31.5,878.9,86.20,2.0
47160.0,1308.6,1.81,0.06,1.81,40.73434,-111.87211,24.4,31.2,878.9,103.64,3.6
47220.0,1308.5,1.98,0.05,1.98,40.73434,-111.87211,24.4,31.3,878.9,119.57,3.6
47280.0,1308.3,1.75,0.05,1.75,40.73434,-111.87211,24.4,31.4,878.9,115.17,2.8
47340.0,1308.2,1.72,0.05,1.72,40.73434,-111.87211,24.5,31.2,878.9,110.66,2.2
47400.0,1308.2,1.94,0.05,1.94,40.73434,-111.87211,24.5,31.1,878.9,120.36,3.1
47460.0,1308.3,2.11,0.05,2.11,40.73434,-111.87211,24.5,30.9,878.9,118.11,3.8
47520.0,1308.3,1.85,0.05,1.85,40.73434,-111.87211,24.5,31.2,878.9,106.88,3.0
47580.0,1308.4,2.46,0.05,2.46,40.73434,-111.87211,24.6,31.1,879.0,112.56,2.3
47640.0,1308.5,2.63,0.05,2.63,40.73434,-111.87211,24.6,30.6,878.9,123.26,4.6
47700.0,1308.6,2.43,0.05,2.43,40.73434,-111.87211,24.6,30.6,879.0,120.42,2.4
47760.0,1308.5,2.20,0.06,2.20,40.73434,-111.87211,24.6,31.0,879.0,117.07,4.9
47820.0,1308.5,1.88,0.05,1.88,40.73434,-111.87211,24.6,31.1,879.0,116.67,4.3
47880.0,1308.5,2.21,0.05,2.21,40.73434,-111.87211,24.6,31.1,879.0,115.23,3.4
47940.0,1308.5,1.79,0.05,1.79,40.73434,-111.87211,24.6,30.7,879.1,113.37,2.5
48000.0,1308.6,1.31,0.05,1.31,40.73434,-111.87211,24.6,30.8,879.1,119.19,3.7
48060.0,1308.6,1.72,0.04,1.72,40.73434,-111.87211,24.6,30.9,879.1,127.16,4.4
48120.0,1308.6,1.31,0.04,1.31,40.73434,-111.87211,24.6,30.9,879.1,118.13,4.3
48180.0,1308.7,1.12,0.05,1.12,40.73434,-111.87211,24.6,31.1,879.2,113.23,2.8
48240.0,1308.7,1.29,0.05,1.29,40.73434,-111.87211,24.7,30.7,879.1,117.83,3.9
48300.0,1308.7,0.95,0.05,0.95,40.73433,-111.87211,24.8,30.8,879.1,108.29,3.0
48360.0,1308.6,0.66,0.05,0.66,40.73433,-111.87211,24.9,30.8,879.1,111.82,4.0
48420.0,1308.7,0.66,0.05,0.66,40.73433,-111.87211,25.0,30.6,879.1,98.47,3.0
48480.0,1308.4,0.61,0.05,0.61,40.73433,-111.87211,25.0,30.3,879.2,106.35,4.2
48540.0,1308.5,1.10,0.05,1.10,40.73433,-111.87211,25.2,30.6,879.2,113.61,2.9
48600.0,1308.6,1.54,0.05,1.54,40.73433,-111.87211,25.1,30.4,879.2,106.63,4.8
48660.0,1308.8,1.66,0.05,1.66,40.73433,-111.87211,25.3,30.6,879.2,109.16,2.6
48720.0,1308.7,1.41,0.05,1.41,40.73433,-111.87211,25.3,30.4,879.2,114.97,2.6
48780.0,1308.7,1.25,0.05,1.25,40.73433,-111.87211,25.2,30.3,879.3,111.88,3.1
48840.0,1308.7,0.71,0.05,0.71,40.73433,-111.87211,25.3,30.4,879.2,100.84,1.9
48900.0,1308.7,0.52,0.05,0.52,40.73433,-111.87211,25.4,30.4,879.2,106.14,1.8
48960.0,1308.7,0.45,0.05,0.45,40.73433,-111.87211,25.5,30.4,879.2,103.98,1.6
49020.0,1308.8,1.19,0.05,1.19,40.73433,-111.87211,25.6,30.1,879.3,102.04,2.5
49080.0,1308.9,0.51,0.05,0.51,40.73434,-111.87211,25.7,29.7,879.3,107.87,2.2
49140.0,1308.9,0.31,0.05,0.31,40.73434,-111.87211,25.9,29.5,879.3,112.91,3.0
49200.0,1308.9,0.28,0.05,0.28,40.73434,-111.87211,25.9,29.7,879.3,115.11,3.1
49260.0,1308.8,359.81,0.05,359.81,40.73434,-111.87211,26.0,29.7,879.3,111.38,2.3
49320.0,1308.7,0.19,0.05,0.19,40.73434,-111.87211,26.0,29.7,879.3,122.62,3.6
49380.0,1309.0,359.96,0.05,359.96,40.73434,-111.87211,26.0,29.5,879.3,106.07,3.5
49440.0,1309.1,0.57,0.05,0.57,40.73434,-111.87211,26.0,29.6,879.3,122.27,3.3
49500.0,1309.1,0.96,0.06,0.96,40.73434,-111.87211,26.2,29.5,879.3,116.89,2.4
49560.0,1309.0,1.01,0.06,1.01,40.73434,-111.87211,26.3,29.1,879.3,108.43,2.0
49620.0,1309.1,0.97,0.06,0.97,40.73434,-111.87211,26.5,29.1,879.4,113.07,1.3
49680.0,1309.2,1.54,0.06,1.54,40.73434,-111.87211,26.6,29.1,879.4,108.89,2.0
49740.0,1309.6,1.67,0.05,1.67,40.73434,-111.87211,26.8,28.9,879.4,102.94,1.7
49800.0,1309.8,1.99,0.04,1.99,40.73434,-111.87211,26.8,29.0,879.4,105.07,2.9
49860.0,1309.9,2.65,0.05,2.65,40.73434,-111.87210,26.9,28.8,879.4,123.20,2.6
49920.0,1309.9,2.22,0.05,2.22,40.73434,-111.87210,26.9,28.6,879.4,110.84,3.0
