CampaignData_and_Merges/R0/CSL_MobileLab_Parked/raw/20240806/USOS-NOy-LIF_MobileLabGround_20240806_R0.ict
39,1001
Rollins, A.; Waxman, E.; Zuraski, K.; Chace, W.
NOAA Chemical Sciences Laboratory
LIF NO/NOx/NOy on CSL Mobile Lab
AMMBEC / USOS
1, 1
2024,08,06, 2025,01,04
1
Time_Start, seconds, number_of_seconds_since_0000_UTC
7
1, 1, 1, 1, 1, 1, 1
-9999, -9999, -9999, -9999, -9999, -9999, -9999
Time_Stop, seconds, number_of_seconds_since_0000_UTC
NO_LIF, pptv, Gas_NO_InSitu_S_AVMR, volume mixing ratio of nitric oxide in air
NO2_LIF, pptv, Gas_NO2_InSitu_S_AVMR, volume mixing ratio of nitrogen dioxide in air
NOy_LIF, pptv, Gas_NOy_InSitu_S_AVMR, volume mixing ratio of total oxidized nitrogen in air
NO_LIF_1SigmaAccuracy, pptv, Gas_NO_InSitu_S_AVMR, volume mixing ratio of nitric oxide in air
NO2_LIF_1SigmaAccuracy, pptv, Gas_NO2_InSitu_S_AVMR, volume mixing ratio of nitrogen dioxide in air
NOy_LIF_1SigmaAccuracy, pptv, Gas_NOy_InSitu_S_AVMR, volume mixing ratio of total oxidized nitrogen in air
0
18
PI_CONTACT_INFO: andrew.rollins@noaa.gov
PLATFORM: CSL Mobile Lab
LOCATION: Salt Lake City, UT
ASSOCIATED_DATA:
INSTRUMENT_INFO: NO detection by laser induced fluorescence. NO2 detection by photolytic conversion to NO. NOy detection by catalytic conversion to NO on gold surface
DATA_INFO:
UNCERTAINTY: Included 1 Sigma Accuracy waves represent the combined calibration uncertainties (±6%, ±9%, ±10%) and zero uncertainties (3 ppt, 20 ppt, 100 ppt) for NO, NO2, and NOy, respectively.
ULOD_FLAG: -7777
ULOD_VALUE: N/A
LLOD_FLAG: -8888
LLOD_VALUE: N/A
DM_CONTACT_INFO: andrew.rollins@noaa.gov
PROJECT_INFO: USOS Project, July - August 2024
STIPULATIONS_ON_USE: Users are strongly encouraged to contact the PI for proper data usage.
OTHER_COMMENTS:
REVISION: R0
R0: final data
Time_Start, Time_Stop, NO_LIF, NO2_LIF, NOy_LIF, NO_LIF_1SigmaAccuracy, NO2_LIF_1SigmaAccuracy, NOy_LIF_1SigmaAccuracy
[from data line 787]
   47220,   47280,442.88,1397.2,2553.8,29.573, 145.75, 355.38
   47280,   47340,214.25,1223.7,1978.1,15.855, 130.14, 297.81
   47340,   47400,279.73,1603.7,2584.4,19.784, 164.33, 358.44
   47400,   47460,2639.1,3383,6424.5,161.35, 324.47, 742.45
   47460,   47520,916.36,2258.5,4218,57.982, 223.26, 521.8
   47520,   47580,321.28,1629.2,2757.5,22.277, 166.63, 375.75
   47580,   47640,193.48,1238.2,2212.7,14.609, 131.44, 321.27
   47640,   47700,169.97,1205.4,1928.2,13.198, 128.49, 292.82
   47700,   47760,124.87,1140,1930.3,10.492, 122.6, 293.03
   47760,   47820,1061.4,1596.2,2217.7,66.687, 163.66, 321.77
   47820,   47880,1338.1,2675.1,3935.8,83.284, 260.76, 493.58
   47880,   47940,-9999,-9999,-9999,-9999, -9999, -9999
   47940,   48000,-9999,-9999,-9999,-9999, -9999, -9999
   48000,   48060,-9999,-9999,-9999,-9999, -9999, -9999
   48060,   48120,-9999,-9999,-9999,-9999, -9999, -9999
   48120,   48180,-9999,-9999,-9999,-9999, -9999, -9999
   48180,   48240,-9999,-9999,-9999,-9999, -9999, -9999
   48240,   48300,-9999,-9999,-9999,-9999, -9999, -9999
   48300,   48360,299.32,1238.6,2296,20.959, 131.47, 329.6
   48360,   48420,279.52,1347.2,2202.6,19.771, 141.25, 320.26
   48420,   48480,121.49,956.14,1724.2,10.289, 106.05, 272.42
   48480,   48540,123.6,931.78,1555.1,10.416, 103.86, 255.51
   48540,   48600,341.54,1414.9,2317.8,23.492, 147.34, 331.78
   48600,   48660,312.76,1253.8,2241.7,21.766, 132.85, 324.17
   48660,   48720,488.29,1813.6,3052.8,32.297, 183.23, 405.28
   48720,   48780,255.05,1340.2,2119.2,18.303, 140.62, 311.92
   48780,   48840,581.12,1743,3252,37.867, 176.87, 425.2
   48840,   48900,786.99,2018.9,2817.4,50.22, 201.7, 381.74
   48900,   48960,382.97,1811.6,3371,25.978, 183.05, 437.1
   48960,   49020,554.81,1602.4,2635.3,36.289, 164.22, 363.53
   49020,   49080,1993.3,3125.3,5578.2,122.6, 301.28, 657.82
   49080,   49140,210.46,1354.6,2386.3,15.627, 141.92, 338.63
   49140,   49200,308.71,1480.4,2208.3,21.523, 153.24, 320.83
   49200,   49260,818.91,1775.2,2828.1,52.135, 179.76, 382.81
   49260,   49320,4546.7,5755,9762.4,275.8, 537.95, 1076.2
   49320,   49380,814.68,2375.2,4344.6,51.881, 233.77, 534.46
   49380,   49440,378.93,1883.7,3124.5,25.736, 189.54, 412.45
   49440,   49500,150.53,1170.3,1880.8,12.032, 125.33, 288.08
   49500,   49560,337.39,1543.3,2532.5,23.243, 158.9, 353.25
   49560,   49620,254.63,1484.5,2421.9,18.278, 153.6, 342.19
   49620,   49680,392.87,1892.5,2791.5,26.572, 190.32, 379.15
   49680,   49740,297.71,1752.3,2914.9,20.863, 177.71, 391.49
   49740,   49800,304.29,1764.1,2779.3,21.258, 178.77, 377.93
   49800,   49860,743.94,1897,2966.5,47.636, 190.73, 396.65
   49860,   49920,1045.4,2710.4,4609.8,65.726, 263.93, 560.98
   49920,   49980,432.88,1685.6,3008.2,28.973, 171.7, 400.82
   49980,   50040,5443.8,5474.1,7453.8,329.63, 512.67, 845.38
   50040,   50100,11285,9830.7,19553,680.09, 904.76, 2055.3
   50100,   50160,6158.3,7442,13535,372.5, 689.78, 1453.5
   50160,   50220,1540.3,4736.8,5761.5,95.419, 446.31, 676.15
   50220,   50280,1907.6,5277.1,6946.7,117.46, 494.94, 794.67
   50280,   50340,3279.2,7031.9,8122.3,199.75, 652.87, 912.23
   50340,   50400,5307.1,8503.2,9177.4,321.42, 785.29, 1017.7
   50400,   50460,3971.5,5357.5,15569,241.29, 502.18, 1656.9
   50460,   50520,667.44,1942.2,3671.9,43.047, 194.8, 467.19
   50520,   50580,231.66,1262.8,2194.5,16.9, 133.65, 319.45
   50580,   50640,1115.7,2346.7,7366.9,69.94, 231.2, 836.69
   50640,   50700,802.21,1864,3732.1,51.132, 187.76, 473.21
   50700,   50760,1737.1,2134.8,3785.4,107.23, 212.13, 478.54
   50760,   50820,775.31,1929.8,3356.2,49.519, 193.68, 435.62
   50820,   50880,325.48,1533.4,2717.2,22.529, 158, 371.72
   50880,   50940,3337.1,3584.2,5532.6,203.22, 342.58, 653.26
   50940,   51000,13172,10740,32707,793.32, 986.58, 3370.7
   51000,   51060,810.08,2281.8,5345.8,51.605, 225.37, 634.58
   51060,   51120,392.37,1759.5,3252.9,26.542, 178.36, 425.29
   51120,   51180,25655,18659,25709,1542.3, 1699.3, 2670.9
   51180,   51240,1864.5,3112.3,15819,114.87, 300.1, 1681.9
   51240,   51300,3312.8,4294,15206,201.77, 406.46, 1620.6
   51300,   51360,8976.4,8979.2,24108,541.58, 828.12, 2510.8
   51360,   51420,695.71,2012.9,3415.4,44.743, 201.16, 441.54
   51420,   51480,8453.7,8745.4,18045,510.22, 807.09, 1904.5
   51480,   51540,785.1,2933.2,13064,50.106, 283.99, 1406.4
   51540,   51600,6048.8,8780.9,16525,365.93, 810.28, 1752.5
   51600,   51660,970.49,2853.4,6882.3,61.229, 276.81, 788.23
   51660,   51720,413.87,1961.7,3086.4,27.832, 196.55, 408.64
   51720,   51780,504.41,2215.8,3157.4,33.265, 219.42, 415.74
   51780,   51840,785.19,2692.1,3737,50.111, 262.29, 473.7
   51840,   51900,1413,4843.5,6329.7,87.779, 455.91, 732.97
   51900,   51960,1255.3,4051.2,5650.2,78.316, 384.61, 665.02
   51960,   52020,1356.9,4679.7,7088.7,84.417, 441.17, 808.87
   52020,   52080,697.73,2943.2,4692.6,44.864, 284.89, 569.26
   52080,   52140,550.95,2577.2,3447.7,36.057, 251.95, 444.77
   52140,   52200,971.9,3118.7,4400.2,61.314, 300.68, 540.02
   52200,   52260,674.48,2528.2,3913.3,43.469, 247.54, 491.33
   52260,   52320,668.2,2192.1,3043,43.092, 217.29, 404.3
   52320,   52380,1377.9,3975.7,6157.4,85.671, 377.81, 715.74
   52380,   52440,991.92,3104.3,5711.7,62.515, 299.39, 671.17
   52440,   52500,5322.7,7031,9141.3,322.36, 652.79, 1014.1
   52500,   52560,12105,12351,26341,729.3, 1131.6, 2734.1
   52560,   52620,521.8,2174.1,3741.8,34.308, 215.67, 474.18
   52620,   52680,649.31,2198.2,3194,41.959, 217.84, 419.4
   52680,   52740,3634.3,4981,4563.8,221.06, 468.29, 556.38
   52740,   52800,6275.7,9566.2,18706,379.54, 880.96, 1970.6
   52800,   52860,5531.5,7776.5,10735,334.89, 719.89, 1173.5
   52860,   52920,1975.4,5367.8,9269.5,121.53, 503.1, 1026.9
   52920,   52980,3616.9,7042.6,14304,220.02, 653.84, 1530.4
   52980,   53040,2337.7,6574.9,9017.6,143.26, 611.74, 1001.8
   53040,   53100,1793.4,5094.1,6658.9,110.61, 478.47, 765.89
   53100,   53160,1635.1,4620.3,6515.6,101.1, 435.83, 751.56
   53160,   53220,490.16,2010.3,3194.1,32.41, 200.92, 419.41
   53220,   53280,2121.3,4557,6583.5,130.28, 430.13, 758.35
   53280,   53340,977.93,2982.3,4767.7,61.676, 288.4, 576.77
   53340,   53400,2061.1,4044.5,5434.5,126.66, 384.01, 643.45
   53400,   53460,1303.6,3801.7,5019.3,81.216, 362.15, 601.93
   53460,   53520,1390.5,3680.4,5337.8,86.429, 351.24, 633.78
   53520,   53580,2658.9,5431.9,7989.4,162.54, 508.87, 898.94
   53580,   53640,2041.1,4659.1,5932.3,125.46, 439.32, 693.23
   53640,   53700,17960,16533,19766,1080.6, 1508, 2076.6
   53700,   53760,29597,23957,42375,1778.8, 2176.1, 4337.5
   53760,   53820,11973,14480,20140,721.38, 1323.2, 2114
   53820,   53880,12267,12920,26441,739.02, 1182.8, 2744.1
   53880,   53940,9870.1,10160,16911,595.21, 934.38, 1791.1
   53940,   54000,29919,20989,38791,1798.1, 1909, 3979.1
   54000,   54060,20851,16111,43436,1254, 1470, 4443.6
   54060,   54120,13589,14917,35442,818.33, 1362.5, 3644.2
   54120,   54180,13461,16280,32073,810.65, 1485.2, 3307.3
   54180,   54240,522.21,2106.8,3742.8,34.333, 209.61, 474.28
   54240,   54300,808.16,2263.5,2987,51.49, 223.71, 398.7
   54300,   54360,2033.6,3382.3,4388.3,125.02, 324.41, 538.83
   54360,   54420,7135,7810.4,18734,431.1, 722.94, 1973.4
   54420,   54480,4473.8,4423.6,6639.4,271.43, 418.12, 763.94
   54480,   54540,2997.7,4526.1,16183,182.86, 427.35, 1718.3
   54540,   54600,730.72,2340.6,5535.8,46.843, 230.65, 653.58
   54600,   54660,895.15,2474.7,4891.5,56.709, 242.73, 589.15
   54660,   54720,18348,15297,34378,1103.9, 1396.7, 3537.8
   54720,   54780,7756.5,7736,12473,468.39, 716.24, 1347.3
   54780,   54840,8547.8,7927.9,18462,515.87, 733.51, 1946.2
   54840,   54900,13405,12367,41911,807.31, 1133, 4291.1
   54900,   54960,12384,11605,25173,746.02, 1064.4, 2617.3
   54960,   55020,17744,15074,27878,1067.6, 1376.7, 2887.8
   55020,   55080,6911.2,7726.1,21114,417.67, 715.35, 2211.4
   55080,   55140,19828,17817,28307,1192.7, 1623.5, 2930.7
   55140,   55200,7087.8,9050.4,19876,428.27, 834.53, 2087.6
   55200,   55260,1531.1,4459.9,6441,94.865, 421.39, 744.1
   55260,   55320,878.38,3360.1,4401.5,55.703, 322.41, 540.15
   55320,   55380,696.74,2754.5,4027.8,44.805, 267.9, 502.78
   55380,   55440,946.66,3406,4694.7,59.8, 326.54, 569.47
   55440,   55500,861.29,3046.1,4601.8,54.678, 294.15, 560.18
   55500,   55560,770.7,3087.4,4303.7,49.242, 297.87, 530.37
   55560,   55620,3425.4,4945.8,4672.7,208.52, 465.12, 567.27
   55620,   55680,574.87,2189.4,2936.2,37.492, 217.05, 393.62
   55680,   55740,646.34,2485.2,3629.2,41.78, 243.67, 462.92
   55740,   55800,1101.7,3497,4271,69.104, 334.73, 527.1
   55800,   55860,464.66,1793,3418.5,30.88, 181.37, 441.85
   55860,   55920,-9999,-9999,-9999,-9999, -9999, -9999
   55920,   55980,-9999,-9999,-9999,-9999, -9999, -9999
   55980,   56040,-9999,-9999,-9999,-9999, -9999, -9999
   56040,   56100,-9999,-9999,-9999,-9999, -9999, -9999
   56100,   56160,-9999,-9999,-9999,-9999, -9999, -9999
   56160,   56220,-9999,-9999,-9999,-9999, -9999, -9999
   56220,   56280,-9999,-9999,-9999,-9999, -9999, -9999
   56280,   56340,11289,10997,23592,680.35, 1009.7, 2459.2
   56340,   56400,14407,13090,24233,867.4, 1198.1, 2523.3
   56400,   56460,18237,18083,30794,1097.2, 1647.5, 3179.4
   56460,   56520,2584.7,4206.9,10583,158.08, 398.62, 1158.3
   56520,   56580,2230.4,4158.2,5470.6,136.83, 394.24, 647.06
   56580,   56640,1461,3743.6,5131.3,90.662, 356.93, 613.13
   56640,   56700,10177,12638,12507,613.62, 1157.4, 1350.7
   56700,   56760,9258.5,11388,14660,558.51, 1044.9, 1566
   56760,   56820,3657.5,6801.5,12997,222.45, 632.13, 1399.7
   56820,   56880,2952.6,5992.4,10347,180.16, 559.31, 1134.7
   56880,   56940,6075.6,8952.5,14116,367.54, 825.72, 1511.6
   56940,   57000,12576,16327,34895,757.57, 1489.4, 3589.5
   57000,   57060,5363.7,8802.5,9560,324.82, 812.23, 1056
   57060,   57120,8593.3,11745,22054,518.6, 1077, 2305.4
   57120,   57180,4005.2,7596.2,11821,243.31, 703.66, 1282.1
   57180,   57240,6920.8,11180,24608,418.25, 1026.2, 2560.8
   57240,   57300,4772.8,7556.5,11887,289.37, 700.08, 1288.7
   57300,   57360,1588.3,4014.3,5473,98.296, 381.28, 647.3
   57360,   57420,5303.3,8814.3,9136.2,321.2, 813.29, 1013.6
   57420,   57480,9361.3,13521,22507,564.68, 1236.8, 2350.7
   57480,   57540,1531.7,5017.3,8277.9,94.899, 471.56, 927.79
   57540,   57600,3329.4,7995.7,10187,202.77, 739.61, 1118.7
   57600,   57660,1705.7,5873.6,8321.5,105.34, 548.62, 932.15
   57660,   57720,1425.5,5366.5,7464.9,88.529, 502.99, 846.49
   57720,   57780,1355.1,5152.4,6843.7,84.304, 483.72, 784.37
   57780,   57840,1352.2,5236.3,7061.6,84.132, 491.26, 806.16
   57840,   57900,1314.6,5142.5,6995.4,81.877, 482.83, 799.54
   57900,   57960,7321.8,13564,16698,442.31, 1240.7, 1769.8
   57960,   58020,2006.5,6817,8627.2,123.39, 633.53, 962.72
   58020,   58080,1287.7,4687.3,6514.5,80.263, 441.85, 751.45
   58080,   58140,944.83,4006.1,5541.5,59.69, 380.55, 654.15
   58140,   58200,994.98,4168.2,5762.2,62.699, 395.14, 676.22
   58200,   58260,838.17,3717.1,5279.4,53.29, 354.54, 627.94
   58260,   58320,616.63,2934.8,4301,39.998, 284.13, 530.1
   58320,   58380,790.32,3434.2,4809,50.419, 329.08, 580.9
   58380,   58440,811.56,3444.7,4880.8,51.693, 330.03, 588.08
   58440,   58500,777.72,3405.2,4821.2,49.663, 326.47, 582.12
   58500,   58560,1017.9,3971.2,5500.6,64.072, 377.41, 650.06
   58560,   58620,833.57,3503.4,5029.8,53.014, 335.31, 602.98
   58620,   58680,841.02,3525.8,5033.3,53.461, 337.32, 603.33
   58680,   58740,1519,4554.3,6085.8,94.142, 429.89, 708.58
   58740,   58800,1645.1,5315.1,9197.8,101.71, 498.36, 1019.8
   58800,   58860,887.45,3705,5370.6,56.247, 353.45, 637.06
   58860,   58920,817.4,3489.4,5020.7,52.044, 334.05, 602.07
   58920,   58980,1078.4,3873.6,5275.9,67.707, 368.62, 627.59
   58980,   59040,2003.8,5438.2,6282.9,123.23, 509.44, 728.29
   59040,   59100,2198.6,6540.8,8786.4,134.92, 608.67, 978.64
   59100,   59160,1099.4,4225,5736.7,68.962, 400.25, 673.67
   59160,   59220,743.18,3060.5,4236.4,47.591, 295.45, 523.64
   59220,   59280,1870.8,5333.2,6267.5,115.25, 499.99, 726.75
   59280,   59340,1394.9,4310.2,5799.5,86.695, 407.92, 679.95
   59340,   59400,867.74,3311.9,4166,55.064, 318.07, 516.6
   59400,   59460,1006.4,3969.2,6086,63.384, 377.23, 708.6
   59460,   59520,688.58,2928.6,4394.4,44.315, 283.57, 539.44
   59520,   59580,497.66,2273.9,3567.3,32.859, 224.65, 456.73
   59580,   59640,550.93,2495.9,3892,36.056, 244.63, 489.2
   59640,   59700,595,2673.6,4096.3,38.7, 260.63, 509.63
   59700,   59760,683.41,3016,4453.2,44.004, 291.44, 545.32
   59760,   59820,825.59,3543.1,5166.7,52.536, 338.88, 616.67
   59820,   59880,977.38,3956.6,5784.7,61.643, 376.09, 678.47
   59880,   59940,870.26,3732.2,5515.8,55.216, 355.9, 651.58
   59940,   60000,875.93,3765.9,5414.6,55.556, 358.93, 641.46
   60000,   60060,1085.7,4445.5,6044.8,68.143, 420.1, 704.48
   60060,   60120,3752.8,6908.3,9132.5,228.17, 641.75, 1013.3
   60120,   60180,5741.4,9881.9,17947,347.48, 909.37, 1894.7
   60180,   60240,1478.5,5063.4,9876,91.711, 475.71, 1087.6
   60240,   60300,1517.6,4884.5,5284.3,94.057, 459.61, 628.43
   60300,   60360,4295,8861.6,10007,260.7, 817.54, 1100.7
   60360,   60420,6527.4,10784,14997,394.65, 990.59, 1599.7
   60420,   60480,4247.7,8269.3,14343,257.86, 764.24, 1534.3
   60480,   60540,3883.5,6682.6,13228,236.01, 621.43, 1422.8
   60540,   60600,4962.4,8324.1,14945,300.74, 769.17, 1594.5
   60600,   60660,647.87,2932.5,4320.2,41.872, 283.92, 532.02
   60660,   60720,636.52,2831.5,4339.5,41.191, 274.84, 533.95
   60720,   60780,777.71,3407.4,4819.1,49.663, 326.66, 581.91
   60780,   60840,906.45,3639.5,4848.4,57.387, 347.56, 584.84
   60840,   60900,1795.4,5391.6,7221.7,110.73, 505.25, 822.17
   60900,   60960,793.6,3639.9,5163.5,50.616, 347.59, 616.35
   60960,   61020,659.83,3067.6,4717.1,42.59, 296.08, 571.71
   61020,   61080,733.09,3446.4,5099.2,46.986, 330.18, 609.92
   61080,   61140,782.73,3396.3,5077.5,49.964, 325.67, 607.75
   61140,   61200,756.34,4028.1,5715.3,48.381, 382.53, 671.53
   61200,   61260,1088,5419.1,7796.7,68.279, 507.72, 879.67
   61260,   61320,883.38,3877.7,5748.1,56.003, 368.99, 674.81
   61320,   61380,972.38,4026.1,5720.7,61.343, 382.35, 672.07
   61380,   61440,1055.7,4213.9,5949.7,66.34, 399.25, 694.97
   61440,   61500,831.93,4020.9,5756.5,52.916, 381.88, 675.65
   61500,   61560,1219,5118.8,7312.5,76.139, 480.7, 831.25
   61560,   61620,779.51,3382.8,5051.8,49.771, 324.45, 605.18
   61620,   61680,815.41,3536.7,5357.9,51.925, 338.3, 635.79
   61680,   61740,785.93,3714,5434.6,50.156, 354.26, 643.46
   61740,   61800,946.28,4479,5685.1,59.777, 423.11, 668.51
   61800,   61860,938.27,3983.8,5822.2,59.296, 378.54, 682.22
   61860,   61920,1317.3,4750.8,5842.1,82.038, 447.57, 684.21
   61920,   61980,1481.3,6106,8055.6,91.88, 569.54, 905.56
   61980,   62040,2055.2,8084,9140.4,126.31, 747.56, 1014
   62040,   62100,2513.9,8006.8,12320,153.84, 740.61, 1332
   62100,   62160,1299.4,5522.2,7803.3,80.966, 517, 880.33
   62160,   62220,1482.3,6838.7,9117,91.935, 635.48, 1011.7
   62220,   62280,1388.3,6953.4,8622.5,86.3, 645.81, 962.25
   62280,   62340,985.78,4393.5,6285,62.147, 415.41, 728.5
   62340,   62400,1000.3,4271.5,6295.7,63.019, 404.44, 729.57
   62400,   62460,846.86,3977.2,5874.7,53.812, 377.95, 687.47
   62460,   62520,828.94,3981.6,5898.2,52.736, 378.34, 689.82
   62520,   62580,891.23,3956.3,5997.8,56.474, 376.07, 699.78
   62580,   62640,905.29,4129.2,6139,57.318, 391.63, 713.9
   62640,   62700,1020.9,4515.6,6573,64.253, 426.4, 757.3
   62700,   62760,1419.8,4872.1,6360.4,88.188, 458.49, 736.04
   62760,   62820,1615.3,6001.8,10079,99.921, 560.16, 1107.9
   62820,   62880,1600.2,5996.6,7437.4,99.009, 559.69, 843.74
   62880,   62940,1837.4,6928.8,8952.9,113.24, 643.59, 995.29
   62940,   63000,843.78,3904.3,5928.1,53.627, 371.39, 692.81
   63000,   63060,798.25,3799.8,5815.4,50.895, 361.98, 681.54
