CampaignData_and_Merges/R0/CSL_MobileLab_Parked/raw/20240806/USOS-NOAAIodideCIMS-OrgNitrs_MobileLabGround_20240806_RA.ict
37, 1001
Michael A Robinson, Chris Jernigan, Subi Thakali
NOAA ESRL Chemical Sciences Laboratory and CIRES, U. of Colorado
NOAA Iodide CIMS Instrument
USOS
1, 1
2024, 08, 06, 2024, 08, 06
1
starttime_UTC, seconds_past_midnight, seconds_of_day_since_00:00:00_UTC
5
1, 1, 1, 1, 1
-9999, -9999, -9999, -9999, -9999
C4H7NO5_NOAACIMS, pptv, Gas_C4H7NO5_InSitu_S_AVMR, 
ISOPN_NOAACIMS, pptv, Gas_ISOPN_InSitu_S_AVMR, 
C5H10O3_NOAACIMS, pptv, Gas_C5H10O3_InSitu_S_AVMR, 
C5H9NO5_NOAACIMS, pptv, Gas_C5H9NO5_InSitu_S_AVMR, 
C10H17NO4_NOAACIMS, pptv, Gas_C10H17NO4_InSitu_S_AVMR, 
0
18
PI_CONTACT_INFO: 325 Broadway, R/CSD 7, Boulder, Colorado 80305; michael.a.robinson@noaa.gov; chris.jernigan@noaa.gov;
PLATFORM: NOAA CSL Mobile Lab
LOCATION: SLC, Utah
ASSOCIATED_DATA: 1Hz data also available on request.
INSTRUMENT_INFO: NOAA I- ToF CIMS
DATA_INFO: All data in parts per trillion by volume (pptv). 1 Hz data is available upon request.
UNCERTAINTY: TBD
ULOD_FLAG: -7777
ULOD_VALUE: N/A
LLOD_FLAG: -8888
LLOD_VALUE: N/A
DM_CONTACT_INFO: Nathan Howard; nathan.h.howard@noaa.gov
PROJECT_INFO: USOS, summer 2024. https://csl.noaa.gov/groups/csl7/measurements/2024usos/
STIPULATIONS_ON_USE: Users are strongly encouraged to contact the PI for proper data usage.
OTHER_COMMENTS: 
REVISION: RA
RA: Preliminary Data; For in-field use only
starttime_UTC, C4H7NO5_NOAACIMS, ISOPN_NOAACIMS, C5H10O3_NOAACIMS, C5H9NO5_NOAACIMS, C10H17NO4_NOAACIMS
     0, -9999.000, -9999.000, -9999.000, -9999.000, -9999.000
    60, -9999.000, -9999.000, -9999.000, -9999.000, -9999.000
   120, -9999.000, -9999.000, -9999.000, -9999.000, -9999.000
   180, -9999.000, -9999.000, -9999.000, -9999.000, -9999.000
   240, -9999.000, -9999.000, -9999.000, -9999.000, -9999.000
   300, -9999.000, -9999.000, -9999.000, -9999.000, -9999.000
   360, -9999.000, -9999.000, -9999.000, -9999.000, -9999.000
   420, -9999.000, -9999.000, -9999.000, -9999.000, -9999.000
   480, -9999.000, -9999.000, -9999.000, -9999.000, -9999.000
   540, -9999.000, -9999.000, -9999.000, -9999.000, -9999.000
   600, -9999.000, -9999.000, -9999.000, -9999.000, -9999.000
   660, -9999.000, -9999.000, -9999.000, -9999.000, -9999.000
   720, -9999.000, -9999.000, -9999.000, -9999.000, -9999.000
   780, -9999.000, -9999.000, -9999.000, -9999.000, -9999.000
   840, -9999.000, -9999.000, -9999.000, -9999.000, -9999.000
   900, -9999.000, -9999.000, -9999.000, -9999.000, -9999.000
   960,  3.912, 22.235, 75.085,  1.957,  0.445
  1020,  4.558, 22.664, 75.316,  1.678,  0.540
  1080,  4.986, 26.377, 81.004,  1.687,  0.602
  1140,  4.758, 19.344, 85.906,  2.835,  0.429
  1200,  4.619, 18.037, 76.627,  2.504,  0.445
  1260,  4.466, 18.361, 72.119,  2.707,  0.292
  1320,  4.315, 17.705, 66.870,  2.336,  0.281
  1380,  4.250, 15.913, 62.680,  2.475,  0.273
  1440,  3.879, 12.950, 51.617,  2.198,  0.277
  1500,  3.686, 11.567, 48.076,  2.088,  0.209
  1560,  3.520, 10.561, 42.780,  1.977,  0.218
  1620,  3.358,  9.370, 38.384,  2.027,  0.146
  1680,  3.387,  9.253, 36.026,  2.118,  0.125
  1740,  3.514,  9.870, 36.056,  2.081,  0.174
  1800,  3.543,  9.919, 35.758,  2.120,  0.183
  1860,  3.734, 10.411, 35.992,  2.224,  0.182
  1920,  3.488,  9.104, 34.012,  2.357,  0.172
  1980,  3.695, 10.652, 33.651,  2.221,  0.242
  2040,  3.909, 11.878, 34.523,  2.321,  0.240
  2100, -9999.000, -9999.000, -9999.000, -9999.000, -9999.000
  2160,  4.309, 14.659, 33.488,  2.808,  0.405
  2220,  4.339, 14.761, 35.519,  2.867,  0.265
  2280,  4.394, 17.476, 42.495,  2.815,  0.256
  2340,  5.080, 28.430, 82.596,  3.121,  0.345
  2400,  5.217, 31.876, 97.370,  3.266,  0.526
  2460,  5.063, 30.344, 97.551,  3.288,  0.431
  2520,  5.232, 31.054, 99.767,  3.128,  0.443
  2580,  5.311, 32.394, 111.040,  3.238,  0.510
  2640,  5.366, 33.242, 119.306,  3.489,  0.421
  2700,  5.649, 34.684, 124.308,  3.367,  0.455
  2760,  5.671, 34.616, 130.064,  3.629,  0.505
  2820,  5.822, 34.184, 131.512,  3.704,  0.517
  2880,  6.090, 33.192, 140.634,  3.528,  0.568
  2940,  6.119, 33.378, 143.625,  3.648,  0.491
  3000,  6.230, 33.296, 149.159,  3.882,  0.550
  3060,  6.397, 33.951, 149.828,  3.834,  0.485
  3120,  6.323, 33.726, 154.849,  3.719,  0.558
  3180,  6.283, 33.152, 154.977,  3.837,  0.415
  3240,  6.398, 34.112, 157.239,  3.702,  0.569
  3300,  6.367, 33.955, 156.308,  3.635,  0.494
  3360,  6.354, 32.335, 157.144,  3.662,  0.552
  3420,  6.544, 34.698, 160.438,  3.748,  0.544
  3480,  6.450, 32.527, 163.587,  3.549,  0.514
  3540,  6.479, 32.994, 165.641,  3.624,  0.411
  3600,  6.337, 29.395, 154.662,  3.772,  0.598
  3660,  5.749, 21.363, 112.525,  3.421,  0.277
  3720,  5.682, 20.044, 102.471,  3.068,  0.080
  3780,  5.811, 20.619, 96.337,  3.159,  0.218
  3840,  5.742, 20.344, 95.277,  3.011,  0.266
  3900,  5.711, 20.698, 93.664,  2.873,  0.226
  3960, -9999.000, -9999.000, -9999.000, -9999.000, -9999.000
  4020,  5.751, 21.953, 83.789,  3.134,  0.196
  4080,  5.739, 21.410, 87.698,  3.115,  0.149
  4140,  5.670, 20.907, 89.441,  3.031,  0.186
  4200,  5.668, 21.493, 88.413,  2.853,  0.159
  4260,  5.717, 21.342, 92.098,  2.981,  0.236
  4320,  5.726, 21.050, 90.222,  3.069,  0.232
  4380,  5.814, 21.609, 93.918,  3.118,  0.195
  4440,  5.868, 21.998, 96.012,  3.137,  0.222
  4500,  5.915, 22.574, 98.940,  3.147,  0.264
  4560,  6.018, 26.827, 116.513,  3.360,  0.306
  4620,  6.113, 27.510, 123.749,  3.276,  0.328
  4680,  6.270, 28.849, 129.501,  3.471,  0.326
  4740,  6.119, 28.546, 131.781,  3.355,  0.327
  4800,  6.301, 28.098, 136.134,  3.594,  0.359
  4860,  6.208, 28.211, 136.368,  3.426,  0.354
  4920,  6.297, 27.702, 138.014,  3.344,  0.298
  4980,  6.197, 27.416, 137.472,  3.538,  0.310
  5040,  6.342, 27.987, 141.690,  3.361,  0.327
  5100,  6.375, 27.532, 141.739,  3.375,  0.288
  5160,  6.294, 27.766, 146.805,  3.643,  0.383
  5220,  6.349, 28.910, 146.512,  3.430,  0.321
  5280,  6.207, 27.966, 143.730,  3.688,  0.373
  5340,  6.150, 26.817, 142.465,  3.492,  0.302
  5400,  6.061, 27.196, 142.508,  3.610,  0.436
  5460,  6.111, 27.407, 140.204,  3.524,  0.393
  5520,  6.044, 28.535, 139.734,  3.626,  0.388
  5580,  6.165, 27.488, 136.096,  3.559,  0.330
  5640,  6.116, 27.768, 136.366,  3.361,  0.407
  5700,  6.043, 26.743, 135.135,  3.672,  0.301
  5760,  6.103, 26.797, 138.365,  3.441,  0.466
  5820, -9999.000, -9999.000, -9999.000, -9999.000, -9999.000
  5880,  5.982, 25.023, 122.696,  3.629,  0.311
  5940,  5.967, 25.873, 132.361,  3.625,  0.333
  6000,  5.950, 25.453, 136.712,  3.449,  0.396
  6060,  5.961, 25.264, 140.015,  3.474,  0.396
  6120,  5.935, 25.242, 143.675,  3.496,  0.296
  6180,  5.966, 25.494, 145.672,  3.324,  0.347
  6240,  6.041, 25.561, 150.442,  3.401,  0.348
  6300,  6.491, 27.024, 145.362,  3.599,  0.424
  6360,  7.002, 26.301, 110.893,  3.564,  0.394
  6420,  7.428, 26.930, 87.829,  3.604,  0.406
  6480,  7.513, 25.785, 74.459,  3.635,  0.368
  6540,  7.235, 27.111, 93.796,  3.883,  0.442
  6600,  7.022, 27.247, 101.869,  3.917,  0.361
  6660,  7.103, 26.971, 100.810,  3.717,  0.388
  6720,  6.860, 26.806, 108.921,  3.852,  0.449
  6780,  6.931, 26.900, 109.234,  3.718,  0.410
  6840,  6.838, 26.803, 110.028,  3.804,  0.490
  6900,  6.776, 27.657, 112.044,  3.846,  0.335
  6960,  6.753, 27.923, 118.524,  3.827,  0.391
  7020,  6.378, 26.403, 125.700,  3.622,  0.451
  7080,  6.203, 26.033, 125.106,  3.800,  0.403
  7140,  6.384, 26.391, 135.088,  3.708,  0.480
  7200,  6.391, 25.962, 134.525,  3.790,  0.484
  7260,  6.457, 26.338, 137.376,  3.868,  0.430
  7320,  6.315, 25.820, 134.712,  3.618,  0.441
  7380,  6.464, 26.079, 133.531,  3.805,  0.461
  7440,  6.127, 25.294, 131.563,  3.513,  0.421
  7500,  6.117, 25.753, 133.347,  3.536,  0.501
  7560,  5.797, 24.281, 134.281,  3.341,  0.429
  7620,  5.825, 23.593, 132.163,  3.484,  0.391
  7680,  5.422, 21.078, 114.311,  3.399,  0.471
  7740,  5.525, 23.024, 121.872,  3.500,  0.454
  7800,  5.489, 22.981, 124.131,  3.378,  0.450
  7860,  5.519, 22.663, 124.811,  3.324,  0.479
  7920,  5.399, 22.276, 124.262,  3.383,  0.360
  7980,  5.416, 21.928, 126.617,  3.348,  0.432
  8040,  5.282, 21.899, 121.616,  3.331,  0.427
  8100,  5.365, 22.284, 120.545,  3.352,  0.459
  8160,  5.442, 21.875, 121.344,  3.261,  0.434
  8220,  5.422, 21.855, 121.487,  3.489,  0.409
  8280,  5.291, 21.492, 123.921,  3.654,  0.510
  8340,  5.186, 21.165, 123.707,  3.391,  0.382
  8400,  5.089, 20.944, 121.872,  3.449,  0.363
  8460,  5.257, 20.377, 123.201,  3.476,  0.308
  8520,  5.223, 20.449, 123.955,  3.538,  0.467
  8580,  5.417, 21.243, 124.053,  3.877,  0.485
  8640,  5.329, 21.420, 122.985,  3.753,  0.478
  8700,  5.291, 21.586, 123.342,  3.815,  0.377
  8760,  5.226, 21.208, 123.179,  3.821,  0.489
  8820,  5.295, 20.739, 123.141,  3.709,  0.421
  8880,  5.167, 20.724, 120.229,  3.869,  0.467
  8940,  5.181, 20.141, 119.885,  3.870,  0.507
  9000,  5.107, 20.396, 118.776,  3.831,  0.468
  9060,  5.060, 20.020, 120.916,  3.847,  0.429
  9120,  5.101, 19.792, 120.390,  4.007,  0.429
  9180,  4.939, 19.214, 118.633,  3.860,  0.390
  9240,  5.064, 19.747, 121.325,  4.080,  0.480
  9300,  4.951, 19.558, 123.341,  4.214,  0.533
  9360,  5.030, 20.283, 122.553,  4.074,  0.465
  9420,  5.074, 19.582, 119.876,  4.141,  0.443
  9480,  4.939, 18.863, 119.984,  4.077,  0.485
  9540,  4.736, 18.445, 96.176,  4.202,  0.343
  9600,  4.867, 18.899, 104.677,  4.084,  0.414
  9660,  4.890, 19.175, 111.467,  4.282,  0.472
  9720,  4.765, 18.958, 113.723,  4.181,  0.377
  9780,  4.906, 18.455, 116.105,  4.111,  0.471
  9840,  4.855, 18.900, 118.561,  4.287,  0.344
  9900,  4.776, 18.376, 118.328,  4.186,  0.441
  9960,  4.766, 18.232, 118.716,  4.139,  0.485
 10020,  4.735, 17.899, 118.584,  4.248,  0.430
 10080,  4.682, 17.547, 116.435,  4.079,  0.459
 10140,  4.645, 17.527, 116.836,  4.128,  0.448
 10200,  4.601, 17.462, 114.581,  4.019,  0.398
 10260,  4.660, 17.630, 115.144,  4.086,  0.384
 10320,  4.587, 17.522, 116.603,  4.140,  0.383
 10380,  4.638, 17.745, 116.491,  4.144,  0.405
 10440,  4.592, 16.803, 115.768,  4.100,  0.439
 10500,  4.564, 16.976, 115.188,  4.047,  0.298
 10560,  4.668, 16.636, 114.572,  3.970,  0.319
 10620,  4.454, 16.431, 114.504,  4.160,  0.347
 10680,  4.506, 17.080, 114.654,  4.177,  0.424
 10740,  4.524, 17.420, 115.977,  4.190,  0.412
 10800,  4.503, 16.749, 114.406,  4.055,  0.309
 10860,  4.515, 16.676, 113.605,  4.027,  0.344
 10920,  4.590, 17.179, 112.573,  4.363,  0.322
 10980,  4.574, 16.891, 113.907,  4.304,  0.308
 11040,  4.609, 16.793, 115.110,  4.388,  0.375
 11100,  4.684, 16.944, 115.179,  4.440,  0.373
 11160,  4.519, 16.666, 112.511,  4.392,  0.292
 11220,  4.639, 16.637, 113.849,  4.476,  0.304
 11280,  4.573, 16.060, 111.876,  4.446,  0.300
 11340,  4.928, 17.623, 112.271,  4.724,  0.234
 11400,  4.480, 16.861, 103.877,  4.257,  0.264
 11460,  4.597, 16.719, 105.026,  4.612,  0.352
 11520,  4.477, 16.709, 108.042,  4.611,  0.377
 11580,  4.400, 16.466, 105.281,  4.415,  0.251
 11640,  4.550, 16.064, 110.006,  4.507,  0.282
 11700,  4.505, 16.466, 111.065,  4.691,  0.281
 11760,  4.513, 15.222, 109.513,  4.478,  0.207
 11820,  4.473, 16.005, 107.940,  4.391,  0.337
 11880,  4.508, 15.529, 110.048,  4.413,  0.338
 11940,  4.352, 15.838, 107.847,  4.411,  0.327
 12000,  4.380, 15.182, 108.275,  4.468,  0.359
 12060,  4.434, 16.087, 109.224,  4.502,  0.317
 12120,  4.485, 15.745, 109.815,  4.524,  0.372
 12180,  4.428, 15.709, 109.244,  4.635,  0.346
 12240,  4.527, 15.692, 112.631,  4.666,  0.387
 12300,  4.378, 15.495, 112.542,  4.896,  0.424
 12360,  4.378, 14.957, 112.163,  4.627,  0.395
 12420,  4.362, 14.927, 112.515,  4.511,  0.313
 12480,  4.440, 15.987, 114.869,  5.202,  0.441
 12540,  4.369, 15.143, 113.759,  4.988,  0.461
 12600,  4.361, 15.322, 114.986,  5.167,  0.489
 12660,  4.333, 15.325, 114.422,  5.097,  0.414
 12720,  4.474, 15.600, 115.481,  5.467,  0.537
 12780,  4.319, 15.294, 112.196,  5.323,  0.507
 12840,  4.423, 15.570, 115.092,  5.565,  0.515
 12900,  4.450, 15.130, 117.282,  5.673,  0.567
 12960,  4.491, 15.426, 115.524,  5.845,  0.528
 13020,  4.370, 14.972, 116.006,  6.034,  0.564
 13080,  4.523, 16.024, 116.341,  6.000,  0.655
 13140,  4.430, 15.450, 115.355,  6.091,  0.648
 13200, -9999.000, -9999.000, -9999.000, -9999.000, -9999.000
 13260,  4.287, 15.449, 93.881,  6.008,  0.579
 13320,  4.404, 15.746, 100.980,  6.249,  0.755
 13380,  4.386, 15.812, 105.666,  6.205,  0.707
 13440,  4.354, 16.164, 107.387,  6.083,  0.597
 13500,  4.281, 15.308, 108.405,  5.649,  0.642
 13560,  4.227, 15.246, 108.153,  5.682,  0.523
 13620,  4.278, 15.068, 110.402,  5.727,  0.563
 13680,  4.262, 14.670, 109.574,  5.730,  0.607
 13740,  4.269, 15.332, 111.240,  6.158,  0.594
 13800,  4.376, 15.326, 112.683,  6.013,  0.591
 13860,  4.333, 14.845, 113.284,  5.977,  0.631
 13920,  4.371, 15.939, 112.817,  5.890,  0.690
 13980,  4.299, 15.164, 112.279,  5.939,  0.620
 14040,  4.304, 14.950, 110.601,  6.022,  0.656
 14100,  4.251, 15.630, 109.147,  5.942,  0.638
 14160,  4.279, 15.915, 108.553,  5.976,  0.716
 14220,  4.309, 15.763, 107.882,  6.105,  0.542
 14280,  4.450, 16.038, 109.413,  6.432,  0.710
 14340,  4.478, 16.428, 108.939,  6.814,  0.707
 14400,  4.295, 15.840, 107.439,  6.604,  0.795
 14460,  4.294, 16.290, 109.631,  6.614,  0.700
 14520,  4.354, 15.812, 109.206,  6.296,  0.717
 14580,  4.359, 15.487, 111.678,  6.290,  0.667
 14640,  4.298, 14.740, 109.980,  6.068,  0.617
 14700,  4.287, 14.509, 110.953,  6.090,  0.580
 14760,  4.196, 14.385, 110.449,  5.934,  0.629
 14820,  4.263, 14.741, 108.879,  5.739,  0.682
 14880,  4.247, 14.337, 108.213,  5.724,  0.570
 14940,  4.169, 14.382, 106.525,  5.826,  0.553
 15000,  4.162, 14.323, 106.943,  5.688,  0.540
 15060, -9999.000, -9999.000, -9999.000, -9999.000, -9999.000
 15120,  4.062, 14.118, 97.679,  5.576,  0.608
 15180,  4.117, 14.333, 100.783,  5.663,  0.576
 15240,  4.225, 14.275, 104.062,  5.811,  0.695
 15300,  4.251, 14.807, 105.624,  5.956,  0.637
 15360,  4.168, 14.255, 106.751,  5.874,  0.645
 15420,  4.213, 14.200, 108.297,  5.988,  0.527
 15480,  4.120, 13.686, 109.148,  5.954,  0.587
 15540,  4.129, 13.690, 107.027,  5.939,  0.582
 15600,  4.079, 13.786, 105.963,  6.010,  0.467
 15660,  4.193, 14.532, 105.684,  6.198,  0.556
 15720,  4.116, 13.679, 104.483,  6.236,  0.539
 15780,  4.078, 14.104, 105.661,  6.413,  0.528
 15840,  4.102, 13.674, 104.787,  6.458,  0.576
 15900,  4.165, 13.937, 104.546,  6.696,  0.564
 15960,  4.123, 13.529, 101.905,  6.463,  0.522
 16020,  4.120, 13.874, 105.649,  6.654,  0.649
 16080,  4.071, 13.582, 104.017,  6.494,  0.604
 16140,  4.140, 14.306, 106.122,  6.800,  0.649
 16200,  4.160, 14.294, 106.812,  6.970,  0.701
 16260,  4.141, 14.198, 107.956,  7.297,  0.667
 16320,  4.151, 14.721, 109.152,  7.622,  0.664
 16380,  4.174, 14.664, 110.175,  7.634,  0.678
 16440,  4.246, 15.321, 109.905,  7.987,  0.716
 16500,  4.202, 14.805, 108.040,  8.209,  0.763
 16560,  4.210, 14.884, 107.416,  7.980,  0.641
 16620,  4.264, 14.728, 105.862,  8.203,  0.714
 16680,  4.150, 14.121, 105.828,  7.961,  0.610
 16740,  4.051, 14.277, 105.077,  8.149,  0.689
 16800,  4.000, 14.136, 103.916,  8.174,  0.551
 16860,  4.055, 14.300, 104.225,  8.773,  0.678
 16920, -9999.000, -9999.000, -9999.000, -9999.000, -9999.000
 16980,  4.013, 14.314, 91.597,  7.781,  0.633
 17040,  3.988, 14.090, 97.106,  8.251,  0.592
 17100,  3.990, 13.797, 99.194,  8.201,  0.672
 17160,  3.984, 14.067, 101.152,  8.513,  0.690
 17220,  4.072, 14.372, 102.658,  8.835,  0.671
 17280,  3.970, 14.667, 103.760,  9.106,  0.747
 17340,  4.009, 14.579, 103.373,  8.733,  0.725
 17400,  4.034, 14.476, 104.496,  8.734,  0.645
 17460,  4.086, 14.439, 103.980,  9.089,  0.647
 17520,  4.042, 14.537, 105.828,  8.895,  0.782
 17580,  4.002, 13.780, 104.645,  8.768,  0.692
 17640,  4.011, 14.031, 106.169,  8.980,  0.775
 17700,  4.065, 13.931, 104.803,  9.022,  0.701
 17760,  4.051, 14.338, 104.429,  9.021,  0.677
 17820,  4.002, 13.995, 99.501,  8.760,  0.671
 17880,  4.078, 14.025, 102.400,  9.283,  0.696
 17940,  4.066, 14.499, 103.937,  9.288,  0.743
 18000,  4.069, 14.101, 103.464,  9.222,  0.738
 18060,  4.032, 14.037, 103.559,  9.399,  0.781
 18120,  4.035, 14.629, 105.164,  9.834,  0.843
 18180,  3.954, 14.906, 101.687,  9.246,  0.736
 18240,  4.063, 13.957, 102.782,  9.353,  0.830
 18300,  3.986, 14.275, 100.278,  9.051,  0.808
 18360,  4.056, 14.314, 100.849,  9.355,  0.822
 18420,  4.139, 14.299, 100.856,  9.479,  0.931
 18480,  4.072, 14.420, 101.022,  9.860,  0.861
 18540,  4.051, 14.212, 100.578,  9.769,  0.818
 18600,  4.002, 14.514, 99.512,  9.752,  0.837
 18660,  4.074, 14.508, 99.955,  9.309,  0.860
 18720,  4.040, 13.285, 99.757,  9.487,  0.855
 18780,  3.912, 13.925, 88.047,  8.790,  0.784
 18840,  4.025, 13.338, 93.888,  9.109,  0.618
 18900,  3.981, 13.487, 95.542,  9.209,  0.672
 18960,  3.893, 13.231, 95.808,  9.103,  0.752
 19020,  3.912, 13.489, 95.956,  9.243,  0.714
 19080,  3.897, 13.139, 94.161,  9.284,  0.763
 19140,  3.841, 13.315, 93.976,  9.379,  0.752
 19200,  3.829, 13.138, 92.821,  9.225,  0.676
 19260,  3.888, 13.589, 92.945,  9.491,  0.850
 19320,  3.874, 13.078, 93.516,  9.580,  0.733
 19380,  3.879, 13.137, 96.106,  9.208,  0.739
 19440,  3.901, 13.691, 99.129,  9.437,  0.732
 19500,  4.018, 13.280, 100.681,  9.310,  0.756
 19560,  3.879, 12.841, 100.952,  9.143,  0.855
 19620,  3.983, 13.109, 99.908,  9.334,  0.699
