CampaignData_and_Merges/R0/CSL_MobileLab_Parked/raw/20240806/USOS-NOAAIodideCIMS-Halogens_MobileLabGround_20240806_RA.ict
38, 1001
Michael A Robinson, Chris Jernigan, Subi Thakali
NOAA ESRL Chemical Sciences Laboratory and CIRES, U. of Colorado
NOAA Iodide CIMS Instrument
USOS
1, 1
2024, 08, 06, 2024, 08, 06
1
starttime_UTC, seconds_past_midnight, seconds_of_day_since_00:00:00_UTC
6
1, 1, 1, 1, 1, 1
-9999, -9999, -9999, -9999, -9999, -9999
Br2_NOAACIMS, pptv, Gas_Br2_InSitu_S_AVMR, 
BrO_NOAACIMS, pptv, Gas_BrO_InSitu_S_AVMR, 
Cl2_NOAACIMS, pptv, Gas_Cl2_InSitu_S_AVMR, 
ClNO2_NOAACIMS, pptv, Gas_ClNO2_InSitu_S_AVMR, 
BrCl_NOAACIMS, pptv, Gas_BrCl_InSitu_S_AVMR, 
NCl3_NOAACIMS, pptv, Gas_NCl3_InSitu_S_AVMR, 
0
18
PI_CONTACT_INFO: 325 Broadway, R/CSD 7, Boulder, Colorado 80305; michael.a.robinson@noaa.gov; chris.jernigan@noaa.gov;
PLATFORM: NOAA CSL Mobile Lab
LOCATION: SLC, Utah
ASSOCIATED_DATA: 1Hz data also available on request.
INSTRUMENT_INFO: NOAA I- ToF CIMS
DATA_INFO: All data in parts per trillion by volume (pptv). 1 Hz data is available upon request.
UNCERTAINTY: TBD
ULOD_FLAG: -7777
ULOD_VALUE: N/A
LLOD_FLAG: -8888
LLOD_VALUE: N/A
DM_CONTACT_INFO: Nathan Howard; nathan.h.howard@noaa.gov
PROJECT_INFO: USOS, summer 2024. https://csl.noaa.gov/groups/csl7/measurements/2024usos/
STIPULATIONS_ON_USE: Users are strongly encouraged to contact the PI for proper data usage.
OTHER_COMMENTS: 
REVISION: RA
RA: Preliminary Data; For in-field use only
starttime_UTC, Br2_NOAACIMS, BrO_NOAACIMS, Cl2_NOAACIMS, ClNO2_NOAACIMS, BrCl_NOAACIMS, NCl3_NOAACIMS
[from data line 275]
 16500,  0.955, -9999.000,  0.457,  0.039,  0.202,  0.847
 16560,  0.896, -9999.000,  0.494,  0.063,  0.157,  0.923
 16620,  0.975, -9999.000,  0.459,  0.058,  0.118,  1.079
 16680,  0.791, -9999.000,  0.410,  0.041,  0.115,  0.672
 16740,  0.921, -9999.000,  0.412,  0.043,  0.139,  0.839
 16800,  0.973, -9999.000,  0.462,  0.043,  0.146,  0.800
 16860,  0.641, -9999.000,  0.301,  0.038,  0.060,  0.991
 16920, -9999.000, -9999.000, -9999.000, -9999.000, -9999.000, -9999.000
 16980,  0.773, -9999.000,  0.447,  0.050,  0.131,  0.929
 17040,  0.825, -9999.000,  0.390,  0.074,  0.167,  0.971
 17100,  0.820, -9999.000,  0.470,  0.057,  0.144,  0.850
 17160,  0.902, -9999.000,  0.428,  0.031,  0.103,  1.087
 17220,  1.055, -9999.000,  0.385,  0.055,  0.131,  1.238
 17280,  0.821, -9999.000,  0.381,  0.062,  0.184,  1.340
 17340,  0.904, -9999.000,  0.405,  0.066,  0.197,  1.694
 17400,  1.044, -9999.000,  0.473,  0.082,  0.197,  2.165
 17460,  1.076, -9999.000,  0.406,  0.061,  0.176,  1.522
 17520,  1.106, -9999.000,  0.360,  0.073,  0.274,  2.540
 17580,  1.042, -9999.000,  0.440,  0.068,  0.201,  2.613
 17640,  0.926, -9999.000,  0.448,  0.065,  0.223,  2.858
 17700,  1.085, -9999.000,  0.502,  0.088,  0.354,  4.085
 17760,  0.958, -9999.000,  0.460,  0.073,  0.329,  4.524
 17820,  0.981, -9999.000,  0.531,  0.115,  0.285,  3.612
 17880,  0.675, -9999.000,  0.395,  0.093,  0.225,  2.475
 17940,  0.823, -9999.000,  0.371,  0.093,  0.187,  2.134
 18000,  0.809, -9999.000,  0.408,  0.069,  0.178,  2.284
 18060,  0.898, -9999.000,  0.273,  0.073,  0.133,  1.494
 18120,  0.825, -9999.000,  0.454,  0.058,  0.297,  4.459
 18180,  0.695, -9999.000,  0.404,  0.111,  0.228,  3.330
 18240,  0.871, -9999.000,  0.516,  0.097,  0.372,  5.177
 18300,  0.916, -9999.000,  0.479,  0.071,  0.340,  3.839
 18360,  0.790, -9999.000,  0.455,  0.053,  0.191,  2.387
 18420,  0.757, -9999.000,  0.488,  0.081,  0.248,  2.041
 18480,  0.881, -9999.000,  0.561,  0.129,  0.343,  5.668
 18540,  0.703, -9999.000,  0.352,  0.081,  0.203,  2.811
 18600,  0.823, -9999.000,  0.523,  0.110,  0.256,  3.142
 18660,  0.870, -9999.000,  0.583,  0.058,  0.355,  4.616
 18720,  0.799, -9999.000,  0.479,  0.108,  0.435,  5.983
 18780,  0.546, -9999.000,  0.411,  0.076,  0.204,  2.930
 18840,  0.720, -9999.000,  0.408,  0.075,  0.176,  3.122
 18900,  0.822, -9999.000,  0.500,  0.102,  0.307,  4.969
 18960,  0.771, -9999.000,  0.425,  0.126,  0.398,  4.742
 19020,  0.768, -9999.000,  0.407,  0.065,  0.164,  1.992
 19080,  0.774, -9999.000,  0.418,  0.078,  0.160,  1.651
 19140,  0.794, -9999.000,  0.428,  0.082,  0.162,  1.391
 19200,  0.616, -9999.000,  0.349,  0.060,  0.136,  1.136
 19260,  0.792, -9999.000,  0.354,  0.054,  0.240,  2.811
 19320,  0.991, -9999.000,  0.337,  0.064,  0.306,  2.477
 19380,  0.903, -9999.000,  0.426,  0.085,  0.309,  2.442
 19440,  0.539, -9999.000,  0.472,  0.078,  0.200,  1.667
 19500,  0.727, -9999.000,  0.393,  0.063,  0.119,  1.757
 19560,  0.881, -9999.000,  0.395,  0.100,  0.228,  2.117
 19620,  0.691, -9999.000,  0.418,  0.067,  0.188,  2.670
 19680,  0.727, -9999.000,  0.362,  0.056,  0.080,  1.439
 19740,  0.921, -9999.000,  0.377,  0.060,  0.298,  2.691
 19800,  0.788, -9999.000,  0.473,  0.114,  0.309,  2.972
 19860,  0.749, -9999.000,  0.421,  0.072,  0.155,  1.374
 19920,  0.881, -9999.000,  0.462,  0.099,  0.162,  1.694
 19980,  0.766, -9999.000,  0.385,  0.078,  0.104,  1.204
 20040,  0.511, -9999.000,  0.342,  0.088,  0.038,  1.160
 20100,  0.475, -9999.000,  0.367,  0.083,  0.058,  1.006
 20160,  0.849, -9999.000,  0.462,  0.104,  0.188,  1.827
 20220,  0.839, -9999.000,  0.481,  0.122,  0.174,  1.222
 20280,  0.693, -9999.000,  0.429,  0.113,  0.125,  1.622
 20340,  0.703, -9999.000,  0.403,  0.121,  0.320,  2.246
 20400,  0.791,  0.065,  0.524,  0.099,  0.238,  1.978
 20460,  0.910,  0.055,  0.529,  0.104,  0.403,  2.738
 20520,  0.741,  0.055,  0.481,  0.140,  0.142,  1.448
 20580, -9999.000, -9999.000, -9999.000, -9999.000, -9999.000, -9999.000
 20640,  0.882,  0.019,  0.298,  0.101,  0.098,  0.988
 20700,  0.832, -0.035,  0.382,  0.079,  0.147,  1.495
 20760,  0.868,  0.023,  0.409,  0.085,  0.118,  0.987
 20820,  0.684,  0.017,  0.440,  0.068,  0.118,  1.317
 20880,  0.691,  0.036,  0.464,  0.095,  0.160,  2.076
 20940,  0.886, -0.006,  0.503,  0.118,  0.145,  1.622
 21000,  0.800, -0.049,  0.527,  0.075,  0.101,  1.902
 21060,  0.937,  0.003,  0.456,  0.095,  0.108,  2.278
 21120,  0.839,  0.042,  0.506,  0.079,  0.148,  2.229
 21180,  0.740,  0.008,  0.516,  0.098,  0.105,  1.671
 21240,  0.837,  0.040,  0.455,  0.053,  0.161,  1.531
 21300,  0.533,  0.082,  0.429,  0.127,  0.144,  1.515
 21360,  0.961, -0.062,  0.467,  0.081,  0.195,  1.843
 21420,  0.914,  0.012,  0.556,  0.073,  0.201,  3.115
 21480,  0.742, -0.001,  0.381,  0.087,  0.093,  1.814
 21540,  0.883, -0.016,  0.472,  0.074,  0.163,  2.007
 21600,  0.747, -0.026,  0.458,  0.113,  0.099,  1.127
 21660,  1.104,  0.138,  0.490,  0.084,  0.318,  4.663
 21720,  0.825, -0.010,  0.350,  0.070,  0.132,  1.613
 21780,  0.905,  0.065,  0.491,  0.104,  0.180,  2.679
 21840,  0.832, -0.005,  0.463,  0.090,  0.129,  1.933
 21900,  0.794,  0.018,  0.376,  0.096,  0.132,  1.345
 21960,  0.814, -0.007,  0.460,  0.068,  0.052,  1.211
 22020,  0.905,  0.026,  0.344,  0.061,  0.127,  1.193
 22080,  0.832,  0.062,  0.376,  0.055,  0.108,  1.043
 22140,  0.791, -0.029,  0.398,  0.044,  0.107,  1.271
 22200,  0.920,  0.054,  0.428,  0.029,  0.102,  1.510
 22260,  0.982,  0.032,  0.391,  0.029,  0.089,  1.338
 22320,  0.923,  0.009,  0.395,  0.048,  0.083,  1.302
 22380,  0.838, -0.071,  0.272,  0.060,  0.062,  1.279
 22440, -9999.000, -9999.000, -9999.000, -9999.000, -9999.000, -9999.000
 22500,  1.055,  0.002,  0.361,  0.046,  0.100,  1.192
 22560,  0.894, -0.058,  0.388,  0.054,  0.130,  1.313
 22620,  0.807, -0.031,  0.447,  0.043,  0.117,  1.312
 22680,  0.798, -0.016,  0.353,  0.048,  0.108,  1.361
 22740,  0.826, -0.026,  0.501,  0.077,  0.092,  1.370
 22800,  0.829,  0.021,  0.340,  0.073,  0.085,  1.409
 22860,  0.810,  0.036,  0.382,  0.068,  0.087,  1.437
 22920,  0.824, -0.047,  0.380,  0.057,  0.108,  1.407
 22980,  0.983, -0.038,  0.408,  0.042,  0.079,  1.401
 23040,  0.925, -0.026,  0.473,  0.092,  0.067,  1.453
 23100,  0.746,  0.007,  0.347,  0.096,  0.094,  1.378
 23160,  0.792,  0.033,  0.395,  0.066,  0.119,  1.514
 23220,  0.735, -0.044,  0.474,  0.077,  0.097,  1.352
 23280,  0.869, -0.009,  0.381,  0.044,  0.112,  1.492
 23340,  0.764, -0.037,  0.430,  0.053,  0.143,  1.552
 23400,  0.761,  0.035,  0.344,  0.061,  0.092,  1.451
 23460,  0.777, -0.023,  0.374,  0.054,  0.086,  1.285
 23520,  0.795, -0.043,  0.421,  0.055,  0.098,  1.594
 23580,  0.589, -0.074,  0.384,  0.070,  0.129,  1.524
 23640,  0.766, -0.007,  0.492,  0.048,  0.137,  1.267
 23700,  0.732, -0.041,  0.388,  0.095,  0.175,  1.392
 23760,  0.801,  0.088,  0.470,  0.040,  0.129,  1.377
 23820,  0.575, -0.023,  0.472,  0.067,  0.070,  1.424
 23880,  0.673, -0.018,  0.416,  0.085,  0.127,  1.245
 23940,  0.610, -0.099,  0.456,  0.049,  0.189,  1.367
 24000,  0.617, -0.075,  0.411,  0.064,  0.089,  1.641
 24060,  0.743,  0.014,  0.390,  0.071,  0.171,  1.949
 24120,  0.635, -0.028,  0.444,  0.067,  0.101,  1.626
 24180,  0.594, -0.026,  0.433,  0.085,  0.061,  1.404
 24240,  0.714, -0.016,  0.506,  0.105,  0.181,  1.350
 24300, -9999.000, -9999.000, -9999.000, -9999.000, -9999.000, -9999.000
 24360,  0.729, -0.070,  0.278,  0.059,  0.175,  1.669
 24420,  0.835,  0.038,  0.414,  0.122,  0.326,  3.342
 24480,  0.532, -0.025,  0.442,  0.086,  0.163,  1.360
 24540,  0.753, -0.027,  0.532,  0.082,  0.113,  1.686
 24600,  0.689, -0.007,  0.494,  0.119,  0.108,  1.645
 24660,  0.628, -0.004,  0.485,  0.092,  0.190,  2.480
 24720,  0.911, -0.012,  0.501,  0.105,  0.277,  3.267
 24780,  0.661,  0.024,  0.430,  0.077,  0.265,  2.953
 24840,  0.826,  0.096,  0.513,  0.116,  0.299,  4.116
 24900,  0.650, -0.045,  0.480,  0.086,  0.169,  2.236
 24960,  0.597,  0.024,  0.422,  0.065,  0.126,  1.509
 25020,  0.733, -0.073,  0.396,  0.069,  0.141,  1.550
 25080,  0.812, -0.041,  0.460,  0.062,  0.176,  2.009
 25140,  0.637, -0.053,  0.360,  0.093,  0.109,  1.773
 25200,  0.758, -0.057,  0.447,  0.047,  0.123,  1.837
 25260,  0.775,  0.020,  0.375,  0.084,  0.166,  1.437
 25320,  0.736,  0.020,  0.380,  0.052,  0.155,  1.472
 25380,  0.750, -0.056,  0.483,  0.086,  0.165,  1.518
 25440,  0.772, -0.031,  0.336,  0.075,  0.181,  1.402
 25500,  0.780, -0.019,  0.364,  0.090,  0.137,  1.166
 25560,  0.855, -0.012,  0.382,  0.078,  0.152,  1.274
 25620,  0.802, -0.026,  0.373,  0.119,  0.104,  1.191
 25680,  0.761, -0.023,  0.425,  0.093,  0.188,  1.275
 25740,  0.790, -0.069,  0.362,  0.066,  0.160,  1.066
 25800,  0.761,  0.090,  0.380,  0.086,  0.110,  1.195
 25860,  0.637,  0.059,  0.250,  0.061,  0.120,  1.080
 25920,  0.937, -0.045,  0.363,  0.082,  0.147,  1.262
 25980,  0.937, -0.048,  0.368,  0.125,  0.127,  1.271
 26040,  0.882, -0.047,  0.406,  0.058,  0.183,  1.204
 26100,  0.717, -0.021,  0.387,  0.064,  0.119,  1.201
 26160,  0.974,  0.056,  0.594,  0.126,  0.288,  1.560
 26220,  0.998, -0.078,  0.424,  0.091,  0.204,  1.488
 26280,  0.777,  0.020,  0.542,  0.112,  0.124,  2.452
 26340,  0.880, -0.074,  0.301,  0.077,  0.155,  1.672
 26400,  0.775, -0.013,  0.472,  0.133,  0.180,  1.389
 26460,  0.911,  0.020,  0.319,  0.080,  0.163,  1.240
 26520,  0.821, -0.032,  0.419,  0.066,  0.158,  1.294
 26580,  0.761, -0.063,  0.409,  0.095,  0.166,  1.320
 26640,  0.909,  0.019,  0.374,  0.057,  0.132,  1.149
 26700,  0.861,  0.041,  0.354,  0.073,  0.209,  1.184
 26760,  0.748, -0.030,  0.433,  0.087,  0.123,  1.223
 26820,  0.864, -0.011,  0.396,  0.082,  0.123,  1.150
 26880,  0.839, -0.002,  0.540,  0.065,  0.138,  1.335
 26940,  0.802, -0.071,  0.407,  0.063,  0.137,  1.117
 27000,  0.839, -0.007,  0.411,  0.093,  0.122,  0.946
 27060,  0.756,  0.031,  0.424,  0.075,  0.108,  1.100
 27120,  0.822, -0.046,  0.365,  0.096,  0.152,  1.321
 27180,  0.868, -0.004,  0.483,  0.112,  0.203,  1.062
 27240,  0.809, -0.028,  0.453,  0.090,  0.185,  1.136
 27300,  0.841,  0.004,  0.459,  0.062,  0.130,  1.383
 27360,  0.705,  0.038,  0.383,  0.087,  0.112,  1.324
 27420,  0.798,  0.040,  0.488,  0.073,  0.137,  1.419
 27480,  0.756,  0.018,  0.546,  0.079,  0.122,  1.995
 27540,  0.834,  0.010,  0.515,  0.051,  0.150,  2.004
 27600,  0.918, -0.014,  0.611,  0.114,  0.112,  1.994
 27660,  0.704,  0.013,  0.500,  0.092,  0.139,  1.882
 27720,  0.865,  0.172,  0.545,  0.075,  0.116,  1.794
 27780,  0.648,  0.046,  0.566,  0.063,  0.082,  1.544
 27840,  0.906,  0.002,  0.517,  0.073,  0.173,  1.648
 27900,  0.881,  0.061,  0.451,  0.084,  0.147,  1.607
 27960,  0.654, -0.103,  0.523,  0.016,  0.197,  1.655
 28020,  0.714,  0.011,  0.342,  0.109,  0.062,  1.321
 28080,  0.740,  0.077,  0.536,  0.082,  0.120,  1.715
 28140,  0.756,  0.031,  0.643,  0.066,  0.097,  1.785
 28200,  0.868,  0.014,  1.331,  0.185,  0.143,  2.447
 28260,  0.818,  0.054,  1.721,  0.209,  0.093,  2.934
 28320,  0.835,  0.120,  2.097,  0.362,  0.199,  3.790
 28380,  0.782,  0.034,  2.117,  0.366,  0.190,  3.915
 28440,  0.706,  0.019,  2.238,  0.570,  0.160,  3.932
 28500,  0.874,  0.070,  2.076,  0.483,  0.202,  4.291
 28560,  0.865,  0.094,  1.903,  0.570,  0.185,  4.570
 28620,  0.925,  0.056,  1.832,  0.693,  0.222,  4.303
 28680,  0.997,  0.025,  1.759,  0.753,  0.169,  4.175
 28740,  0.848,  0.069,  1.922,  0.696,  0.212,  4.166
 28800,  0.780,  0.038,  2.016,  0.580,  0.176,  4.392
 28860,  0.659, -0.007,  1.750,  0.581,  0.177,  3.909
 28920,  0.787,  0.043,  1.838,  0.530,  0.191,  4.353
 28980,  0.816,  0.005,  1.730,  0.593,  0.187,  4.296
 29040,  0.783,  0.092,  1.573,  0.680,  0.314,  4.085
 29100,  0.926,  0.056,  1.629,  0.648,  0.268,  3.897
 29160,  0.922,  0.104,  1.585,  0.677,  0.196,  3.624
 29220,  0.958,  0.028,  0.977,  0.399,  0.160,  2.434
 29280,  0.915,  0.160,  1.166,  0.504,  0.177,  2.808
 29340,  1.082,  0.045,  1.183,  0.480,  0.199,  2.621
 29400,  1.002,  0.030,  0.768,  0.182,  0.137,  1.985
 29460,  0.858,  0.017,  0.767,  0.186,  0.104,  1.872
 29520,  0.988,  0.036,  0.744,  0.184,  0.193,  1.756
 29580,  0.842,  0.083,  0.502,  0.137,  0.122,  1.584
 29640,  0.825,  0.104,  0.589,  0.146,  0.132,  1.805
 29700,  0.812,  0.027,  0.572,  0.121,  0.146,  1.697
 29760,  0.812,  0.092,  0.595,  0.117,  0.147,  1.460
 29820,  1.008,  0.047,  0.539,  0.111,  0.114,  1.484
 29880,  0.688, -0.008,  0.491,  0.124,  0.132,  1.640
 29940,  0.892, -0.047,  0.528,  0.102,  0.132,  1.509
 30000,  0.767,  0.046,  0.490,  0.105,  0.171,  1.678
 30060,  0.836,  0.091,  0.455,  0.114,  0.177,  1.491
 30120,  0.803, -0.007,  0.554,  0.136,  0.159,  1.660
 30180,  0.868,  0.051,  0.644,  0.116,  0.137,  1.465
 30240,  0.784,  0.061,  0.483,  0.113,  0.201,  1.926
 30300,  0.843,  0.096,  0.638,  0.129,  0.209,  2.336
 30360,  0.701,  0.065,  0.749,  0.117,  0.165,  3.717
 30420,  0.743,  0.098,  0.851,  0.188,  0.172,  4.077
 30480,  0.907, -0.030,  1.040,  0.171,  0.186,  5.064
 30540,  0.808,  0.079,  0.977,  0.244,  0.224,  5.846
 30600,  0.811,  0.069,  1.232,  0.258,  0.248,  7.098
 30660,  0.854,  0.012,  1.262,  0.298,  0.210,  7.872
 30720,  0.790,  0.017,  1.358,  0.350,  0.213,  7.968
 30780,  0.744,  0.082,  1.425,  0.407,  0.184,  9.018
 30840,  0.857,  0.023,  1.331,  0.422,  0.220,  9.570
 30900,  1.006,  0.075,  1.416,  0.377,  0.222,  9.525
 30960,  0.797,  0.046,  1.552,  0.403,  0.210, 10.867
 31020,  0.729,  0.066,  1.496,  0.424,  0.212, 10.615
 31080,  0.845,  0.051,  1.419,  0.412,  0.241, 11.688
 31140,  0.697,  0.079,  1.521,  0.506,  0.236, 12.743
 31200,  0.776,  0.091,  1.542,  0.501,  0.209, 12.684
 31260,  0.908,  0.002,  1.518,  0.517,  0.247, 12.092
 31320,  0.720,  0.138,  1.520,  0.457,  0.141, 12.501
 31380,  0.789,  0.097,  1.511,  0.480,  0.164, 13.364
 31440,  0.871,  0.048,  1.428,  0.410,  0.186, 14.421
 31500,  0.745,  0.044,  1.335,  0.484,  0.215, 13.830
 31560,  0.944,  0.043,  1.485,  0.551,  0.196, 13.866
 31620,  0.850,  0.033,  1.423,  0.527,  0.191, 14.731
 31680, -9999.000, -9999.000, -9999.000, -9999.000, -9999.000, -9999.000
 31740,  0.684,  0.155,  1.411,  0.547,  0.228, 15.232
 31800,  0.752,  0.045,  1.595,  0.510,  0.216, 15.578
 31860,  0.841,  0.112,  1.726,  0.489,  0.221, 16.722
 31920,  0.869,  0.112,  1.442,  0.524,  0.181, 15.746
 31980,  0.778,  0.096,  1.528,  0.567,  0.190, 15.457
 32040,  0.740,  0.118,  1.528,  0.627,  0.244, 14.953
 32100,  0.830,  0.106,  1.592,  0.670,  0.249, 15.846
 32160,  0.772,  0.173,  1.649,  0.582,  0.200, 15.155
 32220,  0.802,  0.112,  1.498,  0.643,  0.245, 14.494
 32280,  0.675,  0.083,  1.541,  0.594,  0.203, 14.791
 32340,  0.886,  0.111,  1.634,  0.611,  0.230, 14.272
 32400,  0.814,  0.076,  1.557,  0.500,  0.202, 14.379
 32460,  0.966,  0.007,  1.591,  0.736,  0.313, 16.887
 32520,  0.898,  0.024,  1.642,  0.628,  0.255, 15.963
 32580,  0.824,  0.080,  1.598,  0.771,  0.230, 15.301
 32640,  0.823, -0.019,  1.657,  0.739,  0.221, 15.075
 32700,  0.745, -0.012,  1.468,  0.741,  0.273, 14.856
 32760,  0.760, -0.006,  1.665,  0.674,  0.238, 14.333
 32820,  0.817,  0.088,  1.558,  0.765,  0.225, 13.629
 32880,  0.736,  0.021,  1.624,  0.775,  0.233, 14.315
 32940,  0.783,  0.027,  1.640,  0.815,  0.232, 13.854
 33000,  0.850, -0.015,  1.835,  0.737,  0.197, 13.754
 33060,  0.804,  0.019,  1.680,  0.752,  0.191, 13.392
 33120,  0.803,  0.016,  1.660,  0.817,  0.235, 13.789
 33180,  0.801,  0.073,  1.692,  0.897,  0.192, 13.571
 33240,  0.768,  0.079,  1.751,  1.009,  0.303, 13.834
 33300,  0.884,  0.058,  1.910,  1.157,  0.379, 17.356
 33360,  0.865,  0.080,  1.796,  1.072,  0.393, 16.683
 33420,  0.816,  0.047,  1.678,  0.880,  0.258, 13.921
 33480,  0.754,  0.021,  1.623,  0.761,  0.245, 14.237
