CampaignData_and_Merges/R0/CSL_MobileLab_Parked/raw/20240806/USOS-PTR_MobileLabGround_20240806_RA.ict
58, 1001
Matthew Coggon, Kelvin Bates, Chelsea Stockwell, Carsten Warneke
NOAA ESRL Chemical Sciences Division
NOAA PTR-ToF-MS
USOS
1,1 
2024, 08, 06, 2023, 08, 08
0
Time_Start, seconds, number of seconds from 00:00 UTC 
22
1, 1, 1, 1, 1, 1, 1, 1, 1, 1, 1, 1, 1, 1, 1, 1, 1, 1, 1, 1, 1, 1
-9999, -9999, -9999, -9999, -9999, -9999, -9999, -9999, -9999, -9999, -9999, -9999, -9999, -9999, -9999, -9999, -9999, -9999, -9999, -9999, -9999, -9999
CH3OH_NOAAPTR_ppbv,  ppbv, Gas_CH3OH_InSitu_S_AVMR, (CH3OH) methanol
CH3CN_NOAAPTR_ppbv,  ppbv, Gas_CH3CN_InSitu_S_AVMR, (CH3CN) acetonitrile
CH3CHO_NOAAPTR_ppbv,  ppbv, Gas_CH3CHO_InSitu_S_AVMR, (CH3CHO) acetaldehyde plus contributions from ethylene glycol and ethylene oxide. Interference from ethanol has been subtracted out.
C2H5OH_NOAAPTR_ppbv,  ppbv, Gas_C2H5OH_InSitu_S_AVMR, (C2H5OH) ethanol
CH3SH_NOAAPTR_ppbv,  ppbv, Gas_CH3SH_InSitu_S_AVMR, (CH3SH) methanethiol, using calibration factor for DMS
Acrolein_NOAAPTR_ppbv,  ppbv, Gas_Acrolein_InSitu_S_AVMR, (C3H4O) acrolein
AcetonePropanal_NOAAPTR_ppbv,  ppbv, Gas_AcetoneAndPropanal_InSitu_S_AVMR, (C3H6O) sum of acetone (dominant isomer) and propanal, using calibration factor for acetone
DMS_NOAAPTR_ppbv,  ppbv, Gas_DMS_InSitu_S_AVMR, (C2H6S) dimethyl sulfide with possible small contributions from ethanethiol
C5H8_NOAAPTR_ppbv,  ppbv, Gas_Isoprene_InSitu_S_AVMR, (C5H8) isoprene and possible fragments from cycloalkanes and aldehydes. Interferences have been subtracted following methods described by Coggon et al (2023)
MVKMAC_NOAAPTR_ppbv,  ppbv, Gas_MVKAndMAC_InSitu_S_AVMR, (C4H6O) sum of methyl vinyl ketone, methacrolein, and small amounts of crotonaldehyde, using weighted calibration factor for MVK (0.637) and MACR (0.363)
Benzene_NOAAPTR_ppbv,  ppbv, Gas_Benzene_InSitu_S_AVMR, (C6H6) benzene
Toluene_NOAAPTR_ppbv,  ppbv, Gas_Toluene_InSitu_S_AVMR, (C7H8) toluene with possible small contributions of fragments from ethyltoluene
Styrene_NOAAPTR_ppbv,  ppbv, Gas_Styrene_InSitu_S_AVMR, (C8H8) styrene
Benzaldehyde_NOAAPTR_ppbv,  ppbv, Gas_Benzaldehyde_InSitu_S_AVMR, (C7H6O) benzaldehyde
C8Aromatics_NOAAPTR_ppbv,  ppbv, Gas_C8Aromatics_InSitu_M_AVMR, (C8H10) sum of m-xylene, p-xylene, o-xylene, and ethyl benzene
C9Aromatics_NOAAPTR_ppbv,  ppbv, Gas_C9Aromatics_InSitu_M_AVMR, (C9H12) sum of C9 aromatics
Naphthalene_NOAAPTR_ppbv,  ppbv, Gas_Naphthalene_InSitu_S_AVMR, (C10H8) naphthalene
Octanal_NOAAPTR_ppbv,  ppbv, Gas_Octanal_InSitu_S_AVMR, (C8H16O) octanal and small amounts of octanone
Monoterpenes_NOAAPTR_ppbv,  ppbv, Gas_Monoterpenes_InSitu_M_AVMR, (C10H16) sum of monoterpenes and possible contributions from fragments of oxygenated monoterpenoids such as eucalyptol.
Nonanal_NOAAPTR_ppbv,  ppbv, Gas_Nonanal_InSitu_M_AVMR, (C9H18O) nonanal and small amounts of nonanone
C7H4ClF3_NOAAPTR_ppbv,  ppbv, Gas_C7H4ClF3_InSitu_S_AVMR, (C7H4ClF3) parachlorobenzotrifluoride
C10H30O5Si5_NOAAPTR_ppbv,  ppbv, Gas_C10H30O5Si5_InSitu_S_AVMR, (C10H30O5Si5) decamethylcyclopentasiloxane
1
SPECIAL COMMENTS:N/A
21
PI_CONTACT_INFO: NOAA ESRL Chemical Sciences Division, Tropospheric Chemistry Group. 325 Broadway, R/CSD7, Boulder, CO 80305
PLATFORM: Mobile Laboratory.
LOCATION: Salt Lake City, UT
ASSOCIATED_DATA: N/A
INSTRUMENT_INFO: NOAA PTR-ToF-MS measurements on NOAA CSL Mobile Lab
DATA_INFO: Units: ppbv
UNCERTAINTY: See OTHER_COMMENTS
ULOD_FLAG: -7777
ULOD_VALUE: N/A
LLOD_FLAG: -8888
LLOD_VALUE: N/A.
DM_CONTACT_INFO: Data Managers: Matt Coggon, Kelvin Bates, Chelsea Stockwell; email: matthew.m.coggon@noaa.gov and kelvin.bates@colorado.edu
PROJECT_INFO: USOS Deployment July-August, 2024
STIPULATIONS_ON_USE: Use of these data require prior OK from PI.
OTHER_COMMENTS: Uncertainties:
CH3OH_NOAAPTR_ppbv:30%; CH3CN_NOAAPTR_ppbv:30%; CH3CHO_NOAAPTR_ppbv:30%; C2H5OH_NOAAPTR_ppbv:30%; CH3SH_NOAAPTR_ppbv:50%; Acrolein_NOAAPTR_ppbv:30%; AcetonePropanal_NOAAPTR_ppbv:30%; DMS_NOAAPTR_ppbv:30%; C5H8_NOAAPTR_ppbv:30%; MVKMAC_NOAAPTR_ppbv:30%; 
Benzene_NOAAPTR_ppbv:30%; Toluene_NOAAPTR_ppbv:30%; Styrene_NOAAPTR_ppbv:30%; Benzaldehyde_NOAAPTR_ppbv:30%; C8Aromatics_NOAAPTR_ppbv:30%; C9Aromatics_NOAAPTR_ppbv:30%; Naphthalene_NOAAPTR_ppbv:30%; Octanal_NOAAPTR_ppbv:30%; Monoterpenes_NOAAPTR_ppbv:30%; Nonanal_NOAAPTR_ppbv:30%; 
C7H4ClF3_NOAAPTR_ppbv:30%; C10H30O5Si5_NOAAPTR_ppbv:30%; 
REVISION: RA
RA: Field Data
Time_Start, CH3OH_NOAAPTR_ppbv, CH3CN_NOAAPTR_ppbv, CH3CHO_NOAAPTR_ppbv, C2H5OH_NOAAPTR_ppbv, CH3SH_NOAAPTR_ppbv, Acrolein_NOAAPTR_ppbv, AcetonePropanal_NOAAPTR_ppbv, DMS_NOAAPTR_ppbv, C5H8_NOAAPTR_ppbv, MVKMAC_NOAAPTR_ppbv, Benzene_NOAAPTR_ppbv, Toluene_NOAAPTR_ppbv, Styrene_NOAAPTR_ppbv, Benzaldehyde_NOAAPTR_ppbv, C8Aromatics_NOAAPTR_ppbv, C9Aromatics_NOAAPTR_ppbv, Naphthalene_NOAAPTR_ppbv, Octanal_NOAAPTR_ppbv, Monoterpenes_NOAAPTR_ppbv, Nonanal_NOAAPTR_ppbv, C7H4ClF3_NOAAPTR_ppbv, C10H30O5Si5_NOAAPTR_ppbv
[from data line 439]
26340.0, 6.88064, 0.22879, 0.82702, 1.74620, 0.00204, 0.16871, 2.94134, 0.00112, 0.46539, 0.48612, 0.01592, 0.08355, -0.00358, -9999.00000, 0.04755, 0.02293, -0.00577, 0.03327, 0.11250, 0.03616, 0.00312, 0.00389 
26400.0, 7.87606, 0.19764, 0.90030, 1.47589, 0.00428, 0.19102, 2.98811, -0.00195, 0.47589, 0.50410, 0.03721, 0.10700, -0.00598, -9999.00000, 0.05461, 0.01128, 0.01023, 0.01927, 0.12533, 0.03521, 0.00182, 0.00245 
26460.0, 6.68707, 0.20474, 0.77148, 1.19795, -0.00023, 0.15959, 2.92338, 0.00660, 0.50611, 0.52425, 0.04601, 0.09628, 0.01147, -9999.00000, 0.05525, 0.02431, -0.00863, 0.02837, 0.14407, 0.02653, 0.00728, 0.00268 
26520.0, 6.62220, 0.19517, 0.72074, 1.59670, 0.00297, 0.12924, 2.96814, 0.00981, 0.49136, 0.51866, 0.02097, 0.08109, 0.01839, -9999.00000, 0.05816, 0.02260, 0.01350, 0.02689, 0.11347, 0.02871, 0.00207, 0.00106 
26580.0, 8.36377, 0.20822, 0.78436, 1.64366, -0.00093, 0.16200, 2.98627, 0.00511, 0.47804, 0.53514, 0.02361, 0.12534, 0.00558, -9999.00000, 0.06177, 0.02923, 0.00392, 0.01208, 0.10449, 0.05181, 0.00387, 0.00056 
26640.0, 7.00031, 0.21280, 0.87048, 1.31996, 0.00359, 0.14739, 2.91892, 0.00881, 0.55020, 0.51691, 0.04529, 0.08033, 0.01338, -9999.00000, 0.05189, 0.02202, -0.00032, 0.01368, 0.09781, 0.03449, 0.00074, 0.00214 
26700.0, 6.79202, 0.21334, 0.82917, 1.37737, 0.00028, 0.11670, 2.91361, 0.00294, 0.45131, 0.53396, 0.02727, 0.09578, 0.01328, -9999.00000, 0.05326, 0.01485, -0.00864, 0.01863, 0.12934, 0.02410, 0.00489, 0.00060 
26760.0, 7.50862, 0.19303, 0.83353, 1.64218, 0.00156, 0.14848, 2.92843, -0.00113, 0.48893, 0.49853, 0.07800, 0.11210, 0.01071, -9999.00000, 0.08239, 0.02076, 0.00975, 0.01993, 0.13275, 0.03171, 0.00013, 0.00010 
26820.0, 6.67778, 0.20811, 0.78709, 1.50036, 0.00290, 0.13262, 2.90913, 0.01600, 0.50862, 0.51093, 0.01589, 0.08906, 0.00406, -9999.00000, 0.06168, 0.02907, -0.00564, 0.01543, 0.11378, 0.02368, 0.00269, 0.00214 
26880.0, 6.59358, 0.21694, 0.79959, 1.29296, 0.00474, 0.11553, 2.87878, 0.00337, 0.44981, 0.48015, 0.06065, 0.10309, 0.00759, -9999.00000, 0.07007, 0.02018, -0.00166, 0.01539, 0.10638, 0.02550, 0.00435, 0.00275 
26940.0, 7.21616, 0.19566, 0.82182, 1.23731, -0.00092, 0.13282, 2.93274, 0.01436, 0.49101, 0.49138, 0.02247, 0.10673, 0.00933, -9999.00000, 0.04935, 0.01561, -0.00864, 0.00857, 0.11349, 0.01316, 0.00499, 0.00192 
27000.0, 6.15294, 0.19610, 0.74946, 1.73162, 0.00010, 0.14564, 2.93527, 0.00875, 0.50575, 0.49318, 0.00739, 0.09343, 0.01084, -9999.00000, 0.04540, 0.01382, -0.00597, 0.01407, 0.09753, 0.04501, 0.00609, 0.00201 
27060.0, 6.54791, 0.19709, 0.80463, 1.42646, 0.00094, 0.15133, 2.86336, 0.00463, 0.45408, 0.49043, -0.01636, 0.10132, -0.00179, -9999.00000, 0.05001, 0.02625, -0.00296, 0.03456, 0.10176, 0.04537, 0.00513, 0.00140 
27120.0, 6.46999, 0.19975, 0.82724, 1.55466, 0.00215, 0.16550, 2.89406, 0.01374, 0.45799, 0.48614, 0.02526, 0.10441, 0.00699, -9999.00000, 0.05204, 0.02840, -0.00129, 0.01723, 0.13794, 0.02486, 0.00497, 0.00253 
27180.0, 7.11746, 0.17768, 0.85809, 1.91881, 0.00241, 0.17341, 2.92622, 0.00572, 0.48473, 0.48978, -0.01055, 0.10683, 0.00982, -9999.00000, 0.07761, 0.02473, -0.00754, 0.01491, 0.11961, 0.02579, 0.00316, -0.00009 
27240.0, 6.15826, 0.23734, 0.85522, 1.92919, -0.00092, 0.15564, 2.96092, 0.01770, 0.48829, 0.48924, 0.02156, 0.09889, 0.00944, -9999.00000, 0.05119, 0.02657, -0.00315, 0.02457, 0.11887, 0.02862, 0.00342, 0.00293 
27300.0, 6.98069, 0.19577, 0.84889, 1.74902, 0.00163, 0.13902, 2.92974, 0.00342, 0.45611, 0.48414, 0.06223, 0.08714, 0.01786, -9999.00000, 0.06456, 0.01994, -0.00136, 0.02492, 0.12822, 0.02181, -0.00092, 0.00300 
27360.0, 7.16527, 0.22645, 0.92300, 2.63087, -0.00065, 0.15465, 3.00191, 0.00594, 0.45845, 0.51204, 0.04851, 0.09970, 0.01828, -9999.00000, 0.05910, 0.02501, -0.00865, 0.01759, 0.13293, 0.02124, 0.00601, 0.00382 
27420.0, 6.91214, 0.21707, 0.91307, 1.66004, 0.00037, 0.13622, 2.94995, 0.01123, 0.50888, 0.52297, 0.07139, 0.10559, 0.01130, -9999.00000, 0.04742, 0.02404, -0.00005, 0.02948, 0.12904, 0.03148, 0.00485, 0.00175 
27480.0, 7.16243, 0.17753, 0.82729, 2.17386, 0.00235, 0.15788, 2.98313, -0.00197, 0.43861, 0.49687, 0.06569, 0.10074, 0.02062, -9999.00000, 0.05623, 0.02407, -0.00866, 0.02924, 0.15401, 0.02755, 0.00437, 0.00099 
27540.0, 6.67234, 0.17861, 0.91677, 2.42152, 0.00022, 0.16714, 3.00391, 0.00697, 0.39763, 0.51762, 0.10359, 0.10195, 0.01075, -9999.00000, 0.04842, 0.01980, 0.00454, 0.01829, 0.13407, 0.01771, 0.00698, 0.00066 
27600.0, 7.16310, 0.18548, -9999.00000, 2.19566, 0.00158, 0.15352, 3.02338, 0.00407, -9999.00000, 0.51378, 0.07637, 0.13280, 0.02513, -9999.00000, 0.06523, 0.02686, -0.00485, 0.03514, 0.10902, 0.04592, -0.00127, 0.00114 
27660.0, -9999.00000, -9999.00000, -9999.00000, -9999.00000, -9999.00000, -9999.00000, -9999.00000, -9999.00000, -9999.00000, -9999.00000, -9999.00000, -9999.00000, -9999.00000, -9999.00000, -9999.00000, -9999.00000, -9999.00000, -9999.00000, -9999.00000, -9999.00000, -9999.00000, -9999.00000 
27720.0, -9999.00000, -9999.00000, -9999.00000, -9999.00000, -9999.00000, -9999.00000, -9999.00000, -9999.00000, -9999.00000, -9999.00000, -9999.00000, -9999.00000, -9999.00000, -9999.00000, -9999.00000, -9999.00000, -9999.00000, -9999.00000, -9999.00000, -9999.00000, -9999.00000, -9999.00000 
27780.0, -9999.00000, -9999.00000, -9999.00000, -9999.00000, -9999.00000, -9999.00000, -9999.00000, -9999.00000, -9999.00000, -9999.00000, -9999.00000, -9999.00000, -9999.00000, -9999.00000, -9999.00000, -9999.00000, -9999.00000, -9999.00000, -9999.00000, -9999.00000, -9999.00000, -9999.00000 
27840.0, -9999.00000, -9999.00000, -9999.00000, -9999.00000, -9999.00000, -9999.00000, -9999.00000, -9999.00000, -9999.00000, -9999.00000, -9999.00000, -9999.00000, -9999.00000, -9999.00000, -9999.00000, -9999.00000, -9999.00000, -9999.00000, -9999.00000, -9999.00000, -9999.00000, -9999.00000 
27900.0, -9999.00000, -9999.00000, -9999.00000, -9999.00000, -9999.00000, -9999.00000, -9999.00000, -9999.00000, -9999.00000, -9999.00000, -9999.00000, -9999.00000, -9999.00000, -9999.00000, -9999.00000, -9999.00000, -9999.00000, -9999.00000, -9999.00000, -9999.00000, -9999.00000, -9999.00000 
27960.0, -9999.00000, -9999.00000, -9999.00000, -9999.00000, -9999.00000, -9999.00000, -9999.00000, -9999.00000, -9999.00000, -9999.00000, -9999.00000, -9999.00000, -9999.00000, -9999.00000, -9999.00000, -9999.00000, -9999.00000, -9999.00000, -9999.00000, -9999.00000, -9999.00000, -9999.00000 
28020.0, -9999.00000, -9999.00000, -9999.00000, -9999.00000, -9999.00000, -9999.00000, -9999.00000, -9999.00000, -9999.00000, -9999.00000, -9999.00000, -9999.00000, -9999.00000, -9999.00000, -9999.00000, -9999.00000, -9999.00000, -9999.00000, -9999.00000, -9999.00000, -9999.00000, -9999.00000 
28080.0, -9999.00000, -9999.00000, -9999.00000, -9999.00000, -9999.00000, -9999.00000, -9999.00000, -9999.00000, -9999.00000, -9999.00000, -9999.00000, -9999.00000, -9999.00000, -9999.00000, -9999.00000, -9999.00000, -9999.00000, -9999.00000, -9999.00000, -9999.00000, -9999.00000, -9999.00000 
28140.0, -9999.00000, -9999.00000, -9999.00000, -9999.00000, -9999.00000, -9999.00000, -9999.00000, -9999.00000, -9999.00000, -9999.00000, -9999.00000, -9999.00000, -9999.00000, -9999.00000, -9999.00000, -9999.00000, -9999.00000, -9999.00000, -9999.00000, -9999.00000, -9999.00000, -9999.00000 
28200.0, -9999.00000, -9999.00000, -9999.00000, -9999.00000, -9999.00000, -9999.00000, -9999.00000, -9999.00000, -9999.00000, -9999.00000, -9999.00000, -9999.00000, -9999.00000, -9999.00000, -9999.00000, -9999.00000, -9999.00000, -9999.00000, -9999.00000, -9999.00000, -9999.00000, -9999.00000 
28260.0, 8.88891, -9999.00000, -9999.00000, 5.47151, 0.00991, 0.26366, 3.69384, -0.00196, -9999.00000, -9999.00000, 0.17225, 0.45051, 0.04343, -9999.00000, 0.29400, 0.13523, 0.00951, 0.03944, 0.12955, 0.05006, 0.00880, 0.00811 
28320.0, 8.90845, 0.23740, 1.86902, 5.45567, 0.00119, 0.22655, 3.72413, 0.02127, 0.44243, 0.54193, 0.15666, 0.44432, 0.01158, -9999.00000, 0.27199, 0.09690, -0.00034, 0.04732, 0.12735, 0.06883, 0.01198, 0.00850 
28380.0, 9.46545, 0.22453, 1.79664, 5.51688, 0.00605, 0.24297, 3.81037, 0.01544, 0.42814, 0.53980, 0.14477, 0.41957, 0.03892, -9999.00000, 0.28989, 0.10463, 0.00159, 0.04424, 0.12495, 0.06538, 0.02486, 0.00481 
28440.0, 9.76608, 0.18936, 1.65000, 5.10342, 0.00658, 0.22151, 3.65138, -0.00196, 0.36249, 0.55785, 0.13424, 0.36903, 0.03363, -9999.00000, 0.24172, 0.09460, -0.00801, 0.03611, 0.10680, 0.06288, 0.02558, 0.00724 
28500.0, 7.72326, 0.21920, 1.66659, 4.54625, 0.00309, 0.18936, 3.51193, 0.00447, 0.32873, 0.52649, 0.07125, 0.29440, 0.02505, -9999.00000, 0.17972, 0.07457, 0.00219, 0.03031, 0.07797, 0.04452, 0.02741, 0.00507 
28560.0, 9.00016, 0.21036, 1.81660, 6.64614, 0.00072, 0.23620, 3.64111, 0.01834, 0.38875, 0.56623, 0.11247, 0.59569, 0.03533, -9999.00000, 0.29355, 0.11220, -0.00727, 0.03215, 0.08919, 0.05121, 0.03016, 0.00375 
28620.0, 8.69837, 0.21368, 1.69230, 5.65493, 0.00256, 0.21030, 3.61699, 0.01957, 0.37700, 0.54564, 0.05312, 0.37378, 0.03962, -9999.00000, 0.20724, 0.06859, -0.00208, 0.02569, 0.09209, 0.05784, 0.02347, 0.00362 
28680.0, 9.10219, 0.21843, 1.79784, 6.65202, 0.00331, 0.21923, 3.65365, 0.00858, 0.35451, 0.56456, 0.14866, 0.76145, 0.01389, -9999.00000, 0.37024, 0.13859, 0.00691, 0.04390, 0.09563, 0.06219, 0.02455, 0.00954 
28740.0, 9.27758, 0.20966, 1.78538, 5.20930, 0.00596, 0.21307, 3.63895, 0.01190, 0.37390, 0.57519, 0.05170, 0.35362, 0.02492, -9999.00000, 0.22814, 0.09774, 0.00919, 0.05297, 0.08760, 0.07201, 0.02740, 0.00822 
28800.0, 8.75837, 0.21711, 1.67678, 5.74522, 0.00500, 0.22282, 3.68536, 0.00796, 0.37914, 0.56176, 0.03675, 0.36150, 0.04384, -9999.00000, 0.22468, 0.09518, -0.00489, 0.02362, 0.08138, 0.04616, 0.02146, 0.00941 
28860.0, 9.89750, 0.19008, 1.88222, 6.17729, 0.00600, 0.24091, 3.73707, 0.01665, 0.37584, 0.55345, 0.04771, 0.39384, 0.04369, -9999.00000, 0.26387, 0.10757, 0.00343, 0.03898, 0.10155, 0.05748, 0.03568, 0.00750 
28920.0, 9.78161, 0.21768, 1.77720, 5.77997, 0.00390, 0.22956, 3.69997, -0.00016, 0.41765, 0.57429, 0.15470, 0.42579, 0.04335, -9999.00000, 0.25384, 0.11066, -0.00056, 0.02193, 0.09862, 0.07534, 0.02613, 0.00603 
28980.0, 10.02474, 0.19406, 1.66100, 5.28894, 0.00205, 0.19811, 3.67544, -0.00195, 0.31650, 0.56524, 0.11225, 0.34328, -0.00598, -9999.00000, 0.21737, 0.09147, -0.00612, 0.04367, 0.08839, 0.05626, 0.02480, 0.00646 
29040.0, 9.39476, 0.21027, 1.65392, 5.01501, 0.00217, 0.20982, 3.49507, 0.01460, 0.34035, 0.56541, 0.09483, 0.33188, 0.01002, -9999.00000, 0.22008, 0.08211, -0.00853, 0.02646, 0.09191, 0.06208, 0.02692, 0.00930 
29100.0, 9.55462, 0.19274, 1.88099, 5.59639, 0.00367, 0.19967, 3.66703, 0.00845, 0.32237, 0.54426, 0.07484, 0.38418, 0.02110, -9999.00000, 0.25284, 0.08553, 0.00727, 0.04758, 0.11205, 0.08819, 0.03493, 0.01074 
29160.0, 10.18372, 0.21588, 1.75608, 5.70934, 0.00354, 0.24393, 3.66425, 0.01557, 0.30360, 0.52855, 0.08477, 0.35591, 0.01086, -9999.00000, 0.21594, 0.08581, 0.00225, 0.04551, 0.08578, 0.05059, 0.02148, 0.00753 
29220.0, 7.38388, 0.21265, 1.20321, 2.95410, -0.00069, 0.17770, 3.21758, 0.00721, 0.32180, 0.47669, 0.03358, 0.20903, 0.00667, -9999.00000, 0.14397, 0.04596, -0.00734, 0.03173, 0.09332, 0.02329, 0.01849, 0.00653 
29280.0, 8.95255, 0.20741, 1.24329, 3.46954, 0.00531, 0.20196, 3.25902, 0.01136, 0.31264, 0.51507, 0.05363, 0.21986, 0.01572, -9999.00000, 0.16006, 0.06096, -0.00851, 0.02736, 0.11079, 0.05006, 0.01460, 0.00374 
29340.0, 8.26622, 0.19260, 1.39463, 4.23620, 0.00414, 0.22750, 3.32837, -0.00194, 0.34826, 0.52374, 0.02567, 0.25265, 0.01765, -9999.00000, 0.16641, 0.05186, -0.00224, 0.02203, 0.08963, 0.05559, 0.01782, 0.00790 
29400.0, -9999.00000, -9999.00000, -9999.00000, -9999.00000, -9999.00000, -9999.00000, -9999.00000, -9999.00000, -9999.00000, -9999.00000, -9999.00000, -9999.00000, -9999.00000, -9999.00000, -9999.00000, -9999.00000, -9999.00000, -9999.00000, -9999.00000, -9999.00000, -9999.00000, -9999.00000 
29460.0, 8.90003, 0.19264, 1.00005, 2.49448, 0.00147, 0.18122, 3.02562, 0.01936, 0.36733, 0.49236, 0.01357, 0.16060, 0.00723, -9999.00000, 0.10114, 0.04560, -0.00743, 0.01505, 0.08446, 0.02070, 0.00846, 0.00132 
29520.0, 6.37647, 0.20189, 0.81501, 1.57433, 0.00036, 0.15302, 2.85420, 0.00218, 0.40480, 0.49515, -0.01040, 0.09467, -0.00387, -9999.00000, 0.06191, 0.02801, -0.00825, 0.02489, 0.08680, 0.03485, 0.00066, 0.00111 
29580.0, 7.01774, 0.19456, 0.81202, 1.65118, 0.00430, 0.18976, 2.89584, 0.01463, 0.41176, 0.47839, 0.00862, 0.11875, 0.00712, -9999.00000, 0.06686, 0.01974, -0.00476, 0.01474, 0.09290, 0.03598, 0.00195, 0.00113 
29640.0, 8.00996, 0.18538, 0.99918, 2.33072, 0.00365, 0.15609, 3.04313, 0.00159, 0.40365, 0.50275, 0.02583, 0.14578, 0.01517, -9999.00000, 0.08985, 0.02854, 0.00154, 0.01983, 0.10556, 0.02122, 0.00747, 0.00374 
29700.0, 8.18582, 0.21576, 0.85515, 1.79698, 0.00209, 0.15850, 2.93527, 0.01269, 0.39743, 0.48365, 0.06053, 0.12135, 0.01977, -9999.00000, 0.06044, 0.02442, -0.00295, 0.01756, 0.09259, 0.03394, 0.00346, 0.00092 
29760.0, 6.12430, 0.19556, 0.80472, 1.60492, 0.00076, 0.14608, 2.96602, -0.00036, 0.40270, 0.47620, 0.04481, 0.10550, 0.00602, -9999.00000, 0.06605, 0.01777, -0.00284, 0.02053, 0.10633, 0.02834, 0.00146, 0.00511 
29820.0, 9.23290, 0.20152, 1.02785, 2.07512, 0.00110, 0.15530, 3.09414, 0.01023, 0.43560, 0.47960, 0.05233, 0.20373, 0.00720, -9999.00000, 0.10028, 0.05109, -0.00826, 0.01120, 0.11122, 0.05493, 0.00324, 0.00225 
29880.0, 6.51643, 0.19714, 0.80582, 1.45201, 0.00635, 0.13592, 2.88438, 0.01328, 0.40067, 0.47872, -0.01201, 0.09250, 0.00536, -9999.00000, 0.05287, 0.01698, -0.00284, 0.01862, 0.10922, 0.03335, 0.00506, 0.00240 
29940.0, 7.55201, 0.17980, 1.00399, 2.02021, 0.00029, 0.15967, 3.05018, 0.00922, 0.39723, 0.50771, 0.00003, 0.12814, 0.00965, -9999.00000, 0.08432, 0.02514, -0.00844, 0.02350, 0.11525, 0.01859, 0.00872, 0.00283 
30000.0, 6.97450, 0.18763, 0.90579, 1.95852, 0.00080, 0.14907, 3.08456, 0.00785, 0.42471, 0.48096, 0.00118, 0.12142, 0.02386, -9999.00000, 0.07132, 0.03361, -0.00314, 0.00926, 0.11583, 0.02855, 0.00622, 0.00533 
30060.0, 6.89668, 0.18678, 0.88093, 2.02007, 0.00174, 0.18790, 2.99379, 0.01278, 0.44061, 0.48463, 0.00122, 0.11871, -0.00595, -9999.00000, 0.06655, 0.01988, 0.00738, 0.01700, 0.13249, 0.01520, 0.00293, 0.00540 
30120.0, 8.77655, 0.20592, 0.97760, 1.75626, 0.00287, 0.17099, 2.94716, 0.01818, 0.43570, 0.50503, -0.01612, 0.10813, 0.01493, -9999.00000, 0.07284, 0.02902, -0.00842, 0.02571, 0.11066, 0.03742, 0.00623, -0.00005 
30180.0, 6.69500, 0.20529, 0.94001, 2.14579, 0.00060, 0.17118, 2.92870, 0.01557, 0.41224, 0.48433, -0.02939, 0.09324, -0.00187, -9999.00000, 0.06237, 0.03113, -0.00841, 0.01488, 0.12856, 0.02471, 0.00412, 0.00203 
30240.0, 7.23052, 0.21629, 0.96631, 2.36577, 0.00397, 0.16217, 3.07449, 0.00811, 0.44567, 0.49142, 0.01205, 0.11880, 0.00830, -9999.00000, 0.07981, 0.02598, -0.00841, 0.00783, 0.12506, 0.04442, 0.00584, 0.00240 
30300.0, 8.24149, 0.20893, 1.21187, 3.51649, 0.00093, 0.17199, 3.18580, 0.00950, 0.38342, 0.49335, 0.05301, 0.16424, -0.00026, -9999.00000, 0.09559, 0.04136, -0.00619, 0.02358, 0.12425, 0.03429, 0.00901, 0.00445 
30360.0, 8.64547, 0.20213, 1.30877, 3.65525, 0.00047, 0.17520, 3.27860, 0.00925, 0.39807, 0.49320, 0.03756, 0.20424, 0.01522, -9999.00000, 0.10896, 0.04471, -0.00024, 0.01856, 0.13183, 0.04526, 0.00741, 0.00909 
30420.0, 8.19774, 0.19880, 1.59969, 4.47753, 0.00156, 0.19849, 3.46232, 0.00139, 0.44976, 0.50396, 0.07220, 0.24925, 0.02224, -9999.00000, 0.13150, 0.05474, -0.00018, 0.03269, 0.15434, 0.06669, 0.01098, 0.00917 
30480.0, 8.89593, 0.20747, 1.62955, 4.82191, 0.00144, 0.21347, 3.47336, 0.01508, 0.34685, 0.49422, 0.05614, 0.23872, 0.01446, -9999.00000, 0.13891, 0.06504, 0.00761, 0.02721, 0.15836, 0.05331, 0.01127, 0.00840 
