CampaignData_and_Merges/R0/CSL_MobileLab_Parked/raw/20240806/USOS-NOy-LIF_MobileLabGround_20240806_R0.ict
39,1001
Rollins, A.; Waxman, E.; Zuraski, K.; Chace, W.
NOAA Chemical Sciences Laboratory
LIF NO/NOx/NOy on CSL Mobile Lab
AMMBEC / USOS
1, 1
2024,08,06, 2025,01,04
1
Time_Start, seconds, number_of_seconds_since_0000_UTC
7
1, 1, 1, 1, 1, 1, 1
-9999, -9999, -9999, -9999, -9999, -9999, -9999
Time_Stop, seconds, number_of_seconds_since_0000_UTC
NO_LIF, pptv, Gas_NO_InSitu_S_AVMR, volume mixing ratio of nitric oxide in air
NO2_LIF, pptv, Gas_NO2_InSitu_S_AVMR, volume mixing ratio of nitrogen dioxide in air
NOy_LIF, pptv, Gas_NOy_InSitu_S_AVMR, volume mixing ratio of total oxidized nitrogen in air
NO_LIF_1SigmaAccuracy, pptv, Gas_NO_InSitu_S_AVMR, volume mixing ratio of nitric oxide in air
NO2_LIF_1SigmaAccuracy, pptv, Gas_NO2_InSitu_S_AVMR, volume mixing ratio of nitrogen dioxide in air
NOy_LIF_1SigmaAccuracy, pptv, Gas_NOy_InSitu_S_AVMR, volume mixing ratio of total oxidized nitrogen in air
0
18
PI_CONTACT_INFO: andrew.rollins@noaa.gov
PLATFORM: CSL Mobile Lab
LOCATION: Salt Lake City, UT
ASSOCIATED_DATA:
INSTRUMENT_INFO: NO detection by laser induced fluorescence. NO2 detection by photolytic conversion to NO. NOy detection by catalytic conversion to NO on gold surface
DATA_INFO:
UNCERTAINTY: Included 1 Sigma Accuracy waves represent the combined calibration uncertainties (±6%, ±9%, ±10%) and zero uncertainties (3 ppt, 20 ppt, 100 ppt) for NO, NO2, and NOy, respectively.
ULOD_FLAG: -7777
ULOD_VALUE: N/A
LLOD_FLAG: -8888
LLOD_VALUE: N/A
DM_CONTACT_INFO: andrew.rollins@noaa.gov
PROJECT_INFO: USOS Project, July - August 2024
STIPULATIONS_ON_USE: Users are strongly encouraged to contact the PI for proper data usage.
OTHER_COMMENTS:
REVISION: R0
R0: final data
Time_Start, Time_Stop, NO_LIF, NO2_LIF, NOy_LIF, NO_LIF_1SigmaAccuracy, NO2_LIF_1SigmaAccuracy, NOy_LIF_1SigmaAccuracy
       0,      60,-9999,-9999,-9999,-9999, -9999, -9999
      60,     120,-9999,-9999,-9999,-9999, -9999, -9999
     120,     180,-9999,-9999,-9999,-9999, -9999, -9999
     180,     240,-9999,-9999,-9999,-9999, -9999, -9999
     240,     300,-9999,-9999,-9999,-9999, -9999, -9999
     300,     360,-9999,-9999,-9999,-9999, -9999, -9999
     360,     420,-9999,-9999,-9999,-9999, -9999, -9999
     420,     480,1380.9,4547.2,11272,85.853, 429.25, 1227.2
     480,     540,823.18,3107.8,6623.1,52.391, 299.7, 762.31
     540,     600,531.1,2163.3,3573,34.866, 214.7, 457.3
     600,     660,994.11,4206.9,4450.1,62.646, 398.62, 545.01
     660,     720,504.59,2625.9,3794.7,33.275, 256.33, 479.47
     720,     780,366.78,2028.4,2783.6,25.007, 202.55, 378.36
     780,     840,182.75,1230,2097.4,13.965, 130.7, 309.74
     840,     900,293.57,1709.1,2267.9,20.614, 173.82, 326.79
     900,     960,729.19,3798.6,4449.5,46.752, 361.88, 544.95
     960,    1020,1124.9,5226,6696.1,70.495, 490.34, 769.61
    1020,    1080,1431.5,5195.2,7520.6,88.889, 487.57, 852.06
    1080,    1140,1173.5,4800,6347.3,73.412, 452, 734.73
    1140,    1200,1243.3,4370.6,6395.5,77.596, 413.36, 739.55
    1200,    1260,217.12,1366.6,2104.7,16.027, 142.99, 310.47
    1260,    1320,337.39,2014.4,2892.9,23.244, 201.29, 389.29
    1320,    1380,457.29,2804.1,3891.1,30.437, 272.37, 489.11
    1380,    1440,144.09,1078.5,2100.7,11.646, 117.07, 310.07
    1440,    1500,199.6,1418.9,2125.4,14.976, 147.7, 312.54
    1500,    1560,132.86,990.43,1880,10.972, 109.14, 288
    1560,    1620,332.36,1973.8,2248.3,22.942, 197.64, 324.83
    1620,    1680,168.97,1139.9,2861.5,13.138, 122.59, 386.15
    1680,    1740,173.45,1202.7,1865.8,13.407, 128.25, 286.58
    1740,    1800,125.43,912.63,1597.7,10.526, 102.14, 259.77
    1800,    1860,130.04,978.6,1593.3,10.802, 108.07, 259.33
    1860,    1920,128.87,975.28,1604.2,10.732, 107.78, 260.42
    1920,    1980,145.94,1087.8,1701.6,11.756, 117.9, 270.16
    1980,    2040,103.39,933.76,1528.3,9.2034, 104.04, 252.83
    2040,    2100,182.67,1524.1,2058,13.96, 157.16, 305.8
    2100,    2160,222.35,1793.4,2601.8,16.341, 181.41, 360.18
    2160,    2220,292.74,2138.7,2821.7,20.564, 212.48, 382.17
    2220,    2280,275.51,1937.5,2562.1,19.53, 194.37, 356.21
    2280,    2340,213.81,1698.3,2440.1,15.829, 172.85, 344.01
    2340,    2400,677.43,3035.9,3235.9,43.646, 293.23, 423.59
    2400,    2460,561.33,3421.2,4917.9,36.68, 327.9, 591.79
    2460,    2520,510.08,3476.3,4966.7,33.605, 332.86, 596.67
    2520,    2580,620.79,3622,4433.3,40.247, 345.98, 543.33
    2580,    2640,967.51,4502.9,5611.7,61.051, 425.26, 661.17
    2640,    2700,287.3,2398,4719.6,20.238, 235.82, 571.96
    2700,    2760,319.11,2033.5,2959.7,22.147, 203.01, 395.97
    2760,    2820,560.12,3571.6,4874.8,36.607, 341.45, 587.48
    2820,    2880,432.33,2762.5,3771,28.94, 268.63, 477.1
    2880,    2940,265.26,2203.2,3417.7,18.916, 218.29, 441.77
    2940,    3000,306.17,2391.8,3575.8,21.37, 235.26, 457.58
    3000,    3060,184.67,1777.4,2899.5,14.08, 179.96, 389.95
    3060,    3120,200.15,1796.3,2852.7,15.009, 181.67, 385.27
    3120,    3180,176.73,1676.6,2564.4,13.604, 170.89, 356.44
    3180,    3240,230.19,1789.8,2778.9,16.811, 181.08, 377.89
    3240,    3300,244.48,1821.5,2785.2,17.669, 183.93, 378.52
    3300,    3360,188.45,1919.6,2710.9,14.307, 192.76, 371.09
    3360,    3420,179.83,1754.9,2766,13.79, 177.94, 376.6
    3420,    3480,236.76,1645.2,2520.5,17.206, 168.06, 352.05
    3480,    3540,386.6,2466.6,3878.3,26.196, 242, 487.83
    3540,    3600,513.49,2034.5,2960.3,33.81, 203.1, 396.03
    3600,    3660,331.22,2011.7,3379.1,22.873, 201.06, 437.91
    3660,    3720,304.16,1978.8,2835.8,21.249, 198.09, 383.58
    3720,    3780,173.9,1719.1,2648,13.434, 174.72, 364.8
    3780,    3840,285.08,2148.2,3029,20.105, 213.34, 402.9
    3840,    3900,214.18,1732.9,2796.4,15.851, 175.96, 379.64
    3900,    3960,466.06,2562.9,3424.1,30.964, 250.67, 442.41
    3960,    4020,396.09,2854.6,4606.7,26.766, 276.91, 560.67
    4020,    4080,621.65,3748.7,4551.1,40.299, 357.38, 555.11
    4080,    4140,326.68,3205.8,4499.8,22.601, 308.52, 549.98
    4140,    4200,250.43,2258.9,3453.3,18.026, 223.3, 445.33
    4200,    4260,308.21,2450.1,3253.1,21.493, 240.51, 425.31
    4260,    4320,291.9,2486.3,3732.5,20.514, 243.77, 473.25
    4320,    4380,182.61,2020.8,2909.6,13.957, 201.87, 390.96
    4380,    4440,178.73,1935.9,2911.6,13.724, 194.23, 391.16
    4440,    4500,217.77,1964.3,3050.6,16.066, 196.78, 405.06
    4500,    4560,222.21,2267.2,3498.1,16.333, 224.04, 449.81
    4560,    4620,209.11,1843.8,3440.3,15.547, 185.94, 444.03
    4620,    4680,156.38,1987.3,2918.8,12.383, 198.85, 391.88
    4680,    4740,240.53,2341.3,3120.5,17.432, 230.72, 412.05
    4740,    4800,162.09,1807.6,2966.9,12.725, 182.69, 396.69
    4800,    4860,138.29,1763.4,2766.7,11.298, 178.71, 376.67
    4860,    4920,137.32,1605.2,2408.9,11.239, 164.46, 340.89
    4920,    4980,99.149,1432.5,2298.1,8.9489, 148.93, 329.81
    4980,    5040,116.17,1385.6,2194.2,9.9705, 144.71, 319.42
    5040,    5100,239.28,1792.6,2475.6,17.357, 181.34, 347.56
    5100,    5160,118.33,1387.5,2305.1,10.1, 144.87, 330.51
    5160,    5220,102.22,1293.5,2105,9.1335, 136.42, 310.5
    5220,    5280,136.53,1517,2113.4,11.192, 156.53, 311.34
    5280,    5340,216.53,2316.8,3161.8,15.992, 228.51, 416.18
    5340,    5400,123.91,1739.1,2804.9,10.435, 176.52, 380.49
    5400,    5460,134.94,1669.5,2609,11.097, 170.26, 360.9
    5460,    5520,120.72,1702.4,2773.7,10.243, 173.21, 377.37
    5520,    5580,190.79,1963.2,2809.1,14.447, 196.68, 380.91
    5580,    5640,142.58,1981.7,3275.3,11.555, 198.35, 427.53
    5640,    5700,108.07,1690.4,2647.2,9.4842, 172.14, 364.72
    5700,    5760,185.44,1993.3,2700.7,14.127, 199.39, 370.07
    5760,    5820,171.46,2161.2,3049.2,13.288, 214.51, 404.92
    5820,    5880,77.807,1262.5,2099.2,7.6684, 133.62, 309.92
    5880,    5940,69.765,1191.9,1938.2,7.1859, 127.27, 293.82
    5940,    6000,125.52,1607.1,2210.5,10.531, 164.64, 321.05
    6000,    6060,94.175,1404.3,2300.1,8.6505, 146.39, 330.01
    6060,    6120,93.587,1329.7,2051.8,8.6152, 139.68, 305.18
    6120,    6180,71.896,1106.1,1853,7.3137, 119.55, 285.3
    6180,    6240,75.236,1219.3,1952.3,7.5141, 129.74, 295.23
    6240,    6300,92.302,1263.1,1988.6,8.5381, 133.68, 298.86
    6300,    6360,82.943,1484.5,2146,7.9766, 153.6, 314.6
    6360,    6420,222.88,3137.9,3052.7,16.373, 302.41, 405.27
    6420,    6480,285.18,5370.8,6485.3,20.111, 503.37, 748.53
    6480,    6540,487.12,6365.4,7682.5,32.227, 592.88, 868.25
    6540,    6600,139.52,3471.4,4934.7,11.371, 332.43, 593.47
    6600,    6660,107.96,2731.2,3879.5,9.4773, 265.81, 487.95
    6660,    6720,107.81,2892.1,4023.9,9.4683, 280.29, 502.39
    6720,    6780,99.893,2677.9,3790.7,8.9936, 261.01, 479.07
    6780,    6840,102.77,2752.5,3731.8,9.1665, 267.72, 473.18
    6840,    6900,137.25,3562.6,4246,11.235, 340.63, 524.6
    6900,    6960,403.51,4385.6,4678.5,27.21, 414.71, 567.85
    6960,    7020,1158.5,7093.5,9487.3,72.51, 658.42, 1048.7
    7020,    7080,444.75,5769.7,8506.6,29.685, 539.27, 950.66
    7080,    7140,686.63,3552.8,5127.4,44.198, 339.75, 612.74
    7140,    7200,487.57,3287.6,6347.1,32.254, 315.88, 734.71
    7200,    7260,41.114,1528.9,2266.4,5.4668, 157.6, 326.64
    7260,    7320,40.371,1521.2,2265.3,5.4223, 156.91, 326.53
    7320,    7380,38.71,1563.4,2324.7,5.3226, 160.71, 332.47
    7380,    7440,41.852,1706,2550.1,5.5111, 173.54, 355.01
    7440,    7500,77.872,2165.5,2986.7,7.6723, 214.9, 398.67
    7500,    7560,57.539,2050.7,2649.8,6.4523, 204.56, 364.98
    7560,    7620,84.242,2597,3338.4,8.0545, 253.73, 433.84
    7620,    7680,155.76,1897.7,2980.9,12.346, 190.79, 398.09
    7680,    7740,132.3,2319.4,2966.8,10.938, 228.75, 396.68
    7740,    7800,76.758,1614.4,2630.3,7.6055, 165.3, 363.03
    7800,    7860,84.8,1862.6,2431.4,8.088, 187.63, 343.14
    7860,    7920,56.196,1890.9,2741.7,6.3718, 190.18, 374.17
    7920,    7980,29.554,1443.4,2302.5,4.7733, 149.91, 330.25
    7980,    8040,-9999,-9999,-9999,-9999, -9999, -9999
    8040,    8100,-9999,-9999,-9999,-9999, -9999, -9999
    8100,    8160,-9999,-9999,-9999,-9999, -9999, -9999
    8160,    8220,-9999,-9999,-9999,-9999, -9999, -9999
    8220,    8280,-9999,-9999,-9999,-9999, -9999, -9999
    8280,    8340,-9999,-9999,-9999,-9999, -9999, -9999
    8340,    8400,-9999,-9999,-9999,-9999, -9999, -9999
    8400,    8460,108.39,1877.7,2643.7,9.5033, 189, 364.37
    8460,    8520,107.1,1527.3,2326,9.4262, 157.46, 332.6
    8520,    8580,63.167,1453,2299.9,6.79, 150.77, 329.99
    8580,    8640,26.408,1311,2069.7,4.5845, 137.99, 306.97
    8640,    8700,272.48,2139.5,3105.1,19.349, 212.56, 410.51
    8700,    8760,310.36,2976.5,3927.1,21.622, 287.89, 492.71
    8760,    8820,323.73,3707.6,4549.8,22.424, 353.68, 554.98
    8820,    8880,62.343,2055,3696.4,6.7406, 204.95, 469.64
    8880,    8940,92.555,2295.5,3109.2,8.5533, 226.6, 410.92
    8940,    9000,66.687,2307,3101.5,7.0012, 227.63, 410.15
    9000,    9060,60.326,2355.7,3040.3,6.6196, 232.01, 404.03
    9060,    9120,39.071,1736.9,2713.2,5.3442, 176.32, 371.32
    9120,    9180,20.131,1447.6,2303.7,4.2078, 150.28, 330.37
    9180,    9240,56.742,1625.2,2299.1,6.4045, 166.27, 329.91
    9240,    9300,29.882,1474.2,2382.6,4.7929, 152.68, 338.26
    9300,    9360,46.611,1665.4,2261.7,5.7967, 169.89, 326.17
    9360,    9420,171.32,2050.1,2598.8,13.279, 204.51, 359.88
    9420,    9480,327.21,3783.5,4555.6,22.633, 360.51, 555.56
    9480,    9540,108.69,2588.3,3753.2,9.5212, 252.95, 475.32
    9540,    9600,183.89,2485.4,3279.6,14.034, 243.69, 427.96
    9600,    9660,131.94,2471.5,3451.7,10.916, 242.44, 445.17
    9660,    9720,114.8,2604.7,3677.6,9.8881, 254.42, 467.76
    9720,    9780,73.79,1862.6,2768.6,7.4274, 187.64, 376.86
    9780,    9840,160.89,1928.2,2550.6,12.653, 193.54, 355.06
    9840,    9900,356.33,3040.6,3857.4,24.38, 293.65, 485.74
    9900,    9960,54.55,1987.9,3127.5,6.273, 198.91, 412.75
    9960,   10020,24.345,1529.7,2350.8,4.4607, 157.67, 335.08
   10020,   10080,20.456,1390.3,2029.3,4.2273, 145.13, 302.93
   10080,   10140,37.373,1604,2121.5,5.2424, 164.36, 312.15
   10140,   10200,42.218,1593.6,2268.4,5.5331, 163.43, 326.84
   10200,   10260,48.318,1616.7,2264.5,5.8991, 165.51, 326.45
   10260,   10320,261.26,2725.5,3361.6,18.676, 265.29, 436.16
   10320,   10380,167.08,2595.2,3435.5,13.025, 253.57, 443.55
   10380,   10440,54.549,2164.6,3205.2,6.2729, 214.81, 420.52
   10440,   10500,90.116,1636.8,2301.4,8.407, 167.32, 330.14
   10500,   10560,165.39,1481.7,2280.3,12.923, 153.35, 328.03
   10560,   10620,53.439,1402.8,2028.4,6.2063, 146.25, 302.84
   10620,   10680,13.459,1179.2,1819.8,3.8076, 126.13, 281.98
   10680,   10740,70.481,1531.7,1986.4,7.2289, 157.85, 298.64
   10740,   10800,149.13,1586.7,2371.9,11.948, 162.8, 337.19
   10800,   10860,229.84,2299.9,3617.2,16.791, 226.99, 461.72
   10860,   10920,67.618,2305.5,2945.7,7.0571, 227.49, 394.57
   10920,   10980,15.568,1661.1,2483.5,3.9341, 169.5, 348.35
   10980,   11040,114.86,1872.3,2305.1,9.8914, 188.51, 330.51
   11040,   11100,43.686,1737.2,2716,5.6212, 176.35, 371.6
   11100,   11160,89.361,1939.8,2289.7,8.3617, 194.58, 328.97
   11160,   11220,33.484,1755.7,2459.2,5.0091, 178.01, 345.92
   11220,   11280,23.468,1827.9,2584.1,4.4081, 184.51, 358.41
   11280,   11340,33.815,2061,2620.1,5.0289, 205.49, 362.01
   11340,   11400,23.095,1773.5,2645.4,4.3857, 179.61, 364.54
   11400,   11460,244.91,2813.3,2832,17.695, 273.2, 383.2
   11460,   11520,932.81,5696.7,4867.6,58.968, 532.71, 586.76
   11520,   11580,190.59,3307.7,4162.1,14.436, 317.69, 516.21
   11580,   11640,131.64,3227.7,4040.8,10.899, 310.49, 504.08
   11640,   11700,29.956,2088.5,3315.9,4.7974, 207.96, 431.59
   11700,   11760,35.739,1482.1,2239.9,5.1443, 153.39, 323.99
   11760,   11820,37.083,1807.8,2341.4,5.225, 182.7, 334.14
   11820,   11880,305.08,2138,2527.7,21.305, 212.42, 352.77
   11880,   11940,843.09,4620.6,6063,53.585, 435.85, 706.3
   11940,   12000,77.322,2700,4264.4,7.6393, 263, 526.44
   12000,   12060,85.889,3059.2,3768.6,8.1533, 295.32, 476.86
   12060,   12120,117.71,2361.3,3221.6,10.063, 232.52, 422.16
   12120,   12180,332.73,4878.1,5056.2,22.964, 459.03, 605.62
   12180,   12240,125.55,4151.9,5138.2,10.533, 393.67, 613.82
   12240,   12300,117.07,3201.4,3924.8,10.024, 308.13, 492.48
   12300,   12360,14.58,2444,3212.9,3.8748, 239.96, 421.29
   12360,   12420,54.248,1869.7,2739.8,6.2549, 188.27, 373.98
   12420,   12480,77.523,2694.2,3236.6,7.6514, 262.48, 423.66
   12480,   12540,20.158,2188.1,2971.5,4.2095, 216.93, 397.15
   12540,   12600,21.303,2170.7,2719.6,4.2782, 215.36, 371.96
   12600,   12660,18.914,2354.4,2834.8,4.1348, 231.89, 383.48
   12660,   12720,48.917,2541.3,3084.4,5.935, 248.71, 408.44
   12720,   12780,10.95,1998.8,2721.2,3.657, 199.9, 372.12
   12780,   12840,17.921,2259.9,2963.5,4.0753, 223.4, 396.35
   12840,   12900,9.5117,1830.8,2585.3,3.5707, 184.78, 358.53
   12900,   12960,19.508,1817.1,2410.9,4.1705, 183.54, 341.09
   12960,   13020,5.8658,1622.4,2194.5,3.3519, 166.02, 319.45
   13020,   13080,6.0885,1740.8,2335.6,3.3653, 176.67, 333.56
   13080,   13140,6.076,1900.6,2518.1,3.3646, 191.05, 351.81
   13140,   13200,17.597,2537.2,3039,4.0558, 248.35, 403.9
   13200,   13260,137.18,5561.3,5304.5,11.231, 520.51, 630.45
   13260,   13320,96.807,6902.7,7034.5,8.8084, 641.24, 803.45
   13320,   13380,35.257,4172,6800.8,5.1154, 395.48, 780.08
   13380,   13440,9.3774,2399.3,3359.5,3.5626, 235.94, 435.95
   13440,   13500,193.46,3625,4285.7,14.608, 346.25, 528.57
   13500,   13560,310.71,4279,5039.8,21.642, 405.11, 603.98
   13560,   13620,56.439,2118.5,4035.6,6.3863, 210.67, 503.56
   13620,   13680,90.8,2483.4,2993,8.448, 243.51, 399.3
   13680,   13740,481.39,2973.4,3699.6,31.884, 287.61, 469.96
   13740,   13800,160.45,2492.9,4560.6,12.627, 244.36, 556.06
   13800,   13860,41.832,1874.7,2663.9,5.5099, 188.72, 366.39
   13860,   13920,46.25,2118,2845.4,5.775, 210.62, 384.54
   13920,   13980,187.77,2630.9,2936.3,14.266, 256.78, 393.63
   13980,   14040,261.71,3661.5,5129.6,18.702, 349.54, 612.96
   14040,   14100,197.91,3146.6,3360.2,14.875, 303.2, 436.02
   14100,   14160,138.09,2596.8,3162.7,11.286, 253.72, 416.27
   14160,   14220,116.62,2881.5,3601.6,9.9975, 279.33, 460.16
   14220,   14280,60.005,2542.3,3221.7,6.6003, 248.81, 422.17
   14280,   14340,204.03,4441.9,4387.1,15.242, 419.78, 538.71
   14340,   14400,143.68,3685.8,4817,11.621, 351.72, 581.7
   14400,   14460,392.02,4569.9,5629.7,26.521, 431.29, 662.97
   14460,   14520,312.15,3395,4559.3,21.729, 325.55, 555.93
   14520,   14580,141.49,3330.3,4347.9,11.489, 319.73, 534.79
   14580,   14640,43.654,2205.1,3195.4,5.6192, 218.46, 419.54
   14640,   14700,334.03,1835.2,2888.1,23.042, 185.17, 388.81
   14700,   14760,44.615,1314.7,2291.3,5.6769, 138.33, 329.13
   14760,   14820,19.665,1364.7,1907.7,4.1799, 142.83, 290.77
   14820,   14880,69.781,1500.4,2014.6,7.1869, 155.03, 301.46
   14880,   14940,105.28,1763.5,2432.6,9.3168, 178.72, 343.26
   14940,   15000,78.423,1614.5,2286.5,7.7054, 165.3, 328.65
   15000,   15060,71.888,1723,2388.4,7.3133, 175.07, 338.84
   15060,   15120,20.587,1421.2,2055.9,4.2352, 147.91, 305.59
   15120,   15180,123.65,2073,2412.7,10.419, 206.57, 341.27
   15180,   15240,418.74,3780.4,3832.4,28.125, 360.24, 483.24
   15240,   15300,329.19,4007.9,4976.6,22.752, 380.71, 597.66
   15300,   15360,138.25,2759.7,3655.3,11.295, 268.38, 465.53
   15360,   15420,411.04,4846.7,8728.5,27.662, 456.21, 972.85
   15420,   15480,518.35,3477.3,5592.4,34.101, 332.96, 659.24
   15480,   15540,565.77,2616.4,3933.2,36.946, 255.48, 493.32
   15540,   15600,346.12,2050.8,3272.3,23.767, 204.57, 427.23
   15600,   15660,1053.1,3346.9,4910.7,66.185, 321.22, 591.07
   15660,   15720,45.546,1192.6,2084.6,5.7328, 127.33, 308.46
