CampaignData_and_Merges/R0/CSL_MobileLab_Parked/raw/20240806/USOS-HCHO_MobileLabGround_20240806_R0.ict
35,1001
Huang, Yaoxian
Wayne State University
Picarro G2307 on CSL Mobile Lab
USOS
1,1
2024,08,06,2024,08,09
1.0
Time_Start,seconds_since_midnight,number_of_seconds_since_0000_UTC
3
1.0,1.0,1.0
-9999.0,-9999.0,-9999.0
HCHO,ppbv,Gas_HCHO_InSitu_S_AVMR,volume mixing ratio of formaldehyde in air
H2O,ppmv,Gas_H2O_InSitu_S_AVMR,volume mixing ratio of water vapor in air
CH4,ppmv,Gas_CH4_InSitu_S_AVMR,volume mixing ratio of methane in air
0
18
PI_CONTACT_INFO: yaoxian.huang@wayne.edu
PLATFORM: CSL Mobile Lab, at Ground Site
LOCATION: Salt Lake City, UT
ASSOCIATED_DATA: N/A
INSTRUMENT_INFO: Cavity Ring-Down Spectrometer
DATA_INFO: Data is averaged to 1 minute intervals for stationary and 1 second interval for driving. Stationary data collected from a 20 ft tower on top of the mobile lab.
UNCERTAINTY: N/A
ULOD_FLAG: -7777
ULOD_VALUE: N/A
LLOD_FLAG: -8888
LLOD_VALUE: N/A
DM_CONTACT_INFO: Yaoxian Huang; yaoxian.huang@wayne.edu
PROJECT_INFO: USOS, Summer 2024. https://csl.noaa.gov/groups/csl7/measurements/2024usos/
STIPULATIONS_ON_USE: Users are strongly encouraged to contact the PI for proper data usage.
OTHER_COMMENTS: Data have been shifted backwards by 1 minute to align with USOS MetNav and Picarro GHG data.
REVISION: R0
R0: Final Data
Time_Start,HCHO,H2O,CH4
[from data line 544]
32640,2.86892,13619.8,1.94992
32700,2.86948,13641.5,1.94852
32760,2.95503,13636.1,1.95122
32820,2.91993,13684.8,1.95271
32880,2.92366,13689.8,1.95679
32940,2.93181,13758.7,1.95572
33000,2.9187,13798.2,1.95754
33060,2.99007,13870.0,1.96448
33120,2.79889,13961.3,1.95829
33180,3.31972,13863.2,1.95775
33240,3.02072,13743.8,1.9575
33300,3.10587,14006.5,1.96367
33360,3.27228,14221.4,1.96653
33420,3.25455,14224.6,1.97082
33480,3.23044,14223.4,1.96957
33540,3.38797,14198.6,1.96913
33600,3.16328,14190.6,1.96998
33660,3.52786,14294.9,1.97629
33720,3.57072,14192.5,1.98211
33780,3.20886,14046.5,1.98046
33840,3.03381,14109.1,1.97475
33900,3.21362,14109.7,1.97168
33960,3.21847,14143.6,1.97298
34020,3.30379,14280.9,1.97401
34080,3.13009,14180.4,1.98132
34140,3.27076,14262.9,1.97918
34200,3.3363,14349.2,1.97987
34260,3.32533,14286.4,1.98538
34320,3.15833,14228.9,1.99912
34380,3.26166,14200.2,2.00184
34440,3.20234,14158.2,2.00166
34500,3.14325,13952.5,2.00574
34560,3.27564,13971.4,2.00177
34620,3.18201,14145.7,2.00088
34680,3.39739,13983.9,2.00902
34740,2.94745,13827.0,2.00637
34800,3.07776,14045.7,1.99733
34860,3.09138,14087.6,1.99626
34920,3.24833,14160.2,1.99489
34980,2.73201,14046.6,1.98342
35040,2.67379,13861.0,1.97094
35100,2.40858,13411.6,1.95233
35160,2.72739,13610.8,1.95364
35220,2.57316,13427.7,1.94572
35280,2.30079,13387.5,1.93817
35340,2.07512,13085.7,1.91723
35400,2.24099,14879.3,1.90582
35460,2.23631,17277.4,1.89927
35520,2.02301,17270.1,1.89712
35580,1.93785,16972.3,1.89495
35640,2.15866,17038.1,1.89446
35700,1.84408,16646.4,1.896
35760,2.022,16648.2,1.89572
35820,2.18356,16080.2,1.899
35880,1.81674,15720.2,1.89762
35940,2.04192,15834.1,1.89947
36000,2.0178,16061.1,1.89767
36060,2.5334,16264.0,1.89901
36120,2.00271,16644.8,1.89975
36180,1.93884,16262.6,1.89852
36240,2.03497,16406.4,1.89608
36300,2.17855,16043.4,1.89969
36360,2.26806,15943.6,1.89778
36420,2.22144,15960.4,1.90048
36480,2.1928,16277.4,1.89825
36540,2.052,15813.8,1.90059
36600,2.31146,15398.8,1.89964
36660,2.0418,15425.0,1.90013
36720,2.22823,15249.8,1.90174
36780,2.22736,15481.5,1.90024
36840,2.17325,15465.5,1.90215
36900,2.26182,15153.9,1.90127
36960,1.95227,15134.4,1.90057
37020,1.85539,14774.1,1.90179
37080,2.1726,14852.0,1.90308
37140,2.04435,14882.5,1.90206
37200,2.33895,14744.6,1.90214
37260,2.2595,14754.4,1.90008
37320,2.1394,14706.0,1.90318
37380,2.04031,14566.7,1.90141
37440,2.16832,14853.7,1.90253
37500,2.09043,14782.9,1.90427
37560,2.09362,14739.8,1.90096
37620,1.99303,14616.7,1.90063
37680,1.80829,14679.0,1.90141
37740,2.23049,14793.0,1.90225
37800,2.12611,14466.0,1.90083
37860,1.84242,14564.1,1.90182
37920,1.96003,14452.4,1.90187
37980,2.23701,14387.3,1.89844
38040,2.24065,14469.2,1.90023
38100,1.8393,14453.3,1.90065
38160,1.8718,14512.7,1.90113
38220,2.05092,14577.3,1.89907
38280,2.09719,14549.1,1.89994
38340,2.10786,14512.6,1.90005
38400,1.91003,14530.0,1.90043
38460,2.17275,14461.6,1.90038
38520,1.94396,14366.9,1.90202
38580,2.14741,14678.6,1.90013
38640,1.93944,14166.7,1.90242
38700,2.15942,14125.1,1.90059
38760,2.03911,14416.0,1.89862
38820,1.67803,14287.2,1.89866
38880,1.88711,14379.3,1.90224
38940,2.05523,14205.9,1.89969
39000,2.09374,14316.5,1.9007
39060,1.90847,14105.7,1.90043
39120,2.14241,14221.8,1.90034
39180,1.96931,14132.9,1.90096
39240,1.95357,14134.2,1.90065
39300,2.02228,14032.5,1.89898
39360,1.76256,14012.3,1.90188
39420,1.84966,13960.2,1.90058
39480,1.90696,14340.9,1.90028
39540,1.70178,14113.2,1.90149
39600,1.84538,14149.3,1.90213
39660,1.75472,14302.7,1.9022
39720,1.86783,14193.6,1.90259
39780,1.78658,14256.9,1.90067
39840,1.74458,14108.5,1.90202
39900,1.77097,14226.8,1.90065
39960,1.87095,14089.9,1.9015
40020,1.81181,14199.2,1.90238
40080,1.93702,14258.1,1.90235
40140,1.90572,14126.0,1.90082
40200,1.65104,14141.7,1.90347
40260,1.95213,14050.9,1.90235
40320,1.55624,13948.0,1.9031
40380,1.73919,14089.0,1.89934
40440,1.592,14103.8,1.90222
40500,1.73491,14069.9,1.90143
40560,1.73958,14214.5,1.90174
40620,1.80293,14278.6,1.9035
40680,2.00392,14281.8,1.90242
40740,1.87413,14212.2,1.90425
40800,1.71335,14054.1,1.90189
40860,1.75773,13984.4,1.90161
40920,1.86736,13899.8,1.90352
40980,1.80715,14167.9,1.90421
41040,1.85118,13852.1,1.90355
41100,1.66568,13935.0,1.90248
41160,1.66015,14000.0,1.90289
41220,1.61371,13913.5,1.90411
41280,1.6393,13764.1,1.90528
41340,1.9914,13711.5,1.90334
41400,1.51922,13570.7,1.90372
41460,1.72206,13643.7,1.90528
41520,1.81021,13825.3,1.90772
41580,1.66734,13684.7,1.90602
41640,1.50011,13663.2,1.9035
41700,1.75063,13772.2,1.90724
41760,1.63825,13848.0,1.9036
41820,1.87303,13574.3,1.90816
41880,1.63341,13528.2,1.90739
41940,1.62657,13616.4,1.90653
42000,1.84734,13730.2,1.90554
42060,1.85909,13630.4,1.90566
42120,1.6076,13706.9,1.90324
42180,1.72167,13629.3,1.90566
42240,1.62802,13661.6,1.90721
42300,1.7706,13724.1,1.9041
42360,1.89329,13753.8,1.90674
42420,1.67694,13639.2,1.9051
42480,1.74665,13633.1,1.90313
42540,1.55869,13654.5,1.90494
42600,1.81935,13588.0,1.90628
42660,1.36812,13604.7,1.90439
42720,1.73808,13656.3,1.90698
42780,1.825,13583.8,1.90683
42840,1.67225,13711.4,1.90487
42900,1.70778,13530.7,1.9063
42960,1.60246,13570.3,1.90591
43020,1.64034,13523.9,1.90753
43080,1.58345,13537.8,1.90628
43140,1.59242,13557.5,1.90616
43200,1.69045,13586.0,1.90584
43260,1.76029,13671.5,1.90496
43320,1.70058,13642.9,1.90561
43380,1.76954,13699.5,1.90609
43440,1.81851,13696.5,1.90867
43500,1.71505,13661.8,1.90847
43560,1.5334,13722.9,1.90697
43620,1.80621,13680.2,1.90686
43680,1.54877,13602.6,1.90683
43740,1.67544,13710.7,1.90584
43800,1.76039,13725.5,1.90467
43860,1.61953,13739.4,1.90587
43920,1.59302,13608.8,1.90844
43980,1.57689,13588.3,1.90624
44040,1.43165,13784.7,1.90815
44100,1.70925,13693.6,1.90809
44160,1.39033,13631.0,1.90573
44220,1.57365,13689.4,1.90551
44280,1.55945,13660.4,1.90591
44340,1.31845,13641.6,1.90315
44400,1.55763,13614.5,1.90507
44460,1.73501,13637.0,1.90743
44520,1.35847,13567.9,1.90679
44580,1.25818,13668.7,1.90648
44640,1.5146,13637.6,1.90626
44700,1.61487,13618.8,1.90599
44760,1.51356,13569.8,1.90831
44820,1.43644,13706.6,1.90619
44880,1.62436,13653.9,1.90568
44940,1.53137,13665.6,1.90893
45000,1.49111,13699.1,1.90583
45060,1.58182,13709.2,1.90526
45120,1.43555,13669.9,1.90834
45180,1.58369,13672.7,1.90488
45240,1.46009,13666.9,1.90699
45300,1.57279,13587.2,1.90657
45360,1.55264,13590.1,1.90659
45420,1.43441,13581.5,1.90481
45480,1.48527,13634.2,1.90671
45540,1.57691,13664.6,1.90495
45600,1.23043,13657.9,1.90269
45660,1.39856,13614.0,1.90465
45720,1.44832,13627.5,1.90632
45780,1.43248,13674.0,1.90832
45840,1.52394,13652.8,1.90497
45900,1.32582,13711.1,1.90716
45960,1.67308,13613.6,1.90631
46020,1.55217,13614.3,1.90515
46080,1.36544,13537.7,1.90866
46140,1.2462,13515.6,1.9048
46200,1.37845,13434.2,1.90653
46260,1.54499,13467.7,1.90832
46320,1.31751,13640.8,1.909
46380,1.6076,13615.9,1.90723
46440,1.38676,13601.5,1.9041
46500,1.38413,13533.2,1.90607
46560,1.43467,13451.3,1.90568
46620,1.36993,13602.9,1.90709
46680,1.45354,13625.5,1.90753
46740,1.68023,13526.6,1.90747
46800,1.43159,13529.1,1.90706
46860,1.43874,13602.5,1.90676
46920,1.48119,13466.6,1.9082
46980,1.58754,13364.7,1.90452
47040,1.42374,13476.4,1.90499
47100,1.37233,13600.7,1.90598
47160,1.48848,13482.8,1.90946
47220,1.32776,13540.3,1.90638
47280,1.61808,13605.5,1.90756
47340,1.44754,13564.9,1.90664
47400,1.3513,13453.4,1.90534
47460,1.12866,13379.9,1.90442
47520,1.47926,13659.5,1.90524
47580,1.67033,13491.0,1.90766
47640,1.49446,13299.1,1.9066
47700,1.49595,13384.0,1.90703
47760,1.4622,13458.5,1.90715
47820,1.58779,13526.4,1.90846
47880,1.67505,13523.7,1.90568
47940,1.8353,13404.5,1.90413
48000,1.38274,13428.6,1.905
48060,1.52208,13429.3,1.90782
48120,1.47612,13463.7,1.90708
48180,1.46933,13506.6,1.90654
48240,1.48076,13361.2,1.90593
48300,1.54723,13513.2,1.9059
48360,1.63114,13500.2,1.90718
48420,1.39069,13415.3,1.90384
48480,1.55629,13348.6,1.90426
48540,1.43462,13478.8,1.9045
48600,1.52629,13403.8,1.90488
48660,1.44712,13551.2,1.90422
48720,1.37955,13488.1,1.90303
48780,1.6907,13492.1,1.90512
48840,1.37568,13637.9,1.90576
48900,1.50372,13609.2,1.90805
48960,1.41773,13646.7,1.90471
49020,1.5816,13506.1,1.90786
49080,1.42798,13403.9,1.90792
49140,1.57269,13394.9,1.90759
49200,1.71409,13455.3,1.90496
49260,1.52947,13510.5,1.90619
49320,1.51531,13572.2,1.90949
49380,1.45569,13435.1,1.90816
49440,1.63755,13454.5,1.90622
49500,1.35409,13520.9,1.90676
49560,1.44086,13382.7,1.9066
49620,1.61613,13366.4,1.90517
49680,1.56958,13559.2,1.90484
49740,1.47783,13559.4,1.90587
49800,1.52925,13488.8,1.90529
49860,1.51087,13488.8,1.90443
49920,1.42615,13306.0,1.90513
49980,1.61792,13394.0,1.90316
50040,2.01911,13533.8,1.90552
50100,1.94183,13505.4,1.9063
50160,1.77237,13848.2,1.90506
50220,1.9351,13795.8,1.90804
50280,1.66853,13857.5,1.90684
50340,1.92285,13805.5,1.90652
50400,1.99264,13540.8,1.90835
50460,1.57094,13452.0,1.90501
50520,1.28504,13585.2,1.90344
50580,1.37615,13544.2,1.90681
50640,1.70137,13480.5,1.90635
50700,1.68457,13494.0,1.90462
50760,1.41767,13807.4,1.90496
50820,1.60993,13631.9,1.90643
50880,1.77914,13522.8,1.90445
50940,1.92132,13631.8,1.90362
51000,1.59837,13511.4,1.90907
51060,1.65,13459.7,1.90634
51120,2.19741,13414.3,1.90837
51180,1.69101,13278.7,1.90616
51240,1.97011,13516.8,1.90597
51300,1.74057,13432.8,1.90613
51360,1.77802,13472.0,1.90318
51420,1.90479,13469.3,1.90794
51480,1.80458,13651.5,1.90562
51540,2.18505,13610.9,1.90854
51600,1.81234,13542.4,1.91113
51660,1.69049,13487.0,1.90491
51720,1.81621,13716.0,1.90724
51780,1.78391,13489.9,1.90613
51840,1.90038,13800.5,1.90801
51900,1.75029,13572.0,1.90716
51960,1.98501,13879.6,1.90664
52020,2.04503,13608.1,1.90813
52080,1.70339,13778.5,1.90532
52140,1.75815,13549.1,1.90742
52200,1.65918,13316.0,1.90603
52260,1.67744,13253.8,1.9048
52320,1.69696,13552.6,1.90816
52380,1.90639,13572.0,1.90882
52440,1.93704,13459.2,1.90784
52500,2.06049,13620.6,1.91148
52560,1.66125,13355.8,1.90647
52620,1.65656,13369.7,1.90554
52680,1.79674,13395.0,1.91113
52740,2.18658,13525.3,1.91184
52800,1.81979,13907.2,1.90678
52860,2.32231,13735.6,1.90673
52920,1.97103,13657.8,1.91089
52980,2.0822,13772.9,1.91099
53040,1.95347,13933.8,1.90622
53100,1.82667,13803.0,1.90693
53160,1.57129,13633.4,1.90362
53220,1.87247,14007.5,1.909
53280,2.04565,13844.6,1.90771
53340,1.73144,13836.6,1.9075
53400,1.75836,13962.1,1.90629
53460,2.08718,13850.3,1.9055
53520,1.81655,13867.3,1.90476
53580,2.0204,13861.0,1.9047
53640,2.70883,14148.8,1.90415
53700,2.65281,14079.7,1.90843
53760,2.32631,14334.4,1.90408
53820,2.25841,14003.4,1.90757
53880,2.07923,13950.2,1.90466
53940,2.64983,13693.3,1.90792
54000,2.33219,13959.2,1.90734
54060,2.54443,14074.2,1.90412
54120,2.47392,14366.6,1.90429
54180,2.03315,14100.9,1.90359
54240,1.91904,14111.5,1.90556
54300,2.01531,14040.2,1.90499
54360,2.11156,14091.3,1.90657
54420,2.16579,14081.2,1.90562
54480,2.17113,14430.5,1.906
54540,1.9613,13991.4,1.90449
54600,2.34316,14030.6,1.90493
54660,2.80436,14060.4,1.90464
54720,2.27297,13913.3,1.90591
54780,2.42168,14095.4,1.90407
54840,2.49607,14275.4,1.90538
54900,2.52152,14003.7,1.90769
54960,2.92758,14046.8,1.90702
55020,2.32751,14006.8,1.90626
55080,2.5878,13903.2,1.90838
55140,2.32724,13975.8,1.90867
55200,2.36499,13791.2,1.90579
55260,2.09425,13824.8,1.90432
55320,2.29425,13884.1,1.90388
55380,2.51335,13983.7,1.90661
55440,2.56468,13823.2,1.90946
55500,2.38277,13805.8,1.90355
55560,2.34104,13746.0,1.90629
55620,2.25161,13411.6,1.90634
55680,2.06862,13653.8,1.90864
55740,2.19796,13979.1,1.90799
55800,2.3793,13848.6,1.90775
55860,3.19698,14876.1,1.90984
55920,2.72882,14191.2,1.90492
55980,2.88772,13903.1,1.90571
56040,2.67216,14355.6,1.90629
56100,2.83245,14369.5,1.90438
56160,2.69807,13933.6,1.90148
56220,2.85188,13936.0,1.90624
56280,2.50938,13863.1,1.90273
56340,2.71128,14090.2,1.90415
56400,2.99875,14040.5,1.90304
56460,2.40243,13679.3,1.9026
56520,2.3282,13908.2,1.90232
56580,2.39754,13713.9,1.90075
56640,2.75422,14365.7,1.90164
56700,3.00664,14179.4,1.90268
56760,2.97078,14445.5,1.90646
56820,3.01863,13939.2,1.90668
56880,3.24844,14366.0,1.90357
56940,3.62005,14390.3,1.90813
57000,3.32544,13912.5,1.90878
57060,3.43682,14339.2,1.9064
57120,2.92624,14729.0,1.90157
57180,2.77195,14377.5,1.9049
57240,2.99045,13725.1,1.90349
57300,2.61003,13869.2,1.90209
57360,3.04016,13990.9,1.90696
57420,3.34558,14201.0,1.91115
57480,3.12746,14295.4,1.90721
57540,3.58602,14653.5,1.90929
57600,3.44126,14185.9,1.91486
57660,3.52467,14285.4,1.91538
57720,3.71163,14550.8,1.91127
57780,3.32794,14081.3,1.90977
57840,3.67319,13999.8,1.91204
57900,4.02377,14379.1,1.90985
57960,3.78016,14482.1,1.9071
58020,3.45477,14018.9,1.90687
58080,3.63639,13649.7,1.90678
58140,3.68081,13909.9,1.90825
58200,3.79361,13941.6,1.90834
58260,3.49888,13921.3,1.90642
58320,3.59551,13645.3,1.90586
58380,3.63326,13512.7,1.9071
58440,3.63624,13822.1,1.90844
58500,3.73374,13953.4,1.90791
58560,3.81885,13835.7,1.90784
58620,3.86409,13904.6,1.91087
58680,3.81703,14243.9,1.90747
58740,3.83151,14421.2,1.90564
58800,3.90768,13937.9,1.90666
58860,4.13313,14213.3,1.90556
58920,3.72902,13616.8,1.90613
58980,3.60785,13420.6,1.90624
59040,3.7101,13883.5,1.90609
59100,3.90702,13527.8,1.90548
59160,3.45142,13283.1,1.9059
59220,3.431,13174.5,1.9039
59280,3.48681,13027.5,1.90377
59340,3.6782,13274.9,1.90379
59400,3.70047,14153.9,1.90478
59460,3.46063,13110.0,1.9114
59520,3.66463,13277.6,1.90984
59580,3.88746,13281.4,1.91189
59640,3.94004,13523.7,1.91154
59700,4.19623,13965.6,1.91152
59760,4.21663,14175.0,1.91308
59820,4.49325,14551.1,1.91314
59880,4.38739,14345.5,1.91135
59940,4.56972,14234.3,1.91402
60000,4.70592,14540.8,1.91121
60060,4.68669,14679.2,1.91153
60120,4.74064,14557.1,1.90628
60180,4.48323,14486.8,1.90625
60240,4.47615,14466.3,1.90991
60300,4.5279,14559.6,1.9114
60360,4.7129,14451.8,1.90854
60420,4.56435,14387.8,1.91018
60480,4.47535,14128.4,1.90848
60540,4.26297,13678.9,1.91076
60600,4.12564,13354.7,1.91289
60660,3.87258,13186.2,1.91397
60720,4.09275,13550.4,1.91154
60780,4.14262,13551.0,1.91151
60840,4.32197,13596.0,1.91193
60900,4.02734,13429.7,1.914
60960,4.28097,13699.2,1.91399
61020,4.29009,13904.3,1.91272
61080,4.56793,14155.8,1.91459
61140,4.47172,14443.9,1.91662
61200,4.28172,13783.7,1.91767
61260,4.55689,13904.4,1.91543
61320,4.63912,14281.7,1.92034
61380,4.48036,14589.4,1.91975
61440,4.51155,14389.4,1.9195
61500,4.61672,14787.3,1.9222
61560,4.38939,14205.5,1.92698
61620,4.53472,13670.3,1.93119
61680,4.52483,13747.3,1.93087
61740,4.68486,14074.4,1.93317
61800,4.50619,13803.4,1.93321
61860,4.43898,13885.7,1.93624
61920,4.73734,14349.7,1.94024
61980,4.72221,14126.9,1.94619
62040,4.33673,14456.2,1.9628
62100,4.50536,14229.6,1.97551
62160,4.37847,14546.8,1.99207
62220,4.53305,14510.1,1.98986
62280,4.73215,14109.5,1.98906
62340,4.48963,14105.0,1.98889
62400,4.37685,14059.6,1.99678
62460,4.60537,14118.0,1.99441
62520,4.43331,14103.8,1.99266
62580,4.91561,14640.2,1.99222
62640,4.89531,14810.9,1.96926
62700,4.72417,14571.8,1.96758
62760,4.58429,14650.9,1.96958
62820,4.60731,14989.7,1.97357
62880,4.60378,14532.3,1.99096
62940,4.57967,13977.4,1.99554
63000,4.56398,13941.2,1.99128
63060,4.86076,14315.8,1.99305
63120,4.88233,14450.5,1.98855
63180,5.0621,14984.7,1.98989
63240,5.2303,14716.6,1.98723
63300,4.98955,14497.0,1.98436
63360,4.96816,14872.7,1.98347
63420,4.8497,15013.9,1.9813
63480,4.66639,14956.4,1.98331
63540,4.88267,15461.4,1.98297
63600,4.79211,14878.2,1.98362
63660,4.8867,14285.4,1.98729
63720,5.08746,14786.2,1.99359
63780,4.85788,14458.9,1.99655
63840,5.12995,14986.3,1.99486
63900,6.46195,14912.5,2.14851
63960,5.1717,15396.0,2.00658
64020,4.96235,14993.2,2.00884
64080,5.04184,15337.8,2.01042
64140,4.71947,14467.2,2.01424
64200,4.97582,14898.4,2.0176
64260,5.03702,14497.2,2.01681
64320,4.98417,14982.6,2.01749
64380,5.07922,15271.5,2.01887
64440,4.98239,14193.7,2.01984
64500,4.70382,14025.5,2.02041
64560,4.91313,13884.6,2.02833
64620,4.24632,13705.4,2.01982
64680,4.34345,14159.8,2.01736
64740,4.41448,15031.9,2.02335
