CampaignData_and_Merges/R0/CSL_MobileLab_Parked/raw/20240806/USOS-NOAAIodideCIMS-PANs_MobileLabGround_20240806_RA.ict
35, 1001
Michael A Robinson, Chris Jernigan, Subi Thakali
NOAA ESRL Chemical Sciences Laboratory and CIRES, U. of Colorado
NOAA Iodide CIMS Instrument
USOS
1, 1
2024, 08, 06, 2024, 08, 06
1
starttime_UTC, seconds_past_midnight, seconds_of_day_since_00:00:00_UTC
3
1, 1, 1
-9999, -9999, -9999
PAN_NOAACIMS, pptv, Gas_PAN_InSitu_S_AVMR, 
APAN_NOAACIMS, pptv, Gas_APAN_InSitu_S_AVMR, 
PPN_NOAACIMS, pptv, Gas_PPN_InSitu_S_AVMR, 
0
18
PI_CONTACT_INFO: 325 Broadway, R/CSD 7, Boulder, Colorado 80305; michael.a.robinson@noaa.gov; chris.jernigan@noaa.gov;
PLATFORM: NOAA CSL Mobile Lab
LOCATION: SLC, Utah
ASSOCIATED_DATA: 1Hz data also available on request.
INSTRUMENT_INFO: NOAA I- ToF CIMS
DATA_INFO: All data in parts per trillion by volume (pptv). 1 Hz data is available upon request.
UNCERTAINTY: TBD
ULOD_FLAG: -7777
ULOD_VALUE: N/A
LLOD_FLAG: -8888
LLOD_VALUE: N/A
DM_CONTACT_INFO: Nathan Howard; nathan.h.howard@noaa.gov
PROJECT_INFO: USOS, summer 2024. https://csl.noaa.gov/groups/csl7/measurements/2024usos/
STIPULATIONS_ON_USE: Users are strongly encouraged to contact the PI for proper data usage.
OTHER_COMMENTS: 
REVISION: RA
RA: Preliminary Data; For in-field use only
starttime_UTC, PAN_NOAACIMS, APAN_NOAACIMS, PPN_NOAACIMS
[from data line 1304]
 78240, 577.016, -0.308, 93.303
 78300, 576.324, -1.243, 90.859
 78360, 592.691, -1.804, 101.732
 78420, 588.769,  1.977, 94.877
 78480, 570.655, -0.601, 90.076
 78540, 574.709, -1.411, 92.089
 78600, 617.092, -1.598, 102.862
 78660, 593.308, -1.503, 100.425
 78720, 627.771, -1.472, 103.767
 78780, 637.526, -1.150, 102.459
 78840, 667.034, -1.294, 115.157
 78900, 638.733, -1.455, 110.397
 78960, 637.398, -1.021, 103.187
 79020, 629.723, -1.355, 108.409
 79080, 650.071, -1.226, 117.647
 79140, 590.930, -0.626, 103.228
 79200, 579.280, -1.566, 100.803
 79260, 597.772, -1.408, 101.981
 79320, 582.224, -2.216, 93.783
 79380, 577.068, -1.477, 93.223
 79440, 633.053, -1.520, 80.900
 79500, 589.365, -2.085, 83.463
 79560, 604.274, -1.736, 86.655
 79620, 598.401, -1.490, 93.080
 79680, 634.039, -2.207, 99.042
 79740, 611.450, -1.998, 94.488
 79800, 597.702, -1.177, 92.489
 79860, 543.590, -1.915, 77.074
 79920, 563.080, -1.366, 79.661
 79980, 532.129, -1.825, 70.991
 80040, 547.745, -2.531, 68.808
 80100, 512.143, -2.491, 54.705
 80160, 551.146, -1.980, 64.014
 80220, 552.041, -0.329, 78.321
 80280, 586.970, -2.715, 67.750
 80340, 573.620, -1.493, 70.965
 80400, 581.378, -1.737, 76.399
 80460, 607.073, -0.291, 76.689
 80520, 665.022, -1.353, 87.502
 80580, 602.100,  0.207, 75.798
 80640, 564.592, -1.070, 67.734
 80700, 535.890, -0.894, 64.726
 80760, 561.307, -0.848, 68.360
 80820, 539.850, -1.109, 67.265
 80880, 485.146, -1.365, 69.638
 80940, 450.959, -1.884, 48.626
 81000, 418.294,  0.463, 48.443
 81060, 398.867, -1.782, 45.189
 81120, 418.973, -1.209, 44.827
 81180, 435.412,  0.206, 51.132
 81240, 452.987, -1.304, 55.405
 81300, 455.104, -0.840, 47.606
 81360, 466.771, -0.728, 58.032
 81420, 539.095, -1.275, 63.686
 81480, 581.222, -1.113, 68.801
 81540, 531.693, -0.232, 66.659
 81600, 462.685,  1.138, 58.511
 81660, 457.039, -1.455, 50.073
 81720, 438.980, -0.186, 54.162
 81780, 417.226, -1.161, 51.841
 81840, 407.658, -1.167, 54.756
 81900, 418.434,  0.474, 57.832
 81960, 418.796, -1.002, 50.318
 82020, 426.463, -0.631, 52.998
 82080, 483.263, -0.126, 49.808
 82140, 505.693,  0.780, 64.881
 82200, 473.356, -0.687, 56.841
 82260, 442.841, -0.210, 49.716
 82320, 435.231, -0.744, 51.067
 82380, 428.254,  0.319, 57.839
 82440, 438.382, -0.715, 50.062
 82500, 427.081,  0.908, 57.185
 82560, 397.987, -0.419, 46.894
 82620, 368.445, -0.876, 42.648
 82680, 359.591,  0.691, 41.867
 82740, 405.391, -0.222, 47.060
 82800, 368.799, -0.551, 39.324
 82860, 350.863,  0.367, 38.709
 82920, 393.801, -0.954, 42.145
 82980, 411.716,  0.686, 51.518
 83040, 393.173,  0.864, 47.568
 83100, 317.129,  0.105, 37.285
 83160, 306.054,  0.812, 37.669
 83220, 304.933,  0.518, 33.166
 83280, 293.594, -0.178, 40.087
 83340, 298.083,  1.519, 33.947
 83400, 291.316,  0.458, 35.979
 83460, 325.437,  0.750, 38.300
 83520, 331.970,  0.423, 40.593
 83580, 323.316,  2.055, 39.978
 83640, 311.837,  0.991, 31.655
 83700, 301.870,  0.736, 37.021
 83760, 323.923,  0.953, 39.422
 83820, 303.684,  1.240, 40.912
 83880, 276.542,  0.807, 31.653
 83940, -9999.000, -9999.000, -9999.000
 84000, 362.646, -0.197, 49.286
 84060, 316.979,  2.286, 40.029
 84120, 293.767,  0.364, 38.814
 84180, 317.692,  2.260, 36.115
 84240, 325.727,  0.597, 41.846
 84300, 335.135,  0.932, 43.900
 84360, 375.743,  0.686, 42.383
 84420, 413.285,  1.220, 44.973
 84480, 393.070,  1.251, 41.469
 84540, 413.965,  2.276, 44.037
 84600, 352.435,  2.220, 42.314
 84660, 275.287,  0.768, 35.916
 84720, 266.496,  1.318, 35.643
 84780, 245.688,  0.965, 27.059
 84840, 225.968,  0.720, 29.358
 84900, 221.920,  1.987, 28.940
 84960, 235.182,  2.797, 27.440
 85020, 235.483,  0.582, 26.635
 85080, 249.891,  1.326, 26.750
 85140, 249.255,  0.135, 27.674
 85200, 262.131,  0.968, 30.071
 85260, 269.627,  1.233, 33.043
 85320, 257.834,  1.507, 27.900
 85380, 248.827,  0.370, 33.122
 85440, 257.823,  1.640, 29.624
 85500, 244.323,  1.128, 21.379
 85560, 214.560,  1.718, 29.317
 85620, 210.792,  1.258, 28.348
 85680, 213.514,  1.061, 22.945
 85740, 192.410,  0.801, 24.309
 85800, -9999.000, -9999.000, -9999.000
 85860, 190.023,  1.647, 24.363
 85920, 186.579,  0.818, 22.952
 85980, 193.375,  0.745, 21.598
 86040, 190.851,  1.008, 21.217
 86100, 194.917,  1.142, 21.166
 86160, 202.430,  1.637, 27.945
 86220, 205.317,  1.561, 28.554
 86280, 208.518,  2.634, 26.298
 86340, 207.352,  0.700, 25.083
