CampaignData_and_Merges/R0/CSL_MobileLab_Parked/raw/20240806/USOS-jNO2_MobileLabGround_20240806_R0.ict
52,1001
Waxman, E.; Rollins, A.; Zuraski, K.; Chace, W.
NOAA Chemical Sciences Laboratory
jNO2 filter radiometer on CSL Mobile Lab
AMMBEC / USOS
1, 1
2024,08,06, 2025,04,01
60
Time_Start, seconds, number_of_seconds_since_0000_UTC
20
1, 1, 1, 1, 1, 1, 1, 1, 1, 1, 1, 1, 1, 1, 1, 1, 1, 1, 1, 1
-9999, -9999, -9999, -9999, -9999, -9999, -9999, -9999, -9999, -9999, -9999, -9999, -9999, -9999, -9999, -9999, -9999, -9999, -9999, -9999
Time_Stop, seconds, number_of_seconds_since_0000_UTC
jNO2_meas, per second, photolysis rate of NO2 measured using a filter radiometer.
jBrCl, per second, photolysis rate of BrCl -> Br + Cl calculated in TUV for cloud-free sky with local AOD
jBr2, per second, photolysis rate of Br2 -> Br + Br calculated in TUV for cloud-free sky with local AOD
jCCl4, per second, photolysis rate of CCl4 -> Products calcualted in TUV for cloud-free sky with local AOD
jCH2Oa, per second, photolysis rate of CH2O -> H + HCO calculated in TUV for cloud-free sky with local AOD
jCH2Ob, per second, photolysis rate of CH2O -> H2 + CO calculated in TUV for cloud-free sky with local AOD
jClNO2, per second, photolysis rate of ClNO2 -> Cl + NO2 calculated in TUV for cloud-free sky with local AOD
jClOa, per second, photolysis rate of ClO -> Cl + O(1D) calculated in TUV for cloud-free sky with local AOD
jClOb, per second, photolysis rate of ClO -> Cl + O(3P) calculated in TUV for cloud-free sky with local AOD
jCl2, per second, photolysis rate of Cl2 -> Cl + Cl calculated in TUV for cloud-free sky with local AOD
jHNO2, per second, photolysis rate of HNO2 -> OH + NO calculated in TUV for cloud-free sky with local AOD
jHNO3, per second, photolysis rate of HNO3 -> OH + NO2 calculated in TUV for cloud-free sky with local AOD
jI2, per second, photolysis rate of I2 -> I + I calculated in TUV for cloud-free sky with local AOD
jNO2, per second, photolysis rate of NO2 -> NO + O(3P) calculated in TUV for cloud-free sky with local AOD
jNO3a, per second, photolysis rate of NO3 -> NO + O2 calculated in TUV for cloud-free sky with local AOD
jNO3b, per second, photolysis rate of NO3 -> NO2 + O(3P) calculated in TUV for cloud-free sky with local AOD
jN2O5, per second, photolysis rate of N2O5 -> NO3 + NO + O(3P) calculated in TUV for cloud-free sky with local AOD
jO3, per second, photolysis rate of O3 -> O2 + O(1D) calculated in TUV for cloud-free sky with local AOD
AOD_500nm, unitless, UTC daily mean AOD at 500 nm from an AERONET station located at 40.178 N, -112.452 E
0
18
PI_CONTACT_INFO: eleanor.waxman@noaa.gov
PLATFORM: CSL Mobile Lab, at ground site
LOCATION: Salt Lake City, UT
ASSOCIATED_DATA:
INSTRUMENT_INFO: jNO2 filter radiometer.  TUV calculations are for mobile van lat/lon/altitude assuming clear sky (cloud AOD = 0) and daily mean AOD.
DATA_INFO:
UNCERTAINTY: Data uncertainties are +/- 20%.  These come from uncertainties in radiometer angular response, radiometer thermal response, local interferences from clouds/aerosols/shadows etc.
ULOD_FLAG: -7777
ULOD_VALUE: N/A
LLOD_FLAG: -8888
LLOD_VALUE: N/A
DM_CONTACT_INFO: eleanor.waxman@noaa.gov
PROJECT_INFO: USOS Project, July - August 2024
STIPULATIONS_ON_USE: Users are strongly encouraged to contact the PI for proper data usage.
OTHER_COMMENTS: 
REVISION: R0
R0: final data
Time_Start, Time_Stop, jNO2_meas, jBrCl, jBr2, jCCl4, jCH2Oa, jCH2Ob, jClNO2, jClOa, jClOb, jCl2, jHNO2, jHNO3, jI2, jNO2, jNO3a, jNO3b, jN2O5, jO3, AOD_500nm
[from data line 722]
   43320,   43380,-9999,2.253e-06,6.386e-06,1.173e-28,2.111e-09,6.288e-09,6.68e-08,4.648e-29,8.957e-10,4.027e-07,3.026e-07,2.519e-11,1.627e-05,1.904e-06,1.665e-06,1.955e-05,5.127e-09,6.28e-10,0.086
   43380,   43440,-9999,2.824e-06,8.037e-06,1.565e-28,2.647e-09,7.85e-09,8.342e-08,6.208e-29,1.141e-09,5.03e-07,3.775e-07,3.171e-11,2.062e-05,2.379e-06,2.152e-06,2.487e-05,6.406e-09,7.98e-10,0.086
   43440,   43500,5.7174e-07,3.463e-06,9.911e-06,1.997e-28,3.228e-09,9.552e-09,1.016e-07,7.925e-29,1.404e-09,6.132e-07,4.602e-07,3.875e-11,2.57e-05,2.903e-06,2.743e-06,3.115e-05,7.804e-09,9.804e-10,0.086
   43500,   43560,-9999,4.257e-06,1.225e-05,2.567e-28,3.936e-09,1.163e-08,1.239e-07,1.02e-28,1.732e-09,7.489e-07,5.62e-07,4.739e-11,3.206e-05,3.551e-06,3.507e-06,3.907e-05,9.52e-09,1.208e-09,0.086
   43560,   43620,-9999,5.199e-06,1.506e-05,3.214e-28,4.74e-09,1.403e-08,1.497e-07,1.277e-28,2.097e-09,9.069e-07,6.805e-07,5.718e-11,3.993e-05,4.31e-06,4.489e-06,4.898e-05,1.15e-08,1.462e-09,0.086
   43620,   43680,-9999,6.445e-06,1.879e-05,4.098e-28,5.775e-09,1.714e-08,1.834e-07,1.63e-28,2.574e-09,1.114e-06,8.357e-07,6.983e-11,5.046e-05,5.307e-06,5.867e-06,6.238e-05,1.408e-08,1.794e-09,0.086
   43680,   43740,-9999,7.723e-06,2.269e-05,4.966e-28,6.797e-09,2.024e-08,2.172e-07,1.976e-28,3.033e-09,1.322e-06,9.923e-07,8.226e-11,6.179e-05,6.315e-06,7.424e-06,7.704e-05,1.666e-08,2.116e-09,0.086
   43740,   43800,2.0008e-06,9.406e-06,2.786e-05,6.072e-28,8.09e-09,2.424e-08,2.608e-07,2.418e-28,3.606e-09,1.593e-06,1.196e-06,9.796e-11,7.71e-05,7.631e-06,9.637e-06,9.712e-05,1.999e-08,2.519e-09,0.086
   43800,   43860,1.7247e-06,1.156e-05,3.453e-05,7.51e-28,9.708e-09,2.928e-08,3.16e-07,2.993e-28,4.325e-09,1.938e-06,1.455e-06,1.177e-10,9.71e-05,9.31e-06,1.265e-05,0.0001237,2.421e-08,3.026e-09,0.086
   43860,   43920,4.4366e-06,1.375e-05,4.139e-05,8.879e-28,1.129e-08,3.426e-08,3.708e-07,3.539e-28,5.001e-09,2.281e-06,1.713e-06,1.367e-10,0.0001183,1.099e-05,1.592e-05,0.0001522,2.838e-08,3.507e-09,0.086
   43920,   43980,7.0181e-06,1.647e-05,5.001e-05,1.052e-27,1.32e-08,4.034e-08,4.379e-07,4.194e-28,5.801e-09,2.703e-06,2.03e-06,1.597e-10,0.0001455,1.306e-05,2.018e-05,0.0001891,3.348e-08,4.079e-09,0.086
   43980,   44040,6.4504e-06,1.969e-05,6.029e-05,1.238e-27,1.539e-08,4.741e-08,5.16e-07,4.939e-28,6.701e-09,3.197e-06,2.401e-06,1.86e-10,0.0001786,1.548e-05,2.543e-05,0.0002343,3.942e-08,4.726e-09,0.086
   44040,   44100,1.0344e-05,2.325e-05,7.175e-05,1.437e-27,1.776e-08,5.51e-08,6.012e-07,5.73e-28,7.65e-09,3.737e-06,2.807e-06,2.142e-10,0.000216,1.814e-05,3.142e-05,0.0002857,4.588e-08,5.412e-09,0.086
   44100,   44160,1.2159e-05,2.758e-05,8.583e-05,1.667e-27,2.058e-08,6.432e-08,7.034e-07,6.651e-28,8.751e-09,4.387e-06,3.295e-06,2.476e-10,0.0002627,2.134e-05,3.893e-05,0.0003502,5.363e-08,6.212e-09,0.086
   44160,   44220,9.5967e-06,3.261e-05,0.0001023,1.924e-27,2.38e-08,7.489e-08,8.208e-07,7.673e-28,9.975e-09,5.136e-06,3.857e-06,2.855e-10,0.0003181,2.504e-05,4.788e-05,0.0004271,6.253e-08,7.107e-09,0.086
   44220,   44280,1.4737e-05,3.819e-05,0.0001207,2.195e-27,2.73e-08,8.645e-08,9.494e-07,8.757e-28,1.128e-08,5.958e-06,4.473e-06,3.265e-10,0.0003803,2.91e-05,5.792e-05,0.0005136,7.226e-08,8.063e-09,0.086
   44280,   44340,1.5216e-05,4.502e-05,0.0001433,2.512e-27,3.152e-08,1.005e-07,1.105e-06,1.002e-27,1.281e-08,6.958e-06,5.223e-06,3.758e-10,0.0004575,3.405e-05,7.035e-05,0.0006212,8.407e-08,9.194e-09,0.086
   44340,   44400,1.6909e-05,5.121e-05,0.0001643,2.777e-27,3.532e-08,1.13e-07,1.244e-06,1.107e-27,1.412e-08,7.851e-06,5.887e-06,4.195e-10,0.0005315,3.845e-05,8.24e-05,0.0007254,9.459e-08,1.017e-08,0.086
   44400,   44460,2.0311e-05,5.881e-05,0.0001897,3.101e-27,3.995e-08,1.284e-07,1.415e-06,1.236e-27,1.572e-08,8.949e-06,6.706e-06,4.729e-10,0.0006204,4.389e-05,9.679e-05,0.0008502,1.075e-07,1.136e-08,0.086
   44460,   44520,2.541e-05,6.871e-05,0.0002229,3.503e-27,4.592e-08,1.483e-07,1.637e-06,1.396e-27,1.775e-08,1.038e-05,7.772e-06,5.414e-10,0.0007352,5.096e-05,0.0001152,0.001011,1.243e-07,1.288e-08,0.086
   44520,   44580,3.3594e-05,7.682e-05,0.0002507,3.805e-27,5.085e-08,1.644e-07,1.815e-06,1.516e-27,1.932e-08,1.153e-05,8.623e-06,5.97e-10,0.0008358,5.664e-05,0.0001316,0.001154,1.378e-07,1.407e-08,0.086
   44580,   44640,3.5637e-05,8.836e-05,0.0002895,4.236e-27,5.777e-08,1.874e-07,2.072e-06,1.687e-27,2.159e-08,1.318e-05,9.858e-06,6.758e-10,0.000971,6.486e-05,0.0001533,0.001344,1.572e-07,1.577e-08,0.086
   44640,   44700,3.8634e-05,9.802e-05,0.0003227,4.566e-27,6.367e-08,2.066e-07,2.283e-06,1.817e-27,2.34e-08,1.454e-05,1.087e-05,7.416e-10,0.001092,7.159e-05,0.0001731,0.001517,1.732e-07,1.715e-08,0.086
   44700,   44760,4.4954e-05,0.0001118,0.0003693,5.028e-27,7.197e-08,2.34e-07,2.587e-06,2e-27,2.598e-08,1.651e-05,1.233e-05,8.349e-10,0.001256,8.133e-05,0.0001992,0.001749,1.962e-07,1.911e-08,0.086
   44760,   44820,4.9265e-05,0.000124,0.0004108,5.426e-27,7.947e-08,2.584e-07,2.857e-06,2.158e-27,2.826e-08,1.824e-05,1.361e-05,9.184e-10,0.001406,8.99e-05,0.0002241,0.001964,2.166e-07,2.084e-08,0.086
   44820,   44880,5.4657e-05,0.0001364,0.0004538,5.805e-27,8.727e-08,2.834e-07,3.131e-06,2.307e-27,3.055e-08,2.001e-05,1.491e-05,1.004e-09,0.001563,9.862e-05,0.0002497,0.002189,2.374e-07,2.259e-08,0.086
   44880,   44940,6.0105e-05,0.0001508,0.0005029,6.229e-27,9.63e-08,3.124e-07,3.449e-06,2.474e-27,3.319e-08,2.205e-05,1.642e-05,1.104e-09,0.00174,0.0001087,0.0002783,0.002442,2.616e-07,2.46e-08,0.086
   44940,   45000,6.9471e-05,0.0001663,0.0005553,6.677e-27,1.061e-07,3.437e-07,3.794e-06,2.65e-27,3.604e-08,2.426e-05,1.806e-05,1.211e-09,0.001928,0.0001196,0.0003087,0.002711,2.877e-07,2.677e-08,0.086
   45000,   45060,7.7644e-05,0.000185,0.0006186,7.21e-27,1.181e-07,3.821e-07,4.216e-06,2.859e-27,3.951e-08,2.696e-05,2.006e-05,1.343e-09,0.002154,0.0001329,0.0003454,0.003035,3.197e-07,2.943e-08,0.086
   45060,   45120,8.1354e-05,0.0002057,0.0006911,8.795e-27,1.314e-07,4.246e-07,4.681e-06,3.128e-27,4.332e-08,2.993e-05,2.226e-05,1.488e-09,0.002453,0.0001476,0.0004354,0.003549,3.549e-07,3.235e-08,0.086
   45120,   45180,9.1277e-05,0.0002229,0.0007514,9.128e-27,1.427e-07,4.598e-07,5.063e-06,3.294e-27,4.647e-08,3.237e-05,2.405e-05,1.611e-09,0.0027,0.0001595,0.0004994,0.003957,3.84e-07,3.476e-08,0.086
   45180,   45240,0.00010234,0.0002423,0.0008206,9.525e-27,1.556e-07,4.997e-07,5.495e-06,3.476e-27,5.006e-08,3.512e-05,2.607e-05,1.75e-09,0.002997,0.000173,0.0005821,0.004463,4.169e-07,3.749e-08,0.086
   45240,   45300,0.0001119,0.0002629,0.0008954,9.937e-27,1.695e-07,5.42e-07,5.953e-06,3.663e-27,5.387e-08,3.803e-05,2.82e-05,1.899e-09,0.003332,0.0001872,0.0006809,0.005051,4.518e-07,4.04e-08,0.086
   45300,   45360,0.00012222,0.0002835,0.0009714,1.034e-26,1.833e-07,5.839e-07,6.405e-06,3.842e-27,5.766e-08,4.091e-05,3.029e-05,2.048e-09,0.003687,0.0002011,0.0007888,0.005685,4.862e-07,4.329e-08,0.086
   45360,   45420,0.00012965,0.0003067,0.001058,1.08e-26,1.989e-07,6.306e-07,6.907e-06,4.035e-27,6.192e-08,4.41e-05,3.262e-05,2.214e-09,0.004109,0.0002166,0.0009188,0.006447,5.246e-07,4.652e-08,0.086
   45420,   45480,0.00014621,0.0003311,0.001152,1.126e-26,2.153e-07,6.793e-07,7.43e-06,4.229e-27,6.639e-08,4.742e-05,3.502e-05,2.39e-09,0.004577,0.0002327,0.001063,0.007296,5.645e-07,4.991e-08,0.086
   45480,   45540,0.00015057,0.0003554,0.001247,1.172e-26,2.316e-07,7.273e-07,7.944e-06,4.414e-27,7.084e-08,5.069e-05,3.738e-05,2.564e-09,0.005064,0.0002484,0.001212,0.008179,6.038e-07,5.326e-08,0.086
   45540,   45600,0.00016558,0.0003827,0.001355,1.221e-26,2.498e-07,7.804e-07,8.511e-06,4.612e-27,7.581e-08,5.43e-05,3.997e-05,2.758e-09,0.005628,0.0002657,0.001381,0.009201,6.473e-07,5.7e-08,0.086
   45600,   45660,0.000179,0.0004116,0.001471,1.27e-26,2.69e-07,8.356e-07,9.1e-06,4.811e-27,8.104e-08,5.805e-05,4.266e-05,2.962e-09,0.00624,0.0002836,0.001562,0.0103,6.924e-07,6.091e-08,0.086
   45660,   45720,0.00019041,0.0004402,0.001587,1.318e-26,2.879e-07,8.895e-07,9.673e-06,5e-27,8.621e-08,6.171e-05,4.526e-05,3.162e-09,0.006859,0.0003011,0.001742,0.01142,7.365e-07,6.476e-08,0.086
   45720,   45780,0.00020385,0.0004722,0.001718,1.369e-26,3.089e-07,9.488e-07,1.03e-05,5.201e-27,9.198e-08,6.575e-05,4.812e-05,3.385e-09,0.007561,0.0003202,0.001941,0.01267,7.849e-07,6.904e-08,0.086
   45780,   45840,0.00021914,0.0005057,0.001857,1.42e-26,3.307e-07,1.01e-06,1.095e-05,5.402e-27,9.802e-08,6.992e-05,5.105e-05,3.618e-09,0.008302,0.00034,0.002147,0.01398,8.349e-07,7.349e-08,0.086
   45840,   45900,0.00023659,0.0005389,0.001996,1.47e-26,3.523e-07,1.07e-06,1.159e-05,5.592e-27,1.04e-07,7.4e-05,5.391e-05,3.847e-09,0.00904,0.0003593,0.002348,0.01527,8.838e-07,7.788e-08,0.086
   45900,   45960,0.00025237,0.0005759,0.002151,1.522e-26,3.761e-07,1.135e-06,1.228e-05,5.796e-27,1.107e-07,7.848e-05,5.703e-05,4.1e-09,0.009861,0.0003805,0.002567,0.01671,9.374e-07,8.274e-08,0.086
   45960,   46020,0.00026604,0.0006146,0.002313,1.575e-26,4.009e-07,1.203e-06,1.3e-05,5.999e-27,1.177e-07,8.311e-05,6.025e-05,4.364e-09,0.01072,0.0004025,0.00279,0.01819,9.928e-07,8.78e-08,0.086
   46020,   46080,0.00028494,0.0006526,0.002473,1.626e-26,4.252e-07,1.268e-06,1.369e-05,6.192e-27,1.245e-07,8.762e-05,6.337e-05,4.623e-09,0.01155,0.0004239,0.003004,0.01963,1.047e-06,9.277e-08,0.086
   46080,   46140,0.00030421,0.0006945,0.002649,1.679e-26,4.519e-07,1.339e-06,1.445e-05,6.396e-27,1.322e-07,9.255e-05,6.676e-05,4.908e-09,0.01246,0.0004473,0.003234,0.02119,1.105e-06,9.824e-08,0.086
   46140,   46200,0.00031751,0.0007382,0.002833,1.733e-26,4.798e-07,1.413e-06,1.524e-05,6.602e-27,1.402e-07,9.766e-05,7.027e-05,5.205e-09,0.01341,0.0004716,0.003467,0.02279,1.166e-06,1.04e-07,0.086
   46200,   46260,0.00033528,0.0007808,0.003012,1.784e-26,5.069e-07,1.484e-06,1.6e-05,6.796e-27,1.481e-07,0.0001026,7.368e-05,5.495e-09,0.01431,0.0004952,0.003688,0.02433,1.225e-06,1.096e-07,0.086
   46260,   46320,0.000357,0.0008277,0.003208,1.839e-26,5.368e-07,1.562e-06,1.683e-05,7.002e-27,1.569e-07,0.000108,7.74e-05,5.815e-09,0.0153,0.0005212,0.003923,0.02598,1.29e-06,1.157e-07,0.086
   46320,   46380,0.00037773,0.0008762,0.00341,1.894e-26,5.677e-07,1.642e-06,1.768e-05,7.21e-27,1.661e-07,0.0001136,8.123e-05,6.147e-09,0.0163,0.0005481,0.00416,0.02766,1.356e-06,1.222e-07,0.086
   46380,   46440,0.00039946,0.0009232,0.003605,1.945e-26,5.978e-07,1.72e-06,1.851e-05,7.405e-27,1.752e-07,0.0001191,8.494e-05,6.471e-09,0.01726,0.0005742,0.004382,0.02925,1.421e-06,1.285e-07,0.086
   46440,   46500,0.00041722,0.0009744,0.003816,2e-26,6.308e-07,1.804e-06,1.941e-05,7.613e-27,1.852e-07,0.000125,8.898e-05,6.825e-09,0.01828,0.0006027,0.004618,0.03095,1.491e-06,1.354e-07,0.086
   46500,   46560,0.00043936,0.001027,0.004033,2.057e-26,6.649e-07,1.89e-06,2.035e-05,7.822e-27,1.957e-07,0.0001311,9.316e-05,7.195e-09,0.01932,0.0006323,0.004853,0.03266,1.563e-06,1.426e-07,0.086
   46560,   46620,0.00045391,0.001078,0.004241,2.109e-26,6.981e-07,1.974e-06,2.125e-05,8.02e-27,2.061e-07,0.000137,9.72e-05,7.554e-09,0.02031,0.0006609,0.005074,0.03428,1.634e-06,1.496e-07,0.086
   46620,   46680,0.00047443,0.001133,0.004465,2.166e-26,7.345e-07,2.065e-06,2.223e-05,8.23e-27,2.175e-07,0.0001434,0.0001016,7.949e-09,0.02136,0.0006923,0.005307,0.036,1.71e-06,1.574e-07,0.086
   46680,   46740,0.00049617,0.00119,0.004693,2.222e-26,7.721e-07,2.159e-06,2.324e-05,8.441e-27,2.295e-07,0.00015,0.0001062,8.358e-09,0.02242,0.0007247,0.005539,0.03772,1.789e-06,1.655e-07,0.086
   46740,   46800,0.00050961,0.001244,0.004911,2.275e-26,8.086e-07,2.249e-06,2.422e-05,8.641e-27,2.412e-07,0.0001564,0.0001105,8.756e-09,0.02341,0.0007559,0.005755,0.03934,1.865e-06,1.733e-07,0.086
   46800,   46860,0.00052786,0.001303,0.005144,2.333e-26,8.484e-07,2.347e-06,2.528e-05,8.853e-27,2.542e-07,0.0001633,0.0001153,9.191e-09,0.02447,0.00079,0.005981,0.04105,1.948e-06,1.82e-07,0.086
   46860,   46920,0.0005468,0.001363,0.00538,2.391e-26,8.895e-07,2.448e-06,2.638e-05,9.067e-27,2.678e-07,0.0001704,0.0001202,9.642e-09,0.02553,0.000825,0.006207,0.04275,2.034e-06,1.91e-07,0.086
   46920,   46980,0.00056902,0.00142,0.005604,2.445e-26,9.294e-07,2.545e-06,2.744e-05,9.269e-27,2.811e-07,0.0001773,0.000125,1.008e-08,0.02652,0.0008588,0.006416,0.04435,2.116e-06,1.998e-07,0.086
   46980,   47040,0.0005876,0.001481,0.005844,2.503e-26,9.73e-07,2.651e-06,2.859e-05,9.484e-27,2.958e-07,0.0001847,0.0001302,1.056e-08,0.02758,0.0008956,0.006636,0.04604,2.206e-06,2.095e-07,0.086
   47040,   47100,0.00060668,0.001544,0.006085,2.562e-26,1.018e-06,2.76e-06,2.977e-05,9.701e-27,3.112e-07,0.0001924,0.0001354,1.106e-08,0.02863,0.0009333,0.006854,0.04771,2.298e-06,2.195e-07,0.086
   47100,   47160,0.00062984,0.001603,0.006312,2.617e-26,1.061e-06,2.864e-06,3.09e-05,9.905e-27,3.261e-07,0.0001996,0.0001405,1.154e-08,0.0296,0.0009694,0.007055,0.04927,2.387e-06,2.293e-07,0.086
   47160,   47220,0.00065192,0.001667,0.006555,2.677e-26,1.109e-06,2.978e-06,3.214e-05,1.012e-26,3.428e-07,0.0002076,0.0001461,1.207e-08,0.03064,0.001009,0.007267,0.05092,2.484e-06,2.4e-07,0.086
   47220,   47280,0.00067368,0.001731,0.006799,2.736e-26,1.158e-06,3.094e-06,3.34e-05,1.034e-26,3.601e-07,0.0002157,0.0001517,1.261e-08,0.03167,0.001049,0.007476,0.05255,2.583e-06,2.512e-07,0.086
   47280,   47340,0.00069869,0.001792,0.007029,2.793e-26,1.205e-06,3.206e-06,3.462e-05,1.055e-26,3.771e-07,0.0002234,0.0001572,1.314e-08,0.03263,0.001087,0.007669,0.05407,2.678e-06,2.621e-07,0.086
   47340,   47400,0.00072362,0.001858,0.007273,2.853e-26,1.257e-06,3.328e-06,3.594e-05,1.077e-26,3.958e-07,0.0002318,0.0001631,1.372e-08,0.03364,0.001129,0.007872,0.05566,2.782e-06,2.741e-07,0.086
   47400,   47460,0.00074947,0.001924,0.007517,2.914e-26,1.31e-06,3.453e-06,3.729e-05,1.1e-26,4.153e-07,0.0002404,0.0001691,1.432e-08,0.03465,0.001171,0.008072,0.05724,2.888e-06,2.865e-07,0.086
   47460,   47520,0.00077702,0.001986,0.007746,2.971e-26,1.361e-06,3.572e-06,3.859e-05,1.121e-26,4.343e-07,0.0002485,0.0001748,1.49e-08,0.03558,0.001211,0.008256,0.05871,2.989e-06,2.986e-07,0.086
   47520,   47580,0.00080422,0.002053,0.007989,3.033e-26,1.417e-06,3.702e-06,4e-05,1.143e-26,4.553e-07,0.0002573,0.0001811,1.553e-08,0.03656,0.001255,0.00845,0.06025,3.099e-06,3.119e-07,0.086
   47580,   47640,0.00083397,0.00212,0.008232,3.096e-26,1.474e-06,3.835e-06,4.143e-05,1.166e-26,4.771e-07,0.0002663,0.0001874,1.618e-08,0.03754,0.001299,0.00864,0.06177,3.212e-06,3.257e-07,0.086
   47640,   47700,0.00085762,0.002183,0.00846,3.155e-26,1.529e-06,3.963e-06,4.281e-05,1.188e-26,4.985e-07,0.0002749,0.0001935,1.681e-08,0.03844,0.001341,0.008816,0.06318,3.32e-06,3.391e-07,0.086
   47700,   47760,0.00088999,0.00225,0.008701,3.218e-26,1.59e-06,4.101e-06,4.43e-05,1.211e-26,5.22e-07,0.0002841,0.0002,1.75e-08,0.03939,0.001386,0.009001,0.06467,3.437e-06,3.538e-07,0.086
   47760,   47820,0.00092835,0.002318,0.00894,3.281e-26,1.651e-06,4.242e-06,4.581e-05,1.234e-26,5.464e-07,0.0002934,0.0002066,1.821e-08,0.04033,0.001432,0.009181,0.06612,3.556e-06,3.69e-07,0.086
   47820,   47880,0.00095059,0.002381,0.009165,3.341e-26,1.711e-06,4.377e-06,4.726e-05,1.256e-26,5.702e-07,0.0003023,0.000213,1.89e-08,0.0412,0.001476,0.009349,0.06748,3.671e-06,3.839e-07,0.086
   47880,   47940,0.00097852,0.002449,0.009402,3.406e-26,1.776e-06,4.524e-06,4.883e-05,1.279e-26,5.965e-07,0.0003119,0.0002198,1.964e-08,0.04212,0.001523,0.009524,0.06891,3.794e-06,4.002e-07,0.086
   47940,   48000,0.0010014,0.002517,0.009638,3.471e-26,1.842e-06,4.673e-06,5.042e-05,1.303e-26,6.237e-07,0.0003217,0.0002267,2.041e-08,0.04303,0.00157,0.009696,0.07031,3.92e-06,4.171e-07,0.086
   48000,   48060,0.0010545,0.002581,0.009859,3.533e-26,1.906e-06,4.816e-06,5.195e-05,1.325e-26,6.503e-07,0.0003309,0.0002333,2.115e-08,0.04387,0.001615,0.009856,0.07161,4.041e-06,4.335e-07,0.086
   48060,   48120,0.0011313,0.002649,0.01009,3.6e-26,1.976e-06,4.971e-06,5.359e-05,1.349e-26,6.795e-07,0.0003408,0.0002403,2.196e-08,0.04475,0.001663,0.01002,0.07297,4.17e-06,4.515e-07,0.086
