CampaignData_and_Merges/R0/CSL_MobileLab_Parked/raw/20240806/USOS-NOAAIodideCIMS-Halogens_MobileLabGround_20240806_RA.ict
38, 1001
Michael A Robinson, Chris Jernigan, Subi Thakali
NOAA ESRL Chemical Sciences Laboratory and CIRES, U. of Colorado
NOAA Iodide CIMS Instrument
USOS
1, 1
2024, 08, 06, 2024, 08, 06
1
starttime_UTC, seconds_past_midnight, seconds_of_day_since_00:00:00_UTC
6
1, 1, 1, 1, 1, 1
-9999, -9999, -9999, -9999, -9999, -9999
Br2_NOAACIMS, pptv, Gas_Br2_InSitu_S_AVMR, 
BrO_NOAACIMS, pptv, Gas_BrO_InSitu_S_AVMR, 
Cl2_NOAACIMS, pptv, Gas_Cl2_InSitu_S_AVMR, 
ClNO2_NOAACIMS, pptv, Gas_ClNO2_InSitu_S_AVMR, 
BrCl_NOAACIMS, pptv, Gas_BrCl_InSitu_S_AVMR, 
NCl3_NOAACIMS, pptv, Gas_NCl3_InSitu_S_AVMR, 
0
18
PI_CONTACT_INFO: 325 Broadway, R/CSD 7, Boulder, Colorado 80305; michael.a.robinson@noaa.gov; chris.jernigan@noaa.gov;
PLATFORM: NOAA CSL Mobile Lab
LOCATION: SLC, Utah
ASSOCIATED_DATA: 1Hz data also available on request.
INSTRUMENT_INFO: NOAA I- ToF CIMS
DATA_INFO: All data in parts per trillion by volume (pptv). 1 Hz data is available upon request.
UNCERTAINTY: TBD
ULOD_FLAG: -7777
ULOD_VALUE: N/A
LLOD_FLAG: -8888
LLOD_VALUE: N/A
DM_CONTACT_INFO: Nathan Howard; nathan.h.howard@noaa.gov
PROJECT_INFO: USOS, summer 2024. https://csl.noaa.gov/groups/csl7/measurements/2024usos/
STIPULATIONS_ON_USE: Users are strongly encouraged to contact the PI for proper data usage.
OTHER_COMMENTS: 
REVISION: RA
RA: Preliminary Data; For in-field use only
starttime_UTC, Br2_NOAACIMS, BrO_NOAACIMS, Cl2_NOAACIMS, ClNO2_NOAACIMS, BrCl_NOAACIMS, NCl3_NOAACIMS
[from data line 841]
 50460,  0.424,  0.045,  0.450,  0.196,  0.100,  0.226
 50520,  0.462,  0.043,  0.384,  0.221,  0.090,  0.242
 50580,  0.633, -0.075,  0.386,  0.158,  0.124,  0.287
 50640,  0.464,  0.008,  0.427,  0.173,  0.105,  0.179
 50700,  0.541,  0.037,  0.430,  0.185,  0.123,  0.209
 50760,  0.444,  0.040,  0.429,  0.193,  0.095,  0.199
 50820,  0.440,  0.003,  0.421,  0.182,  0.116,  0.224
 50880,  0.589, -9999.000,  0.376,  0.209,  0.076,  0.215
 50940,  0.491, -9999.000,  0.420,  0.208,  0.112,  0.330
 51000,  0.619, -9999.000,  0.473,  0.173,  0.099,  0.284
 51060,  0.660, -9999.000,  0.318,  0.203,  0.080,  0.250
 51120,  0.532, -9999.000,  0.318,  0.209,  0.124,  0.161
 51180,  0.599, -9999.000,  0.353,  0.236,  0.116,  0.242
 51240,  0.669, -9999.000,  0.367,  0.200,  0.105,  0.293
 51300,  0.556, -9999.000,  0.379,  0.184,  0.077,  0.354
 51360,  0.626, -9999.000,  0.359,  0.176,  0.090,  0.300
 51420,  0.513, -9999.000,  0.372,  0.209,  0.100,  0.152
 51480,  0.808, -9999.000,  0.307,  0.217,  0.095,  0.222
 51540,  0.738, -9999.000,  0.297,  0.199,  0.117,  0.197
 51600,  0.705, -9999.000,  0.330,  0.201,  0.132,  0.207
 51660,  0.738, -9999.000,  0.403,  0.200,  0.095,  0.114
 51720,  0.835, -9999.000,  0.391,  0.153,  0.081,  0.202
 51780,  0.682, -9999.000,  0.308,  0.158,  0.120,  0.142
 51840,  0.761, -9999.000,  0.359,  0.149,  0.126,  0.161
 51900,  0.849, -9999.000,  0.381,  0.139,  0.095,  0.121
 51960,  0.640, -9999.000,  0.455,  0.150,  0.132,  0.075
 52020, -9999.000, -9999.000, -9999.000, -9999.000, -9999.000, -9999.000
 52080,  0.790, -9999.000,  0.379,  0.206,  0.110,  0.108
 52140,  0.961, -9999.000,  0.330,  0.202,  0.117,  0.200
 52200,  0.876, -9999.000,  0.343,  0.179,  0.088,  0.202
 52260,  0.770, -9999.000,  0.338,  0.187,  0.083,  0.189
 52320,  0.675, -9999.000,  0.374,  0.162,  0.110,  0.123
 52380,  0.687, -9999.000,  0.419,  0.146,  0.103,  0.113
 52440,  0.705, -9999.000,  0.321,  0.186,  0.049,  0.195
 52500,  0.784, -9999.000,  0.365,  0.220,  0.069,  0.160
 52560,  0.772, -9999.000,  0.398,  0.165,  0.039,  0.131
 52620,  0.684, -9999.000,  0.378,  0.182,  0.057,  0.073
 52680,  0.714, -9999.000,  0.443,  0.267,  0.101,  0.218
 52740,  0.860, -9999.000,  0.401,  0.163,  0.107,  0.172
 52800,  0.783, -9999.000,  0.365,  0.193,  0.079,  0.116
 52860,  0.736, -9999.000,  0.354,  0.200,  0.056,  0.184
 52920,  0.699, -9999.000,  0.390,  0.163,  0.050,  0.215
 52980,  0.741, -9999.000,  0.389,  0.168,  0.053,  0.201
 53040,  0.801, -9999.000,  0.383,  0.205,  0.039,  0.137
 53100,  0.712, -9999.000,  0.387,  0.130,  0.038,  0.199
 53160,  0.800, -9999.000,  0.355,  0.146,  0.021,  0.139
 53220,  0.740, -9999.000,  0.372,  0.164,  0.044,  0.058
 53280,  0.637, -9999.000,  0.334,  0.161,  0.061,  0.064
 53340,  0.739, -9999.000,  0.343,  0.141,  0.019,  0.185
 53400,  0.667, -9999.000,  0.371,  0.173,  0.019,  0.185
 53460,  0.789, -9999.000,  0.372,  0.182,  0.007,  0.191
 53520,  0.615, -9999.000,  0.369,  0.121,  0.041,  0.147
 53580,  0.740, -9999.000,  0.361,  0.183, -0.020,  0.157
 53640,  0.664, -9999.000,  0.333,  0.180,  0.029,  0.123
 53700,  0.697, -9999.000,  0.382,  0.184,  0.008,  0.124
 53760,  0.599, -9999.000,  0.365,  0.143,  0.029,  0.073
 53820,  0.708, -9999.000,  0.301,  0.109,  0.015,  0.079
 53880, -9999.000, -9999.000, -9999.000, -9999.000, -9999.000, -9999.000
 53940,  0.632, -9999.000,  0.274,  0.144,  0.015,  0.099
 54000,  0.694, -9999.000,  0.353,  0.199,  0.006,  0.117
 54060,  0.621, -9999.000,  0.341,  0.206,  0.066,  0.081
 54120,  0.584, -9999.000,  0.451,  0.165,  0.017,  0.151
 54180,  0.568, -9999.000,  0.406,  0.156, -0.016,  0.189
 54240,  0.676, -9999.000,  0.434,  0.176,  0.001,  0.141
 54300,  0.732, -9999.000,  0.343,  0.179,  0.029,  0.157
 54360,  0.824, -9999.000,  0.414,  0.161,  0.025,  0.039
 54420,  0.699, -9999.000,  0.414,  0.157,  0.034,  0.152
 54480,  0.745, -9999.000,  0.490,  0.151,  0.019,  0.083
 54540,  0.668, -9999.000,  0.463,  0.128,  0.019,  0.086
 54600,  0.691, -9999.000,  0.456,  0.174, -0.014,  0.119
 54660,  0.694, -9999.000,  0.408,  0.176,  0.045,  0.097
 54720,  0.683, -9999.000,  0.372,  0.135,  0.050,  0.128
 54780,  0.592, -9999.000,  0.491,  0.142,  0.061,  0.131
 54840,  0.741, -9999.000,  0.441,  0.196,  0.057,  0.177
 54900,  0.703, -9999.000,  0.393,  0.181,  0.022,  0.231
 54960,  0.699, -9999.000,  0.419,  0.227,  0.042,  0.291
 55020,  0.602, -9999.000,  0.379,  0.198,  0.039,  0.216
 55080,  0.612, -9999.000,  0.354,  0.149,  0.011,  0.203
 55140,  0.764, -9999.000,  0.381,  0.123,  0.046,  0.216
 55200,  0.674, -9999.000,  0.424,  0.129,  0.049,  0.210
 55260,  0.907, -9999.000,  0.402,  0.116,  0.033,  0.161
 55320,  0.630, -9999.000,  0.352,  0.138,  0.073,  0.197
 55380,  0.674, -9999.000,  0.378,  0.140,  0.060,  0.131
 55440,  0.724, -9999.000,  0.407,  0.136,  0.033,  0.275
 55500,  0.820, -9999.000,  0.456,  0.119,  0.124,  0.150
 55560,  0.685, -9999.000,  0.335,  0.114,  0.036,  0.240
 55620,  0.820, -9999.000,  0.335,  0.094,  0.091,  0.165
 55680,  0.698, -0.015,  0.531,  0.181,  0.075,  0.140
 55740,  0.637,  0.048,  0.444,  0.126,  0.067,  0.127
 55800,  0.679,  0.030,  0.446,  0.110,  0.090,  0.086
 55860,  0.674,  0.060,  0.345,  0.161,  0.069,  0.177
 55920,  0.582,  0.033,  0.384,  0.161,  0.104,  0.203
 55980,  0.790, -0.020,  0.463,  0.148,  0.055,  0.195
 56040,  0.566,  0.003,  0.443,  0.154,  0.064,  0.260
 56100,  0.641,  0.018,  0.393,  0.149,  0.059,  0.248
 56160,  0.659,  0.048,  0.361,  0.140,  0.048,  0.262
 56220,  0.650,  0.038,  0.305,  0.156,  0.038,  0.268
 56280,  0.662, -0.024,  0.366,  0.131,  0.047,  0.170
 56340,  0.450, -0.055,  0.397,  0.100,  0.025,  0.141
 56400,  0.568,  0.022,  0.361,  0.107,  0.034,  0.145
 56460,  0.552, -0.039,  0.417,  0.121,  0.076,  0.147
 56520,  0.619,  0.008,  0.350,  0.148,  0.036,  0.246
 56580,  0.618,  0.042,  0.428,  0.126,  0.034,  0.223
 56640,  0.538, -0.055,  0.369,  0.187,  0.111,  0.199
 56700,  0.584,  0.099,  0.481,  0.151,  0.066,  0.144
 56760,  0.467,  0.030,  0.461,  0.121, -0.013,  0.064
 56820,  0.595,  0.021,  0.320,  0.150,  0.031,  0.166
 56880,  0.515, -0.007,  0.413,  0.189,  0.110,  0.078
 56940,  0.507,  0.074,  0.351,  0.149,  0.073,  0.094
 57000,  0.681,  0.035,  0.421,  0.139,  0.042,  0.081
 57060,  1.753,  0.061,  0.396,  0.179,  0.122,  0.275
 57120,  0.598,  0.014,  0.495,  0.155,  0.102,  0.111
 57180,  0.761, -0.079,  0.439,  0.116,  0.105,  0.109
 57240,  0.897, -0.003,  0.398,  0.112,  0.114,  0.139
 57300,  0.718, -0.036,  0.436,  0.129,  0.082,  0.090
 57360, -9999.000, -9999.000, -9999.000, -9999.000, -9999.000, -9999.000
 57420,  0.823, -0.030,  0.432,  0.153,  0.045,  0.297
 57480,  0.682, -0.044,  0.434,  0.143,  0.053,  0.151
 57540,  0.605, -0.010,  0.416,  0.125,  0.107,  0.163
 57600,  0.582,  0.069,  0.396,  0.093,  0.052,  0.018
 57660,  0.600, -0.004,  0.510,  0.132, -0.001,  0.051
 57720,  0.652, -0.083,  0.511,  0.170,  0.001,  0.065
 57780,  0.728,  0.078,  0.466,  0.174,  0.060,  0.148
 57840,  0.695,  0.056,  0.491,  0.151,  0.175,  0.105
 57900,  0.806,  0.023,  0.541,  0.114,  0.125,  0.193
 57960,  0.805,  0.028,  0.479,  0.204,  0.144,  0.118
 58020,  0.826, -0.036,  0.445,  0.100,  0.110,  0.100
 58080,  0.767, -0.028,  0.465,  0.147,  0.089,  0.170
 58140,  0.625, -0.073,  0.457,  0.124,  0.100,  0.176
 58200,  0.603, -0.031,  0.447,  0.159,  0.108,  0.146
 58260,  0.648, -0.065,  0.529,  0.136,  0.075,  0.218
 58320,  0.607, -0.064,  0.445,  0.135, -0.000,  0.109
 58380,  0.634, -0.024,  0.548,  0.171, -0.028,  0.173
 58440,  0.570, -0.002,  0.515,  0.141,  0.003,  0.150
 58500,  0.538, -0.059,  0.479,  0.130,  0.057,  0.127
 58560,  0.585,  0.033,  0.519,  0.118,  0.037,  0.164
 58620,  0.566, -0.074,  0.494,  0.151,  0.035,  0.142
 58680,  0.491, -0.031,  0.455,  0.143,  0.039,  0.169
 58740,  0.766,  0.047,  0.612,  0.122,  0.065,  0.076
 58800, -9999.000, -9999.000, -9999.000, -9999.000, -9999.000, -9999.000
 58860, -9999.000, -9999.000, -9999.000, -9999.000, -9999.000, -9999.000
 58920, -9999.000, -9999.000, -9999.000, -9999.000, -9999.000, -9999.000
 58980, -9999.000, -9999.000, -9999.000, -9999.000, -9999.000, -9999.000
 59040, -9999.000, -9999.000, -9999.000, -9999.000, -9999.000, -9999.000
 59100, -9999.000, -9999.000, -9999.000, -9999.000, -9999.000, -9999.000
 59160, -9999.000, -9999.000, -9999.000, -9999.000, -9999.000, -9999.000
 59220, -9999.000, -9999.000, -9999.000, -9999.000, -9999.000, -9999.000
 59280, -9999.000, -9999.000, -9999.000, -9999.000, -9999.000, -9999.000
 59340, -9999.000, -9999.000, -9999.000, -9999.000, -9999.000, -9999.000
 59400, -9999.000, -9999.000, -9999.000, -9999.000, -9999.000, -9999.000
 59460, -9999.000, -9999.000, -9999.000, -9999.000, -9999.000, -9999.000
 59520, -9999.000, -9999.000, -9999.000, -9999.000, -9999.000, -9999.000
 59580, -9999.000, -9999.000, -9999.000, -9999.000, -9999.000, -9999.000
 59640, -9999.000, -9999.000, -9999.000, -9999.000, -9999.000, -9999.000
 59700, -9999.000, -9999.000, -9999.000, -9999.000, -9999.000, -9999.000
 59760, -9999.000, -9999.000, -9999.000, -9999.000, -9999.000, -9999.000
 59820, -9999.000, -9999.000, -9999.000, -9999.000, -9999.000, -9999.000
 59880, -9999.000, -9999.000, -9999.000, -9999.000, -9999.000, -9999.000
 59940,  1.918,  0.117,  0.906,  0.216,  3.266,  1.197
 60000,  1.407,  0.106,  0.701,  0.202,  2.431,  0.950
 60060,  1.429,  0.069,  0.601,  0.163,  2.211,  0.712
 60120,  1.151,  0.016,  0.621,  0.154,  1.309,  0.494
 60180,  1.273,  0.038,  0.532,  0.161,  1.361,  0.471
 60240,  1.426,  0.033,  0.571,  0.195,  1.134,  0.461
 60300,  1.654, -0.012,  0.540,  0.147,  1.304,  0.376
 60360,  2.002,  0.031,  0.501,  0.160,  1.155,  0.423
 60420,  1.900, -0.027,  0.501,  0.139,  1.213,  0.461
 60480,  1.911, -0.040,  0.517,  0.126,  1.122,  0.369
 60540,  2.003,  0.013,  0.529,  0.144,  1.058,  0.365
 60600,  1.795, -0.018,  0.446,  0.116,  0.931,  0.348
 60660,  1.974, -0.031,  0.445,  0.136,  0.935,  0.281
 60720,  1.767,  0.004,  0.491,  0.139,  0.735,  0.203
 60780,  1.771, -0.007,  0.481,  0.120,  0.744,  0.297
 60840,  1.700, -0.021,  0.573,  0.124,  0.655,  0.352
 60900,  1.657,  0.022,  0.551,  0.139,  0.775,  0.195
 60960,  1.613,  0.030,  0.533,  0.112,  0.627,  0.298
 61020,  1.471, -0.051,  0.636,  0.166,  0.553,  0.255
 61080,  1.463, -0.031,  0.700,  0.158,  0.526,  0.275
 61140,  1.430, -0.025,  0.487,  0.115,  0.484,  0.176
 61200,  1.456, -0.013,  0.416,  0.126,  0.373,  0.163
 61260,  1.536, -0.007,  0.512,  0.156,  0.383,  0.149
 61320,  1.286,  0.019,  0.487,  0.140,  0.275,  0.218
 61380,  1.258, -0.025,  0.458,  0.126,  0.448,  0.200
 61440,  1.023, -0.010,  0.483,  0.167,  0.332,  0.208
 61500,  1.301,  0.039,  0.567,  0.177,  0.280,  0.301
 61560,  1.077,  0.010,  0.454,  0.115,  0.311,  0.168
 61620,  1.191, -0.030,  0.559,  0.165,  0.237,  0.132
 61680,  1.162, -0.043,  0.562,  0.159,  0.244,  0.141
 61740,  1.290, -0.046,  0.450,  0.154,  0.286,  0.282
 61800,  0.945, -0.046,  0.133,  0.202,  0.143,  0.093
 61860,  0.335, -0.028,  0.531,  0.182, -0.043,  0.197
 61920,  0.495,  0.033,  0.582,  0.173,  0.109,  0.308
 61980,  0.671, -0.036,  0.499,  0.140,  0.050,  0.229
 62040,  0.453, -0.026,  0.300,  0.100, -0.080,  0.050
 62100,  0.683, -0.034,  0.380,  0.151,  0.071,  0.140
 62160,  0.548,  0.021,  0.401,  0.159,  0.097,  0.123
 62220,  0.675, -0.012,  0.320,  0.117,  0.023,  0.116
 62280,  0.831, -0.023,  0.430,  0.138,  0.104,  0.151
 62340,  0.736,  0.012,  0.427,  0.188,  0.098,  0.074
 62400,  0.685, -0.002,  0.721,  0.151,  0.230,  0.111
 62460,  0.827, -0.019,  0.825,  0.224,  0.208,  0.068
 62520,  0.817, -0.007,  0.723,  0.128,  0.184,  0.023
 62580,  0.816, -0.037,  0.625,  0.228,  0.203,  0.229
 62640,  0.843, -0.035,  0.518,  0.107,  0.142,  0.200
 62700,  0.801, -0.021,  0.520,  0.168,  0.162,  0.137
 62760,  0.752, -0.011,  0.507,  0.184,  0.099,  0.130
 62820,  1.011, -0.021,  0.665,  0.213,  0.237,  0.130
 62880,  1.175, -0.017,  0.529,  0.239,  0.171,  0.139
 62940,  1.021, -0.007,  0.576,  0.204,  0.173,  0.175
 63000,  0.982, -0.006,  0.701,  0.181,  0.196,  0.091
 63060,  0.486, -0.016,  0.586,  0.177,  0.027,  0.057
 63120,  0.744,  0.046,  0.850,  0.174,  0.247,  0.120
 63180,  0.614, -0.025,  0.867,  0.193,  0.135,  0.012
 63240,  0.874, -0.023,  0.607,  0.187,  0.290,  0.077
 63300,  1.041, -0.028,  0.808,  0.219,  0.298,  0.128
 63360,  1.014, -0.021,  0.657,  0.133,  0.352,  0.092
 63420, -0.294, -0.014,  0.315,  0.072, -0.298, -0.284
 63480,  1.015, -0.018,  0.661,  0.179,  0.332,  0.159
 63540,  0.522, -0.039,  0.633,  0.153,  0.114, -0.208
 63600,  1.293,  0.025,  0.677,  0.127,  0.268,  0.119
 63660,  0.723,  0.035,  0.700,  0.157,  0.151,  0.084
 63720,  0.570,  0.021,  0.656,  0.132,  0.224,  0.134
 63780,  0.809,  0.011,  0.669,  0.170,  0.258,  0.231
 63840,  0.821, -0.020,  0.754,  0.195,  0.238,  0.080
 63900,  0.784, -0.021,  0.703,  0.128,  0.236,  0.104
 63960,  0.731,  0.020,  0.685,  0.191,  0.235,  0.120
 64020,  0.770, -0.000,  0.604,  0.141,  0.149,  0.092
 64080,  0.712, -0.012,  0.667,  0.153,  0.215,  0.161
 64140,  0.625, -0.027,  0.588,  0.138,  0.230,  0.030
 64200,  0.843,  0.001,  0.645,  0.185,  0.223,  0.161
 64260,  0.844, -0.000,  0.625,  0.152,  0.196,  0.088
 64320,  0.866,  0.006,  0.710,  0.149,  0.227,  0.188
 64380,  0.793,  0.015,  0.615,  0.186,  0.193,  0.127
 64440,  0.883,  0.010,  0.616,  0.180,  0.220,  0.224
 64500,  0.990,  0.040,  0.860,  0.219,  0.227,  0.203
 64560,  0.854,  0.011,  0.720,  0.171,  0.173,  0.105
 64620,  0.627, -0.008,  0.676,  0.150,  0.099,  0.132
 64680,  0.477, -0.018,  0.645,  0.136,  0.055,  0.131
 64740,  0.980, -0.015,  0.695,  0.163,  0.131,  0.230
 64800,  0.956,  0.022,  0.628,  0.144,  0.215,  0.159
 64860,  0.959, -0.016,  0.667,  0.146,  0.232,  0.122
 64920,  0.953, -0.013,  0.594,  0.094,  0.092,  0.213
 64980,  0.984,  0.008,  0.680,  0.146,  0.144,  0.084
 65040,  1.063,  0.086,  0.595,  0.119,  0.058,  0.179
 65100,  0.850,  0.014,  0.562,  0.133,  0.030,  0.186
 65160,  0.901,  0.010,  0.694,  0.154,  0.177,  0.169
 65220,  1.004,  0.038,  0.843,  0.125,  0.088,  0.145
 65280,  0.925,  0.008,  0.809,  0.147,  0.074,  0.127
 65340,  0.871,  0.035,  0.719,  0.134,  0.071,  0.116
 65400,  0.760,  0.014,  0.557,  0.107,  0.040, -0.004
 65460, -9999.000, -9999.000, -9999.000, -9999.000, -9999.000, -9999.000
 65520,  0.362,  0.056,  0.516,  0.087, -0.118,  0.055
 65580,  0.269,  0.031,  0.548,  0.116, -0.147,  0.001
 65640,  0.331,  0.027,  0.604,  0.113, -0.052,  0.079
 65700,  0.447,  0.032,  0.571,  0.102, -0.039,  0.074
 65760,  0.649,  0.006,  0.644,  0.117, -0.027,  0.072
 65820,  0.559,  0.011,  0.529,  0.091, -0.010,  0.082
 65880,  0.676,  0.064,  0.525,  0.103, -0.025, -0.017
 65940,  0.664,  0.010,  0.710,  0.129, -0.000,  0.087
 66000,  0.732,  0.022,  0.617,  0.084, -0.036,  0.108
 66060,  0.843,  0.027,  0.492,  0.062,  0.000,  0.009
 66120,  0.862,  0.043,  0.465,  0.085,  0.008,  0.090
 66180,  0.860,  0.029,  0.517,  0.093,  0.036,  0.052
 66240,  0.835,  0.005,  0.708,  0.073, -0.006,  0.045
 66300,  0.587,  0.034,  0.540,  0.076,  0.025,  0.086
 66360,  0.979,  0.019,  0.531,  0.093,  0.069,  0.100
 66420,  0.978,  0.040,  0.454,  0.067,  0.006,  0.029
 66480,  0.935,  0.017,  0.545,  0.096,  0.051,  0.091
 66540,  1.104,  0.039,  0.593,  0.079,  0.010,  0.048
 66600,  0.910,  0.029,  0.720,  0.090,  0.106,  0.116
 66660,  1.000,  0.055,  0.556,  0.090,  0.061,  0.112
 66720,  1.077,  0.012,  0.686,  0.110,  0.011,  0.113
 66780,  1.036,  0.006,  0.687,  0.080,  0.045,  0.070
 66840,  1.071, -0.003,  0.564,  0.102,  0.034,  0.105
 66900,  1.028,  0.041,  0.532,  0.112,  0.033,  0.053
 66960,  0.900,  0.026,  0.471,  0.044,  0.092,  0.001
 67020,  1.029,  0.008,  0.509,  0.138,  0.027,  0.032
 67080,  0.926, -0.006,  0.445,  0.059, -0.001, -0.087
