CampaignData_and_Merges/R0/CSL_MobileLab_Parked/raw/20240806/USOS-NOAAIodideCIMS-HNO3_MobileLabGround_20240806_RA.ict
33, 1001
Michael A Robinson, Chris Jernigan, Subi Thakali
NOAA ESRL Chemical Sciences Laboratory and CIRES, U. of Colorado
NOAA Iodide CIMS Instrument
USOS
1, 1
2024, 08, 06, 2024, 08, 06
1
starttime_UTC, seconds_past_midnight, seconds_of_day_since_00:00:00_UTC
1
1
-9999
HNO3_NOAACIMS, pptv, Gas_HNO3_InSitu_S_AVMR, 
0
18
PI_CONTACT_INFO: 325 Broadway, R/CSD 7, Boulder, Colorado 80305; michael.a.robinson@noaa.gov; chris.jernigan@noaa.gov;
PLATFORM: NOAA CSL Mobile Lab
LOCATION: SLC, Utah
ASSOCIATED_DATA: 1Hz data also available on request.
INSTRUMENT_INFO: NOAA I- ToF CIMS
DATA_INFO: All data in parts per trillion by volume (pptv). 1 Hz data is available upon request.
UNCERTAINTY: TBD
ULOD_FLAG: -7777
ULOD_VALUE: N/A
LLOD_FLAG: -8888
LLOD_VALUE: N/A
DM_CONTACT_INFO: Nathan Howard; nathan.h.howard@noaa.gov
PROJECT_INFO: USOS, summer 2024. https://csl.noaa.gov/groups/csl7/measurements/2024usos/
STIPULATIONS_ON_USE: Users are strongly encouraged to contact the PI for proper data usage.
OTHER_COMMENTS: 
REVISION: RA
RA: Preliminary Data; For in-field use only
starttime_UTC, HNO3_NOAACIMS
[from data line 996]
 59760, -9999.000
 59820, -9999.000
 59880, -9999.000
 59940, 478.671
 60000, 470.998
 60060, 480.877
 60120, 493.340
 60180, 472.765
 60240, 473.141
 60300, 429.685
 60360, 424.866
 60420, 423.415
 60480, 442.367
 60540, 443.033
 60600, 492.606
 60660, 540.156
 60720, 568.864
 60780, 578.763
 60840, 601.998
 60900, 610.522
 60960, 628.739
 61020, 637.559
 61080, 632.675
 61140, 624.288
 61200, 614.327
 61260, 629.011
 61320, 636.281
 61380, 639.556
 61440, 656.568
 61500, 630.425
 61560, 618.084
 61620, 646.808
 61680, 661.451
 61740, 678.881
 61800, 532.520
 61860, 568.028
 61920, 580.538
 61980, 537.007
 62040, 537.982
 62100, 588.300
 62160, 576.721
 62220, 549.124
 62280, 564.728
 62340, 599.080
 62400, 643.353
 62460, 655.184
 62520, 682.903
 62580, 705.531
 62640, 708.016
 62700, 743.829
 62760, 774.707
 62820, 784.760
 62880, 740.270
 62940, 779.466
 63000, 837.202
 63060, 846.598
 63120, 857.854
 63180, 824.631
 63240, 807.110
 63300, 840.682
 63360, 868.733
 63420, 925.630
 63480, 964.954
 63540, 980.175
 63600, 984.459
 63660, 916.832
 63720, 960.267
 63780, 996.260
 63840, 1058.332
 63900, 1053.140
 63960, 1013.815
 64020, 1025.283
 64080, 1040.355
 64140, 1080.771
 64200, 1087.978
 64260, 1120.124
 64320, 1175.539
 64380, 1189.917
 64440, 1193.043
 64500, 1183.918
 64560, 1155.205
 64620, 1153.518
 64680, 1165.857
 64740, 1124.673
 64800, 1074.845
 64860, 1065.965
 64920, 1060.834
 64980, 1021.201
 65040, 998.418
 65100, 932.223
 65160, 923.642
 65220, 951.384
 65280, 943.501
 65340, 876.386
 65400, 794.859
 65460, -9999.000
 65520, 656.235
 65580, 693.124
 65640, 686.864
 65700, 661.020
 65760, 644.537
 65820, 634.614
 65880, 587.495
 65940, 599.434
 66000, 559.349
 66060, 577.087
 66120, 613.911
 66180, 605.602
 66240, 573.042
 66300, 584.851
 66360, 592.663
 66420, 609.727
 66480, 603.471
 66540, 617.832
 66600, 645.649
 66660, 637.620
 66720, 640.675
 66780, 688.027
 66840, 650.405
 66900, 654.177
 66960, 687.870
 67020, 671.464
 67080, 663.245
 67140, 681.448
 67200, 676.721
 67260, 693.554
 67320, -9999.000
 67380, 643.397
 67440, 663.826
 67500, 663.825
 67560, 696.330
 67620, 691.079
 67680, 654.890
 67740, 631.805
 67800, 647.554
 67860, 672.966
 67920, 660.867
 67980, 632.752
 68040, 661.706
 68100, 659.984
 68160, 677.003
 68220, 650.273
 68280, 653.189
 68340, 679.038
 68400, 704.972
 68460, 673.880
 68520, 649.745
 68580, 680.184
 68640, 685.712
 68700, 639.911
 68760, 626.494
 68820, 612.058
 68880, 579.691
 68940, 604.866
 69000, 629.339
 69060, 710.045
 69120, 712.025
 69180, -9999.000
 69240, 623.950
 69300, 654.496
 69360, 695.051
 69420, 707.854
 69480, 769.492
 69540, 754.071
 69600, 744.123
 69660, 749.980
 69720, 733.503
 69780, 703.135
 69840, 764.937
 69900, 799.778
 69960, 781.539
 70020, 784.992
 70080, 791.312
 70140, 768.184
 70200, 770.534
 70260, 753.207
 70320, 742.364
 70380, 761.119
 70440, 760.554
 70500, 768.175
 70560, 778.289
 70620, 804.805
 70680, 809.560
 70740, 808.884
 70800, 775.130
 70860, 783.670
 70920, 784.167
 70980, 809.152
 71040, 754.306
 71100, 742.637
 71160, 764.315
 71220, 786.934
 71280, 815.608
 71340, 839.687
 71400, 834.136
 71460, 830.698
 71520, 833.141
 71580, 860.814
 71640, 830.831
 71700, 835.289
 71760, 817.542
 71820, 789.416
 71880, 790.916
 71940, 770.466
 72000, 832.787
 72060, 885.643
 72120, 862.446
 72180, 833.960
 72240, 843.098
 72300, 810.292
 72360, 794.201
 72420, 745.937
 72480, 797.497
 72540, 818.266
 72600, 817.464
 72660, 857.380
 72720, 850.459
 72780, 867.010
 72840, -9999.000
 72900, 747.538
 72960, 780.958
 73020, 808.062
 73080, 823.835
 73140, 896.979
 73200, 978.989
 73260, 1031.622
 73320, 1035.647
 73380, 1091.440
 73440, 1140.266
 73500, 1106.123
 73560, 1088.837
 73620, 1121.376
 73680, 1116.007
 73740, 1116.418
 73800, 1132.044
 73860, 1105.106
 73920, 1063.775
 73980, 1136.441
 74040, 1085.492
 74100, 1023.189
 74160, 1091.945
 74220, 1126.547
 74280, 1125.254
 74340, 1055.022
 74400, 1098.798
 74460, 1141.416
 74520, 1186.810
 74580, 1177.070
 74640, 1151.505
 74700, -9999.000
 74760, 994.772
 74820, 1022.182
 74880, 1042.803
 74940, 1029.256
 75000, 1050.687
 75060, 1110.029
 75120, 1110.047
 75180, 1118.753
 75240, 1027.095
 75300, 1116.540
 75360, 1069.398
 75420, 1087.272
 75480, 1098.539
 75540, 1099.181
 75600, 1071.508
 75660, 1102.073
 75720, 1099.002
 75780, 1107.385
 75840, 1123.193
 75900, 1091.671
 75960, 1043.187
 76020, 1041.008
 76080, 1125.649
 76140, 1169.130
 76200, 1133.812
 76260, 1113.005
 76320, 1138.621
 76380, 1170.048
 76440, 1156.469
 76500, 1187.770
 76560, -9999.000
 76620, 963.279
 76680, 1029.902
 76740, 1081.751
 76800, 1143.835
 76860, 1202.707
 76920, 1099.598
 76980, 1039.802
 77040, 1124.594
 77100, 1178.878
 77160, 1088.511
 77220, 1048.356
 77280, 1021.474
 77340, 965.046
 77400, 1004.374
 77460, 1025.151
 77520, 1110.557
 77580, 1175.311
 77640, 1211.665
 77700, 1199.326
 77760, 1157.801
 77820, 1102.636
 77880, 1098.449
 77940, 1165.236
 78000, 1179.127
 78060, 1127.162
 78120, 1057.967
 78180, 1162.897
 78240, 1233.028
 78300, 1226.063
 78360, 1261.316
 78420, 1102.895
 78480, 1136.128
 78540, 1177.980
 78600, 1159.726
 78660, 1191.372
 78720, 1211.304
 78780, 1273.671
 78840, 1341.166
 78900, 1348.092
 78960, 1351.946
 79020, 1303.082
 79080, 1357.700
 79140, 1475.982
 79200, 1497.622
 79260, 1372.901
 79320, 1360.030
 79380, 1433.172
 79440, 1505.913
 79500, 1555.924
 79560, 1515.240
 79620, 1441.274
 79680, 1400.510
 79740, 1416.650
 79800, 1387.974
 79860, 1387.160
 79920, 1380.747
 79980, 1307.517
 80040, 1266.844
 80100, 1252.093
 80160, 1252.524
 80220, 1243.549
 80280, 927.577
 80340, 1003.826
 80400, 1060.243
 80460, 1043.876
 80520, 1222.987
 80580, 1320.854
 80640, 1318.965
 80700, 1256.215
 80760, 1257.510
 80820, 1221.052
 80880, 1226.608
 80940, 1248.640
 81000, 1208.128
 81060, 1115.255
 81120, 1126.171
 81180, 1098.924
 81240, 1080.570
 81300, 1100.564
 81360, 1126.515
 81420, 1170.084
 81480, 1259.586
 81540, 1248.820
 81600, 1166.265
 81660, 1139.132
 81720, 1137.259
 81780, 1107.791
 81840, 1070.145
 81900, 999.409
 81960, 1003.240
 82020, 965.225
 82080, 978.689
 82140, 946.679
 82200, 939.903
 82260, 959.462
 82320, 972.992
 82380, 1009.743
 82440, 1025.891
 82500, 1063.653
 82560, 1080.701
 82620, 1047.920
 82680, 1028.299
 82740, 998.187
 82800, 1010.182
 82860, 1014.177
 82920, 986.537
 82980, 955.897
 83040, 1004.631
 83100, 991.581
 83160, 981.476
 83220, 957.052
 83280, 933.959
 83340, 942.972
 83400, 952.422
 83460, 930.242
 83520, 963.465
 83580, 988.951
 83640, 1000.156
 83700, 946.031
 83760, 942.315
 83820, 953.543
 83880, 887.776
 83940, -9999.000
 84000, 756.927
 84060, 862.994
 84120, 914.101
 84180, 929.719
 84240, 936.958
 84300, 924.041
 84360, 938.837
 84420, 1021.735
 84480, 1009.094
 84540, 1004.474
 84600, 1018.825
 84660, 1017.663
 84720, 999.733
 84780, 929.955
 84840, 934.778
 84900, 896.393
 84960, 882.283
 85020, 864.108
 85080, 817.249
 85140, 801.713
 85200, 816.380
 85260, 825.058
 85320, 828.980
 85380, 821.310
 85440, 850.686
 85500, 833.070
 85560, 775.171
 85620, 748.758
 85680, 755.379
 85740, 703.650
 85800, -9999.000
 85860, 654.677
 85920, 680.506
 85980, 680.010
 86040, 695.823
 86100, 683.120
 86160, 695.825
 86220, 704.762
 86280, 696.207
 86340, 693.930
