CampaignData_and_Merges/R0/CSL_MobileLab_Parked/raw/20240806/USOS-MetNav_MobileLabGround_20240806_R0.ict
44, 1001
Carrie Womack, Nate Howard, Mike Zucker
NOAA Chemical Sciences Laboratory
Mobile Lab MetNav Station
USOS
1, 1
2024, 08, 06, 2024, 12, 21
60
Time_Start, seconds_past_midnight, Seconds from midnight UTC
11
1, 1, 1, 1, 1, 1, 1, 1, 1, 1, 1
-9999, -9999, -9999, -9999, -9999, -9999, -9999, -9999, -9999, -9999, -9999
GPS_Alt_m, meters, Altitude from Differential GPS
GPS_Course_deg, degrees, Course from Differential GPS
GPS_GndSpd_m_s, m/s, Ground Speed from Differential GPS
GPS_Heading_deg, degrees, Heading from Differential GPS
GPS_Lat_deg, degrees, Latitude from Differential GPS
GPS_Lon_deg, degrees, Longitude from Differential GPS
AirTemp_C, Celsius, Air Temperature from Airmar
RelHumidity_pct, percent, Relative Humidity from Airmar
Pressure_mb, millibars, Pressure from Honeywell
WindDir_calc_deg, degrees, Wind Direction from Airmar corrected for van movement
WindSpd_calc_m_s, m/s, Wind Speed from Airmar corrected for van movement
1
SPECIAL COMMENTS:
18
PI_CONTACT_INFO: Address: 325 Broadway R/CSL7, Boulder, CO, 80305
PLATFORM: CSL Mobile Lab
LOCATION: Salt Lake City, UT
ASSOCIATED_DATA: N/A
INSTRUMENT_INFO: N/A
DATA_INFO: Units:
UNCERTAINTY: N/A
ULOD_FLAG: -7777
ULOD_VALUE: N/A
LLOD_FLAG: -8888
LLOD_VALUE: N/A
DM_CONTACT_INFO: Data Manager: Nate Howard
PROJECT_INFO: 
STIPULATIONS_ON_USE: Use of these data require prior ok from PI.
OTHER_COMMENTS: 
REVISION: R0
R0: Final data. Fixed bug in wind averaging code. RA: Preliminary Data. For in-field use only. 
Time_Start, GPS_Alt_m, GPS_Course_deg, GPS_GndSpd_m_s, GPS_Heading_deg, GPS_Lat_deg, GPS_Lon_deg, AirTemp_C, RelHumidity_pct, Pressure_mb, WindDir_calc_deg, WindSpd_calc_m_s
[from data line 1042]
62520.0,1309.2,1.20,0.05,1.20,40.73434,-111.87211,36.4,19.8,879.3,122.06,1.2
62580.0,1309.3,0.78,0.05,0.78,40.73434,-111.87210,36.5,20.3,879.3,136.90,1.8
62640.0,1309.4,0.82,0.06,0.82,40.73434,-111.87210,36.3,20.8,879.3,112.39,2.6
62700.0,1309.4,1.64,0.05,1.64,40.73434,-111.87210,36.0,20.4,879.3,112.92,2.5
62760.0,1309.2,1.84,0.05,1.84,40.73434,-111.87210,35.8,20.6,879.3,113.75,2.2
62820.0,1309.2,1.92,0.05,1.92,40.73434,-111.87210,35.6,20.3,879.4,133.10,3.2
62880.0,1309.3,1.70,0.04,1.70,40.73434,-111.87210,35.8,19.8,879.4,172.80,2.7
62940.0,1309.2,1.53,0.04,1.53,40.73434,-111.87210,36.0,19.6,879.4,166.11,1.5
63000.0,1309.0,1.50,0.05,1.50,40.73434,-111.87210,36.2,19.6,879.4,125.50,1.1
63060.0,1309.0,1.35,0.05,1.35,40.73434,-111.87210,36.4,19.6,879.4,115.73,0.6
63120.0,1308.9,1.66,0.05,1.66,40.73434,-111.87210,36.6,19.9,879.4,100.87,1.0
63180.0,1308.8,1.63,0.05,1.63,40.73434,-111.87210,36.7,20.4,879.4,91.14,1.1
63240.0,1308.6,1.51,0.05,1.51,40.73434,-111.87211,36.8,19.5,879.3,100.00,1.2
63300.0,1308.6,1.15,0.04,1.15,40.73434,-111.87211,37.0,19.2,879.3,99.46,1.0
63360.0,1308.6,1.35,0.05,1.35,40.73434,-111.87211,37.0,19.0,879.3,111.17,2.0
63420.0,1308.6,1.40,0.04,1.40,40.73434,-111.87211,36.8,19.9,879.3,112.35,2.0
63480.0,1308.6,1.92,0.05,1.92,40.73434,-111.87211,36.7,19.6,879.3,103.60,1.8
63540.0,1308.7,1.28,0.05,1.28,40.73434,-111.87211,36.6,20.4,879.2,111.73,2.2
63600.0,1308.9,1.42,0.04,1.42,40.73434,-111.87211,36.6,18.8,879.3,117.58,1.9
63660.0,1308.7,0.65,0.05,0.65,40.73434,-111.87211,36.6,18.7,879.3,112.86,1.6
63720.0,1308.6,1.02,0.04,1.02,40.73434,-111.87211,36.5,19.0,879.2,113.36,2.3
63780.0,1308.5,0.90,0.04,0.90,40.73434,-111.87211,36.4,19.3,879.2,106.00,1.7
63840.0,1308.4,1.69,0.05,1.69,40.73434,-111.87211,36.6,19.4,879.3,113.14,1.8
63900.0,1308.4,1.78,0.05,1.78,40.73434,-111.87211,36.5,19.1,879.2,122.94,2.2
63960.0,1308.4,2.04,0.05,2.04,40.73434,-111.87211,36.6,20.0,879.2,124.85,2.5
64020.0,1308.5,1.79,0.04,1.79,40.73434,-111.87211,36.7,19.1,879.3,127.16,2.0
64080.0,1308.6,1.49,0.04,1.49,40.73434,-111.87211,36.8,19.5,879.3,118.30,1.9
64140.0,1308.7,0.93,0.05,0.93,40.73434,-111.87211,36.9,19.2,879.3,118.47,1.6
64200.0,1308.7,1.16,0.04,1.16,40.73434,-111.87211,37.0,19.9,879.3,136.11,2.5
64260.0,1308.6,1.42,0.03,1.42,40.73434,-111.87211,37.1,19.2,879.3,133.44,2.2
64320.0,1308.7,2.10,0.04,2.10,40.73434,-111.87211,37.2,19.9,879.3,127.23,1.8
64380.0,1308.8,1.73,0.04,1.73,40.73434,-111.87211,37.3,19.9,879.3,121.76,2.2
64440.0,1309.0,1.48,0.04,1.48,40.73434,-111.87211,37.0,19.4,879.3,108.97,2.3
64500.0,1308.9,0.93,0.04,0.93,40.73434,-111.87211,37.0,18.4,879.3,142.68,1.9
64560.0,1308.9,0.95,0.05,0.95,40.73434,-111.87211,37.3,18.4,879.3,73.69,0.5
64620.0,1308.8,0.76,0.04,0.76,40.73434,-111.87211,37.4,18.2,879.3,116.55,1.1
64680.0,1308.8,1.20,0.05,1.20,40.73434,-111.87211,37.4,19.1,879.2,84.35,0.9
64740.0,1308.7,1.48,0.05,1.48,40.73434,-111.87211,37.6,18.9,879.2,101.63,1.2
64800.0,1308.8,1.50,0.05,1.50,40.73434,-111.87211,37.7,17.5,879.2,111.30,1.7
64860.0,1308.8,1.18,0.05,1.18,40.73434,-111.87211,37.7,17.5,879.2,105.93,1.4
64920.0,1308.7,1.03,0.05,1.03,40.73434,-111.87211,37.8,18.0,879.2,111.06,1.4
64980.0,1308.9,1.12,0.04,1.12,40.73434,-111.87211,37.9,16.3,879.2,130.10,0.7
65040.0,1308.9,1.47,0.05,1.47,40.73434,-111.87211,38.1,16.5,879.1,125.34,1.7
65100.0,1308.9,1.32,0.04,1.32,40.73434,-111.87211,38.1,15.9,879.2,165.73,2.7
65160.0,1308.8,1.50,0.04,1.50,40.73434,-111.87211,38.2,15.6,879.2,191.35,1.9
65220.0,1308.8,1.73,0.05,1.73,40.73434,-111.87211,38.3,16.0,879.2,180.34,2.2
65280.0,1308.9,1.91,0.04,1.91,40.73434,-111.87211,38.4,16.2,879.1,175.63,1.7
65340.0,1308.9,1.58,0.04,1.58,40.73434,-111.87211,38.6,16.0,879.2,189.37,1.8
65400.0,1309.0,1.22,0.05,1.22,40.73434,-111.87211,38.4,14.8,879.3,172.21,3.2
65460.0,1309.0,1.50,0.05,1.50,40.73434,-111.87211,38.4,15.1,879.2,153.21,2.1
65520.0,1309.0,1.66,0.05,1.66,40.73434,-111.87211,38.4,15.0,879.2,152.68,3.2
65580.0,1308.9,1.83,0.05,1.83,40.73434,-111.87211,38.2,15.8,879.2,142.22,3.7
65640.0,1308.7,1.19,0.05,1.19,40.73434,-111.87211,38.3,15.3,879.2,170.01,1.9
65700.0,1308.7,1.08,0.04,1.08,40.73434,-111.87211,38.3,15.0,879.3,189.16,1.7
65760.0,1308.8,2.09,0.04,2.09,40.73434,-111.87211,38.2,15.2,879.2,139.29,3.0
65820.0,1308.9,2.44,0.05,2.44,40.73434,-111.87211,38.2,15.7,879.2,147.42,2.5
65880.0,1309.1,2.35,0.04,2.35,40.73434,-111.87211,38.4,15.1,879.2,148.86,2.0
65940.0,1309.2,2.10,0.05,2.10,40.73434,-111.87211,38.6,15.5,879.2,140.42,1.5
66000.0,1309.0,2.11,0.04,2.11,40.73434,-111.87211,38.6,15.1,879.2,178.05,2.2
66060.0,1309.1,2.22,0.05,2.22,40.73434,-111.87211,38.7,14.9,879.2,186.77,1.5
66120.0,1309.2,2.35,0.05,2.35,40.73434,-111.87211,38.6,14.7,879.2,168.85,3.0
66180.0,1309.3,2.49,0.05,2.49,40.73434,-111.87211,38.5,14.8,879.2,181.16,2.8
66240.0,1309.5,2.71,0.05,2.71,40.73434,-111.87211,38.5,15.2,879.2,149.27,3.0
66300.0,1309.6,2.62,0.05,2.62,40.73434,-111.87210,38.3,15.0,879.2,159.23,3.7
66360.0,1309.9,2.04,0.05,2.04,40.73434,-111.87210,38.4,15.3,879.1,145.89,1.3
66420.0,1310.0,1.93,0.05,1.93,40.73434,-111.87210,38.4,15.3,879.1,157.06,2.9
66480.0,1310.1,1.71,0.05,1.71,40.73434,-111.87210,38.6,15.1,879.1,166.12,1.3
66540.0,1310.4,1.99,0.05,1.99,40.73434,-111.87210,38.7,15.0,879.1,169.06,1.4
66600.0,1310.4,1.45,0.05,1.45,40.73434,-111.87210,38.9,15.2,879.1,147.07,0.9
66660.0,1310.1,1.45,0.05,1.45,40.73434,-111.87210,39.0,15.0,879.0,154.40,1.6
66720.0,1310.1,0.68,0.04,0.68,40.73434,-111.87210,39.1,15.1,879.0,125.67,1.3
66780.0,1309.9,0.61,0.05,0.61,40.73434,-111.87210,39.3,15.2,879.1,173.28,1.1
66840.0,1309.8,0.45,0.04,0.45,40.73434,-111.87211,39.2,14.7,879.1,170.16,2.4
66900.0,1309.7,0.42,0.05,0.42,40.73434,-111.87211,39.1,14.6,879.1,166.86,3.3
66960.0,1309.7,0.57,0.05,0.57,40.73434,-111.87211,39.1,14.6,879.1,159.45,1.9
67020.0,1309.8,0.68,0.04,0.68,40.73434,-111.87211,39.2,14.6,879.0,164.19,1.2
67080.0,1309.7,1.29,0.05,1.29,40.73434,-111.87211,39.2,14.4,879.1,193.79,1.8
67140.0,1309.5,1.24,0.05,1.24,40.73434,-111.87211,39.2,14.5,879.1,171.08,1.4
67200.0,1309.6,1.36,0.05,1.36,40.73434,-111.87211,39.2,14.7,879.0,157.34,2.2
67260.0,1309.8,0.73,0.04,0.73,40.73434,-111.87211,39.2,14.8,879.0,145.42,2.1
67320.0,1309.8,0.89,0.05,0.89,40.73434,-111.87211,39.2,14.4,879.0,176.44,2.0
67380.0,1310.2,1.37,0.04,1.37,40.73434,-111.87211,39.2,14.3,879.0,188.34,2.2
67440.0,1310.3,1.52,0.04,1.52,40.73434,-111.87210,39.1,14.2,879.0,189.30,2.9
67500.0,1310.3,1.39,0.05,1.39,40.73434,-111.87211,39.1,14.6,879.0,169.23,1.8
67560.0,1310.1,0.93,0.05,0.93,40.73434,-111.87211,39.2,14.7,879.0,157.84,1.8
67620.0,1310.1,0.67,0.05,0.67,40.73434,-111.87211,39.2,14.9,879.0,140.41,2.0
67680.0,1310.2,0.59,0.05,0.59,40.73434,-111.87211,39.2,14.9,878.9,137.11,2.9
67740.0,1310.0,1.00,0.05,1.00,40.73434,-111.87211,39.3,14.8,878.9,162.06,1.7
67800.0,1310.0,1.74,0.04,1.74,40.73434,-111.87211,39.4,14.5,878.9,152.85,0.9
67860.0,1310.0,1.79,0.05,1.79,40.73434,-111.87211,39.4,14.5,878.9,154.47,2.6
67920.0,1310.0,1.47,0.04,1.47,40.73435,-111.87211,39.2,14.2,879.0,171.12,3.4
67980.0,1310.0,1.37,0.05,1.37,40.73435,-111.87211,39.3,14.4,878.9,173.38,1.4
68040.0,1309.8,1.30,0.05,1.30,40.73434,-111.87211,39.5,14.3,878.9,176.76,1.2
68100.0,1309.4,1.13,0.05,1.13,40.73435,-111.87211,39.7,14.3,878.9,167.81,0.8
68160.0,1309.2,1.68,0.06,1.68,40.73435,-111.87211,39.9,14.3,878.9,161.81,1.7
68220.0,1309.1,1.86,0.06,1.86,40.73435,-111.87211,39.9,14.3,878.9,179.30,1.3
68280.0,1309.0,1.41,0.05,1.41,40.73435,-111.87210,40.1,14.3,878.9,153.26,1.2
68340.0,1309.0,1.54,0.04,1.54,40.73435,-111.87210,40.1,14.1,878.9,180.35,1.4
68400.0,1308.9,1.54,0.05,1.54,40.73435,-111.87210,40.1,14.0,878.8,182.90,2.0
68460.0,1308.8,1.38,0.05,1.38,40.73435,-111.87210,40.1,14.4,878.8,146.48,2.4
68520.0,1308.9,1.09,0.04,1.09,40.73435,-111.87210,40.0,14.8,878.8,139.49,2.6
68580.0,1308.9,1.60,0.05,1.60,40.73435,-111.87210,39.9,14.6,878.8,160.06,3.3
68640.0,1308.7,1.61,0.05,1.61,40.73435,-111.87210,39.9,14.7,878.8,155.41,2.4
68700.0,1308.7,1.21,0.04,1.21,40.73435,-111.87210,39.9,14.3,878.8,160.84,2.5
68760.0,1308.8,1.14,0.05,1.14,40.73435,-111.87210,39.8,13.7,878.8,148.43,2.3
68820.0,1308.7,1.61,0.04,1.61,40.73435,-111.87210,39.4,14.3,878.8,136.54,3.8
68880.0,1308.8,1.65,0.05,1.65,40.73435,-111.87210,39.3,14.1,878.8,163.90,4.2
68940.0,1308.8,1.59,0.05,1.59,40.73434,-111.87210,39.4,14.5,878.8,158.52,2.2
69000.0,1308.8,1.64,0.04,1.64,40.73434,-111.87210,39.7,14.9,878.8,140.09,1.1
69060.0,1308.7,1.74,0.04,1.74,40.73434,-111.87210,39.8,15.2,878.8,133.50,1.7
69120.0,1308.6,1.90,0.04,1.90,40.73434,-111.87210,39.9,14.8,878.8,161.88,1.3
69180.0,1308.6,1.61,0.05,1.61,40.73434,-111.87210,39.9,14.6,878.8,169.48,1.5
69240.0,1308.5,1.57,0.04,1.57,40.73434,-111.87210,40.0,14.7,878.7,171.48,0.7
69300.0,1308.5,1.59,0.04,1.59,40.73434,-111.87210,40.0,14.5,878.7,152.01,2.9
69360.0,1308.4,1.19,0.05,1.19,40.73434,-111.87210,40.1,14.6,878.7,159.57,1.9
69420.0,1308.3,1.39,0.04,1.39,40.73434,-111.87210,40.1,14.3,878.7,149.43,2.4
69480.0,1308.3,0.82,0.04,0.82,40.73434,-111.87210,40.1,14.2,878.7,150.12,2.5
69540.0,1308.4,0.43,0.05,0.43,40.73434,-111.87210,40.1,14.6,878.7,152.10,1.8
69600.0,1308.4,0.38,0.04,0.38,40.73434,-111.87210,40.1,14.7,878.6,230.49,0.3
69660.0,1308.2,0.76,0.04,0.76,40.73434,-111.87210,40.2,14.9,878.7,150.90,2.2
69720.0,1308.2,1.00,0.05,1.00,40.73434,-111.87210,40.2,14.9,878.7,140.06,2.2
69780.0,1308.2,0.87,0.05,0.87,40.73434,-111.87210,40.2,14.6,878.7,158.86,2.3
69840.0,1308.2,1.14,0.04,1.14,40.73434,-111.87211,40.1,14.1,878.7,176.95,2.3
69900.0,1308.1,1.12,0.04,1.12,40.73434,-111.87210,40.2,14.4,878.7,150.14,1.4
69960.0,1308.1,1.38,0.05,1.38,40.73434,-111.87211,40.5,14.6,878.6,132.14,1.0
70020.0,1308.1,1.90,0.05,1.90,40.73434,-111.87211,40.3,14.2,878.7,177.41,2.6
70080.0,1308.2,2.09,0.05,2.09,40.73434,-111.87211,40.5,14.1,878.6,157.62,1.2
70140.0,1308.2,1.59,0.05,1.59,40.73434,-111.87211,40.4,14.1,878.6,190.19,1.7
70200.0,1308.3,1.52,0.05,1.52,40.73434,-111.87211,40.5,14.2,878.6,170.65,1.1
70260.0,1308.2,1.94,0.05,1.94,40.73434,-111.87211,40.6,14.3,878.6,152.57,1.1
70320.0,1308.2,2.19,0.05,2.19,40.73434,-111.87210,40.7,14.3,878.6,111.08,0.5
70380.0,1308.2,1.57,0.05,1.57,40.73434,-111.87210,40.9,14.1,878.6,153.99,1.5
70440.0,1308.3,1.53,0.05,1.53,40.73434,-111.87211,40.9,13.5,878.6,159.54,1.6
70500.0,1308.3,1.53,0.05,1.53,40.73434,-111.87211,41.0,13.7,878.6,150.86,0.6
70560.0,1308.3,1.76,0.05,1.76,40.73434,-111.87211,41.2,13.6,878.6,121.12,0.7
70620.0,1308.3,1.62,0.05,1.62,40.73434,-111.87211,41.2,13.5,878.5,244.05,0.5
70680.0,1308.4,1.40,0.05,1.40,40.73434,-111.87211,41.1,13.4,878.5,143.27,1.6
70740.0,1308.4,1.12,0.05,1.12,40.73434,-111.87211,41.0,13.6,878.5,153.21,2.9
70800.0,1308.4,0.66,0.05,0.66,40.73435,-111.87211,40.8,13.6,878.5,175.81,3.1
70860.0,1308.5,0.73,0.05,0.73,40.73435,-111.87211,40.9,13.5,878.5,165.46,1.6
70920.0,1308.6,0.69,0.04,0.69,40.73435,-111.87211,41.0,13.8,878.5,169.57,0.8
70980.0,1308.7,0.30,0.05,0.30,40.73435,-111.87211,40.9,13.4,878.5,152.36,2.3
71040.0,1308.7,0.71,0.05,0.71,40.73435,-111.87211,40.8,13.9,878.5,139.46,2.6
71100.0,1308.8,0.82,0.05,0.82,40.73435,-111.87211,40.9,14.1,878.4,119.18,0.6
71160.0,1308.8,1.01,0.05,1.01,40.73435,-111.87211,40.9,13.6,878.4,244.30,0.5
71220.0,1308.8,1.06,0.05,1.06,40.73435,-111.87211,41.1,13.4,878.4,141.15,0.4
71280.0,1308.9,0.89,0.06,0.89,40.73435,-111.87211,41.2,13.7,878.4,123.37,2.1
71340.0,1308.9,1.27,0.05,1.27,40.73435,-111.87211,41.3,13.3,878.4,114.09,1.1
71400.0,1308.7,1.99,0.04,1.99,40.73434,-111.87211,41.3,13.1,878.4,129.02,1.0
71460.0,1308.7,2.06,0.05,2.06,40.73434,-111.87211,41.1,12.8,878.4,171.39,2.1
71520.0,1308.7,2.19,0.05,2.19,40.73434,-111.87211,40.9,12.8,878.4,166.29,2.2
71580.0,1308.5,2.07,0.05,2.07,40.73434,-111.87211,40.9,13.4,878.3,131.72,1.6
71640.0,1308.4,1.20,0.05,1.20,40.73434,-111.87211,40.9,13.2,878.3,153.50,0.9
71700.0,1308.5,0.91,0.06,0.91,40.73434,-111.87211,40.9,13.3,878.3,156.10,2.5
71760.0,1308.6,0.83,0.05,0.83,40.73434,-111.87211,40.9,13.6,878.3,143.25,0.6
71820.0,1308.6,1.09,0.05,1.09,40.73434,-111.87211,41.2,13.5,878.3,124.10,0.5
71880.0,1308.5,1.28,0.05,1.28,40.73434,-111.87211,41.4,13.8,878.3,98.55,1.0
71940.0,1308.4,1.56,0.05,1.56,40.73434,-111.87211,41.5,13.5,878.3,161.43,0.4
72000.0,1308.3,1.59,0.05,1.59,40.73434,-111.87211,41.8,13.3,878.3,102.39,0.7
72060.0,1308.3,1.45,0.05,1.45,40.73434,-111.87211,41.8,13.0,878.2,113.43,1.7
72120.0,1308.3,1.47,0.05,1.47,40.73434,-111.87211,41.9,13.1,878.2,116.93,0.4
72180.0,1308.3,1.18,0.05,1.18,40.73434,-111.87211,42.0,13.2,878.2,100.32,0.5
72240.0,1308.3,1.68,0.05,1.68,40.73434,-111.87211,42.1,12.8,878.2,98.31,0.4
72300.0,1308.0,1.62,0.04,1.62,40.73434,-111.87211,42.1,13.4,878.2,75.06,0.6
72360.0,1308.3,1.51,0.05,1.51,40.73434,-111.87211,42.1,13.6,878.1,83.66,1.2
72420.0,1308.5,1.21,0.04,1.21,40.73434,-111.87211,41.9,13.2,878.1,59.72,0.4
72480.0,1308.4,1.18,0.04,1.18,40.73434,-111.87211,42.1,12.8,878.1,92.71,0.7
72540.0,1308.6,1.06,0.04,1.06,40.73434,-111.87211,42.2,13.1,878.1,84.22,1.0
72600.0,1308.8,1.49,0.05,1.49,40.73434,-111.87211,42.2,12.5,878.1,192.38,0.8
72660.0,1308.8,1.58,0.05,1.58,40.73434,-111.87211,42.3,12.4,878.1,140.68,0.6
72720.0,1308.9,1.63,0.05,1.63,40.73434,-111.87211,42.3,12.5,878.1,147.33,1.1
72780.0,1308.9,1.41,0.04,1.41,40.73434,-111.87211,42.5,12.8,878.1,97.39,0.9
72840.0,1309.0,1.20,0.05,1.20,40.73434,-111.87211,42.6,12.6,878.0,103.84,0.6
72900.0,1308.9,1.36,0.04,1.36,40.73434,-111.87211,42.7,12.8,878.0,88.09,0.9
72960.0,1308.7,1.34,0.05,1.34,40.73434,-111.87211,42.7,13.0,878.0,80.73,0.7
73020.0,1308.6,2.12,0.05,2.12,40.73434,-111.87211,42.8,12.9,878.0,102.60,1.3
73080.0,1308.9,2.06,0.04,2.06,40.73434,-111.87211,42.8,12.8,878.0,94.96,1.0
73140.0,1308.9,1.83,0.04,1.83,40.73434,-111.87211,42.8,12.3,878.0,131.74,0.8
73200.0,1308.8,1.63,0.04,1.63,40.73434,-111.87211,43.0,12.3,878.0,126.77,0.4
73260.0,1308.8,1.33,0.04,1.33,40.73434,-111.87211,43.0,12.6,878.0,102.95,1.0
73320.0,1309.0,1.71,0.04,1.71,40.73434,-111.87211,42.7,12.3,878.0,144.95,1.4
73380.0,1309.1,1.28,0.04,1.28,40.73434,-111.87211,42.4,12.2,878.0,158.38,2.5
73440.0,1309.1,1.13,0.04,1.13,40.73434,-111.87211,42.1,12.2,878.0,156.52,2.7
73500.0,1309.1,1.00,0.05,1.00,40.73434,-111.87211,41.9,12.6,878.0,163.00,1.6
73560.0,1309.1,1.46,0.04,1.46,40.73434,-111.87211,41.8,13.0,878.0,137.34,1.4
73620.0,1309.1,1.58,0.04,1.58,40.73434,-111.87211,41.9,13.1,877.9,106.92,0.6
73680.0,1309.1,1.53,0.04,1.53,40.73434,-111.87211,42.0,13.2,877.9,100.84,1.4
73740.0,1309.1,1.27,0.05,1.27,40.73434,-111.87211,42.1,13.1,877.9,108.80,1.3
73800.0,1309.3,1.34,0.05,1.34,40.73435,-111.87211,42.2,14.8,877.9,109.71,1.6
73860.0,1309.4,1.40,0.04,1.40,40.73435,-111.87211,42.0,14.3,877.8,83.29,1.2
73920.0,1309.1,1.32,0.05,1.32,40.73435,-111.87211,42.0,14.5,877.8,102.82,1.6
73980.0,1309.1,1.31,0.04,1.31,40.73434,-111.87211,42.0,14.0,877.8,111.21,1.7
74040.0,1309.1,1.18,0.04,1.18,40.73434,-111.87211,42.0,14.2,877.8,95.87,1.4
74100.0,1309.2,0.90,0.04,0.90,40.73435,-111.87211,42.0,13.3,877.8,70.65,0.7
74160.0,1309.0,1.27,0.05,1.27,40.73434,-111.87211,42.2,12.7,877.8,114.76,0.7
74220.0,1309.0,1.04,0.04,1.04,40.73434,-111.87211,42.3,12.6,877.8,104.34,1.1
74280.0,1309.1,0.89,0.05,0.89,40.73434,-111.87211,42.3,12.8,877.8,136.35,1.7
74340.0,1309.3,1.06,0.05,1.06,40.73434,-111.87211,42.6,13.1,877.8,92.28,0.9
74400.0,1309.1,1.01,0.05,1.01,40.73434,-111.87211,42.5,12.8,877.8,122.66,0.7
74460.0,1309.0,1.08,0.04,1.08,40.73434,-111.87211,42.6,12.4,877.8,148.33,2.0
74520.0,1309.0,1.36,0.04,1.36,40.73434,-111.87211,42.6,12.5,877.8,155.80,1.7
74580.0,1309.0,1.68,0.04,1.68,40.73434,-111.87211,42.7,12.6,877.7,159.31,1.2
74640.0,1309.2,1.64,0.04,1.64,40.73434,-111.87211,42.7,12.8,877.8,157.36,0.8
74700.0,1309.2,1.85,0.04,1.85,40.73434,-111.87211,42.7,12.9,877.7,171.06,0.7
74760.0,1309.3,1.56,0.04,1.56,40.73434,-111.87211,42.8,13.0,877.7,133.22,1.3
74820.0,1309.1,1.50,0.04,1.50,40.73434,-111.87211,42.8,13.0,877.7,141.03,1.1
74880.0,1309.2,0.84,0.04,0.84,40.73434,-111.87211,42.8,13.1,877.7,121.49,1.1
