CampaignData_and_Merges/R0/CSL_MobileLab_Parked/raw/20240806/USOS-Picarro-CO2-CH4-CO-H2O_MobileLabGround_20240806_R0.ict
38, 1001
Ilana Pollack, Nell Schafer, and Jeff Peischl
NOAA Chemical Sciences Laboratory
Picarro 2401-m CO2/CH4/CO/H2O Analyzer
USOS
1, 1
2024, 08, 06, 2024, 11, 20
0
StartTime_UTC, seconds_past_midnight, seconds past midnight
5
1, 1, 1, 1, 1
-9999, -9999, -9999, -9999, -9999
StopTime_UTC, seconds_past_midnight, seconds past midnight
CO2_ppm_1min, ppm, Gas_CO2_InSitu_S_DMF, carbon dioxide mixing ratio
CH4_ppb_1min, ppb, Gas_CH4_InSitu_S_DMF, methane mixing ratio
CO_ppb_1min, ppb, Gas_CO_InSitu_S_DMF, carbon monoxide mixing ratio
H2O_ppmv_1min, ppmv, Met_H2OMRV_InSitu_S_AVMR, water vapor mixing ratio
1
SPECIAL COMMENTS: N/A
18
PI_CONTACT_INFO: Address: NOAA Chemical Sciences Laboratory, Mail Stop CSL7, 325 Broadway, Boulder, CO 80305; Email: Ilana.Pollack@noaa.gov
PLATFORM: NOAA CSL Mobile Laboratory
LOCATION: The mobile lab was stationed in Salt Lake City, Utah.
ASSOCIATED_DATA: N/A
INSTRUMENT_INFO: CO2, CH4, and CO are reported as dry air mole fractions using a commercial wavelength-scanned cavity ring-down analyzer (Picarro 2401-m). An in-field calibration gas standard of 432±0.07 ppm CO2, 2095±1 ppb CH4, and 183±1 ppb CO, calibrated in the Boulder laboratories before and after the field project using primary CO2, CH4, and CO standard tanks tied to the WMO standard (X2019, X2004A, and X2014A, respectively) from the Global Monitoring Laboratory (GML), was delivered to the inlet every 2-3 days to evaluate instrument sensitivity. A H2O measurement was calibrated before the project with a Dew Point Mirror 373 hygrometer. The water correction calculated from these calibrations was applied to the H2O measurement for the entire campaign. Species are measured at 0.5 Hz and reported as 1-minute averages for stationary measurements.
DATA_INFO: Units: CO2, ppm, dry air mole fraction; CH4, ppb, dry air mole fraction; CO, ppb, dry air mole fraction; H2O, ppmv
UNCERTAINTY: Total uncertainties are estimated as ±0.1 ppm for CO2, ±1 ppb for CH4, ±5 ppb for CO, and ±(50 ppm + 4%) for H2O.
ULOD_FLAG: -7777
ULOD_VALUE: N/A
LLOD_FLAG: -8888
LLOD_VALUE: N/A
DM_CONTACT_INFO: Data Manager: Nathan Howard; nathan.h.howard@noaa.gov
PROJECT_INFO: USOS Dates of Study: July – August 2024
STIPULATIONS_ON_USE: Use of these data require prior ok from PI.
OTHER_COMMENTS: Data are averaged to 1 minute intervals. Stationary data collected from a 10 ft tower on top of the mobile van.
REVISION: R0
R0: Final Data
StartTime_UTC, StopTime_UTC, CO2_ppm_1min, CH4_ppb_1min, CO_ppb_1min, H2O_ppmv_1min
[from data line 382]
22920,22980,431.76,1951.1,116.3,13347.0732
22980,23040,430.92,1950.0,115.8,13266.2393
23040,23100,430.86,1950.5,114.4,13208.5508
23100,23160,430.96,1950.6,117.2,13210.6787
23160,23220,430.80,1950.8,114.8,13098.6123
23220,23280,430.62,1950.5,114.7,13126.8008
23280,23340,430.74,1950.7,116.0,13117.1865
23340,23400,430.96,1950.9,114.5,13140.4619
23400,23460,430.73,1950.7,116.6,13115.8828
23460,23520,430.95,1950.6,114.8,13202.0498
23520,23580,430.59,1950.6,115.5,13118.4355
23580,23640,430.83,1950.8,115.4,13190.4307
23640,23700,431.22,1951.2,115.3,13246.6201
23700,23760,431.61,1951.1,116.4,13281.0908
23760,23820,430.40,1951.0,115.8,13071.1689
23820,23880,430.86,1951.4,115.7,13133.9531
23880,23940,431.12,1951.6,116.6,13161.4775
23940,24000,431.16,1951.1,115.6,13222.6592
24000,24060,431.51,1951.6,115.6,13188.5293
24060,24120,431.99,1952.0,115.3,13225.7803
24120,24180,431.62,1951.9,116.1,13148.2881
24180,24240,431.40,1951.5,117.6,13155.7861
24240,24300,431.50,1951.6,117.1,13147.4873
24300,24360,432.06,1951.7,116.8,13272.9033
24360,24420,432.00,1952.2,115.3,13259.0352
24420,24480,432.05,1952.4,115.6,13301.9023
24480,24540,431.44,1952.8,116.9,13053.7676
24540,24600,431.86,1952.9,117.6,13137.7959
24600,24660,431.96,1953.6,116.9,13101.3916
24660,24720,432.85,1954.4,115.7,13293.5674
24720,24780,432.31,1954.3,118.7,13228.5488
24780,24840,432.60,1954.3,120.5,13258.6455
24840,24900,432.68,1953.8,126.8,13204.5996
24900,24960,433.39,1953.5,119.8,13208.8262
24960,25020,432.07,1952.6,116.0,13115.0479
25020,25080,433.00,1953.3,118.9,13268.3428
25080,25140,432.87,1952.9,120.3,13259.3496
25140,25200,431.48,1952.5,119.9,13116.1777
25200,25260,431.77,1952.4,117.4,13147.2158
25260,25320,432.25,1952.1,117.9,13177.1045
25320,25380,431.78,1952.9,118.6,13111.3018
25380,25440,432.25,1952.6,118.1,13165.0000
25440,25500,431.75,1951.7,117.5,13122.3281
25500,25560,431.18,1951.9,116.5,13118.0820
25560,25620,431.80,1952.4,116.2,13160.9561
25620,25680,431.27,1952.0,115.8,13111.2764
25680,25740,431.39,1951.9,115.9,13198.5703
25740,25800,431.52,1951.5,115.0,13201.4785
25800,25860,431.06,1951.6,116.3,13086.0771
25860,25920,430.45,1951.4,115.8,12957.0518
25920,25980,431.54,1951.5,125.0,13112.3193
25980,26040,431.10,1951.7,123.1,12993.7783
26040,26100,431.27,1951.5,119.6,13020.9678
26100,26160,431.19,1951.7,116.8,13023.6074
26160,26220,431.99,1953.7,121.2,12937.5732
26220,26280,433.98,1954.1,125.1,13141.8730
26280,26340,432.00,1954.4,122.6,12972.8701
26340,26400,432.00,1952.7,118.6,13126.6318
26400,26460,431.99,1952.2,116.7,13195.4131
26460,26520,431.15,1951.4,116.0,13141.9580
26520,26580,431.57,1951.6,115.6,13211.0166
26580,26640,431.44,1951.5,114.5,13207.2539
26640,26700,430.60,1951.1,116.4,13058.0732
26700,26760,431.46,1951.5,116.3,13177.0664
26760,26820,431.71,1951.4,118.3,13214.7637
26820,26880,433.26,1952.1,117.4,13378.2246
26880,26940,431.58,1952.0,117.3,13103.7129
26940,27000,431.19,1951.8,116.1,13059.5186
27000,27060,431.18,1951.7,116.6,13059.0977
27060,27120,431.34,1951.8,115.4,13082.8594
27120,27180,432.96,1952.2,117.5,13388.7266
27180,27240,432.80,1952.2,116.2,13244.2568
27240,27300,432.35,1952.4,118.4,13269.2695
27300,27360,432.50,1952.7,115.5,13199.2891
27360,27420,432.42,1953.0,116.5,13300.7061
27420,27480,432.08,1953.5,117.9,13148.4160
27480,27540,432.68,1954.1,117.0,13275.4199
27540,27600,432.87,1954.7,119.8,13224.8623
27600,27660,432.75,1955.0,118.4,13200.7959
27660,27720,432.94,1954.9,118.1,13241.8389
27720,27780,432.98,1955.9,117.2,13144.8779
27780,27840,432.69,1955.0,116.5,13131.5166
27840,27900,433.57,1955.2,115.9,13223.4590
27900,27960,434.93,1954.3,118.2,13381.4805
27960,28020,432.79,1953.0,119.8,13129.4209
28020,28080,432.47,1953.3,115.7,13089.5146
28080,28140,432.82,1954.9,115.7,13124.1621
28140,28200,434.95,1957.7,121.6,13263.7744
28200,28260,436.98,1967.9,144.9,13292.5586
28260,28320,438.63,1975.1,152.7,13482.1885
28320,28380,439.45,1980.2,161.2,13495.5303
28380,28440,439.48,1979.1,159.4,13529.7998
28440,28500,438.92,1978.7,164.7,13432.8613
28500,28560,438.22,1978.1,165.7,13371.0469
28560,28620,438.35,1977.2,165.6,13361.3555
28620,28680,438.26,1976.6,164.8,13359.5674
28680,28740,438.66,1977.0,164.0,13389.9404
28740,28800,441.94,1979.7,166.4,13677.7061
28800,28860,440.08,1977.5,165.6,13560.0635
28860,28920,442.00,1977.6,165.2,13663.2041
28920,28980,440.70,1978.6,166.5,13590.2920
28980,29040,440.00,1976.4,163.8,13553.6445
29040,29100,440.46,1976.4,164.0,13529.7422
29100,29160,442.44,1978.5,161.5,13673.9053
29160,29220,441.05,1976.5,163.4,13586.2393
29220,29280,433.62,1959.5,135.7,12877.1982
29280,29340,436.77,1966.4,147.7,13175.6973
29340,29400,437.18,1966.6,147.1,13192.2227
29400,29460,433.19,1957.7,130.9,12867.6855
29460,29520,433.27,1957.3,128.0,12892.2461
29520,29580,433.68,1955.1,127.3,12922.8379
29580,29640,433.40,1953.2,121.5,12975.5029
29640,29700,434.51,1956.3,123.9,13072.0820
29700,29760,432.64,1953.2,119.6,12918.0684
29760,29820,432.86,1953.8,121.0,12914.8838
29820,29880,434.37,1955.7,124.4,13039.8242
29880,29940,434.99,1955.5,123.5,13049.3750
29940,30000,434.49,1955.4,121.9,13041.6943
30000,30060,433.89,1954.3,118.6,13039.8945
30060,30120,434.45,1954.6,117.6,13118.3516
30120,30180,433.72,1955.4,119.0,13074.7471
30180,30240,434.29,1955.5,117.0,13142.0020
30240,30300,434.24,1957.1,118.7,13144.6943
30300,30360,435.56,1961.3,119.4,13243.3799
30360,30420,436.47,1967.3,124.6,13178.8838
30420,30480,438.11,1970.6,124.7,13331.3740
30480,30540,438.91,1972.8,126.2,13347.7588
30540,30600,439.92,1976.3,129.7,13411.8057
30600,30660,441.43,1981.9,132.3,13469.2979
30660,30720,442.79,1984.6,134.8,13532.5283
30720,30780,443.58,1986.2,137.1,13540.1162
30780,30840,444.18,1988.3,138.5,13539.8086
30840,30900,445.03,1990.4,146.4,13617.9297
30900,30960,446.54,1992.9,146.6,13639.4912
30960,31020,447.12,1994.9,158.1,13647.5869
31020,31080,447.54,1996.3,155.1,13732.4189
31080,31140,447.33,1999.9,152.5,13647.1885
31140,31200,447.53,2001.1,150.8,13713.0918
31200,31260,447.34,2000.8,143.7,13657.2451
31260,31320,448.44,2000.6,141.3,13756.8398
31320,31380,447.62,1997.9,140.3,13678.9668
31380,31440,446.83,1994.6,137.2,13613.5020
31440,31500,447.12,1993.8,137.0,13598.9443
31500,31560,448.53,1994.8,138.0,13659.1953
31560,31620,448.08,1993.4,138.6,13597.8682
31620,31680,448.53,1993.5,136.0,13696.1318
31680,31740,446.86,1992.7,136.9,13558.7109
31740,31800,448.99,1995.3,138.3,13715.2793
31800,31860,448.12,1995.7,137.7,13679.9385
31860,31920,446.90,1994.6,139.7,13569.8408
31920,31980,448.02,1996.3,140.5,13653.5127
31980,32040,449.38,1997.8,141.0,13749.4473
32040,32100,449.15,1996.9,140.0,13736.3320
32100,32160,448.16,1997.1,139.8,13605.3447
32160,32220,449.26,1998.6,138.5,13710.8477
32220,32280,449.39,1999.3,139.2,13702.4990
32280,32340,448.54,1998.9,139.7,13614.2197
32340,32400,451.62,2005.2,142.6,13693.5000
32400,32460,450.34,2006.3,142.5,13643.8633
32460,32520,454.49,2003.7,140.4,14131.9395
32520,32580,452.44,2003.1,145.0,13859.1543
32580,32640,452.37,2003.2,145.7,13840.3525
32640,32700,451.94,2002.8,147.1,13753.3174
32700,32760,453.28,2003.5,145.8,13905.2568
32760,32820,453.80,2004.9,146.4,13830.6484
32820,32880,453.43,2006.8,147.2,13857.7480
32880,32940,453.97,2011.0,146.4,13911.3105
32940,33000,454.15,2009.7,144.8,13963.6201
33000,33060,455.13,2013.6,144.2,14024.7461
33060,33120,456.89,2015.6,142.9,14130.7422
33120,33180,456.55,2013.8,144.1,14117.1055
33180,33240,453.71,2010.8,144.8,13896.5713
33240,33300,456.72,2012.8,143.8,14138.5264
33300,33360,458.32,2019.8,144.2,14378.7910
33360,33420,458.55,2028.6,144.6,14385.5811
33420,33480,460.73,2025.9,143.5,14475.4238
33480,33540,459.76,2025.1,146.7,14396.3555
33540,33600,459.32,2023.2,154.8,14368.2520
33600,33660,461.20,2032.3,160.7,14490.7324
33660,33720,460.21,2034.7,159.3,14432.1318
33720,33780,458.52,2037.1,154.6,14282.0078
33780,33840,458.57,2032.3,150.2,14301.6660
33840,33900,459.08,2027.9,149.1,14393.4258
33900,33960,456.85,2028.0,148.1,14214.7949
33960,34020,460.49,2030.8,148.9,14490.9648
34020,34080,459.14,2033.0,148.8,14386.5596
34080,34140,459.64,2035.8,149.7,14451.3574
34140,34200,461.64,2037.9,151.1,14558.7354
34200,34260,461.11,2040.0,151.3,14498.9609
34260,34320,460.87,2048.6,158.8,14470.3936
34320,34380,460.34,2057.9,155.4,14402.8203
34380,34440,460.25,2056.0,156.4,14401.4736
34440,34500,458.16,2059.6,160.9,14247.9697
34500,34560,456.27,2058.6,160.1,14088.4258
34560,34620,459.44,2058.6,169.0,14345.8691
34620,34680,458.40,2057.8,168.3,14235.6875
34680,34740,457.76,2076.2,163.7,14186.7715
34740,34800,456.69,2048.2,161.4,14107.3447
34800,34860,458.82,2053.9,162.4,14288.4473
34860,34920,458.68,2049.9,159.1,14281.9209
34920,34980,458.53,2046.0,170.1,14314.8252
34980,35040,455.76,2029.6,160.4,14129.1191
35040,35100,450.80,2015.4,307.6,13788.7715
35100,35160,449.95,2006.8,220.2,13752.7920
35160,35220,447.22,2001.0,140.8,13627.7695
35220,35280,447.22,1995.3,156.2,13718.0977
35280,35340,439.55,1975.0,133.2,13323.0723
35340,35400,435.18,1962.2,118.7,14239.3291
35400,35460,435.06,1959.9,116.0,17029.0488
35460,35520,433.47,1957.6,117.9,17572.4785
35520,35580,432.22,1955.6,112.7,17657.4531
35580,35640,432.48,1955.0,115.9,17302.6621
35640,35700,432.89,1955.0,116.3,17139.5352
35700,35760,432.73,1956.5,116.4,17344.7227
35760,35820,432.53,1956.7,113.6,16400.3281
35820,35880,432.32,1956.1,120.9,16211.7715
35880,35940,432.30,1956.6,134.0,16252.7148
35940,36000,432.22,1956.6,124.2,16338.4668
36000,36060,432.18,1956.5,118.2,16713.5566
36060,36120,432.22,1955.9,117.9,16622.6934
36120,36180,432.67,1955.9,116.0,16850.0117
36180,36240,432.78,1955.5,115.5,16710.3574
36240,36300,432.76,1955.6,115.6,16639.4453
36300,36360,432.31,1955.6,116.3,16168.5430
36360,36420,432.46,1956.2,114.8,16263.2451
36420,36480,433.03,1956.7,115.5,16739.7754
36480,36540,433.12,1956.3,116.4,16296.3691
36540,36600,432.48,1956.0,117.8,15827.6748
36600,36660,432.63,1956.7,115.2,15748.3906
36660,36720,432.42,1957.1,115.6,15524.6865
36720,36780,432.60,1958.7,117.4,15863.2754
36780,36840,432.66,1957.5,117.0,15795.9590
36840,36900,432.85,1957.3,118.2,15603.5645
36900,36960,432.69,1956.7,117.9,15468.2197
36960,37020,432.40,1956.9,117.3,15186.1123
37020,37080,432.38,1957.0,116.0,15170.2217
37080,37140,432.92,1956.6,117.2,15093.7813
37140,37200,432.61,1956.6,117.1,15159.1357
37200,37260,432.44,1955.8,116.5,14963.8818
37260,37320,432.73,1956.2,118.1,15060.4531
37320,37380,432.25,1956.1,116.4,14867.3838
37380,37440,432.70,1956.5,118.4,14951.1543
37440,37500,432.96,1956.9,118.4,15158.8828
37500,37560,432.62,1956.9,117.3,14988.7002
37560,37620,432.67,1956.3,117.5,14996.2402
37620,37680,432.58,1956.0,119.7,14860.9883
37680,37740,433.17,1956.3,118.1,15236.7695
37740,37800,432.40,1955.7,118.6,14705.8779
37800,37860,432.75,1955.9,118.0,14908.8184
37860,37920,432.40,1955.1,117.7,14760.5811
37920,37980,432.16,1954.6,118.1,14663.7842
37980,38040,432.44,1954.5,117.5,14720.0313
38040,38100,432.15,1954.3,116.7,14607.7568
38100,38160,432.83,1954.6,120.6,14802.7275
38160,38220,432.88,1954.9,121.4,14919.2178
38220,38280,432.79,1954.5,121.6,14711.7363
38280,38340,432.59,1955.0,118.8,14782.9541
38340,38400,432.73,1954.8,117.8,14783.5186
38400,38460,432.86,1954.6,117.3,14749.7559
38460,38520,432.51,1954.8,119.6,14638.4170
38520,38580,433.42,1955.6,242.9,14770.7285
38580,38640,433.05,1954.7,144.6,14745.0449
38640,38700,431.92,1954.2,121.7,14291.9434
38700,38760,432.57,1954.5,121.3,14525.0703
38760,38820,432.82,1954.5,120.7,14550.5693
38820,38880,432.51,1954.3,118.7,14514.7441
38880,38940,432.42,1954.6,119.9,14471.0137
38940,39000,432.77,1954.6,121.7,14501.7988
39000,39060,432.32,1954.2,120.4,14430.5293
39060,39120,432.20,1953.8,118.4,14367.0342
39120,39180,432.29,1954.0,119.5,14427.0518
39180,39240,432.16,1953.8,137.5,14304.4170
39240,39300,432.24,1954.2,124.0,14309.9756
39300,39360,432.20,1954.1,118.6,14250.8936
39360,39420,431.61,1953.4,119.0,14122.4287
39420,39480,432.45,1953.8,118.2,14443.6455
39480,39540,432.10,1953.8,119.4,14371.7490
39540,39600,432.11,1953.7,119.0,14334.1836
39600,39660,432.68,1954.1,117.8,14417.4951
39660,39720,432.41,1954.1,117.7,14457.9717
39720,39780,432.68,1954.5,120.1,14585.8740
39780,39840,431.99,1954.7,120.5,14351.3467
39840,39900,431.87,1954.5,119.0,14314.9883
39900,39960,431.74,1954.4,118.0,14348.0518
39960,40020,431.83,1954.7,119.2,14409.2861
40020,40080,432.03,1954.8,119.3,14383.2998
40080,40140,432.23,1955.1,119.8,14459.6162
40140,40200,431.77,1955.3,119.6,14267.4932
40200,40260,432.17,1955.2,121.3,14345.1621
40260,40320,431.62,1954.6,120.1,14198.8369
40320,40380,431.49,1954.6,118.8,14229.9619
40380,40440,431.86,1955.1,120.8,14291.5293
40440,40500,431.81,1955.2,119.7,14311.1689
40500,40560,432.02,1955.5,120.1,14333.9033
40560,40620,432.53,1956.0,122.9,14480.6572
40620,40680,432.59,1955.9,119.9,14473.5645
40680,40740,432.60,1956.3,119.3,14461.2217
40740,40800,432.63,1956.6,120.1,14404.8369
40800,40860,432.00,1956.2,117.2,14176.9082
40860,40920,432.00,1956.4,119.2,14088.2793
40920,40980,432.14,1956.6,118.4,14179.7559
40980,41040,432.65,1956.8,117.2,14341.0918
41040,41100,431.96,1956.5,119.7,14052.0537
41100,41160,432.71,1957.0,121.2,14160.2295
41160,41220,432.88,1957.3,118.1,14177.1523
41220,41280,432.18,1957.2,117.6,13998.8359
41280,41340,432.26,1957.2,118.2,14001.3877
41340,41400,431.46,1956.8,117.6,13745.6807
41400,41460,431.76,1957.1,119.7,13762.3516
41460,41520,432.47,1957.6,119.2,13964.8105
41520,41580,432.79,1958.1,121.4,13941.0547
41580,41640,432.35,1957.9,118.3,13864.2881
41640,41700,432.48,1958.2,120.9,13963.3652
41700,41760,432.88,1958.6,120.0,13997.1221
41760,41820,432.59,1958.5,118.8,13910.0771
41820,41880,432.01,1958.3,121.8,13656.3242
41880,41940,432.55,1958.6,122.5,13799.0332
41940,42000,432.97,1957.9,120.4,13868.2852
42000,42060,432.40,1956.8,120.7,13843.1777
42060,42120,432.46,1957.0,119.5,13883.9609
42120,42180,432.56,1957.4,120.1,13873.0400
42180,42240,432.59,1957.6,119.4,13841.2666
42240,42300,432.92,1957.7,123.4,13878.8203
42300,42360,432.99,1957.5,120.1,13926.6064
42360,42420,433.09,1957.3,120.0,13879.0078
42420,42480,432.92,1957.1,120.5,13829.5117
42480,42540,432.96,1957.2,119.9,13801.4365
42540,42600,433.03,1957.3,119.3,13855.4395
42600,42660,432.91,1957.1,120.0,13742.2725
42660,42720,433.23,1957.3,120.0,13860.4941
42720,42780,433.03,1957.3,118.7,13758.4922
42780,42840,434.12,1957.8,123.7,13908.2109
42840,42900,433.08,1957.9,123.4,13755.3369
42900,42960,432.86,1957.9,120.5,13681.5127
42960,43020,433.20,1957.8,119.8,13768.5820
43020,43080,432.96,1958.0,117.6,13710.2227
43080,43140,433.46,1958.1,119.9,13779.2744
43140,43200,433.16,1957.7,120.2,13700.9482
43200,43260,433.69,1958.5,118.1,13865.2129
43260,43320,433.46,1958.5,121.4,13764.2373
43320,43380,434.24,1958.5,119.3,13934.5342
43380,43440,433.84,1958.6,135.9,13834.0283
43440,43500,434.05,1958.8,128.8,13886.0176
43500,43560,433.69,1958.8,131.4,13877.8438
43560,43620,433.68,1958.7,129.2,13915.8467
43620,43680,433.27,1958.4,120.7,13825.8047
43680,43740,433.15,1958.5,119.4,13860.3340
43740,43800,433.71,1958.9,121.7,13917.0791
43800,43860,433.51,1958.9,124.7,13897.2656
43860,43920,433.75,1958.8,149.6,13869.3301
43920,43980,432.90,1958.3,123.0,13758.2842
43980,44040,432.99,1958.4,122.0,13933.1406
44040,44100,433.29,1958.8,123.7,13912.6035
44100,44160,432.81,1958.2,123.5,13829.2695
44160,44220,432.64,1958.4,121.8,13878.5439
44220,44280,432.65,1958.1,121.5,13824.7627
44280,44340,432.73,1958.2,121.9,13837.9404
44340,44400,432.73,1958.3,122.1,13828.3877
44400,44460,432.92,1958.0,123.1,13825.4375
44460,44520,432.19,1957.8,121.9,13744.0791
44520,44580,432.93,1958.0,122.5,13822.4521
44580,44640,433.08,1958.4,123.1,13873.6553
44640,44700,432.24,1957.6,121.4,13772.8027
44700,44760,432.45,1957.6,121.0,13785.0215
44760,44820,432.78,1957.9,122.4,13834.9385
44820,44880,433.18,1958.4,120.3,13875.3867
44880,44940,433.15,1958.2,121.3,13829.1709
44940,45000,434.28,1958.5,126.0,13901.6973
45000,45060,433.26,1958.3,121.9,13870.9258
45060,45120,433.90,1958.5,121.7,13881.7891
45120,45180,433.18,1958.4,122.6,13870.2314
