CampaignData_and_Merges/R0/CSL_MobileLab_Parked/raw/20240806/USOS-NOy-LIF_MobileLabGround_20240806_R0.ict
39,1001
Rollins, A.; Waxman, E.; Zuraski, K.; Chace, W.
NOAA Chemical Sciences Laboratory
LIF NO/NOx/NOy on CSL Mobile Lab
AMMBEC / USOS
1, 1
2024,08,06, 2025,01,04
1
Time_Start, seconds, number_of_seconds_since_0000_UTC
7
1, 1, 1, 1, 1, 1, 1
-9999, -9999, -9999, -9999, -9999, -9999, -9999
Time_Stop, seconds, number_of_seconds_since_0000_UTC
NO_LIF, pptv, Gas_NO_InSitu_S_AVMR, volume mixing ratio of nitric oxide in air
NO2_LIF, pptv, Gas_NO2_InSitu_S_AVMR, volume mixing ratio of nitrogen dioxide in air
NOy_LIF, pptv, Gas_NOy_InSitu_S_AVMR, volume mixing ratio of total oxidized nitrogen in air
NO_LIF_1SigmaAccuracy, pptv, Gas_NO_InSitu_S_AVMR, volume mixing ratio of nitric oxide in air
NO2_LIF_1SigmaAccuracy, pptv, Gas_NO2_InSitu_S_AVMR, volume mixing ratio of nitrogen dioxide in air
NOy_LIF_1SigmaAccuracy, pptv, Gas_NOy_InSitu_S_AVMR, volume mixing ratio of total oxidized nitrogen in air
0
18
PI_CONTACT_INFO: andrew.rollins@noaa.gov
PLATFORM: CSL Mobile Lab
LOCATION: Salt Lake City, UT
ASSOCIATED_DATA:
INSTRUMENT_INFO: NO detection by laser induced fluorescence. NO2 detection by photolytic conversion to NO. NOy detection by catalytic conversion to NO on gold surface
DATA_INFO:
UNCERTAINTY: Included 1 Sigma Accuracy waves represent the combined calibration uncertainties (±6%, ±9%, ±10%) and zero uncertainties (3 ppt, 20 ppt, 100 ppt) for NO, NO2, and NOy, respectively.
ULOD_FLAG: -7777
ULOD_VALUE: N/A
LLOD_FLAG: -8888
LLOD_VALUE: N/A
DM_CONTACT_INFO: andrew.rollins@noaa.gov
PROJECT_INFO: USOS Project, July - August 2024
STIPULATIONS_ON_USE: Users are strongly encouraged to contact the PI for proper data usage.
OTHER_COMMENTS:
REVISION: R0
R0: final data
Time_Start, Time_Stop, NO_LIF, NO2_LIF, NOy_LIF, NO_LIF_1SigmaAccuracy, NO2_LIF_1SigmaAccuracy, NOy_LIF_1SigmaAccuracy
[from data line 263]
   15780,   15840,47.874,1208.9,1955.8,5.8724, 128.8, 295.58
   15840,   15900,109.87,1403.2,1832.8,9.5919, 146.29, 283.28
   15900,   15960,137.73,1563.2,2476.3,11.264, 160.68, 347.63
   15960,   16020,-9999,-9999,-9999,-9999, -9999, -9999
   16020,   16080,-9999,-9999,-9999,-9999, -9999, -9999
   16080,   16140,-9999,-9999,-9999,-9999, -9999, -9999
   16140,   16200,-9999,-9999,-9999,-9999, -9999, -9999
   16200,   16260,-9999,-9999,-9999,-9999, -9999, -9999
   16260,   16320,-9999,-9999,-9999,-9999, -9999, -9999
   16320,   16380,-9999,-9999,-9999,-9999, -9999, -9999
   16380,   16440,30.367,974.35,1535.1,4.822, 107.69, 253.51
   16440,   16500,38.685,1031.7,1650.7,5.3211, 112.86, 265.07
   16500,   16560,14.638,1045.8,1613.9,3.8783, 114.12, 261.39
   16560,   16620,17.085,1084.9,1775.1,4.0251, 117.65, 277.51
   16620,   16680,86.584,1234,1908.3,8.1951, 131.06, 290.83
   16680,   16740,15.748,992.8,1603.8,3.9449, 109.35, 260.38
   16740,   16800,23.028,1025.7,1593.8,4.3817, 112.32, 259.38
   16800,   16860,27.29,1030.2,1619,4.6374, 112.72, 261.9
   16860,   16920,29.565,1046.6,1771,4.7739, 114.2, 277.1
   16920,   16980,16.138,1083,1689.8,3.9683, 117.47, 268.98
   16980,   17040,222.1,1509.4,2058.2,16.326, 155.85, 305.82
   17040,   17100,351.26,2443.4,3651.1,24.075, 239.91, 465.11
   17100,   17160,100.49,1408.7,2368.2,9.0296, 146.78, 336.82
   17160,   17220,51.837,1462.1,2248.1,6.1102, 151.59, 324.81
   17220,   17280,13.716,1158.2,1864.5,3.823, 124.23, 286.45
   17280,   17340,21.535,1107.6,1726.9,4.2921, 119.68, 272.69
   17340,   17400,158.12,1404.8,1935.7,12.487, 146.43, 293.57
   17400,   17460,1167.2,4382.4,5395.4,73.031, 414.41, 639.54
   17460,   17520,245.37,2760.7,4298.8,17.722, 268.46, 529.88
   17520,   17580,102.2,1502,2318.4,9.1318, 155.18, 331.84
   17580,   17640,205.92,1676.7,2517.3,15.355, 170.9, 351.73
   17640,   17700,36.382,1471.8,2096.7,5.1829, 152.46, 309.67
   17700,   17760,71.561,1591.7,2123.4,7.2936, 163.25, 312.34
   17760,   17820,170.34,2115.1,2978.4,13.22, 210.36, 397.84
   17820,   17880,378.18,2681.3,3582,25.691, 261.32, 458.2
   17880,   17940,94.66,2137.3,3230.9,8.6796, 212.35, 423.09
   17940,   18000,65.31,1842.1,2733.4,6.9186, 185.79, 373.34
   18000,   18060,171.68,2073.6,2594,13.301, 206.62, 359.4
   18060,   18120,51.22,1870.7,2760.2,6.0732, 188.37, 376.02
   18120,   18180,11.164,1312.7,2144,3.6698, 138.14, 314.4
   18180,   18240,29.057,1434.5,2046.9,4.7434, 149.1, 304.69
   18240,   18300,90.875,1703.6,2622.1,8.4525, 173.33, 362.21
   18300,   18360,138.17,2028.3,2768.6,11.29, 202.55, 376.86
   18360,   18420,24.655,1632.4,2601.2,4.4793, 166.92, 360.12
   18420,   18480,11.231,1627.6,2306.1,3.6738, 166.48, 330.61
   18480,   18540,8.5102,1533.4,2331.9,3.5106, 158.01, 333.19
   18540,   18600,24.123,1874.1,2400.2,4.4474, 188.67, 340.02
   18600,   18660,36.623,1794.2,2408.6,5.1974, 181.48, 340.86
   18660,   18720,29.491,2165.5,2863.2,4.7695, 214.9, 386.32
   18720,   18780,25.009,1931.5,2653.3,4.5005, 193.83, 365.33
   18780,   18840,141.88,3157.5,3234.6,11.513, 304.18, 423.46
   18840,   18900,207.23,3225.7,4124.3,15.434, 310.31, 512.43
   18900,   18960,32.628,1901.6,3181.6,4.9577, 191.14, 418.16
   18960,   19020,82.463,2127,3077.3,7.9478, 211.43, 407.73
   19020,   19080,38.801,1531.6,2402.2,5.328, 157.84, 340.22
   19080,   19140,84.052,1711.5,2309.8,8.0431, 174.03, 330.98
   19140,   19200,229.71,1773,2756.2,16.783, 179.57, 375.62
   19200,   19260,811.66,2369.5,3122.5,51.699, 233.25, 412.25
   19260,   19320,505.06,2624.3,5058.5,33.303, 256.19, 605.85
   19320,   19380,125.76,1316.5,2270,10.545, 138.48, 327
   19380,   19440,218.32,1517,1920.4,16.099, 156.53, 292.04
   19440,   19500,184.98,1461.2,2348.8,14.099, 151.51, 334.88
   19500,   19560,56.261,1094.3,1743.2,6.3757, 118.49, 274.32
   19560,   19620,46.931,1094.6,1858.1,5.8159, 118.52, 285.81
   19620,   19680,46.767,1129.2,1774.4,5.806, 121.63, 277.44
   19680,   19740,18.898,1130.3,1744.5,4.1339, 121.72, 274.45
   19740,   19800,10.079,1091.7,1719.3,3.6048, 118.25, 271.93
   19800,   19860,136.91,1545.3,1814.3,11.215, 159.08, 281.43
   19860,   19920,772.81,3689.8,3855.4,49.368, 352.08, 485.54
   19920,   19980,486.78,4047,5134.5,32.207, 384.23, 613.45
   19980,   20040,47.017,1756.6,2931.6,5.821, 178.1, 393.16
   20040,   20100,21.601,1603.1,2226.1,4.2961, 164.28, 322.61
   20100,   20160,13.863,1563.8,2241.4,3.8318, 160.74, 324.14
   20160,   20220,13.609,1454.8,2069.4,3.8165, 150.93, 306.94
   20220,   20280,15.146,1444,2072.4,3.9087, 149.96, 307.24
   20280,   20340,15.214,1186.9,1808.1,3.9129, 126.82, 280.81
   20340,   20400,40.083,1391.1,1930.8,5.405, 145.2, 293.08
   20400,   20460,9.301,1164.4,1811.9,3.5581, 124.79, 281.19
   20460,   20520,16.389,1258.8,1820.4,3.9834, 133.29, 282.04
   20520,   20580,62.488,1816.9,2248.8,6.7493, 183.52, 324.88
   20580,   20640,567.18,3552,4021.1,37.031, 339.68, 502.11
   20640,   20700,92.319,1541.2,2988.6,8.5391, 158.71, 398.86
   20700,   20760,146.93,1270.2,1801.3,11.816, 134.32, 280.13
   20760,   20820,13.327,996.24,1723.3,3.7996, 109.66, 272.33
   20820,   20880,30.035,1077,1612.1,4.8021, 116.93, 261.21
   20880,   20940,51.299,1274.3,1907.8,6.078, 134.69, 290.78
   20940,   21000,22.124,1178.4,1761.3,4.3275, 126.05, 276.13
   21000,   21060,15.268,1240.4,1797.1,3.9161, 131.63, 279.71
   21060,   21120,16.723,1267.1,1882.8,4.0034, 134.04, 288.28
   21120,   21180,29.519,1250.6,1885.9,4.7712, 132.55, 288.59
   21180,   21240,61.323,1312.8,1975.2,6.6794, 138.15, 297.52
   21240,   21300,15.553,1092.9,1804.6,3.9332, 118.36, 280.46
   21300,   21360,18.094,1049.2,1623.8,4.0856, 114.43, 262.38
   21360,   21420,12.371,995.05,1582.4,3.7422, 109.55, 258.24
   21420,   21480,14.174,1020.1,1591.5,3.8504, 111.81, 259.15
   21480,   21540,14.662,941.37,1508,3.8797, 104.72, 250.8
   21540,   21600,11.803,890.88,1444.5,3.7082, 100.18, 244.45
   21600,   21660,100.01,1311.5,1893.3,9.0003, 138.04, 289.33
   21660,   21720,87.581,1530.2,2387.2,8.2548, 157.72, 338.72
   21720,   21780,133.78,1163.2,1866.7,11.027, 124.69, 286.67
   21780,   21840,198.83,1675.5,2308.1,14.93, 170.79, 330.81
   21840,   21900,45.397,1228.6,2362.5,5.7238, 130.57, 336.25
   21900,   21960,66.811,1184.3,1732.6,7.0087, 126.59, 273.26
   21960,   22020,143.22,1174.2,1792.5,11.593, 125.68, 279.25
   22020,   22080,37.5,952.52,1602.7,5.25, 105.73, 260.27
   22080,   22140,21.182,826.28,1410.5,4.2709, 94.365, 241.05
   22140,   22200,8.8185,817.67,1348.6,3.5291, 93.591, 234.86
   22200,   22260,10.375,833.59,1360.3,3.6225, 95.023, 236.03
   22260,   22320,8.5011,831.45,1374.8,3.5101, 94.831, 237.48
   22320,   22380,9.3695,807.12,1367.8,3.5622, 92.641, 236.78
   22380,   22440,38.64,894.86,1467.2,5.3184, 100.54, 246.72
   22440,   22500,45.645,977.22,1637.4,5.7387, 107.95, 263.74
   22500,   22560,245.9,1520.1,2442.7,17.754, 156.81, 344.27
   22560,   22620,22.839,938.56,1633.4,4.3703, 104.47, 263.34
   22620,   22680,13.18,947.8,1595.8,3.7908, 105.3, 259.58
   22680,   22740,125.07,1246.3,1761.8,10.504, 132.16, 276.18
   22740,   22800,95.13,1375.7,1981.3,8.7078, 143.81, 298.13
   22800,   22860,42.278,1461.1,2052.1,5.5367, 151.49, 305.21
   22860,   22920,17.914,906.83,1547.3,4.0748, 101.62, 254.73
   22920,   22980,8.0988,844.46,1412.1,3.4859, 96.001, 241.21
   22980,   23040,14.863,831.97,1452.4,3.8918, 94.877, 245.24
   23040,   23100,12.469,805.84,1340.8,3.7482, 92.525, 234.08
   23100,   23160,8.4776,806.13,1350.6,3.5087, 92.552, 235.06
   23160,   23220,8.7848,822.61,1370.3,3.5271, 94.035, 237.03
   23220,   23280,8.7664,786.89,1339.2,3.526, 90.82, 233.92
   23280,   23340,8.7816,791.82,1332.5,3.5269, 91.264, 233.25
   23340,   23400,6.3331,805.33,1397.1,3.38, 92.479, 239.71
   23400,   23460,15.16,819.14,1386.8,3.9096, 93.723, 238.68
   23460,   23520,16.247,852.9,1429.5,3.9748, 96.761, 242.95
   23520,   23580,14.163,840.69,1396.1,3.8498, 95.662, 239.61
   23580,   23640,53.818,906.39,1485.7,6.2291, 101.58, 248.57
   23640,   23700,13.46,879.92,1478.5,3.8076, 99.193, 247.85
   23700,   23760,11.242,886.02,1472.4,3.6745, 99.742, 247.24
   23760,   23820,18.66,889.79,1508.1,4.1196, 100.08, 250.81
   23820,   23880,7.9289,856.78,1419.9,3.4757, 97.11, 241.99
   23880,   23940,11.597,875.9,1391.1,3.6958, 98.831, 239.11
   23940,   24000,-9999,-9999,-9999,-9999, -9999, -9999
   24000,   24060,-9999,-9999,-9999,-9999, -9999, -9999
   24060,   24120,-9999,-9999,-9999,-9999, -9999, -9999
   24120,   24180,-9999,-9999,-9999,-9999, -9999, -9999
   24180,   24240,-9999,-9999,-9999,-9999, -9999, -9999
   24240,   24300,-9999,-9999,-9999,-9999, -9999, -9999
   24300,   24360,-9999,-9999,-9999,-9999, -9999, -9999
   24360,   24420,10.213,843.7,1536.2,3.6128, 95.933, 253.62
   24420,   24480,68.262,1200.1,1769.7,7.0957, 128.01, 276.97
   24480,   24540,14.281,980.75,1678.3,3.8569, 108.27, 267.83
   24540,   24600,5.1204,888.16,1499.9,3.3072, 99.935, 249.99
   24600,   24660,23.738,1014.5,1763.1,4.4243, 111.3, 276.31
   24660,   24720,6.2852,890.44,1484.4,3.3771, 100.14, 248.44
   24720,   24780,9.9496,915.77,1546.1,3.597, 102.42, 254.61
   24780,   24840,7.5875,958.14,1576.2,3.4553, 106.23, 257.62
   24840,   24900,14.598,1180.1,1764.5,3.8759, 126.21, 276.45
   24900,   24960,7.5741,1064.2,1773.4,3.4544, 115.78, 277.34
   24960,   25020,9.2157,967.73,1608.5,3.5529, 107.1, 260.85
   25020,   25080,7.7425,922.12,1547.2,3.4646, 102.99, 254.72
   25080,   25140,17.957,930.24,1589.5,4.0774, 103.72, 258.95
   25140,   25200,11.936,1104.9,1748.7,3.7162, 119.44, 274.87
   25200,   25260,4.8939,925.18,1545.8,3.2936, 103.27, 254.58
   25260,   25320,5.4583,879.19,1512.5,3.3275, 99.127, 251.25
   25320,   25380,9.201,876.4,1502.1,3.5521, 98.876, 250.21
   25380,   25440,7.9548,904.85,1487.1,3.4773, 101.44, 248.71
   25440,   25500,17.594,885.99,1489.6,4.0556, 99.739, 248.96
   25500,   25560,10.892,828.82,1437.6,3.6535, 94.594, 243.76
   25560,   25620,10.552,811.49,1386,3.6331, 93.034, 238.6
   25620,   25680,11.902,811.35,1368.4,3.7141, 93.021, 236.84
   25680,   25740,11.891,793.11,1349.5,3.7135, 91.38, 234.95
   25740,   25800,12.581,799.08,1383.8,3.7548, 91.917, 238.38
   25800,   25860,15.24,848.31,1418.5,3.9144, 96.348, 241.85
   25860,   25920,13.352,790.2,1449.1,3.8011, 91.118, 244.91
   25920,   25980,167.66,1146.2,1499.1,13.059, 123.16, 249.91
   25980,   26040,286.46,2000,2840.5,20.188, 200, 384.05
   26040,   26100,61.98,1525.1,2263.5,6.7188, 157.25, 326.35
   26100,   26160,17.784,1201.8,2074.6,4.067, 128.16, 307.46
   26160,   26220,12.655,921.88,1515.3,3.7593, 102.97, 251.53
   26220,   26280,37.245,1106.8,1690.6,5.2347, 119.62, 269.06
   26280,   26340,63.909,1571.3,2329.2,6.8345, 161.41, 332.92
   26340,   26400,10.782,1080.7,1757.2,3.6469, 117.27, 275.72
   26400,   26460,30.037,951.44,1584.8,4.8022, 105.63, 258.48
   26460,   26520,24.836,934.49,1615.2,4.4902, 104.1, 261.52
   26520,   26580,8.9829,841.1,1483.7,3.539, 95.699, 248.37
   26580,   26640,11.429,887.26,1465.4,3.6857, 99.853, 246.54
   26640,   26700,7.863,864.23,1447.5,3.4718, 97.781, 244.75
   26700,   26760,8.0691,829.71,1401,3.4841, 94.674, 240.1
   26760,   26820,14.372,867.56,1439.3,3.8623, 98.08, 243.93
   26820,   26880,11.499,888.04,1495.1,3.6899, 99.924, 249.51
   26880,   26940,68.013,1204.5,1883.3,7.0808, 128.41, 288.33
   26940,   27000,35.226,1302.3,1888.8,5.1136, 137.21, 288.88
   27000,   27060,9.3053,945.77,1537.8,3.5583, 105.12, 253.78
   27060,   27120,6.7073,906.82,1502.1,3.4024, 101.61, 250.21
   27120,   27180,5.6377,881.99,1477.3,3.3383, 99.379, 247.73
   27180,   27240,14.802,978.48,1499.2,3.8881, 108.06, 249.92
   27240,   27300,17.479,1139.1,1737.8,4.0487, 122.52, 273.78
   27300,   27360,15.551,1313.8,2136.7,3.9331, 138.24, 313.67
   27360,   27420,9.8044,985.46,1780.6,3.5883, 108.69, 278.06
   27420,   27480,6.7457,955.54,1654.8,3.4047, 106, 265.48
   27480,   27540,6.0754,1007.8,1646.5,3.3645, 110.7, 264.65
   27540,   27600,7.1601,1004,1694.1,3.4296, 110.36, 269.41
   27600,   27660,3.8364,1019.6,1684.7,3.2302, 111.76, 268.47
   27660,   27720,5.6336,1001.5,1648,3.338, 110.13, 264.8
   27720,   27780,8.0633,1091.6,1731.5,3.4838, 118.24, 273.15
   27780,   27840,9.3768,1075.9,1807.7,3.5626, 116.83, 280.77
   27840,   27900,10.273,1042,1684.3,3.6164, 113.78, 268.43
   27900,   27960,23.89,1292.6,1856.7,4.4334, 136.33, 285.67
   27960,   28020,21.639,1289.6,2092.5,4.2983, 136.06, 309.25
   28020,   28080,17.321,975.34,1750.8,4.0393, 107.78, 275.08
   28080,   28140,11.514,931.41,1549.5,3.6909, 103.83, 254.95
   28140,   28200,10.894,954.12,1557.4,3.6537, 105.87, 255.74
   28200,   28260,23.215,1640.8,1837.6,4.3929, 167.68, 283.76
   28260,   28320,8.287,2795.8,3460.9,3.4972, 271.62, 446.09
   28320,   28380,9.9407,3708.4,4483.7,3.5964, 353.75, 548.37
   28380,   28440,5.5653,4184.8,5215.1,3.3339, 396.63, 621.51
   28440,   28500,8.4495,4467.4,5409.8,3.507, 422.07, 640.98
   28500,   28560,5.5035,4806,5871.8,3.3302, 452.54, 687.18
   28560,   28620,5.2092,4798.1,5710,3.3126, 451.83, 671
   28620,   28680,6.338,4843.1,5890.8,3.3803, 455.88, 689.08
   28680,   28740,4.9552,4764.4,5811.7,3.2973, 448.79, 681.17
   28740,   28800,6.6815,4732.1,5834.5,3.4009, 445.89, 683.45
   28800,   28860,7.8317,4808,5853,3.4699, 452.72, 685.3
   28860,   28920,10.883,4906.5,5896.4,3.653, 461.58, 689.64
   28920,   28980,14.876,4948.7,5928.3,3.8926, 465.38, 692.83
   28980,   29040,8.2613,4975.6,5955.7,3.4957, 467.8, 695.57
   29040,   29100,6.6894,4970.7,6132.1,3.4014, 467.36, 713.21
   29100,   29160,10.488,5031.8,6285.6,3.6293, 472.86, 728.56
   29160,   29220,27.749,4883.8,6268.3,4.6649, 459.54, 726.83
   29220,   29280,9.9221,4424.8,5923.4,3.5953, 418.23, 692.34
   29280,   29340,6.6162,2932.9,4768.5,3.397, 283.96, 576.85
   29340,   29400,9.8159,3594.9,5156.8,3.589, 343.54, 615.68
   29400,   29460,20.935,3396.1,4814.7,4.2561, 325.65, 581.47
   29460,   29520,14.924,1878.3,3097.5,3.8954, 189.05, 409.75
   29520,   29580,49.041,2181.5,2700.9,5.9424, 216.34, 370.09
   29580,   29640,28.465,1361.4,2712.2,4.7079, 142.52, 371.22
   29640,   29700,11.206,1182.3,1869.8,3.6724, 126.4, 286.98
   29700,   29760,11.454,1496.8,2017.3,3.6872, 154.72, 301.73
   29760,   29820,15.258,1103.8,1810.6,3.9155, 119.34, 281.06
   29820,   29880,38,1250.5,1954.7,5.28, 132.55, 295.47
   29880,   29940,166.42,1874.6,2500.6,12.985, 188.71, 350.06
   29940,   30000,242.27,2712.6,3219.6,17.536, 264.14, 421.96
   30000,   30060,123.3,2498.4,3816.6,10.398, 244.86, 481.66
   30060,   30120,65.788,1436.2,2560.7,6.9473, 149.26, 356.07
   30120,   30180,29.229,1173.4,1998.8,4.7537, 125.6, 299.88
   30180,   30240,13.27,1045.6,1785.8,3.7962, 114.11, 278.58
   30240,   30300,8.9365,1006.7,1683.4,3.5362, 110.6, 268.34
   30300,   30360,9.4162,1090.9,1665.9,3.565, 118.18, 266.59
   30360,   30420,9.7671,1435.6,1821.2,3.586, 149.2, 282.12
   30420,   30480,10.018,1750.1,2187.7,3.6011, 177.51, 318.77
   30480,   30540,9.1494,1896.3,2370.9,3.549, 190.67, 337.09
   30540,   30600,6.6804,2250.4,2718.8,3.4008, 222.53, 371.88
   30600,   30660,9.2564,2658.8,3289.7,3.5554, 259.29, 428.97
   30660,   30720,7.2807,3381,3484.6,3.4368, 324.29, 448.46
   30720,   30780,4.9427,3669.9,4108.9,3.2966, 350.29, 510.89
   30780,   30840,8.6243,3833.7,4594.8,3.5175, 365.03, 559.48
   30840,   30900,18.239,3908,4823.1,4.0943, 371.72, 582.31
   30900,   30960,35.914,4035.6,4893.3,5.1548, 383.2, 589.33
   30960,   31020,49.636,4497,5291.5,5.9781, 424.73, 629.15
   31020,   31080,40.007,4841.5,5625.5,5.4004, 455.73, 662.55
   31080,   31140,14.109,4564.8,5819.7,3.8465, 430.83, 681.97
   31140,   31200,11.369,4542.2,5720.2,3.6821, 428.8, 672.02
   31200,   31260,7.3439,4419.3,5603.3,3.4406, 417.74, 660.33
   31260,   31320,5.8335,4065.8,5260.9,3.35, 385.93, 626.09
   31320,   31380,6.9873,3925.2,5069.2,3.4192, 373.26, 606.92
   31380,   31440,11.118,3505.4,4726.2,3.6671, 335.49, 572.62
