CampaignData_and_Merges/R0/CSL_MobileLab_Parked/raw/20240806/USOS-PTR_MobileLabGround_20240806_RA.ict
58, 1001
Matthew Coggon, Kelvin Bates, Chelsea Stockwell, Carsten Warneke
NOAA ESRL Chemical Sciences Division
NOAA PTR-ToF-MS
USOS
1,1 
2024, 08, 06, 2023, 08, 08
0
Time_Start, seconds, number of seconds from 00:00 UTC 
22
1, 1, 1, 1, 1, 1, 1, 1, 1, 1, 1, 1, 1, 1, 1, 1, 1, 1, 1, 1, 1, 1
-9999, -9999, -9999, -9999, -9999, -9999, -9999, -9999, -9999, -9999, -9999, -9999, -9999, -9999, -9999, -9999, -9999, -9999, -9999, -9999, -9999, -9999
CH3OH_NOAAPTR_ppbv,  ppbv, Gas_CH3OH_InSitu_S_AVMR, (CH3OH) methanol
CH3CN_NOAAPTR_ppbv,  ppbv, Gas_CH3CN_InSitu_S_AVMR, (CH3CN) acetonitrile
CH3CHO_NOAAPTR_ppbv,  ppbv, Gas_CH3CHO_InSitu_S_AVMR, (CH3CHO) acetaldehyde plus contributions from ethylene glycol and ethylene oxide. Interference from ethanol has been subtracted out.
C2H5OH_NOAAPTR_ppbv,  ppbv, Gas_C2H5OH_InSitu_S_AVMR, (C2H5OH) ethanol
CH3SH_NOAAPTR_ppbv,  ppbv, Gas_CH3SH_InSitu_S_AVMR, (CH3SH) methanethiol, using calibration factor for DMS
Acrolein_NOAAPTR_ppbv,  ppbv, Gas_Acrolein_InSitu_S_AVMR, (C3H4O) acrolein
AcetonePropanal_NOAAPTR_ppbv,  ppbv, Gas_AcetoneAndPropanal_InSitu_S_AVMR, (C3H6O) sum of acetone (dominant isomer) and propanal, using calibration factor for acetone
DMS_NOAAPTR_ppbv,  ppbv, Gas_DMS_InSitu_S_AVMR, (C2H6S) dimethyl sulfide with possible small contributions from ethanethiol
C5H8_NOAAPTR_ppbv,  ppbv, Gas_Isoprene_InSitu_S_AVMR, (C5H8) isoprene and possible fragments from cycloalkanes and aldehydes. Interferences have been subtracted following methods described by Coggon et al (2023)
MVKMAC_NOAAPTR_ppbv,  ppbv, Gas_MVKAndMAC_InSitu_S_AVMR, (C4H6O) sum of methyl vinyl ketone, methacrolein, and small amounts of crotonaldehyde, using weighted calibration factor for MVK (0.637) and MACR (0.363)
Benzene_NOAAPTR_ppbv,  ppbv, Gas_Benzene_InSitu_S_AVMR, (C6H6) benzene
Toluene_NOAAPTR_ppbv,  ppbv, Gas_Toluene_InSitu_S_AVMR, (C7H8) toluene with possible small contributions of fragments from ethyltoluene
Styrene_NOAAPTR_ppbv,  ppbv, Gas_Styrene_InSitu_S_AVMR, (C8H8) styrene
Benzaldehyde_NOAAPTR_ppbv,  ppbv, Gas_Benzaldehyde_InSitu_S_AVMR, (C7H6O) benzaldehyde
C8Aromatics_NOAAPTR_ppbv,  ppbv, Gas_C8Aromatics_InSitu_M_AVMR, (C8H10) sum of m-xylene, p-xylene, o-xylene, and ethyl benzene
C9Aromatics_NOAAPTR_ppbv,  ppbv, Gas_C9Aromatics_InSitu_M_AVMR, (C9H12) sum of C9 aromatics
Naphthalene_NOAAPTR_ppbv,  ppbv, Gas_Naphthalene_InSitu_S_AVMR, (C10H8) naphthalene
Octanal_NOAAPTR_ppbv,  ppbv, Gas_Octanal_InSitu_S_AVMR, (C8H16O) octanal and small amounts of octanone
Monoterpenes_NOAAPTR_ppbv,  ppbv, Gas_Monoterpenes_InSitu_M_AVMR, (C10H16) sum of monoterpenes and possible contributions from fragments of oxygenated monoterpenoids such as eucalyptol.
Nonanal_NOAAPTR_ppbv,  ppbv, Gas_Nonanal_InSitu_M_AVMR, (C9H18O) nonanal and small amounts of nonanone
C7H4ClF3_NOAAPTR_ppbv,  ppbv, Gas_C7H4ClF3_InSitu_S_AVMR, (C7H4ClF3) parachlorobenzotrifluoride
C10H30O5Si5_NOAAPTR_ppbv,  ppbv, Gas_C10H30O5Si5_InSitu_S_AVMR, (C10H30O5Si5) decamethylcyclopentasiloxane
1
SPECIAL COMMENTS:N/A
21
PI_CONTACT_INFO: NOAA ESRL Chemical Sciences Division, Tropospheric Chemistry Group. 325 Broadway, R/CSD7, Boulder, CO 80305
PLATFORM: Mobile Laboratory.
LOCATION: Salt Lake City, UT
ASSOCIATED_DATA: N/A
INSTRUMENT_INFO: NOAA PTR-ToF-MS measurements on NOAA CSL Mobile Lab
DATA_INFO: Units: ppbv
UNCERTAINTY: See OTHER_COMMENTS
ULOD_FLAG: -7777
ULOD_VALUE: N/A
LLOD_FLAG: -8888
LLOD_VALUE: N/A.
DM_CONTACT_INFO: Data Managers: Matt Coggon, Kelvin Bates, Chelsea Stockwell; email: matthew.m.coggon@noaa.gov and kelvin.bates@colorado.edu
PROJECT_INFO: USOS Deployment July-August, 2024
STIPULATIONS_ON_USE: Use of these data require prior OK from PI.
OTHER_COMMENTS: Uncertainties:
CH3OH_NOAAPTR_ppbv:30%; CH3CN_NOAAPTR_ppbv:30%; CH3CHO_NOAAPTR_ppbv:30%; C2H5OH_NOAAPTR_ppbv:30%; CH3SH_NOAAPTR_ppbv:50%; Acrolein_NOAAPTR_ppbv:30%; AcetonePropanal_NOAAPTR_ppbv:30%; DMS_NOAAPTR_ppbv:30%; C5H8_NOAAPTR_ppbv:30%; MVKMAC_NOAAPTR_ppbv:30%; 
Benzene_NOAAPTR_ppbv:30%; Toluene_NOAAPTR_ppbv:30%; Styrene_NOAAPTR_ppbv:30%; Benzaldehyde_NOAAPTR_ppbv:30%; C8Aromatics_NOAAPTR_ppbv:30%; C9Aromatics_NOAAPTR_ppbv:30%; Naphthalene_NOAAPTR_ppbv:30%; Octanal_NOAAPTR_ppbv:30%; Monoterpenes_NOAAPTR_ppbv:30%; Nonanal_NOAAPTR_ppbv:30%; 
C7H4ClF3_NOAAPTR_ppbv:30%; C10H30O5Si5_NOAAPTR_ppbv:30%; 
REVISION: RA
RA: Field Data
Time_Start, CH3OH_NOAAPTR_ppbv, CH3CN_NOAAPTR_ppbv, CH3CHO_NOAAPTR_ppbv, C2H5OH_NOAAPTR_ppbv, CH3SH_NOAAPTR_ppbv, Acrolein_NOAAPTR_ppbv, AcetonePropanal_NOAAPTR_ppbv, DMS_NOAAPTR_ppbv, C5H8_NOAAPTR_ppbv, MVKMAC_NOAAPTR_ppbv, Benzene_NOAAPTR_ppbv, Toluene_NOAAPTR_ppbv, Styrene_NOAAPTR_ppbv, Benzaldehyde_NOAAPTR_ppbv, C8Aromatics_NOAAPTR_ppbv, C9Aromatics_NOAAPTR_ppbv, Naphthalene_NOAAPTR_ppbv, Octanal_NOAAPTR_ppbv, Monoterpenes_NOAAPTR_ppbv, Nonanal_NOAAPTR_ppbv, C7H4ClF3_NOAAPTR_ppbv, C10H30O5Si5_NOAAPTR_ppbv
[from data line 873]
52380.0, 35.71056, 0.18347, 1.11550, 2.64812, -0.00090, 0.24904, 3.21674, 0.00018, 0.68350, 0.34751, 0.22009, 1.01995, 0.04475, -9999.00000, 0.26643, 0.15031, -0.00617, 0.02082, 0.19569, 0.03008, 0.00137, 0.00215 
52440.0, 24.39110, 0.19936, 1.38081, 3.50828, 0.00139, 0.21749, 3.38395, 0.00131, 0.69034, 0.39985, 0.20700, 0.59319, 0.03218, -9999.00000, 0.26427, 0.13265, -0.00473, 0.03550, 0.22463, 0.02853, 0.00501, 0.00249 
52500.0, 18.46383, 0.23126, 0.93688, 2.09217, -0.00045, 0.18044, 3.16131, 0.01153, 0.67705, 0.31487, 0.00227, 0.13691, -0.00611, -9999.00000, 0.08015, 0.03285, -0.00157, 0.03088, 0.16821, 0.01864, 0.00076, 0.00049 
52560.0, 10.13998, 0.19750, 0.86040, 1.26442, 0.00235, 0.15308, 3.13768, 0.01158, 0.59240, 0.34446, 0.01730, 0.09270, 0.00572, -9999.00000, 0.06938, 0.03807, -0.00961, 0.02334, 0.18605, 0.03276, 0.00875, 0.00141 
52620.0, 10.44788, 0.21865, 0.86714, 1.75126, 0.00132, 0.16411, 3.17441, 0.00772, 0.61213, 0.37247, 0.12219, 0.23304, 0.01319, -9999.00000, 0.16153, 0.06832, 0.00870, 0.03901, 0.18592, 0.02639, 0.00184, 0.00143 
52680.0, 16.01098, 0.21703, 1.40782, 2.92619, 0.00295, 0.22964, 3.32926, 0.01806, 0.72031, 0.36797, 0.37788, 0.46882, 0.04403, -9999.00000, 0.31111, 0.14088, 0.02092, 0.02389, 0.18223, 0.02971, 0.00699, 0.00261 
52740.0, 10.86463, 0.21490, 1.25887, 1.51034, 0.00563, 0.27934, 3.29849, 0.00683, 0.75570, 0.40633, 0.06353, 0.13326, 0.01608, -9999.00000, 0.10589, 0.05609, 0.01249, 0.03959, 0.21106, 0.04433, 0.00504, 0.00835 
52800.0, 15.56395, 0.20789, 1.08004, 3.38038, 0.00209, 0.21977, 3.33254, -0.00186, 0.67001, 0.37876, 0.08128, 0.25844, 0.02121, -9999.00000, 0.20244, 0.06898, -0.00860, 0.02807, 0.16443, 0.02809, 0.00175, 0.00430 
52860.0, 12.16483, 0.20059, 1.03533, 2.00675, 0.00017, 0.18194, 3.22640, -0.00069, 0.65210, 0.36380, 0.09286, 0.20751, 0.02223, -9999.00000, 0.12154, 0.06394, 0.00074, 0.02525, 0.19613, 0.02383, 0.00380, 0.00445 
52920.0, 13.81673, 0.18674, 1.14520, 3.27180, 0.00192, 0.18745, 3.42785, 0.00286, 0.56372, 0.46329, 0.15080, 0.32122, 0.02478, -9999.00000, 0.20475, 0.10154, -0.00962, 0.02800, 0.16117, 0.04078, 0.00596, 0.00277 
52980.0, 10.35048, 0.19239, 1.02882, 1.78409, -0.00061, 0.19477, 3.20815, 0.00456, 0.85316, 0.40461, 0.10893, 0.24395, 0.01948, -9999.00000, 0.18379, 0.07963, -0.00007, 0.03439, 0.21837, 0.03173, 0.00905, 0.00082 
53040.0, 12.81619, 0.21686, 1.18954, 2.31757, 0.00142, 0.18548, 3.35148, 0.00899, 0.79186, 0.37963, 0.07389, 0.23667, 0.02188, -9999.00000, 0.12189, 0.05404, -0.00759, 0.03857, 0.21051, 0.05085, 0.00853, 0.00309 
53100.0, 8.17625, 0.22493, 0.92566, 0.85943, 0.00022, 0.15887, 3.15791, 0.00075, 0.88615, 0.36087, 0.02360, 0.09232, -0.00636, -9999.00000, 0.06220, 0.03067, -0.00140, 0.03749, 0.19879, 0.01755, 0.00408, 0.00075 
53160.0, 15.76832, 0.21705, 1.13298, 1.94941, 0.00243, 0.22092, 3.27165, 0.00213, 0.99671, 0.40990, 0.12663, 0.24463, 0.02012, -9999.00000, 0.16069, 0.07263, -0.00963, 0.04182, 0.23800, 0.02565, 0.00260, 0.00697 
53220.0, 12.35358, 0.21373, 1.11727, 1.66769, 0.00506, 0.15953, 3.19776, -0.00184, 0.93301, 0.40665, 0.07179, 0.14854, 0.00849, -9999.00000, 0.09165, 0.03583, -0.00713, 0.03709, 0.23104, 0.02363, 0.00748, 0.00220 
53280.0, 12.41111, 0.18904, 0.95022, 1.57655, 0.00067, 0.17448, 3.19766, 0.00749, 0.86527, 0.39843, 0.08245, 0.16416, 0.02016, -9999.00000, 0.10997, 0.04793, -0.00963, 0.03803, 0.22727, 0.04495, 0.00309, 0.00264 
53340.0, 13.99195, 0.21094, 0.92030, 1.51314, -0.00019, 0.17644, 3.15770, 0.00383, 0.92428, 0.40921, 0.05314, 0.20006, -0.00339, -9999.00000, 0.10423, 0.05460, -0.00620, 0.02835, 0.24312, 0.02337, 0.00493, 0.00114 
53400.0, 13.07817, 0.19677, 3.05625, 1.68582, 0.00250, 0.17651, 3.31670, -0.00183, 1.04575, 0.45450, 0.13072, 0.20711, 0.02511, -9999.00000, 0.11825, 0.05423, -0.00500, 0.00933, 0.25430, 0.03992, 0.00254, 0.00203 
53460.0, 12.76079, 0.20693, 1.68875, 1.98522, 0.00640, 0.19820, 3.31768, 0.00556, 0.95725, 0.44854, 0.10909, 0.22068, 0.02329, -9999.00000, 0.12363, 0.06943, 0.00450, 0.03900, 0.22449, 0.03332, 0.00288, 0.00374 
53520.0, 10.57118, 0.21312, 1.24478, 1.44450, 0.00120, 0.19316, 3.24882, 0.00141, 0.96399, 0.44536, 0.05170, 0.13175, 0.00075, -9999.00000, 0.06738, 0.03680, 0.00865, 0.03171, 0.23716, 0.04051, 0.00521, 0.00343 
53580.0, 12.33365, 0.20901, 1.35654, 1.62411, -0.00046, 0.24668, 3.33605, 0.00947, 0.94743, 0.50491, 0.12754, 0.24714, 0.03289, -9999.00000, 0.10284, 0.06204, -0.00826, 0.03144, 0.24892, 0.04091, 0.00219, 0.00675 
53640.0, 13.87612, 0.20092, 1.57403, 2.24859, 0.00222, 0.23738, 3.33533, 0.00289, 1.06715, 0.47966, 0.18684, 0.36039, 0.03998, -9999.00000, 0.21869, 0.08935, -0.00964, 0.02527, 0.26026, 0.03629, 0.00981, 0.00305 
53700.0, 22.21389, 0.20547, 1.40868, 1.91818, 0.00037, 0.25240, 3.33886, 0.00602, 1.01346, 0.49577, 0.08542, 0.25380, -0.00665, -9999.00000, 0.17873, 0.09182, 0.00247, 0.03255, 0.23431, 0.04127, 0.00308, 0.00455 
53760.0, 18.25734, 0.21915, 1.35565, 1.62006, 0.00095, 0.19475, 3.28800, 0.01298, 0.93476, 0.47608, 0.08013, 0.20063, 0.02940, -9999.00000, 0.10338, 0.04934, -0.00965, 0.03265, 0.23375, 0.04305, 0.00242, 0.00157 
53820.0, 10.52615, 0.20330, 1.08239, 1.29996, 0.00325, 0.17883, 3.18983, 0.00871, 0.89108, 0.45190, 0.03780, 0.15638, -0.00450, -9999.00000, 0.08807, 0.04269, 0.01013, 0.02299, 0.24647, 0.05430, 0.00552, 0.00237 
53880.0, 12.12108, 0.20962, 1.17058, 1.65473, 0.00496, 0.19650, 3.28907, 0.00730, 0.94881, 0.48557, 0.12035, 0.19992, 0.03716, -9999.00000, 0.13777, 0.06793, -0.00216, 0.01943, 0.24781, 0.02831, 0.00165, 0.00249 
53940.0, 14.69827, 0.19457, 1.22977, 1.63666, 0.00220, 0.27021, 3.32918, 0.00023, 0.99434, 0.52285, 0.09735, 0.20973, 0.03761, -9999.00000, 0.10947, 0.05602, -0.00036, 0.03602, 0.25863, 0.04327, 0.00232, 0.00149 
54000.0, 11.53240, 0.22075, 1.13764, 1.36762, 0.00171, 0.20442, 3.33661, 0.02177, 0.97403, 0.45704, 0.07276, 0.14708, 0.02279, -9999.00000, 0.09269, 0.04191, -0.00965, 0.04085, 0.21869, 0.02779, 0.00064, 0.00278 
54060.0, 12.52027, 0.21064, 1.40174, 2.71993, 0.00339, 0.25923, 3.38030, 0.01208, 1.00846, 0.52320, 0.15157, 0.26256, 0.03953, -9999.00000, 0.16784, 0.09481, -0.00966, 0.04503, 0.27146, 0.06581, 0.00421, 0.00400 
54120.0, 10.73745, 0.20810, 1.01703, 1.31636, 0.00025, 0.18026, 3.28104, -0.00180, 1.02020, 0.47142, 0.03752, 0.11589, 0.01299, -9999.00000, 0.06665, 0.03257, 0.00141, 0.02378, 0.26635, 0.04448, 0.00791, 0.00053 
54180.0, 8.04221, 0.21884, 0.92304, 1.29150, 0.00022, 0.18159, 3.24610, 0.01570, 1.00214, 0.46343, 0.06025, 0.10335, 0.00321, -9999.00000, 0.07233, 0.01839, 0.00091, 0.02319, 0.24589, 0.03319, 0.00058, -0.00029 
54240.0, 9.07078, 0.22045, 0.92577, 1.35648, 0.00363, 0.19461, 3.34682, -0.00179, 1.08456, 0.46339, 0.04569, 0.13495, -0.00098, -9999.00000, 0.07599, 0.03246, -0.00966, 0.03565, 0.23556, 0.04117, -0.00033, 0.00138 
54300.0, 9.25630, 0.20773, 1.04696, 1.40699, 0.00154, 0.17637, 3.31921, 0.00774, 1.05534, 0.49935, 0.04213, 0.13357, 0.02085, -9999.00000, 0.08395, 0.03490, -0.00966, 0.02015, 0.23568, 0.03878, 0.00251, 0.00232 
54360.0, 8.75751, 0.20202, 0.96748, 1.24567, 0.00249, 0.17758, 3.34768, 0.00384, 1.03946, 0.47360, 0.03883, 0.13390, 0.01540, -9999.00000, 0.07383, 0.02695, -0.00435, 0.01668, 0.20259, 0.02615, 0.00410, 0.00121 
54420.0, 11.84537, 0.19658, 1.03221, 2.21801, -0.00004, 0.21644, 3.36810, 0.01494, 1.06246, 0.51223, 0.08471, 0.17831, 0.02039, -9999.00000, 0.09547, 0.03988, -0.00967, 0.04263, 0.24812, 0.01866, 0.00046, 0.00195 
54480.0, -9999.00000, -9999.00000, -9999.00000, -9999.00000, -9999.00000, -9999.00000, -9999.00000, -9999.00000, -9999.00000, -9999.00000, -9999.00000, -9999.00000, -9999.00000, -9999.00000, -9999.00000, -9999.00000, -9999.00000, -9999.00000, -9999.00000, -9999.00000, -9999.00000, -9999.00000 
54540.0, 9.48697, 0.20416, 1.07254, 2.09602, 0.00053, 0.21490, 3.34869, 0.00349, 1.13865, 0.51107, 0.07725, 0.17889, 0.02053, -9999.00000, 0.10689, 0.04449, -0.00967, 0.04132, 0.24678, 0.03394, 0.00267, 0.00073 
54600.0, 10.02139, 0.20794, 1.12522, 1.84196, -0.00091, 0.21344, 3.36574, -0.00178, 0.97444, 0.55566, 0.05290, 0.16718, 0.01005, -9999.00000, 0.10248, 0.04251, 0.00093, 0.02115, 0.27531, 0.03617, 0.00230, 0.00688 
54660.0, 10.12343, 0.22235, 1.47394, 1.92508, 0.00349, 0.38945, 3.44388, 0.01872, 1.03003, 0.64434, 0.12761, 0.22645, 0.05540, -9999.00000, 0.14048, 0.08089, -0.00115, 0.04658, 0.35765, 0.04484, 0.00200, 0.00333 
54720.0, 9.39863, 0.19603, 1.08430, 1.57689, 0.00234, 0.21053, 3.30658, 0.00296, 0.95343, 0.49853, 0.02909, 0.12624, 0.01191, -9999.00000, 0.06922, 0.03267, 0.00553, 0.02271, 0.24092, 0.03452, 0.00174, 0.00522 
54780.0, 11.80554, 0.22581, 1.33468, 2.69049, 0.00436, 0.21851, 3.43527, -0.00177, 1.03737, 0.58054, 0.13186, 0.23952, 0.03170, -9999.00000, 0.14867, 0.06997, -0.00172, 0.04688, 0.27502, 0.04965, 0.00541, 0.00402 
54840.0, 7.93008, 0.20921, 1.18088, 1.98876, 0.00258, 0.23987, 3.39646, 0.00947, 1.02561, 0.56718, 0.12505, 0.14108, 0.02500, -9999.00000, 0.09052, 0.03617, -0.00089, 0.03870, 0.23300, 0.03660, 0.00563, 0.00225 
54900.0, 12.79457, 0.21125, 1.54298, 2.77418, 0.00552, 0.36720, 3.57373, 0.01069, 1.01916, 0.65812, 0.33632, 0.26369, 0.00610, -9999.00000, 0.17973, 0.08577, 0.00749, 0.05333, 0.27678, 0.05426, 0.00127, 0.00498 
54960.0, 12.64693, 0.21242, 1.17814, 1.58225, 0.00268, 0.19256, 3.45853, -0.00170, 0.86799, 0.56279, 0.07066, 0.16633, 0.01807, -9999.00000, 0.09992, 0.03626, 0.00296, 0.02151, 0.25316, 0.02446, 0.00676, 0.00104 
55020.0, 17.27428, 0.20954, 1.63241, 2.77971, 0.00202, 0.38122, 3.61900, -0.00176, 1.08361, 0.63493, 0.39607, 0.57438, 0.08600, -9999.00000, 0.41340, 0.19358, -0.00969, 0.06701, 0.25747, 0.03803, 0.00856, 0.00143 
55080.0, 17.60363, 0.21644, 1.20499, 1.72052, -0.00092, 0.19936, 3.38084, 0.00605, 0.87610, 0.57278, 0.08105, 0.18799, 0.00949, -9999.00000, 0.11714, 0.05391, -0.00969, 0.03880, 0.21850, 0.02732, 0.00653, 0.00666 
55140.0, 8.88766, 0.20037, 1.22727, 1.69686, 0.00163, 0.17411, 3.39900, 0.00368, 0.83401, 0.55905, 0.04372, 0.14728, 0.00676, -9999.00000, 0.08045, 0.03247, -0.00269, 0.04520, 0.19818, 0.03735, 0.00442, 0.00128 
55200.0, 14.63864, 0.19761, 1.18530, 1.87029, 0.00280, 0.20212, 3.44137, 0.00903, 0.96308, 0.55539, 0.00791, 0.16876, 0.01523, -9999.00000, 0.09517, 0.02824, -0.00969, 0.00619, 0.22691, 0.02175, 0.00672, 0.00163 
55260.0, 9.19561, 0.19940, 1.00280, 1.86358, 0.00070, 0.16720, 3.37928, -0.00063, 0.92945, 0.58104, 0.00334, 0.12689, 0.00273, -9999.00000, 0.08831, 0.02368, -0.00969, 0.01995, 0.24067, 0.02617, 0.00397, 0.00317 
55320.0, 10.60239, 0.21435, 1.14776, 1.48668, 0.00238, 0.16700, 3.28698, 0.00450, 0.97049, 0.57035, 0.05810, 0.14867, 0.01085, -9999.00000, 0.09760, 0.03691, -0.00060, 0.01315, 0.22461, 0.03118, 0.00737, 0.00191 
55380.0, 8.97202, 0.20686, 1.32190, 1.80322, 0.00395, 0.19133, 3.29707, -0.00174, 0.84278, 0.59159, 0.05568, 0.15896, 0.00888, -9999.00000, 0.08116, 0.02956, -0.00881, 0.01533, 0.22885, 0.00666, 0.00423, 0.00129 
55440.0, 9.79065, 0.20790, 1.17157, 1.97143, -0.00062, 0.16593, 3.36347, 0.01223, 1.01917, 0.57063, 0.06736, 0.16415, 0.02178, -9999.00000, 0.09086, 0.04534, 0.00511, 0.02008, 0.23691, 0.01784, 0.00355, 0.00436 
55500.0, 17.84438, 0.22203, 1.16801, 1.46460, 0.00082, 0.22551, 3.40337, 0.00812, 0.93581, 0.60922, 0.09794, 0.20972, 0.00029, -9999.00000, 0.13477, 0.04924, -0.00112, 0.03197, 0.25380, 0.03110, 0.00882, 0.00161 
55560.0, 10.40816, 0.19142, 0.91350, 1.23893, 0.00101, 0.15647, 3.31087, 0.00093, 0.83180, 0.56984, 0.03219, 0.16139, 0.00480, -9999.00000, 0.08469, 0.04002, 0.00276, 0.01468, 0.24115, 0.02182, 0.00468, 0.00122 
55620.0, 10.07691, 0.21024, 1.16570, 2.17507, 0.00266, 0.17688, 3.40958, 0.01482, 0.97236, 0.65663, 0.08237, 0.20244, 0.01743, -9999.00000, 0.12247, 0.04591, -0.00354, 0.02576, 0.23711, 0.01049, 0.00293, 0.00266 
55680.0, 12.06725, 0.19776, 1.20293, 1.72573, 0.00175, 0.21897, 3.49869, 0.01435, 0.90510, 0.66145, 0.07013, 0.29541, 0.02410, -9999.00000, 0.16225, 0.06177, 0.00310, 0.02279, 0.23262, 0.02882, 0.00599, 0.00649 
55740.0, 11.29310, 0.21992, 1.24251, 1.88931, 0.00097, 0.22296, 3.35104, 0.01550, 0.87520, 0.65914, 0.05129, 0.14352, 0.01169, -9999.00000, 0.10249, 0.03926, -0.00756, 0.04538, 0.22679, 0.03349, 0.00546, 0.00243 
55800.0, 15.90334, 0.20301, 1.65658, 17.01104, 0.00545, 0.25785, 3.73580, 0.00980, 0.81312, 0.79093, 0.08588, 0.25789, 0.00615, -9999.00000, 0.16823, 0.05905, 0.00030, 0.02627, 0.18305, 0.04928, 0.00492, 0.00655 
55860.0, 10.60411, 0.21298, 1.33134, 2.10478, 0.00437, 0.18258, 3.31430, 0.00913, 1.00055, 0.61614, 0.05401, 0.16188, 0.01658, -9999.00000, 0.10406, 0.04054, 0.00546, 0.03796, 0.26421, 0.02693, 0.00570, 0.00486 
55920.0, 7.94624, 0.20031, 1.06514, 1.74665, 0.00523, 0.17959, 3.33618, 0.00954, 0.95951, 0.67630, 0.02427, 0.17186, 0.01893, -9999.00000, 0.13120, 0.04610, -0.00971, 0.01884, 0.22700, 0.03439, 0.00253, 0.00317 
55980.0, 12.64214, 0.20822, 1.54526, 3.31506, 0.00478, 0.21485, 3.58241, 0.00697, 1.04679, 0.72852, 0.10327, 0.23120, 0.01759, -9999.00000, 0.15463, 0.05878, -0.00717, 0.03227, 0.25362, 0.04015, 0.00382, 0.00105 
56040.0, 9.49637, 0.21919, 1.38883, 1.55147, 0.00114, 0.18222, 3.32503, 0.00124, 1.17115, 0.64448, 0.07482, 0.15495, 0.04349, -9999.00000, 0.10385, 0.05002, -0.00867, 0.04091, 0.31397, 0.03695, 0.00465, 0.00128 
56100.0, 10.43380, 0.20642, 1.15101, 1.85960, 0.00179, 0.22815, 3.41127, 0.01402, 1.28397, 0.66385, 0.09353, 0.15126, 0.03117, -9999.00000, 0.09941, 0.03926, 0.01274, 0.04754, 0.26476, 0.03422, 0.00547, 0.00002 
56160.0, 12.72200, 0.22855, 1.46534, 2.16329, 0.00633, 0.24054, 3.48477, 0.01801, 1.44703, 0.74114, 0.17053, 0.48562, 0.02393, -9999.00000, 0.15837, 0.06893, -0.00555, 0.03525, 0.29476, 0.06191, 0.00310, 0.00210 
56220.0, 12.39760, 0.20441, 1.52122, 2.17654, 0.00507, 0.31039, 3.40939, 0.00333, 1.29575, 0.75577, 0.12357, 0.25483, 0.03297, -9999.00000, 0.15420, 0.08434, 0.00280, 0.03461, 0.28685, 0.02882, 0.00506, 0.00127 
56280.0, 13.88177, 0.20207, 1.15928, 1.50435, 0.00131, 0.25176, 3.26467, 0.00572, 1.17026, 0.69466, 0.08286, 0.18227, 0.01504, -9999.00000, 0.09726, 0.04616, -0.00406, 0.02976, 0.29645, 0.03978, 0.00258, 0.00163 
56340.0, 11.66289, 0.19871, 1.31054, 1.85992, 0.00068, 0.25513, 3.41865, -0.00170, 1.19114, 0.70850, 0.06841, 0.19635, 0.02778, -9999.00000, 0.10152, 0.05087, 0.00712, 0.02861, 0.25901, 0.04943, 0.00157, 0.00342 
56400.0, -9999.00000, -9999.00000, -9999.00000, -9999.00000, -9999.00000, -9999.00000, -9999.00000, -9999.00000, -9999.00000, -9999.00000, -9999.00000, -9999.00000, -9999.00000, -9999.00000, -9999.00000, -9999.00000, -9999.00000, -9999.00000, -9999.00000, -9999.00000, -9999.00000, -9999.00000 
56460.0, -9999.00000, -9999.00000, -9999.00000, -9999.00000, -9999.00000, -9999.00000, -9999.00000, -9999.00000, -9999.00000, -9999.00000, -9999.00000, -9999.00000, -9999.00000, -9999.00000, -9999.00000, -9999.00000, -9999.00000, -9999.00000, -9999.00000, -9999.00000, -9999.00000, -9999.00000 
56520.0, -9999.00000, -9999.00000, -9999.00000, -9999.00000, -9999.00000, -9999.00000, -9999.00000, -9999.00000, -9999.00000, -9999.00000, -9999.00000, -9999.00000, -9999.00000, -9999.00000, -9999.00000, -9999.00000, -9999.00000, -9999.00000, -9999.00000, -9999.00000, -9999.00000, -9999.00000 
56580.0, -9999.00000, -9999.00000, -9999.00000, -9999.00000, -9999.00000, -9999.00000, -9999.00000, -9999.00000, -9999.00000, -9999.00000, -9999.00000, -9999.00000, -9999.00000, -9999.00000, -9999.00000, -9999.00000, -9999.00000, -9999.00000, -9999.00000, -9999.00000, -9999.00000, -9999.00000 
56640.0, -9999.00000, -9999.00000, -9999.00000, -9999.00000, -9999.00000, -9999.00000, -9999.00000, -9999.00000, -9999.00000, -9999.00000, -9999.00000, -9999.00000, -9999.00000, -9999.00000, -9999.00000, -9999.00000, -9999.00000, -9999.00000, -9999.00000, -9999.00000, -9999.00000, -9999.00000 
