CampaignData_and_Merges/R0/CSL_MobileLab_Parked/raw/20240806/USOS-PTR_MobileLabGround_20240806_RA.ict
58, 1001
Matthew Coggon, Kelvin Bates, Chelsea Stockwell, Carsten Warneke
NOAA ESRL Chemical Sciences Division
NOAA PTR-ToF-MS
USOS
1,1 
2024, 08, 06, 2023, 08, 08
0
Time_Start, seconds, number of seconds from 00:00 UTC 
22
1, 1, 1, 1, 1, 1, 1, 1, 1, 1, 1, 1, 1, 1, 1, 1, 1, 1, 1, 1, 1, 1
-9999, -9999, -9999, -9999, -9999, -9999, -9999, -9999, -9999, -9999, -9999, -9999, -9999, -9999, -9999, -9999, -9999, -9999, -9999, -9999, -9999, -9999
CH3OH_NOAAPTR_ppbv,  ppbv, Gas_CH3OH_InSitu_S_AVMR, (CH3OH) methanol
CH3CN_NOAAPTR_ppbv,  ppbv, Gas_CH3CN_InSitu_S_AVMR, (CH3CN) acetonitrile
CH3CHO_NOAAPTR_ppbv,  ppbv, Gas_CH3CHO_InSitu_S_AVMR, (CH3CHO) acetaldehyde plus contributions from ethylene glycol and ethylene oxide. Interference from ethanol has been subtracted out.
C2H5OH_NOAAPTR_ppbv,  ppbv, Gas_C2H5OH_InSitu_S_AVMR, (C2H5OH) ethanol
CH3SH_NOAAPTR_ppbv,  ppbv, Gas_CH3SH_InSitu_S_AVMR, (CH3SH) methanethiol, using calibration factor for DMS
Acrolein_NOAAPTR_ppbv,  ppbv, Gas_Acrolein_InSitu_S_AVMR, (C3H4O) acrolein
AcetonePropanal_NOAAPTR_ppbv,  ppbv, Gas_AcetoneAndPropanal_InSitu_S_AVMR, (C3H6O) sum of acetone (dominant isomer) and propanal, using calibration factor for acetone
DMS_NOAAPTR_ppbv,  ppbv, Gas_DMS_InSitu_S_AVMR, (C2H6S) dimethyl sulfide with possible small contributions from ethanethiol
C5H8_NOAAPTR_ppbv,  ppbv, Gas_Isoprene_InSitu_S_AVMR, (C5H8) isoprene and possible fragments from cycloalkanes and aldehydes. Interferences have been subtracted following methods described by Coggon et al (2023)
MVKMAC_NOAAPTR_ppbv,  ppbv, Gas_MVKAndMAC_InSitu_S_AVMR, (C4H6O) sum of methyl vinyl ketone, methacrolein, and small amounts of crotonaldehyde, using weighted calibration factor for MVK (0.637) and MACR (0.363)
Benzene_NOAAPTR_ppbv,  ppbv, Gas_Benzene_InSitu_S_AVMR, (C6H6) benzene
Toluene_NOAAPTR_ppbv,  ppbv, Gas_Toluene_InSitu_S_AVMR, (C7H8) toluene with possible small contributions of fragments from ethyltoluene
Styrene_NOAAPTR_ppbv,  ppbv, Gas_Styrene_InSitu_S_AVMR, (C8H8) styrene
Benzaldehyde_NOAAPTR_ppbv,  ppbv, Gas_Benzaldehyde_InSitu_S_AVMR, (C7H6O) benzaldehyde
C8Aromatics_NOAAPTR_ppbv,  ppbv, Gas_C8Aromatics_InSitu_M_AVMR, (C8H10) sum of m-xylene, p-xylene, o-xylene, and ethyl benzene
C9Aromatics_NOAAPTR_ppbv,  ppbv, Gas_C9Aromatics_InSitu_M_AVMR, (C9H12) sum of C9 aromatics
Naphthalene_NOAAPTR_ppbv,  ppbv, Gas_Naphthalene_InSitu_S_AVMR, (C10H8) naphthalene
Octanal_NOAAPTR_ppbv,  ppbv, Gas_Octanal_InSitu_S_AVMR, (C8H16O) octanal and small amounts of octanone
Monoterpenes_NOAAPTR_ppbv,  ppbv, Gas_Monoterpenes_InSitu_M_AVMR, (C10H16) sum of monoterpenes and possible contributions from fragments of oxygenated monoterpenoids such as eucalyptol.
Nonanal_NOAAPTR_ppbv,  ppbv, Gas_Nonanal_InSitu_M_AVMR, (C9H18O) nonanal and small amounts of nonanone
C7H4ClF3_NOAAPTR_ppbv,  ppbv, Gas_C7H4ClF3_InSitu_S_AVMR, (C7H4ClF3) parachlorobenzotrifluoride
C10H30O5Si5_NOAAPTR_ppbv,  ppbv, Gas_C10H30O5Si5_InSitu_S_AVMR, (C10H30O5Si5) decamethylcyclopentasiloxane
1
SPECIAL COMMENTS:N/A
21
PI_CONTACT_INFO: NOAA ESRL Chemical Sciences Division, Tropospheric Chemistry Group. 325 Broadway, R/CSD7, Boulder, CO 80305
PLATFORM: Mobile Laboratory.
LOCATION: Salt Lake City, UT
ASSOCIATED_DATA: N/A
INSTRUMENT_INFO: NOAA PTR-ToF-MS measurements on NOAA CSL Mobile Lab
DATA_INFO: Units: ppbv
UNCERTAINTY: See OTHER_COMMENTS
ULOD_FLAG: -7777
ULOD_VALUE: N/A
LLOD_FLAG: -8888
LLOD_VALUE: N/A.
DM_CONTACT_INFO: Data Managers: Matt Coggon, Kelvin Bates, Chelsea Stockwell; email: matthew.m.coggon@noaa.gov and kelvin.bates@colorado.edu
PROJECT_INFO: USOS Deployment July-August, 2024
STIPULATIONS_ON_USE: Use of these data require prior OK from PI.
OTHER_COMMENTS: Uncertainties:
CH3OH_NOAAPTR_ppbv:30%; CH3CN_NOAAPTR_ppbv:30%; CH3CHO_NOAAPTR_ppbv:30%; C2H5OH_NOAAPTR_ppbv:30%; CH3SH_NOAAPTR_ppbv:50%; Acrolein_NOAAPTR_ppbv:30%; AcetonePropanal_NOAAPTR_ppbv:30%; DMS_NOAAPTR_ppbv:30%; C5H8_NOAAPTR_ppbv:30%; MVKMAC_NOAAPTR_ppbv:30%; 
Benzene_NOAAPTR_ppbv:30%; Toluene_NOAAPTR_ppbv:30%; Styrene_NOAAPTR_ppbv:30%; Benzaldehyde_NOAAPTR_ppbv:30%; C8Aromatics_NOAAPTR_ppbv:30%; C9Aromatics_NOAAPTR_ppbv:30%; Naphthalene_NOAAPTR_ppbv:30%; Octanal_NOAAPTR_ppbv:30%; Monoterpenes_NOAAPTR_ppbv:30%; Nonanal_NOAAPTR_ppbv:30%; 
C7H4ClF3_NOAAPTR_ppbv:30%; C10H30O5Si5_NOAAPTR_ppbv:30%; 
REVISION: RA
RA: Field Data
Time_Start, CH3OH_NOAAPTR_ppbv, CH3CN_NOAAPTR_ppbv, CH3CHO_NOAAPTR_ppbv, C2H5OH_NOAAPTR_ppbv, CH3SH_NOAAPTR_ppbv, Acrolein_NOAAPTR_ppbv, AcetonePropanal_NOAAPTR_ppbv, DMS_NOAAPTR_ppbv, C5H8_NOAAPTR_ppbv, MVKMAC_NOAAPTR_ppbv, Benzene_NOAAPTR_ppbv, Toluene_NOAAPTR_ppbv, Styrene_NOAAPTR_ppbv, Benzaldehyde_NOAAPTR_ppbv, C8Aromatics_NOAAPTR_ppbv, C9Aromatics_NOAAPTR_ppbv, Naphthalene_NOAAPTR_ppbv, Octanal_NOAAPTR_ppbv, Monoterpenes_NOAAPTR_ppbv, Nonanal_NOAAPTR_ppbv, C7H4ClF3_NOAAPTR_ppbv, C10H30O5Si5_NOAAPTR_ppbv
[from data line 802]
48120.0, 8.66462, 0.20719, 0.89980, 1.87573, 0.00058, 0.15947, 3.34874, -0.00195, 0.28427, 0.28673, 0.07544, 0.11551, 0.01187, -9999.00000, 0.06983, 0.03112, -0.00092, 0.03770, 0.12975, 0.03821, 0.00071, 0.00038 
48180.0, 8.44826, 0.21685, 0.90916, 1.16948, 0.00294, 0.16793, 3.28545, 0.00277, 0.26194, 0.27951, 0.04310, 0.12598, 0.01831, -9999.00000, 0.06398, 0.02509, -0.00644, 0.01746, 0.11479, 0.03037, 0.00217, 0.00070 
48240.0, 7.57053, 0.20553, 0.91771, 1.12194, 0.00226, 0.17554, 3.26917, 0.01411, 0.27895, 0.28579, 0.05495, 0.13023, 0.00920, -9999.00000, 0.06182, 0.03762, -0.00331, 0.03242, 0.12189, 0.03319, 0.00330, 0.00223 
48300.0, 7.72593, 0.21467, 0.79924, 1.31634, 0.00488, 0.17895, 3.36116, 0.00180, 0.27787, 0.27517, 0.06541, 0.11343, 0.01667, -9999.00000, 0.07080, 0.03046, 0.00225, 0.03726, 0.13362, 0.03023, 0.00564, 0.00141 
48360.0, 7.45256, 0.23128, 0.77056, 1.06673, 0.00134, 0.15958, 3.33253, 0.01443, 0.28547, 0.26195, 0.00574, 0.10042, -0.00646, -9999.00000, 0.05032, 0.01733, 0.00342, 0.04106, 0.11240, 0.02751, 0.00120, -0.00084 
48420.0, 7.76841, 0.21355, 0.80187, 1.51659, 0.00255, 0.15993, 3.34458, 0.01330, 0.28984, 0.31015, 0.03572, 0.10467, 0.00147, -9999.00000, 0.04990, 0.01937, -0.00052, 0.02968, 0.12963, 0.02037, 0.00173, 0.00036 
48480.0, 11.64964, 0.22514, 0.83068, 1.25876, 0.00306, 0.18744, 3.32647, 0.00764, 0.30815, 0.27664, 0.03075, 0.20049, 0.01275, -9999.00000, 0.09380, 0.04978, -0.00900, 0.01321, 0.12269, 0.02410, 0.00426, 0.00080 
48540.0, 9.80232, 0.20505, 0.82795, 1.07475, -0.00005, 0.14976, 3.30957, -0.00197, 0.27134, 0.28321, 0.02869, 0.09463, 0.00653, -9999.00000, 0.06160, 0.02469, -0.00941, 0.02705, 0.13394, 0.03404, -0.00014, 0.00023 
48600.0, 12.45709, 0.20163, 0.86473, 1.37264, 0.00197, 0.15840, 3.31378, -0.00140, 0.34301, 0.28025, 0.09496, 0.12896, 0.00405, -9999.00000, 0.06906, 0.02662, -0.00914, 0.02809, 0.12783, 0.04585, 0.00109, 0.00003 
48660.0, 11.68936, 0.22407, 0.81404, 1.07203, 0.00150, 0.16561, 3.38556, 0.00887, 0.39059, 0.31754, 0.00178, 0.08922, 0.00251, -9999.00000, 0.04957, 0.02156, -0.00684, 0.03130, 0.13348, 0.02414, 0.00045, 0.00134 
48720.0, 6.63994, 0.20888, 0.78262, 1.08733, 0.00028, 0.15400, 3.28014, 0.00527, 0.32866, 0.28283, 0.03398, 0.09077, -0.00441, -9999.00000, 0.04362, 0.02217, -0.00652, 0.02449, 0.11015, 0.02879, 0.00566, 0.00085 
48780.0, 9.78243, 0.21470, 0.89720, 1.33325, 0.00171, 0.18247, 3.34521, 0.01085, 0.33862, 0.29864, 0.02437, 0.13837, 0.00615, -9999.00000, 0.06597, 0.02487, -0.00487, 0.03688, 0.14148, 0.02468, 0.00170, 0.00195 
48840.0, 9.93256, 0.20948, 0.80132, 1.01592, 0.00319, 0.15541, 3.40130, 0.00961, 0.42922, 0.28757, -0.00017, 0.11283, 0.00625, -9999.00000, 0.06273, 0.02715, 0.00115, 0.03406, 0.13538, 0.03513, 0.00515, 0.00117 
48900.0, 11.00455, 0.24967, 0.84794, 1.23941, 0.00394, 0.19613, 3.47267, 0.00446, 0.36330, 0.29051, 0.05405, 0.12332, 0.00313, -9999.00000, 0.05608, 0.02335, 0.00761, 0.02932, 0.12927, 0.03000, 0.00243, 0.00921 
48960.0, 67.48937, 0.21190, 0.93832, 1.26792, -0.00087, 0.14604, 3.37813, 0.01016, 0.37153, 0.28610, 0.18594, 0.26806, 0.02467, -9999.00000, 0.17887, 0.09085, 0.00409, 0.04742, 0.12934, 0.03034, 0.00321, 0.00280 
49020.0, 10.98844, 0.20660, 0.82255, 0.96991, -0.00087, 0.15285, 3.27165, -0.00199, 0.32126, 0.29036, 0.12566, 0.11311, 0.00754, -9999.00000, 0.06067, 0.02683, 0.00439, 0.04001, 0.12045, 0.03008, 0.00028, 0.00137 
49080.0, 10.94809, 0.21934, 0.91025, 1.18530, 0.00100, 0.17329, 3.29476, 0.00159, 0.38257, 0.30352, 0.09274, 0.11881, 0.01957, -9999.00000, 0.06898, 0.03122, 0.00798, 0.03494, 0.13227, 0.04612, 0.00199, 0.00256 
49140.0, 22.50286, 0.21711, 0.87081, 1.04267, -0.00087, 0.16117, 3.19433, 0.00196, 0.30445, 0.25971, 0.05762, 0.09076, 0.02047, -9999.00000, 0.05291, 0.02595, 0.00974, 0.02849, 0.12532, 0.04717, 0.00113, 0.00048 
49200.0, 13.56196, 0.20699, -9999.00000, 2.12072, 0.00042, 0.15107, 3.31126, 0.01257, -9999.00000, 0.29695, 0.14177, 0.29381, 0.03552, -9999.00000, 0.18999, 0.06675, -0.00221, 0.03054, 0.13943, 0.03149, 0.00624, 0.00105 
49260.0, -9999.00000, -9999.00000, -9999.00000, -9999.00000, -9999.00000, -9999.00000, -9999.00000, -9999.00000, -9999.00000, -9999.00000, -9999.00000, -9999.00000, -9999.00000, -9999.00000, -9999.00000, -9999.00000, -9999.00000, -9999.00000, -9999.00000, -9999.00000, -9999.00000, -9999.00000 
49320.0, -9999.00000, -9999.00000, -9999.00000, -9999.00000, -9999.00000, -9999.00000, -9999.00000, -9999.00000, -9999.00000, -9999.00000, -9999.00000, -9999.00000, -9999.00000, -9999.00000, -9999.00000, -9999.00000, -9999.00000, -9999.00000, -9999.00000, -9999.00000, -9999.00000, -9999.00000 
49380.0, -9999.00000, -9999.00000, -9999.00000, -9999.00000, -9999.00000, -9999.00000, -9999.00000, -9999.00000, -9999.00000, -9999.00000, -9999.00000, -9999.00000, -9999.00000, -9999.00000, -9999.00000, -9999.00000, -9999.00000, -9999.00000, -9999.00000, -9999.00000, -9999.00000, -9999.00000 
49440.0, -9999.00000, -9999.00000, -9999.00000, -9999.00000, -9999.00000, -9999.00000, -9999.00000, -9999.00000, -9999.00000, -9999.00000, -9999.00000, -9999.00000, -9999.00000, -9999.00000, -9999.00000, -9999.00000, -9999.00000, -9999.00000, -9999.00000, -9999.00000, -9999.00000, -9999.00000 
49500.0, -9999.00000, -9999.00000, -9999.00000, -9999.00000, -9999.00000, -9999.00000, -9999.00000, -9999.00000, -9999.00000, -9999.00000, -9999.00000, -9999.00000, -9999.00000, -9999.00000, -9999.00000, -9999.00000, -9999.00000, -9999.00000, -9999.00000, -9999.00000, -9999.00000, -9999.00000 
49560.0, -9999.00000, -9999.00000, -9999.00000, -9999.00000, -9999.00000, -9999.00000, -9999.00000, -9999.00000, -9999.00000, -9999.00000, -9999.00000, -9999.00000, -9999.00000, -9999.00000, -9999.00000, -9999.00000, -9999.00000, -9999.00000, -9999.00000, -9999.00000, -9999.00000, -9999.00000 
49620.0, -9999.00000, -9999.00000, -9999.00000, -9999.00000, -9999.00000, -9999.00000, -9999.00000, -9999.00000, -9999.00000, -9999.00000, -9999.00000, -9999.00000, -9999.00000, -9999.00000, -9999.00000, -9999.00000, -9999.00000, -9999.00000, -9999.00000, -9999.00000, -9999.00000, -9999.00000 
49680.0, -9999.00000, -9999.00000, -9999.00000, -9999.00000, -9999.00000, -9999.00000, -9999.00000, -9999.00000, -9999.00000, -9999.00000, -9999.00000, -9999.00000, -9999.00000, -9999.00000, -9999.00000, -9999.00000, -9999.00000, -9999.00000, -9999.00000, -9999.00000, -9999.00000, -9999.00000 
49740.0, -9999.00000, -9999.00000, -9999.00000, -9999.00000, -9999.00000, -9999.00000, -9999.00000, -9999.00000, -9999.00000, -9999.00000, -9999.00000, -9999.00000, -9999.00000, -9999.00000, -9999.00000, -9999.00000, -9999.00000, -9999.00000, -9999.00000, -9999.00000, -9999.00000, -9999.00000 
49800.0, -9999.00000, -9999.00000, -9999.00000, -9999.00000, -9999.00000, -9999.00000, -9999.00000, -9999.00000, -9999.00000, -9999.00000, -9999.00000, -9999.00000, -9999.00000, -9999.00000, -9999.00000, -9999.00000, -9999.00000, -9999.00000, -9999.00000, -9999.00000, -9999.00000, -9999.00000 
49860.0, -9999.00000, -9999.00000, -9999.00000, -9999.00000, -9999.00000, -9999.00000, -9999.00000, -9999.00000, -9999.00000, -9999.00000, -9999.00000, -9999.00000, -9999.00000, -9999.00000, -9999.00000, -9999.00000, -9999.00000, -9999.00000, -9999.00000, -9999.00000, -9999.00000, -9999.00000 
49920.0, 10.84633, 0.22537, 0.80792, 1.25533, -0.00007, 0.20446, 3.25286, -0.00199, 0.41053, 0.29994, 0.06092, 0.12254, 0.01220, -9999.00000, 0.05276, 0.03207, 0.01637, 0.03517, 0.14320, 0.03161, 0.00320, 0.00120 
49980.0, -9999.00000, -9999.00000, -9999.00000, -9999.00000, -9999.00000, -9999.00000, -9999.00000, -9999.00000, -9999.00000, -9999.00000, -9999.00000, -9999.00000, -9999.00000, -9999.00000, -9999.00000, -9999.00000, -9999.00000, -9999.00000, -9999.00000, -9999.00000, -9999.00000, -9999.00000 
50040.0, 14.76492, 0.21995, 1.26433, 1.58356, 0.00192, 0.29264, 3.31367, 0.00671, 0.53175, 0.37319, 0.03799, 0.23377, 0.02784, -9999.00000, 0.16960, 0.10030, -0.00340, 0.02915, 0.14447, 0.02900, 0.00581, 0.00399 
50100.0, 19.52073, 0.21797, 1.13724, 1.75136, 0.00116, 0.18513, 3.30686, 0.01538, 0.50797, 0.30134, 0.05172, 0.22855, -0.00639, -9999.00000, 0.12370, 0.06761, 0.00140, 0.02534, 0.16026, 0.03973, 0.00118, 0.00707 
50160.0, 45.69406, 0.21662, 1.34922, 1.97369, 0.00445, 0.17810, 3.26755, 0.00479, 0.51437, 0.32614, 0.12999, 0.30515, 0.01456, -9999.00000, 0.16406, 0.05866, -0.00133, 0.02261, 0.20198, 0.03233, 0.00214, 0.00356 
50220.0, 12.20460, 0.22437, 1.19663, 1.06554, 0.00424, 0.17559, 3.16605, 0.00655, 0.46736, 0.29982, 0.07915, 0.13473, 0.00144, -9999.00000, 0.07162, 0.02840, 0.00076, 0.01145, 0.15306, 0.03771, 0.00292, 0.00163 
50280.0, 11.95955, 0.21938, 1.12136, 1.28724, -0.00087, 0.20844, 3.27254, -0.00115, 0.52310, 0.30758, 0.09407, 0.20896, 0.00904, -9999.00000, 0.13363, 0.05405, -0.00170, 0.02358, 0.18601, 0.04176, 0.00310, 0.00220 
50340.0, 8.10771, 0.21567, 0.96092, 1.18913, -0.00080, 0.14096, 3.14807, -0.00197, 0.44175, 0.33137, 0.03721, 0.10462, 0.01143, -9999.00000, 0.06802, 0.02399, 0.00581, 0.02286, 0.16390, 0.01614, 0.00267, 0.00338 
50400.0, 11.44099, 0.21119, 0.87853, 0.95071, 0.00206, 0.16184, 3.14302, 0.01057, 0.49112, 0.30617, 0.02113, 0.08631, 0.00130, -9999.00000, 0.05035, 0.02385, -0.00749, 0.01908, 0.14255, 0.02641, 0.00139, 0.00140 
50460.0, 11.53663, 0.21852, 0.78323, 1.11463, 0.00019, 0.17520, 3.18362, -0.00197, 0.44729, 0.29807, 0.05150, 0.09171, 0.00641, -9999.00000, 0.04975, 0.02125, -0.00954, 0.02332, 0.12879, 0.02835, 0.00390, 0.00202 
50520.0, 9.75563, 0.22645, 0.96152, 1.14803, 0.00002, 0.19518, 3.30661, 0.00407, 0.55458, 0.31451, 0.08812, 0.14102, 0.01142, -9999.00000, 0.08846, 0.03992, 0.00157, 0.04449, 0.24992, 0.02880, 0.00323, 0.00213 
50580.0, 10.32711, 0.19062, 0.88733, 1.60378, 0.00069, 0.15747, 3.21969, 0.00518, 0.51008, 0.30790, 0.05065, 0.11967, 0.00900, -9999.00000, 0.06132, 0.02181, -0.00955, 0.02562, 0.18586, 0.01363, 0.00040, 0.00117 
50640.0, 7.65976, 0.20918, 0.92711, 1.51037, 0.00426, 0.22232, 3.22698, -0.00196, 0.45872, 0.30516, 0.05127, 0.11662, 0.01155, -9999.00000, 0.06851, 0.02962, -0.00070, 0.03578, 0.15608, 0.03991, 0.00133, 0.00089 
50700.0, 14.26836, 0.21716, 0.88449, 1.24196, 0.00226, 0.16323, 3.21475, 0.00389, 0.50942, 0.30035, 0.03874, 0.11498, 0.01495, -9999.00000, 0.07095, 0.03191, -0.00174, 0.04396, 0.17100, 0.04703, -0.00046, 0.00007 
50760.0, 8.20439, 0.23384, 0.88063, 0.99793, 0.00095, 0.14784, 3.15024, 0.01088, 0.54212, 0.26921, 0.02942, 0.10763, -0.00644, -9999.00000, 0.06320, 0.02719, 0.00635, 0.01981, 0.15112, 0.04261, 0.00087, 0.00115 
50820.0, 7.48865, 0.19666, 0.81095, 1.09810, 0.00209, 0.15268, 3.19668, 0.00142, 0.50610, 0.29867, 0.02478, 0.11388, -0.00165, -9999.00000, 0.05881, 0.02471, 0.00943, 0.03260, 0.16906, 0.03403, 0.00632, 0.00247 
50880.0, 13.13927, 0.22188, 1.08890, 1.01442, -0.00088, 0.16023, 3.22733, 0.00837, 0.52540, 0.33898, 0.00327, 0.13235, 0.01691, -9999.00000, 0.06527, 0.02989, -0.00272, 0.03021, 0.17512, 0.03485, 0.00192, 0.00111 
50940.0, 10.11397, 0.21598, 0.86624, 1.62215, -0.00046, 0.18529, 3.19531, 0.00579, 0.55908, 0.30590, 0.00571, 0.09153, -0.00142, -9999.00000, 0.05478, 0.02576, -0.00956, 0.02734, 0.17152, 0.02617, 0.00397, -0.00011 
51000.0, 7.01726, 0.21688, 0.67403, 1.24601, 0.00093, 0.13100, 3.13080, 0.01145, 0.48979, 0.30061, 0.02789, 0.14538, 0.00708, -9999.00000, 0.08087, 0.03342, 0.00075, 0.02467, 0.14700, 0.02774, 0.00443, -0.00098 
51060.0, 8.34011, 0.21385, 0.91861, 1.28743, 0.00212, 0.20302, 3.23426, 0.01782, 0.48004, 0.31257, 0.09629, 0.17465, 0.00513, -9999.00000, 0.08569, 0.03412, 0.00171, 0.02642, 0.17091, 0.03216, 0.00234, 0.00318 
51120.0, 8.45082, 0.21041, 0.89568, 1.25101, -0.00008, 0.17361, 3.14545, 0.00654, 0.52486, 0.30618, 0.04538, 0.13546, 0.00626, -9999.00000, 0.06610, 0.02871, -0.00956, 0.02530, 0.15348, 0.02641, 0.00146, 0.00066 
51180.0, 8.56966, 0.19979, 0.87763, 1.51904, -0.00040, 0.15134, 3.17606, 0.00671, 0.50606, 0.27583, 0.01770, 0.09992, 0.00870, -9999.00000, 0.05755, 0.01523, 0.00470, 0.02201, 0.16712, 0.01708, 0.00616, 0.00238 
51240.0, 7.82050, 0.19283, 0.95240, 0.79666, 0.00483, 0.16753, 3.11038, 0.00347, 0.57357, 0.30013, 0.02567, 0.12306, 0.01186, -9999.00000, 0.05774, 0.02363, 0.00067, 0.02478, 0.15028, 0.02800, 0.00047, -0.00081 
51300.0, 11.28323, 0.21126, 0.89803, 1.30517, 0.00110, 0.17984, 3.16314, 0.00581, 0.65145, 0.33170, 0.05569, 0.10953, 0.00820, -9999.00000, 0.05604, 0.02247, 0.00092, 0.03085, 0.14409, 0.02890, 0.00514, 0.00102 
51360.0, 9.14226, 0.20822, 1.04848, 1.18025, 0.00244, 0.17922, 3.26662, -0.00193, 0.64546, 0.35988, 0.09855, 0.17795, 0.02453, -9999.00000, 0.08420, 0.04288, 0.00067, 0.03051, 0.20717, 0.03857, 0.00306, 0.00297 
51420.0, 11.24880, 0.19563, 0.93640, 1.20945, -0.00054, 0.18937, 3.24131, 0.00005, 0.62489, 0.34889, 0.04957, 0.16129, 0.01547, -9999.00000, 0.09709, 0.05099, -0.00949, 0.02527, 0.15706, 0.04383, 0.00330, 0.00348 
51480.0, 21.83584, 0.23603, 1.12936, 1.53017, 0.00071, 0.24862, 3.24877, 0.00226, 0.67147, 0.38708, 0.10695, 0.17198, -0.00480, -9999.00000, 0.09987, 0.04221, -0.00582, 0.03209, 0.17177, 0.04343, 0.00536, 0.00290 
51540.0, 16.29550, 0.21618, 1.14657, 1.57495, 0.00311, 0.18797, 3.23115, 0.00676, 0.68149, 0.30832, 0.21556, 0.33059, 0.04054, -9999.00000, 0.20305, 0.09974, 0.00269, 0.04021, 0.18732, 0.01498, 0.00303, 0.00377 
51600.0, 10.81356, 0.20085, 0.88737, 1.45300, 0.00057, 0.17270, 3.18513, 0.00438, 0.70226, 0.34183, 0.07439, 0.12237, 0.01419, -9999.00000, 0.06485, 0.03369, 0.00051, 0.01524, 0.16626, 0.03797, 0.00439, 0.00204 
51660.0, 18.94380, 0.21011, 1.18168, 1.87106, 0.00267, 0.17407, 3.31011, 0.00601, 0.72763, 0.34031, 0.10008, 0.17222, -0.00650, -9999.00000, 0.10298, 0.04449, -0.00080, 0.04020, 0.21424, 0.03031, 0.00106, 0.00238 
51720.0, 8.49228, 0.19929, 0.76112, 1.09720, 0.00005, 0.15818, 3.17203, 0.00095, 0.57162, 0.31328, 0.01640, 0.10579, 0.01503, -9999.00000, 0.06295, 0.03148, -0.00497, 0.01771, 0.16183, 0.03292, 0.00497, 0.00078 
51780.0, 17.82058, 0.20444, 1.34139, 2.39481, 0.00077, 0.20520, 3.39727, 0.01994, 0.71665, 0.34908, 0.22562, 0.26082, 0.03201, -9999.00000, 0.15050, 0.06946, -0.00958, 0.03211, 0.18908, 0.03995, 0.00653, 0.00400 
51840.0, 22.73235, 0.21670, 1.20936, 1.82035, 0.00044, 0.19730, 3.26514, 0.01807, 0.78627, 0.34672, 0.18382, 0.25168, 0.02206, -9999.00000, 0.14329, 0.06909, -0.00959, 0.03140, 0.17713, 0.03823, 0.00440, 0.00292 
51900.0, 39.26210, 0.21880, 1.18943, 2.32727, 0.00317, 0.17792, 3.27658, 0.00560, 0.68875, 0.37469, 0.10059, 0.23690, 0.02139, -9999.00000, 0.11955, 0.05994, 0.00100, 0.04957, 0.17039, 0.02861, 0.00477, 0.00585 
51960.0, 15.72069, 0.22390, 0.93637, 1.20846, 0.00287, 0.14495, 3.14097, -0.00190, 0.58995, 0.32271, 0.02395, 0.13572, 0.00220, -9999.00000, 0.07343, 0.03010, -0.00108, 0.03290, 0.15770, 0.02864, 0.00438, 0.00542 
52020.0, 14.38231, 0.22009, 1.02085, 1.79480, 0.00470, 0.18417, 3.14156, 0.00337, 0.58812, 0.34648, 0.08933, 0.14719, 0.02151, -9999.00000, 0.08922, 0.04413, -0.00959, 0.02605, 0.17139, 0.02503, 0.00498, 0.00280 
52080.0, 17.77735, 0.20934, 1.04156, 2.09259, 0.00173, 0.19490, 3.32943, 0.00185, 0.60817, 0.35600, 0.05434, 0.14782, 0.01741, -9999.00000, 0.09093, 0.03122, -0.00234, 0.03010, 0.19104, 0.03110, 0.00789, 0.00274 
52140.0, 8.67633, 0.20622, 0.91534, 1.50992, 0.00267, 0.18089, 3.20181, 0.00613, 0.42471, 0.34136, 0.03577, 0.10776, 0.01060, -9999.00000, 0.07012, 0.03458, -0.00869, 0.03186, 0.13134, 0.02187, 0.00743, 0.00276 
52200.0, 9.19226, 0.21511, 0.76471, 1.48320, 0.00205, 0.14555, 3.09198, 0.00451, 0.57251, 0.33625, 0.03520, 0.13994, 0.00716, -9999.00000, 0.06862, 0.03237, -0.00960, 0.02375, 0.17269, 0.02494, 0.00002, 0.00180 
52260.0, 30.76045, 0.20269, 0.97156, 1.35889, 0.00343, 0.17353, 3.21611, 0.00318, 0.67237, 0.33457, 0.07119, 0.15359, -0.00618, -9999.00000, 0.08772, 0.03262, 0.00035, 0.02087, 0.19987, 0.01170, 0.00232, 0.00434 
