CampaignData_and_Merges/R0/CSL_MobileLab_Parked/raw/20240806/USOS-jNO2_MobileLabGround_20240806_R0.ict
52,1001
Waxman, E.; Rollins, A.; Zuraski, K.; Chace, W.
NOAA Chemical Sciences Laboratory
jNO2 filter radiometer on CSL Mobile Lab
AMMBEC / USOS
1, 1
2024,08,06, 2025,04,01
60
Time_Start, seconds, number_of_seconds_since_0000_UTC
20
1, 1, 1, 1, 1, 1, 1, 1, 1, 1, 1, 1, 1, 1, 1, 1, 1, 1, 1, 1
-9999, -9999, -9999, -9999, -9999, -9999, -9999, -9999, -9999, -9999, -9999, -9999, -9999, -9999, -9999, -9999, -9999, -9999, -9999, -9999
Time_Stop, seconds, number_of_seconds_since_0000_UTC
jNO2_meas, per second, photolysis rate of NO2 measured using a filter radiometer.
jBrCl, per second, photolysis rate of BrCl -> Br + Cl calculated in TUV for cloud-free sky with local AOD
jBr2, per second, photolysis rate of Br2 -> Br + Br calculated in TUV for cloud-free sky with local AOD
jCCl4, per second, photolysis rate of CCl4 -> Products calcualted in TUV for cloud-free sky with local AOD
jCH2Oa, per second, photolysis rate of CH2O -> H + HCO calculated in TUV for cloud-free sky with local AOD
jCH2Ob, per second, photolysis rate of CH2O -> H2 + CO calculated in TUV for cloud-free sky with local AOD
jClNO2, per second, photolysis rate of ClNO2 -> Cl + NO2 calculated in TUV for cloud-free sky with local AOD
jClOa, per second, photolysis rate of ClO -> Cl + O(1D) calculated in TUV for cloud-free sky with local AOD
jClOb, per second, photolysis rate of ClO -> Cl + O(3P) calculated in TUV for cloud-free sky with local AOD
jCl2, per second, photolysis rate of Cl2 -> Cl + Cl calculated in TUV for cloud-free sky with local AOD
jHNO2, per second, photolysis rate of HNO2 -> OH + NO calculated in TUV for cloud-free sky with local AOD
jHNO3, per second, photolysis rate of HNO3 -> OH + NO2 calculated in TUV for cloud-free sky with local AOD
jI2, per second, photolysis rate of I2 -> I + I calculated in TUV for cloud-free sky with local AOD
jNO2, per second, photolysis rate of NO2 -> NO + O(3P) calculated in TUV for cloud-free sky with local AOD
jNO3a, per second, photolysis rate of NO3 -> NO + O2 calculated in TUV for cloud-free sky with local AOD
jNO3b, per second, photolysis rate of NO3 -> NO2 + O(3P) calculated in TUV for cloud-free sky with local AOD
jN2O5, per second, photolysis rate of N2O5 -> NO3 + NO + O(3P) calculated in TUV for cloud-free sky with local AOD
jO3, per second, photolysis rate of O3 -> O2 + O(1D) calculated in TUV for cloud-free sky with local AOD
AOD_500nm, unitless, UTC daily mean AOD at 500 nm from an AERONET station located at 40.178 N, -112.452 E
0
18
PI_CONTACT_INFO: eleanor.waxman@noaa.gov
PLATFORM: CSL Mobile Lab, at ground site
LOCATION: Salt Lake City, UT
ASSOCIATED_DATA:
INSTRUMENT_INFO: jNO2 filter radiometer.  TUV calculations are for mobile van lat/lon/altitude assuming clear sky (cloud AOD = 0) and daily mean AOD.
DATA_INFO:
UNCERTAINTY: Data uncertainties are +/- 20%.  These come from uncertainties in radiometer angular response, radiometer thermal response, local interferences from clouds/aerosols/shadows etc.
ULOD_FLAG: -7777
ULOD_VALUE: N/A
LLOD_FLAG: -8888
LLOD_VALUE: N/A
DM_CONTACT_INFO: eleanor.waxman@noaa.gov
PROJECT_INFO: USOS Project, July - August 2024
STIPULATIONS_ON_USE: Users are strongly encouraged to contact the PI for proper data usage.
OTHER_COMMENTS: 
REVISION: R0
R0: final data
Time_Start, Time_Stop, jNO2_meas, jBrCl, jBr2, jCCl4, jCH2Oa, jCH2Ob, jClNO2, jClOa, jClOb, jCl2, jHNO2, jHNO3, jI2, jNO2, jNO3a, jNO3b, jN2O5, jO3, AOD_500nm
[from data line 971]
   58260,   58320,0.0071765,0.009115,0.02814,8.193e-25,2.242e-05,3.648e-05,0.0003604,2.923e-25,2.461e-05,0.001841,0.001226,3.584e-07,0.1016,0.007613,0.01973,0.1575,3.122e-05,1.573e-05,0.086
   58320,   58380,0.0072435,0.009131,0.02817,8.442e-25,2.253e-05,3.661e-05,0.0003617,3.016e-25,2.483e-05,0.001846,0.001229,3.607e-07,0.1017,0.007631,0.01975,0.1577,3.135e-05,1.587e-05,0.086
   58380,   58440,0.0072799,0.009147,0.02821,8.702e-25,2.264e-05,3.674e-05,0.000363,3.114e-25,2.504e-05,0.001851,0.001232,3.63e-07,0.1018,0.007649,0.01976,0.1578,3.147e-05,1.602e-05,0.086
   58440,   58500,0.0073134,0.009162,0.02825,8.956e-25,2.274e-05,3.687e-05,0.0003641,3.209e-25,2.525e-05,0.001856,0.001235,3.652e-07,0.1019,0.007665,0.01978,0.158,3.158e-05,1.615e-05,0.086
   58500,   58560,0.007348,0.009178,0.02828,9.237e-25,2.285e-05,3.7e-05,0.0003654,3.315e-25,2.546e-05,0.001861,0.001238,3.675e-07,0.102,0.007683,0.01979,0.1581,3.171e-05,1.63e-05,0.086
   58560,   58620,0.0073898,0.009193,0.02832,9.528e-25,2.296e-05,3.713e-05,0.0003666,3.425e-25,2.568e-05,0.001866,0.001241,3.697e-07,0.1021,0.0077,0.01981,0.1582,3.183e-05,1.644e-05,0.086
   58620,   58680,0.0074224,0.009208,0.02835,9.814e-25,2.306e-05,3.725e-05,0.0003678,3.534e-25,2.588e-05,0.001871,0.001244,3.719e-07,0.1021,0.007716,0.01982,0.1584,3.194e-05,1.658e-05,0.086
   58680,   58740,0.0074489,0.009223,0.02839,1.013e-24,2.316e-05,3.737e-05,0.000369,3.654e-25,2.61e-05,0.001876,0.001247,3.741e-07,0.1022,0.007733,0.01984,0.1585,3.206e-05,1.672e-05,0.086
   58740,   58800,0.0074781,0.009238,0.02842,1.046e-24,2.327e-05,3.75e-05,0.0003702,3.78e-25,2.631e-05,0.001881,0.00125,3.764e-07,0.1023,0.00775,0.01985,0.1586,3.218e-05,1.686e-05,0.086
   58800,   58860,0.0075074,0.009252,0.02846,1.078e-24,2.337e-05,3.762e-05,0.0003714,3.904e-25,2.652e-05,0.001886,0.001253,3.785e-07,0.1024,0.007765,0.01987,0.1588,3.229e-05,1.7e-05,0.086
   58860,   58920,0.0075576,0.009267,0.02849,1.114e-24,2.347e-05,3.774e-05,0.0003726,4.041e-25,2.673e-05,0.001891,0.001256,3.807e-07,0.1025,0.007782,0.01988,0.1589,3.241e-05,1.714e-05,0.086
   58920,   58980,0.0075859,0.009282,0.02852,1.151e-24,2.358e-05,3.786e-05,0.0003738,4.184e-25,2.694e-05,0.001896,0.001259,3.83e-07,0.1026,0.007798,0.01989,0.159,3.253e-05,1.729e-05,0.086
   58980,   59040,0.0076166,0.009296,0.02856,1.187e-24,2.367e-05,3.798e-05,0.0003749,4.326e-25,2.715e-05,0.001901,0.001262,3.851e-07,0.1027,0.007813,0.01991,0.1591,3.264e-05,1.742e-05,0.086
   59040,   59100,0.0076349,0.00931,0.02859,1.228e-24,2.378e-05,3.81e-05,0.000376,4.483e-25,2.736e-05,0.001905,0.001264,3.873e-07,0.1028,0.007829,0.01992,0.1593,3.275e-05,1.756e-05,0.086
   59100,   59160,0.007637,0.009324,0.02862,1.27e-24,2.388e-05,3.822e-05,0.0003772,4.648e-25,2.758e-05,0.00191,0.001267,3.895e-07,0.1029,0.007845,0.01993,0.1594,3.287e-05,1.771e-05,0.086
   59160,   59220,0.0076436,0.009338,0.02865,1.311e-24,2.397e-05,3.834e-05,0.0003783,4.81e-25,2.778e-05,0.001915,0.00127,3.916e-07,0.1029,0.00786,0.01995,0.1595,3.298e-05,1.784e-05,0.086
   59220,   59280,0.0076443,0.009352,0.02868,1.357e-24,2.407e-05,3.846e-05,0.0003795,4.99e-25,2.799e-05,0.001919,0.001273,3.938e-07,0.103,0.007876,0.01996,0.1596,3.309e-05,1.799e-05,0.086
   59280,   59340,0.0076253,0.009366,0.02872,1.405e-24,2.418e-05,3.857e-05,0.0003806,5.179e-25,2.82e-05,0.001924,0.001275,3.96e-07,0.1031,0.007891,0.01997,0.1598,3.32e-05,1.813e-05,0.086
   59340,   59400,0.0076263,0.009379,0.02875,1.452e-24,2.427e-05,3.868e-05,0.0003817,5.365e-25,2.84e-05,0.001929,0.001278,3.98e-07,0.1032,0.007906,0.01999,0.1599,3.331e-05,1.826e-05,0.086
   59400,   59460,0.0076175,0.009392,0.02878,1.504e-24,2.437e-05,3.88e-05,0.0003828,5.573e-25,2.862e-05,0.001933,0.001281,4.002e-07,0.1033,0.007921,0.02,0.16,3.342e-05,1.841e-05,0.086
   59460,   59520,0.0076078,0.009406,0.02881,1.559e-24,2.447e-05,3.892e-05,0.0003839,5.791e-25,2.883e-05,0.001938,0.001283,4.024e-07,0.1034,0.007936,0.02001,0.1601,3.353e-05,1.855e-05,0.086
   59520,   59580,0.0075906,0.009418,0.02884,1.613e-24,2.456e-05,3.903e-05,0.0003849,6.007e-25,2.903e-05,0.001942,0.001286,4.044e-07,0.1034,0.00795,0.02002,0.1602,3.364e-05,1.868e-05,0.086
   59580,   59640,0.007541,0.009431,0.02887,1.672e-24,2.466e-05,3.914e-05,0.000386,6.246e-25,2.924e-05,0.001946,0.001289,4.066e-07,0.1035,0.007965,0.02003,0.1603,3.375e-05,1.883e-05,0.086
   59640,   59700,0.0074702,0.009444,0.0289,1.735e-24,2.475e-05,3.925e-05,0.0003871,6.499e-25,2.945e-05,0.001951,0.001291,4.087e-07,0.1036,0.007979,0.02005,0.1604,3.386e-05,1.897e-05,0.086
   59700,   59760,0.0074812,0.009457,0.02892,1.796e-24,2.485e-05,3.936e-05,0.0003882,6.749e-25,2.965e-05,0.001955,0.001294,4.107e-07,0.1037,0.007993,0.02006,0.1605,3.396e-05,1.91e-05,0.086
   59760,   59820,0.0074993,0.009469,0.02895,1.865e-24,2.494e-05,3.947e-05,0.0003892,7.028e-25,2.986e-05,0.00196,0.001296,4.129e-07,0.1037,0.008007,0.02007,0.1607,3.407e-05,1.924e-05,0.086
   59820,   59880,0.0075481,0.009482,0.02898,1.937e-24,2.504e-05,3.958e-05,0.0003903,7.321e-25,3.007e-05,0.001964,0.001299,4.15e-07,0.1038,0.008022,0.02008,0.1608,3.417e-05,1.939e-05,0.086
   59880,   59940,0.0075985,0.009494,0.02901,2.007e-24,2.513e-05,3.969e-05,0.0003913,7.612e-25,3.027e-05,0.001968,0.001301,4.17e-07,0.1039,0.008035,0.02009,0.1609,3.427e-05,1.952e-05,0.086
   59940,   60000,0.0076567,0.009506,0.02904,2.086e-24,2.522e-05,3.979e-05,0.0003924,7.935e-25,3.048e-05,0.001972,0.001304,4.191e-07,0.104,0.008049,0.0201,0.161,3.438e-05,1.966e-05,0.086
   60000,   60060,0.0076738,0.009519,0.02907,2.169e-24,2.531e-05,3.99e-05,0.0003934,8.278e-25,3.069e-05,0.001976,0.001306,4.212e-07,0.104,0.008063,0.02012,0.1611,3.448e-05,1.98e-05,0.086
   60060,   60120,0.0076985,0.00953,0.02909,2.251e-24,2.54e-05,4e-05,0.0003944,8.617e-25,3.088e-05,0.00198,0.001308,4.231e-07,0.1041,0.008076,0.02013,0.1612,3.458e-05,1.993e-05,0.086
   60120,   60180,0.0076993,0.009542,0.02912,2.342e-24,2.549e-05,4.011e-05,0.0003954,8.997e-25,3.109e-05,0.001985,0.001311,4.252e-07,0.1042,0.008089,0.02014,0.1613,3.468e-05,2.007e-05,0.086
   60180,   60240,0.0076974,0.009554,0.02915,2.438e-24,2.559e-05,4.022e-05,0.0003965,9.398e-25,3.13e-05,0.001989,0.001313,4.273e-07,0.1042,0.008103,0.02015,0.1614,3.479e-05,2.021e-05,0.086
   60240,   60300,0.0077253,0.009565,0.02917,2.533e-24,2.567e-05,4.032e-05,0.0003974,9.796e-25,3.15e-05,0.001993,0.001316,4.292e-07,0.1043,0.008115,0.02016,0.1615,3.488e-05,2.034e-05,0.086
   60300,   60360,0.0077385,0.009577,0.0292,2.638e-24,2.576e-05,4.042e-05,0.0003984,1.024e-24,3.17e-05,0.001997,0.001318,4.313e-07,0.1044,0.008129,0.02017,0.1616,3.498e-05,2.048e-05,0.086
   60360,   60420,0.0077732,0.009588,0.02922,2.75e-24,2.585e-05,4.052e-05,0.0003994,1.071e-24,3.191e-05,0.002001,0.00132,4.333e-07,0.1045,0.008142,0.02018,0.1617,3.508e-05,2.062e-05,0.086
   60420,   60480,0.0078226,0.009599,0.02925,2.859e-24,2.594e-05,4.062e-05,0.0004004,1.118e-24,3.21e-05,0.002005,0.001322,4.352e-07,0.1045,0.008154,0.02019,0.1618,3.518e-05,2.075e-05,0.086
   60480,   60540,0.0079027,0.009611,0.02927,2.983e-24,2.603e-05,4.072e-05,0.0004013,1.17e-24,3.231e-05,0.002009,0.001325,4.373e-07,0.1046,0.008167,0.0202,0.1618,3.528e-05,2.089e-05,0.086
   60540,   60600,0.007976,0.009622,0.0293,3.113e-24,2.611e-05,4.082e-05,0.0004023,1.226e-24,3.251e-05,0.002012,0.001327,4.393e-07,0.1046,0.00818,0.02021,0.1619,3.538e-05,2.103e-05,0.086
   60600,   60660,0.0080414,0.009632,0.02932,3.241e-24,2.62e-05,4.092e-05,0.0004032,1.281e-24,3.27e-05,0.002016,0.001329,4.411e-07,0.1047,0.008191,0.02022,0.162,3.547e-05,2.116e-05,0.086
   60660,   60720,0.0081948,0.009643,0.02935,3.385e-24,2.628e-05,4.102e-05,0.0004042,1.343e-24,3.291e-05,0.00202,0.001331,4.431e-07,0.1048,0.008204,0.02023,0.1621,3.557e-05,2.13e-05,0.086
   60720,   60780,0.0082171,0.009654,0.02937,3.537e-24,2.637e-05,4.112e-05,0.0004052,1.409e-24,3.311e-05,0.002024,0.001334,4.451e-07,0.1048,0.008216,0.02024,0.1622,3.566e-05,2.143e-05,0.086
   60780,   60840,0.0073142,0.009664,0.02939,3.688e-24,2.645e-05,4.121e-05,0.000406,1.474e-24,3.328e-05,0.002027,0.001336,4.469e-07,0.1049,0.008228,0.02025,0.1623,3.575e-05,2.155e-05,0.086
   60840,   60900,0.0076297,0.009671,0.02941,3.814e-24,2.651e-05,4.127e-05,0.0004067,1.53e-24,3.345e-05,0.00203,0.001337,4.484e-07,0.1049,0.008236,0.02025,0.1624,3.582e-05,2.167e-05,0.086
   60900,   60960,0.0079873,0.009682,0.02943,3.989e-24,2.66e-05,4.137e-05,0.0004076,1.606e-24,3.365e-05,0.002034,0.001339,4.504e-07,0.105,0.008248,0.02026,0.1624,3.591e-05,2.18e-05,0.086
   60960,   61020,0.0076438,0.009691,0.02945,4.163e-24,2.668e-05,4.146e-05,0.0004085,1.682e-24,3.384e-05,0.002037,0.001341,4.522e-07,0.1051,0.008259,0.02027,0.1625,3.6e-05,2.193e-05,0.086
   61020,   61080,0.0067922,0.009702,0.02948,4.359e-24,2.676e-05,4.155e-05,0.0004094,1.768e-24,3.404e-05,0.002041,0.001343,4.542e-07,0.1051,0.008271,0.02028,0.1626,3.609e-05,2.206e-05,0.086
   61080,   61140,0.0046279,0.009712,0.0295,4.565e-24,2.684e-05,4.165e-05,0.0004103,1.859e-24,3.424e-05,0.002044,0.001346,4.561e-07,0.1052,0.008283,0.02029,0.1627,3.619e-05,2.22e-05,0.086
   61140,   61200,0.0079452,0.009721,0.02952,4.771e-24,2.692e-05,4.174e-05,0.0004112,1.95e-24,3.442e-05,0.002048,0.001347,4.579e-07,0.1052,0.008293,0.0203,0.1628,3.627e-05,2.232e-05,0.086
   61200,   61260,0.0088766,0.009731,0.02954,5.001e-24,2.7e-05,4.183e-05,0.0004121,2.052e-24,3.462e-05,0.002051,0.00135,4.598e-07,0.1053,0.008305,0.0203,0.1628,3.636e-05,2.246e-05,0.086
   61260,   61320,0.0089161,0.009741,0.02957,5.244e-24,2.708e-05,4.192e-05,0.000413,2.16e-24,3.481e-05,0.002055,0.001352,4.617e-07,0.1053,0.008316,0.02031,0.1629,3.645e-05,2.259e-05,0.086
   61320,   61380,0.0074839,0.00975,0.02959,5.486e-24,2.716e-05,4.201e-05,0.0004138,2.268e-24,3.5e-05,0.002058,0.001353,4.634e-07,0.1054,0.008327,0.02032,0.163,3.654e-05,2.271e-05,0.086
   61380,   61440,0.0063626,0.00976,0.02961,5.758e-24,2.724e-05,4.21e-05,0.0004147,2.39e-24,3.519e-05,0.002062,0.001355,4.653e-07,0.1054,0.008338,0.02033,0.1631,3.663e-05,2.284e-05,0.086
   61440,   61500,0.0088868,0.00977,0.02963,6.046e-24,2.732e-05,4.219e-05,0.0004155,2.519e-24,3.538e-05,0.002065,0.001357,4.672e-07,0.1055,0.008349,0.02034,0.1632,3.671e-05,2.297e-05,0.086
   61500,   61560,0.0066313,0.009779,0.02965,6.333e-24,2.74e-05,4.227e-05,0.0004163,2.648e-24,3.556e-05,0.002068,0.001359,4.689e-07,0.1056,0.008359,0.02035,0.1632,3.68e-05,2.31e-05,0.086
   61560,   61620,0.0078785,0.009788,0.02967,6.655e-24,2.747e-05,4.236e-05,0.0004172,2.793e-24,3.576e-05,0.002072,0.001361,4.707e-07,0.1056,0.00837,0.02035,0.1633,3.688e-05,2.323e-05,0.086
   61620,   61680,0.0069162,0.009797,0.02969,6.994e-24,2.755e-05,4.244e-05,0.000418,2.946e-24,3.595e-05,0.002075,0.001363,4.726e-07,0.1057,0.008381,0.02036,0.1634,3.697e-05,2.336e-05,0.086
   61680,   61740,0.0088989,0.009806,0.02971,7.332e-24,2.762e-05,4.252e-05,0.0004188,3.099e-24,3.612e-05,0.002078,0.001365,4.743e-07,0.1057,0.008391,0.02037,0.1634,3.705e-05,2.348e-05,0.086
   61740,   61800,0.0086681,0.009815,0.02973,7.712e-24,2.77e-05,4.261e-05,0.0004196,3.271e-24,3.631e-05,0.002082,0.001367,4.761e-07,0.1058,0.008401,0.02038,0.1635,3.713e-05,2.36e-05,0.086
   61800,   61860,0.0086464,0.009824,0.02975,8.115e-24,2.778e-05,4.269e-05,0.0004205,3.454e-24,3.65e-05,0.002085,0.001369,4.779e-07,0.1058,0.008411,0.02038,0.1636,3.722e-05,2.373e-05,0.086
   61860,   61920,0.0046097,0.009832,0.02977,8.514e-24,2.785e-05,4.277e-05,0.0004212,3.636e-24,3.668e-05,0.002088,0.00137,4.795e-07,0.1059,0.008421,0.02039,0.1637,3.73e-05,2.385e-05,0.086
   61920,   61980,0.0065561,0.009841,0.02979,8.963e-24,2.792e-05,4.286e-05,0.000422,3.841e-24,3.686e-05,0.002091,0.001372,4.813e-07,0.1059,0.008431,0.0204,0.1637,3.738e-05,2.398e-05,0.086
   61980,   62040,0.0059027,0.00985,0.02981,9.435e-24,2.8e-05,4.294e-05,0.0004228,4.056e-24,3.705e-05,0.002094,0.001374,4.831e-07,0.106,0.008441,0.02041,0.1638,3.746e-05,2.41e-05,0.086
   62040,   62100,0.0051982,0.009858,0.02982,9.904e-24,2.807e-05,4.302e-05,0.0004236,4.271e-24,3.722e-05,0.002097,0.001376,4.847e-07,0.106,0.008451,0.02041,0.1639,3.754e-05,2.422e-05,0.086
   62100,   62160,0.0041757,0.009866,0.02984,1.043e-23,2.814e-05,4.31e-05,0.0004244,4.51e-24,3.74e-05,0.0021,0.001378,4.864e-07,0.106,0.008461,0.02042,0.1639,3.762e-05,2.434e-05,0.086
   62160,   62220,0.0083759,0.009875,0.02986,1.098e-23,2.821e-05,4.318e-05,0.0004252,4.76e-24,3.758e-05,0.002103,0.001379,4.881e-07,0.1061,0.00847,0.02043,0.164,3.77e-05,2.446e-05,0.086
   62220,   62280,0.0085351,0.009882,0.02988,1.151e-23,2.828e-05,4.325e-05,0.0004259,4.997e-24,3.774e-05,0.002106,0.001381,4.897e-07,0.1061,0.008479,0.02043,0.1641,3.777e-05,2.457e-05,0.086
   62280,   62340,0.0085915,0.009891,0.0299,1.21e-23,2.835e-05,4.333e-05,0.0004267,5.272e-24,3.791e-05,0.002109,0.001383,4.914e-07,0.1062,0.008489,0.02044,0.1641,3.785e-05,2.469e-05,0.086
   62340,   62400,0.0069705,0.009899,0.02991,1.276e-23,2.842e-05,4.341e-05,0.0004274,5.604e-24,3.809e-05,0.002112,0.001384,4.93e-07,0.1062,0.008498,0.02045,0.1642,3.793e-05,2.481e-05,0.086
   62400,   62460,0.008444,0.009906,0.02993,1.344e-23,2.849e-05,4.348e-05,0.0004281,5.934e-24,3.827e-05,0.002115,0.001386,4.946e-07,0.1063,0.008507,0.02045,0.1642,3.8e-05,2.493e-05,0.086
   62460,   62520,0.0083195,0.009914,0.02995,1.425e-23,2.856e-05,4.356e-05,0.0004289,6.316e-24,3.845e-05,0.002118,0.001388,4.963e-07,0.1063,0.008516,0.02046,0.1643,3.808e-05,2.505e-05,0.086
   62520,   62580,0.0082242,0.009922,0.02996,1.509e-23,2.863e-05,4.364e-05,0.0004296,6.698e-24,3.863e-05,0.002121,0.001389,4.98e-07,0.1064,0.008526,0.02047,0.1644,3.815e-05,2.518e-05,0.086
   62580,   62640,0.0080615,0.009929,0.02998,1.592e-23,2.869e-05,4.371e-05,0.0004303,7.083e-24,3.88e-05,0.002124,0.001391,4.996e-07,0.1064,0.008534,0.02047,0.1644,3.823e-05,2.53e-05,0.086
   62640,   62700,0.006911,0.009937,0.03,1.677e-23,2.876e-05,4.378e-05,0.000431,7.473e-24,3.899e-05,0.002126,0.001392,5.013e-07,0.1064,0.008543,0.02048,0.1645,3.83e-05,2.543e-05,0.086
   62700,   62760,0.0071841,0.009945,0.03001,1.774e-23,2.883e-05,4.386e-05,0.0004318,7.94e-24,3.918e-05,0.002129,0.001394,5.03e-07,0.1065,0.008552,0.02048,0.1645,3.838e-05,2.555e-05,0.086
   62760,   62820,0.0081122,0.009952,0.03003,1.866e-23,2.889e-05,4.393e-05,0.0004324,8.338e-24,3.935e-05,0.002132,0.001396,5.046e-07,0.1065,0.00856,0.02049,0.1646,3.845e-05,2.567e-05,0.086
   62820,   62880,0.0080951,0.009959,0.03005,1.977e-23,2.896e-05,4.4e-05,0.0004331,8.892e-24,3.952e-05,0.002135,0.001397,5.062e-07,0.1066,0.008569,0.0205,0.1646,3.852e-05,2.579e-05,0.086
   62880,   62940,0.0080782,0.009966,0.03006,2.078e-23,2.902e-05,4.407e-05,0.0004338,9.325e-24,3.967e-05,0.002137,0.001399,5.077e-07,0.1066,0.008577,0.0205,0.1647,3.859e-05,2.589e-05,0.086
   62940,   63000,0.0080628,0.009973,0.03008,2.194e-23,2.909e-05,4.414e-05,0.0004345,9.93e-24,3.99e-05,0.00214,0.0014,5.095e-07,0.1066,0.008585,0.02051,0.1648,3.867e-05,2.604e-05,0.086
   63000,   63060,0.0080358,0.00998,0.03009,2.304e-23,2.915e-05,4.421e-05,0.0004352,1.039e-23,4.002e-05,0.002143,0.001402,5.108e-07,0.1067,0.008594,0.02051,0.1648,3.873e-05,2.613e-05,0.086
   63060,   63120,0.0080318,0.009987,0.03011,2.44e-23,2.921e-05,4.428e-05,0.0004359,1.111e-23,4.02e-05,0.002145,0.001403,5.125e-07,0.1067,0.008602,0.02052,0.1649,3.881e-05,2.626e-05,0.086
   63120,   63180,0.0080301,0.009994,0.03012,2.553e-23,2.928e-05,4.434e-05,0.0004365,1.158e-23,4.036e-05,0.002148,0.001404,5.139e-07,0.1067,0.00861,0.02052,0.1649,3.887e-05,2.636e-05,0.086
   63180,   63240,0.0080533,0.01,0.03014,2.718e-23,2.934e-05,4.441e-05,0.0004372,1.241e-23,4.054e-05,0.00215,0.001406,5.156e-07,0.1068,0.008618,0.02053,0.165,3.894e-05,2.648e-05,0.086
   63240,   63300,0.0080884,0.01001,0.03015,2.829e-23,2.94e-05,4.448e-05,0.0004379,1.291e-23,4.07e-05,0.002153,0.001407,5.171e-07,0.1068,0.008626,0.02053,0.165,3.901e-05,2.66e-05,0.086
