CampaignData_and_Merges/R0/CSL_MobileLab_Parked/raw/20240806/USOS-NOAAIodideCIMS-OrgNitrs_MobileLabGround_20240806_RA.ict
37, 1001
Michael A Robinson, Chris Jernigan, Subi Thakali
NOAA ESRL Chemical Sciences Laboratory and CIRES, U. of Colorado
NOAA Iodide CIMS Instrument
USOS
1, 1
2024, 08, 06, 2024, 08, 06
1
starttime_UTC, seconds_past_midnight, seconds_of_day_since_00:00:00_UTC
5
1, 1, 1, 1, 1
-9999, -9999, -9999, -9999, -9999
C4H7NO5_NOAACIMS, pptv, Gas_C4H7NO5_InSitu_S_AVMR, 
ISOPN_NOAACIMS, pptv, Gas_ISOPN_InSitu_S_AVMR, 
C5H10O3_NOAACIMS, pptv, Gas_C5H10O3_InSitu_S_AVMR, 
C5H9NO5_NOAACIMS, pptv, Gas_C5H9NO5_InSitu_S_AVMR, 
C10H17NO4_NOAACIMS, pptv, Gas_C10H17NO4_InSitu_S_AVMR, 
0
18
PI_CONTACT_INFO: 325 Broadway, R/CSD 7, Boulder, Colorado 80305; michael.a.robinson@noaa.gov; chris.jernigan@noaa.gov;
PLATFORM: NOAA CSL Mobile Lab
LOCATION: SLC, Utah
ASSOCIATED_DATA: 1Hz data also available on request.
INSTRUMENT_INFO: NOAA I- ToF CIMS
DATA_INFO: All data in parts per trillion by volume (pptv). 1 Hz data is available upon request.
UNCERTAINTY: TBD
ULOD_FLAG: -7777
ULOD_VALUE: N/A
LLOD_FLAG: -8888
LLOD_VALUE: N/A
DM_CONTACT_INFO: Nathan Howard; nathan.h.howard@noaa.gov
PROJECT_INFO: USOS, summer 2024. https://csl.noaa.gov/groups/csl7/measurements/2024usos/
STIPULATIONS_ON_USE: Users are strongly encouraged to contact the PI for proper data usage.
OTHER_COMMENTS: 
REVISION: RA
RA: Preliminary Data; For in-field use only
starttime_UTC, C4H7NO5_NOAACIMS, ISOPN_NOAACIMS, C5H10O3_NOAACIMS, C5H9NO5_NOAACIMS, C10H17NO4_NOAACIMS
[from data line 1338]
 80280, 11.549,  9.703, 26.932,  4.804,  0.051
 80340, 11.670, 10.742, 28.925,  5.291,  0.063
 80400, 11.424, 10.532, 29.922,  5.218,  0.060
 80460, 11.617,  9.718, 25.982,  5.025,  0.088
 80520, 12.040,  9.607, 24.973,  5.285,  0.072
 80580, 11.909,  9.865, 30.112,  5.374,  0.049
 80640, 11.748,  9.405, 30.853,  5.294,  0.033
 80700, 11.606,  9.348, 29.831,  4.996,  0.019
 80760, 11.753,  9.989, 31.131,  5.117,  0.035
 80820, 11.689, 10.245, 33.084,  5.346,  0.062
 80880, 11.688, 10.786, 36.103,  5.254,  0.047
 80940, 11.677, 11.498, 39.604,  4.944,  0.048
 81000, 11.015, 11.215, 43.161,  4.755,  0.037
 81060, 10.912, 12.384, 50.466,  4.837,  0.098
 81120, 10.940, 12.993, 49.823,  4.991,  0.089
 81180, 11.016, 12.228, 46.955,  5.063,  0.092
 81240, 10.953, 11.828, 43.891,  4.857,  0.025
 81300, 10.983, 11.415, 43.491,  4.925,  0.059
 81360, 11.028, 11.000, 41.083,  5.040,  0.092
 81420, 11.396, 10.088, 35.306,  5.132,  0.042
 81480, 11.445,  9.952, 32.703,  5.196,  0.044
 81540, 11.049, 10.727, 34.067,  5.285,  0.074
 81600, 10.561, 11.039, 37.935,  4.775,  0.047
 81660, 10.300, 10.594, 41.608,  4.709,  0.048
 81720, 10.034, 10.256, 43.428,  4.448,  0.062
 81780, 10.033, 10.300, 43.479,  4.565,  0.043
 81840, 10.017, 10.867, 43.587,  4.752,  0.056
 81900,  9.706, 10.199, 43.358,  4.582,  0.025
 81960,  9.981, 10.437, 42.619,  4.778,  0.068
 82020,  9.848, 10.572, 41.907,  4.794,  0.057
 82080, 10.432,  9.836, 41.344,  5.113,  0.112
 82140,  9.982,  9.398, 33.362,  4.922,  0.053
 82200,  9.922,  8.678, 34.364,  4.667,  0.020
 82260,  9.865,  9.900, 36.524,  4.739,  0.056
 82320,  9.852, 10.296, 37.453,  4.827,  0.046
 82380,  9.853,  9.533, 35.515,  4.755,  0.078
 82440,  9.746,  8.555, 31.448,  4.440,  0.054
 82500,  9.586,  8.415, 31.788,  4.575,  0.018
 82560,  9.325,  8.485, 28.799,  4.592,  0.031
 82620,  8.853,  8.657, 30.961,  4.413,  0.009
 82680,  8.698,  8.396, 31.003,  4.376,  0.056
 82740,  8.925,  8.546, 30.691,  4.491,  0.034
 82800,  8.596,  8.074, 29.755,  4.176,  0.040
 82860,  8.521,  8.465, 29.871,  4.213,  0.038
 82920,  8.710,  8.866, 30.856,  4.231,  0.069
 82980,  9.085,  8.437, 30.327,  4.472,  0.028
 83040,  9.013,  8.785, 31.554,  4.404,  0.020
 83100,  8.321,  8.652, 31.670,  4.070,  0.016
 83160,  7.978,  8.424, 32.384,  3.940,  0.058
 83220,  7.816,  7.723, 31.190,  3.581,  0.019
 83280,  7.889,  8.358, 32.175,  3.637,  0.002
 83340,  7.736,  7.885, 32.694,  3.824,  0.013
 83400,  7.732,  7.815, 32.121,  3.559, -0.006
 83460,  8.014,  8.452, 30.728,  3.823, -0.003
 83520,  8.222,  8.392, 31.920,  4.002,  0.030
 83580,  8.264,  8.086, 32.870,  3.987, -0.001
 83640,  8.081,  8.098, 31.759,  3.879,  0.005
 83700,  7.946,  8.152, 30.642,  3.818, -0.019
 83760,  8.024,  8.269, 31.992,  3.893,  0.021
 83820,  7.977,  7.894, 33.210,  3.903,  0.021
 83880,  7.574,  8.470, 35.246,  3.898,  0.011
 83940, -9999.000, -9999.000, -9999.000, -9999.000, -9999.000
 84000,  7.823,  7.244, 27.735,  3.659,  0.023
 84060,  7.841,  8.287, 29.706,  3.847,  0.033
 84120,  7.575,  8.698, 32.801,  3.857,  0.020
 84180,  7.710,  8.898, 33.213,  3.943,  0.059
 84240,  7.803,  8.918, 33.314,  3.886,  0.047
 84300,  7.854,  8.221, 32.784,  3.982,  0.051
 84360,  8.114,  8.066, 32.145,  4.100,  0.022
 84420,  8.421,  8.055, 31.604,  4.140,  0.040
 84480,  8.289,  8.019, 30.105,  4.156,  0.051
 84540,  8.295,  8.060, 29.867,  4.253,  0.048
 84600,  7.884,  7.967, 31.046,  4.168,  0.026
 84660,  7.397,  8.207, 32.304,  3.901,  0.054
 84720,  7.367,  8.460, 32.751,  3.996,  0.016
 84780,  6.945,  8.773, 35.222,  3.476,  0.050
 84840,  6.773,  8.926, 35.173,  3.426,  0.030
 84900,  6.783,  8.961, 35.683,  3.698,  0.049
 84960,  7.037,  8.884, 36.395,  3.636,  0.058
 85020,  7.071,  7.937, 35.997,  3.390,  0.056
 85080,  7.263,  8.649, 35.305,  3.665,  0.047
 85140,  7.156,  8.938, 37.200,  3.700,  0.035
 85200,  7.207,  8.565, 36.681,  3.586,  0.045
 85260,  7.253,  8.144, 36.345,  3.579,  0.056
 85320,  7.239,  8.083, 36.176,  3.637,  0.086
 85380,  7.134,  7.195, 35.705,  3.641,  0.043
 85440,  7.206,  7.618, 35.528,  3.542,  0.052
 85500,  6.884,  6.632, 34.052,  3.493,  0.043
 85560,  6.459,  7.080, 32.761,  3.382,  0.055
 85620,  6.173,  7.213, 33.326,  3.242,  0.052
 85680,  6.081,  7.328, 33.483,  3.125,  0.050
 85740,  5.794,  7.156, 31.765,  3.090,  0.046
 85800, -9999.000, -9999.000, -9999.000, -9999.000, -9999.000
 85860,  5.310,  7.416, 27.583,  2.963,  0.058
 85920,  5.459,  7.164, 30.453,  3.049,  0.056
 85980,  5.589,  7.673, 31.331,  3.095,  0.066
 86040,  5.593,  7.323, 30.008,  3.013,  0.052
 86100,  5.539,  8.364, 31.300,  3.078,  0.094
 86160,  5.480,  8.549, 33.005,  3.180,  0.122
 86220,  5.359,  8.592, 32.907,  3.212,  0.049
 86280,  5.459,  8.621, 31.997,  3.175,  0.062
 86340,  5.328,  7.485, 31.150,  3.109,  0.058
