CampaignData_and_Merges/R0/CSL_MobileLab_Parked/raw/20240806/USOS-Picarro-CO2-CH4-CO-H2O_MobileLabGround_20240806_R0.ict
38, 1001
Ilana Pollack, Nell Schafer, and Jeff Peischl
NOAA Chemical Sciences Laboratory
Picarro 2401-m CO2/CH4/CO/H2O Analyzer
USOS
1, 1
2024, 08, 06, 2024, 11, 20
0
StartTime_UTC, seconds_past_midnight, seconds past midnight
5
1, 1, 1, 1, 1
-9999, -9999, -9999, -9999, -9999
StopTime_UTC, seconds_past_midnight, seconds past midnight
CO2_ppm_1min, ppm, Gas_CO2_InSitu_S_DMF, carbon dioxide mixing ratio
CH4_ppb_1min, ppb, Gas_CH4_InSitu_S_DMF, methane mixing ratio
CO_ppb_1min, ppb, Gas_CO_InSitu_S_DMF, carbon monoxide mixing ratio
H2O_ppmv_1min, ppmv, Met_H2OMRV_InSitu_S_AVMR, water vapor mixing ratio
1
SPECIAL COMMENTS: N/A
18
PI_CONTACT_INFO: Address: NOAA Chemical Sciences Laboratory, Mail Stop CSL7, 325 Broadway, Boulder, CO 80305; Email: Ilana.Pollack@noaa.gov
PLATFORM: NOAA CSL Mobile Laboratory
LOCATION: The mobile lab was stationed in Salt Lake City, Utah.
ASSOCIATED_DATA: N/A
INSTRUMENT_INFO: CO2, CH4, and CO are reported as dry air mole fractions using a commercial wavelength-scanned cavity ring-down analyzer (Picarro 2401-m). An in-field calibration gas standard of 432±0.07 ppm CO2, 2095±1 ppb CH4, and 183±1 ppb CO, calibrated in the Boulder laboratories before and after the field project using primary CO2, CH4, and CO standard tanks tied to the WMO standard (X2019, X2004A, and X2014A, respectively) from the Global Monitoring Laboratory (GML), was delivered to the inlet every 2-3 days to evaluate instrument sensitivity. A H2O measurement was calibrated before the project with a Dew Point Mirror 373 hygrometer. The water correction calculated from these calibrations was applied to the H2O measurement for the entire campaign. Species are measured at 0.5 Hz and reported as 1-minute averages for stationary measurements.
DATA_INFO: Units: CO2, ppm, dry air mole fraction; CH4, ppb, dry air mole fraction; CO, ppb, dry air mole fraction; H2O, ppmv
UNCERTAINTY: Total uncertainties are estimated as ±0.1 ppm for CO2, ±1 ppb for CH4, ±5 ppb for CO, and ±(50 ppm + 4%) for H2O.
ULOD_FLAG: -7777
ULOD_VALUE: N/A
LLOD_FLAG: -8888
LLOD_VALUE: N/A
DM_CONTACT_INFO: Data Manager: Nathan Howard; nathan.h.howard@noaa.gov
PROJECT_INFO: USOS Dates of Study: July – August 2024
STIPULATIONS_ON_USE: Use of these data require prior ok from PI.
OTHER_COMMENTS: Data are averaged to 1 minute intervals. Stationary data collected from a 10 ft tower on top of the mobile van.
REVISION: R0
R0: Final Data
StartTime_UTC, StopTime_UTC, CO2_ppm_1min, CH4_ppb_1min, CO_ppb_1min, H2O_ppmv_1min
[from data line 1126]
67560,67620,428.79,1950.3,146.9,11400.3271
67620,67680,431.87,1950.6,156.2,11641.8115
67680,67740,429.60,1950.3,157.2,11455.3848
67740,67800,429.06,1950.2,146.4,11345.0107
67800,67860,428.74,1949.6,137.2,11158.6650
67860,67920,428.18,1948.4,139.6,11045.9902
67920,67980,428.11,1947.8,132.7,10971.8438
67980,68040,427.95,1947.9,132.4,10989.4932
68040,68100,428.22,1948.5,134.7,11032.1895
68100,68160,428.18,1948.8,135.2,11041.4463
68160,68220,428.28,1948.8,142.5,11177.4502
68220,68280,427.97,1949.2,140.1,11240.1934
68280,68340,428.42,1949.6,137.4,11327.7607
68340,68400,428.51,1949.0,137.1,11134.7842
68400,68460,429.52,1949.7,145.6,11457.3291
68460,68520,430.54,1949.2,148.6,11464.9092
68520,68580,429.94,1949.7,169.3,11822.8223
68580,68640,428.35,1949.6,140.8,11561.8438
68640,68700,429.97,1949.7,152.9,11436.1104
68700,68760,428.04,1947.9,134.4,10602.7148
68760,68820,430.10,1947.6,144.4,10716.1699
68820,68880,432.72,1947.8,159.0,11010.1855
68880,68940,429.24,1948.6,139.4,10980.0635
68940,69000,428.39,1950.0,135.9,11349.4873
69000,69060,429.22,1951.8,140.5,11878.9229
69060,69120,429.62,1952.4,145.6,12018.1191
69120,69180,429.72,1952.3,140.0,11783.8281
69180,69240,429.14,1952.3,140.7,11720.2031
69240,69300,429.37,1952.9,143.0,11853.2773
69300,69360,429.24,1953.4,145.0,11786.1689
69360,69420,429.44,1952.7,143.9,11698.0361
69420,69480,429.17,1950.9,141.1,11199.2471
69480,69540,430.01,1951.9,141.2,11722.4326
69540,69600,429.20,1952.8,141.6,11499.6611
69600,69660,430.08,1953.0,141.8,11857.2168
69660,69720,431.03,1952.6,150.3,12099.6133
69720,69780,434.53,1953.6,166.1,12111.7168
69780,69840,429.21,1952.6,140.5,11605.8252
69840,69900,428.90,1951.7,137.5,11290.7559
69900,69960,429.29,1952.3,138.1,11599.2109
69960,70020,428.80,1952.6,137.5,11614.9336
70020,70080,428.24,1950.9,133.7,11357.5957
70080,70140,428.33,1950.9,132.3,11402.5801
70140,70200,428.38,1951.0,139.8,11372.5703
70200,70260,428.52,1951.6,140.9,11472.5439
70260,70320,428.60,1951.7,144.0,11594.7969
70320,70380,428.37,1950.5,141.6,11198.7061
70380,70440,428.48,1950.6,142.9,11361.3594
70440,70500,428.16,1950.0,138.0,11200.2598
70500,70560,428.12,1949.5,133.3,11076.6045
70560,70620,428.45,1953.8,134.5,11058.7559
70620,70680,428.70,1957.1,135.5,11149.7578
70680,70740,428.20,1950.0,130.8,10919.5752
70740,70800,429.62,1950.5,166.6,11718.2539
70800,70860,428.83,1950.6,149.0,11240.5645
70860,70920,428.93,1951.3,145.2,11222.5332
70920,70980,428.57,1950.4,140.4,11175.0674
70980,71040,428.50,1950.2,136.0,11318.6680
71040,71100,428.74,1950.5,141.5,11405.8818
71100,71160,428.65,1950.6,150.3,11173.1836
71160,71220,428.36,1949.8,139.2,11026.2676
71220,71280,428.22,1949.7,136.7,11096.4141
71280,71340,428.75,1949.2,137.9,11043.6523
71340,71400,428.85,1949.2,139.1,10865.1973
71400,71460,427.91,1948.3,131.0,10630.4092
71460,71520,427.89,1948.6,130.1,10771.4688
71520,71580,427.76,1947.6,127.0,10474.8047
71580,71640,427.53,1947.9,129.2,10794.2402
71640,71700,428.03,1948.6,132.6,10608.9287
71700,71760,427.82,1949.7,137.0,10910.0957
71760,71820,427.92,1950.1,139.5,11165.7646
71820,71880,427.69,1949.2,134.2,10941.4814
71880,71940,427.81,1949.8,135.2,11457.6133
71940,72000,428.20,1949.5,134.5,10991.7090
72000,72060,428.00,1948.5,132.6,10785.6504
72060,72120,427.93,1948.9,135.7,10882.5352
72120,72180,427.43,1948.9,130.9,11239.6270
72180,72240,427.44,1948.6,130.5,10909.2227
72240,72300,427.15,1948.6,130.6,11137.7949
72300,72360,427.20,1948.6,126.1,11356.4160
72360,72420,426.88,1949.9,129.7,11864.3623
72420,72480,427.14,1949.8,127.4,11088.7178
72480,72540,427.16,1950.1,129.0,11136.0557
72540,72600,427.59,1950.6,135.8,11243.5518
72600,72660,427.60,1949.7,134.0,10767.5303
72660,72720,427.36,1949.6,131.3,10876.6963
72720,72780,427.40,1950.1,134.4,11051.4521
72780,72840,427.68,1950.4,135.1,11114.6104
72840,72900,427.53,1949.5,131.5,10829.6973
72900,72960,427.25,1950.0,132.7,11369.8418
72960,73020,426.86,1949.1,130.7,11616.9121
73020,73080,426.87,1948.8,129.9,11567.8545
73080,73140,427.08,1949.0,129.7,11213.5664
73140,73200,427.45,1953.6,132.4,11048.4346
73200,73260,427.27,1949.9,127.5,10997.1377
73260,73320,427.64,1949.7,131.2,11222.6768
73320,73380,428.08,1948.1,133.8,10783.9521
73380,73440,428.18,1948.4,132.7,10799.7021
73440,73500,427.90,1948.4,133.9,10702.4541
73500,73560,427.85,1948.3,132.5,10853.9893
73560,73620,427.66,1948.2,131.0,10726.2695
73620,73680,427.74,1948.7,132.9,10783.0820
73680,73740,427.64,1948.8,133.5,11136.2227
73740,73800,425.98,1948.9,134.1,12395.1533
73800,73860,425.28,1949.1,134.8,13076.8486
73860,73920,425.76,1950.1,132.3,12593.7227
73920,73980,426.36,1948.6,131.9,12084.6318
73980,74040,427.20,1948.4,138.7,12694.5381
74040,74100,427.65,1949.2,135.8,12069.0146
74100,74160,427.77,1949.0,132.7,11079.0615
74160,74220,428.15,1949.4,135.8,11083.8066
74220,74280,428.02,1949.7,136.6,11295.8711
74280,74340,428.16,1950.2,138.3,11763.6133
74340,74400,427.69,1949.8,135.9,11261.7334
74400,74460,428.11,1949.7,137.0,11223.7725
74460,74520,427.65,1949.4,136.6,11081.8057
74520,74580,427.76,1949.6,136.2,11161.5195
74580,74640,427.66,1949.9,132.8,11112.0166
74640,74700,427.69,1949.8,133.0,11149.4307
74700,74760,428.47,1950.3,137.7,11401.2617
74760,74820,427.96,1950.7,133.5,11345.3252
74820,74880,427.90,1953.6,200.4,11317.4063
74880,74940,427.69,1953.2,188.8,11371.6680
74940,75000,427.62,1952.1,167.6,11366.8936
75000,75060,427.77,1950.9,151.0,11074.7002
75060,75120,427.83,1950.4,135.2,11233.7773
75120,75180,427.54,1949.5,136.1,11079.9473
75180,75240,427.40,1949.9,147.7,12026.6133
75240,75300,427.61,1949.7,132.0,10982.9609
75300,75360,427.29,1949.9,131.1,11409.6426
75360,75420,427.51,1950.8,132.3,11378.7920
75420,75480,427.51,1950.5,130.5,10978.3867
75480,75540,427.27,1950.2,129.5,11101.9766
75540,75600,427.19,1950.0,130.8,11339.5664
75600,75660,427.14,1949.6,130.9,11121.1475
75660,75720,427.18,1949.6,131.9,11106.8633
75720,75780,427.26,1949.5,130.5,11077.6992
75780,75840,427.60,1949.3,131.9,10941.9189
75840,75900,426.70,1949.4,131.3,11859.5156
75900,75960,426.54,1949.1,131.8,12141.5010
75960,76020,426.61,1948.8,133.7,12044.4336
76020,76080,427.62,1948.9,132.6,10750.7920
76080,76140,427.57,1949.0,131.8,10779.7148
76140,76200,427.21,1949.2,135.2,11173.1807
76200,76260,427.81,1950.1,135.5,11190.3994
76260,76320,427.76,1950.0,137.1,11298.6729
76320,76380,427.80,1950.9,137.9,11323.9404
76380,76440,427.56,1951.6,137.2,11695.6396
76440,76500,427.96,1951.1,134.7,11102.9775
76500,76560,427.66,1950.8,135.0,11193.8828
76560,76620,427.67,1951.1,140.2,11372.9287
76620,76680,427.60,1950.9,140.1,11526.5264
76680,76740,427.83,1950.7,138.0,11306.6592
76740,76800,427.90,1950.6,138.8,11084.8818
76800,76860,427.69,1950.0,135.8,10906.5566
76860,76920,427.19,1950.3,136.2,11552.3691
76920,76980,426.76,1950.4,137.4,12371.0322
76980,77040,427.19,1950.3,137.7,11630.5947
77040,77100,426.15,1950.4,137.4,12643.6758
77100,77160,425.69,1950.4,137.1,13146.6094
77160,77220,426.86,1950.2,136.0,12241.0225
77220,77280,427.05,1949.9,139.5,11990.3730
77280,77340,427.93,1950.4,176.1,11785.8486
77340,77400,427.54,1950.3,144.7,11757.0273
77400,77460,427.49,1951.3,140.5,11861.5732
77460,77520,427.49,1950.3,134.8,11401.8838
77520,77580,427.75,1950.1,135.8,10911.2842
77580,77640,427.63,1950.3,135.8,11206.0723
77640,77700,428.12,1950.4,137.7,10992.7236
77700,77760,428.32,1952.0,140.0,11706.0986
77760,77820,428.49,1953.3,140.1,11502.4199
77820,77880,428.50,1952.5,138.4,11562.9854
77880,77940,428.54,1953.0,139.2,11284.6758
77940,78000,428.78,1952.8,143.9,11225.2197
78000,78060,429.31,1954.4,150.9,11751.9336
78060,78120,428.62,1955.5,149.5,12977.0313
78120,78180,429.56,1964.6,152.5,12148.8770
78180,78240,429.43,1957.4,146.9,12045.0137
78240,78300,429.46,1957.0,148.0,12198.8896
78300,78360,429.56,1957.1,149.2,12317.9424
78360,78420,429.76,1957.4,153.2,12295.5225
78420,78480,429.45,1958.2,150.9,12548.8730
78480,78540,429.42,1959.0,150.4,12397.7148
78540,78600,429.34,1959.7,150.6,12873.9277
78600,78660,429.93,1960.4,151.7,12660.6182
78660,78720,429.71,1959.4,155.8,12991.2871
78720,78780,429.79,1959.7,149.2,12283.4170
78780,78840,429.81,1960.4,146.1,12390.1855
78840,78900,429.71,1961.7,142.8,12319.4570
78900,78960,429.89,1963.4,145.3,12424.5410
78960,79020,429.19,1964.2,145.2,13222.2480
79020,79080,429.97,1966.0,146.7,13011.0449
79080,79140,430.66,1966.5,145.9,11820.3486
79140,79200,430.12,1968.3,148.0,12236.8213
79200,79260,429.89,1968.3,149.1,13040.7480
79260,79320,428.89,1968.5,146.7,13419.0498
79320,79380,429.19,1968.6,145.4,13125.9658
79380,79440,429.70,1967.4,149.0,12143.5762
79440,79500,429.42,1963.8,145.9,11956.7793
79500,79560,429.87,1968.7,163.3,12321.1826
79560,79620,429.80,1971.5,151.9,12761.7305
79620,79680,429.46,1971.3,145.3,12646.1738
79680,79740,429.48,1970.6,145.0,12675.3623
79740,79800,429.40,1970.9,144.3,12755.0215
79800,79860,429.00,1971.7,142.9,12739.7793
79860,79920,428.90,1972.5,143.6,12647.6357
79920,79980,428.84,1973.2,144.7,12921.7754
79980,80040,428.91,1974.6,150.3,13067.6006
80040,80100,429.02,1974.6,149.9,12932.6621
80100,80160,428.96,1973.8,150.1,12980.8672
80160,80220,428.95,1972.8,151.7,12887.1367
80220,80280,428.86,1972.9,162.3,13254.8486
80280,80340,428.58,1972.8,158.0,13493.4521
80340,80400,428.70,1971.4,145.0,12836.2627
80400,80460,428.47,1971.5,167.7,13819.9395
80460,80520,428.78,1968.4,141.8,12571.2451
80520,80580,428.91,1967.8,137.1,12132.3076
80580,80640,428.68,1968.6,138.3,12419.8447
80640,80700,428.54,1968.3,137.9,12467.7197
80700,80760,428.56,1968.3,138.7,12821.7373
80760,80820,428.74,1967.7,140.1,12912.1553
80820,80880,428.51,1970.1,156.3,13061.7314
80880,80940,428.62,1973.3,150.2,12916.7461
80940,81000,429.04,1974.9,142.1,12990.2217
81000,81060,430.24,1979.9,145.7,13330.2178
81060,81120,430.31,1980.5,147.1,12917.7227
81120,81180,429.59,1979.2,147.0,13321.8066
81180,81240,429.19,1977.4,147.9,13712.2744
81240,81300,429.12,1976.4,147.2,13524.4873
81300,81360,428.98,1975.3,142.9,13043.4648
81360,81420,428.95,1974.2,142.9,13133.5342
81420,81480,428.94,1971.9,142.9,12934.3203
81480,81540,428.96,1972.4,141.6,13043.0791
81540,81600,429.04,1975.4,142.6,13360.3799
81600,81660,431.37,1979.5,146.2,13153.5127
81660,81720,429.65,1980.6,139.7,12712.7080
81720,81780,430.44,1979.8,139.5,12880.2598
81780,81840,432.16,1979.1,139.9,12877.3691
81840,81900,429.46,1980.0,142.5,13192.2051
81900,81960,430.02,1980.9,143.5,13404.7432
81960,82020,431.99,1981.4,146.0,13886.3682
82020,82080,430.60,1978.7,143.4,13473.9971
82080,82140,429.26,1974.5,139.7,12910.6309
82140,82200,428.89,1972.4,137.3,12907.8682
82200,82260,429.11,1974.3,139.6,13000.9238
82260,82320,429.20,1974.8,141.2,13048.1230
82320,82380,429.25,1974.0,142.8,13143.7100
82380,82440,433.18,1972.6,142.8,13054.6836
82440,82500,430.45,1968.1,136.8,12430.6172
82500,82560,430.66,1967.5,134.6,12389.7627
82560,82620,428.83,1968.0,133.6,12459.0430
82620,82680,428.18,1968.1,132.0,12412.0361
82680,82740,428.21,1969.3,133.3,13052.0547
82740,82800,428.27,1967.3,130.9,12306.7236
82800,82860,427.89,1965.0,127.7,12193.0830
82860,82920,427.84,1965.7,128.4,12392.2979
82920,82980,428.30,1967.2,139.0,12700.4043
82980,83040,428.82,1967.1,134.1,12367.4346
83040,83100,428.58,1967.3,133.4,12523.3037
83100,83160,428.12,1964.9,129.4,12117.7061
83160,83220,427.85,1965.6,133.9,12451.6221
83220,83280,427.82,1965.8,131.4,12755.6279
83280,83340,427.99,1964.5,129.8,11975.0869
83340,83400,427.97,1965.0,129.8,12221.5322
83400,83460,428.31,1965.2,155.2,12170.4707
83460,83520,428.43,1966.1,137.5,12231.7305
83520,83580,428.41,1966.4,130.7,11912.1748
83580,83640,428.53,1967.0,134.1,12014.7441
83640,83700,428.61,1967.4,135.7,12211.5605
83700,83760,428.58,1967.7,136.6,12538.0342
83760,83820,428.60,1967.4,134.2,12172.9805
83820,83880,428.72,1967.7,155.4,12643.2324
83880,83940,427.94,1965.4,133.2,12382.0225
83940,84000,427.72,1964.4,126.6,12185.5977
84000,84060,427.93,1964.7,126.9,11987.3301
84060,84120,428.33,1967.2,137.4,12010.0420
84120,84180,428.30,1969.4,131.3,12019.0449
84180,84240,428.34,1970.0,137.9,12236.0156
84240,84300,428.25,1969.9,137.6,12442.7529
84300,84360,428.22,1969.6,131.8,12296.2119
84360,84420,427.91,1968.4,130.3,12045.7852
84420,84480,427.93,1967.2,127.7,12203.9131
84480,84540,427.96,1967.8,130.9,12151.6074
84540,84600,428.16,1967.8,129.3,12097.9521
84600,84660,428.18,1966.1,129.1,11810.3516
84660,84720,428.27,1965.6,131.1,11721.9385
84720,84780,428.16,1965.8,133.9,12484.0410
84780,84840,427.85,1962.7,131.0,11594.4297
84840,84900,428.38,1963.5,142.4,11956.4189
84900,84960,428.13,1964.0,133.1,12069.4307
84960,85020,427.81,1963.4,130.0,12104.6455
85020,85080,428.40,1964.1,130.9,12111.7061
85080,85140,429.58,1965.6,134.9,12370.7988
85140,85200,428.94,1966.3,135.1,12471.8467
85200,85260,428.68,1965.0,133.9,12250.9961
85260,85320,428.70,1965.9,187.6,12141.8096
85320,85380,428.52,1965.6,194.3,12078.0400
85380,85440,427.44,1963.0,169.6,11558.4326
85440,85500,427.50,1962.6,147.8,11783.5703
85500,85560,427.57,1961.7,144.5,12533.4707
85560,85620,427.86,1960.5,137.1,12321.9375
85620,85680,428.94,1961.4,140.9,11480.0576
85680,85740,430.80,1961.9,155.8,12187.8340
85740,85800,432.11,1961.1,190.1,11834.0703
85800,85860,429.28,1961.8,153.1,11858.5713
85860,85920,428.06,1961.2,133.9,11834.8223
85920,85980,427.94,1962.1,136.4,12373.7471
85980,86040,428.19,1961.7,132.6,11849.1543
86040,86100,427.62,1960.9,131.2,11898.4658
86100,86160,427.75,1962.1,131.0,11957.5068
86160,86220,428.78,1964.1,131.8,11923.4092
86220,86280,428.43,1964.3,128.8,12078.1865
86280,86340,428.48,1963.7,128.3,12052.0811
86340,86400,429.79,1963.2,127.5,12012.4590
