CampaignData_and_Merges/R0/CSL_MobileLab_Parked/raw/20240806/USOS-NOAAIodideCIMS-OrgNitrs_MobileLabGround_20240806_RA.ict
37, 1001
Michael A Robinson, Chris Jernigan, Subi Thakali
NOAA ESRL Chemical Sciences Laboratory and CIRES, U. of Colorado
NOAA Iodide CIMS Instrument
USOS
1, 1
2024, 08, 06, 2024, 08, 06
1
starttime_UTC, seconds_past_midnight, seconds_of_day_since_00:00:00_UTC
5
1, 1, 1, 1, 1
-9999, -9999, -9999, -9999, -9999
C4H7NO5_NOAACIMS, pptv, Gas_C4H7NO5_InSitu_S_AVMR, 
ISOPN_NOAACIMS, pptv, Gas_ISOPN_InSitu_S_AVMR, 
C5H10O3_NOAACIMS, pptv, Gas_C5H10O3_InSitu_S_AVMR, 
C5H9NO5_NOAACIMS, pptv, Gas_C5H9NO5_InSitu_S_AVMR, 
C10H17NO4_NOAACIMS, pptv, Gas_C10H17NO4_InSitu_S_AVMR, 
0
18
PI_CONTACT_INFO: 325 Broadway, R/CSD 7, Boulder, Colorado 80305; michael.a.robinson@noaa.gov; chris.jernigan@noaa.gov;
PLATFORM: NOAA CSL Mobile Lab
LOCATION: SLC, Utah
ASSOCIATED_DATA: 1Hz data also available on request.
INSTRUMENT_INFO: NOAA I- ToF CIMS
DATA_INFO: All data in parts per trillion by volume (pptv). 1 Hz data is available upon request.
UNCERTAINTY: TBD
ULOD_FLAG: -7777
ULOD_VALUE: N/A
LLOD_FLAG: -8888
LLOD_VALUE: N/A
DM_CONTACT_INFO: Nathan Howard; nathan.h.howard@noaa.gov
PROJECT_INFO: USOS, summer 2024. https://csl.noaa.gov/groups/csl7/measurements/2024usos/
STIPULATIONS_ON_USE: Users are strongly encouraged to contact the PI for proper data usage.
OTHER_COMMENTS: 
REVISION: RA
RA: Preliminary Data; For in-field use only
starttime_UTC, C4H7NO5_NOAACIMS, ISOPN_NOAACIMS, C5H10O3_NOAACIMS, C5H9NO5_NOAACIMS, C10H17NO4_NOAACIMS
[from data line 999]
 59940, 25.539, 77.888, 97.140, 11.033,  3.333
 60000, 24.496, 74.670, 87.752, 10.923,  3.560
 60060, 24.025, 75.595, 79.627, 10.404,  2.536
 60120, 24.170, 75.718, 91.045, 10.388,  2.182
 60180, 21.223, 65.329, 78.057,  9.862,  1.990
 60240, 21.581, 67.839, 79.646,  9.653,  2.011
 60300, 21.897, 70.756, 79.108,  9.561,  1.932
 60360, 21.548, 68.080, 83.499,  9.653,  1.799
 60420, 20.480, 62.403, 80.342,  9.278,  1.572
 60480, 21.201, 64.207, 85.737,  9.313,  1.552
 60540, 19.266, 50.663, 75.113,  8.809,  1.446
 60600, 19.971, 49.996, 73.788,  9.408,  1.442
 60660, 19.725, 48.614, 69.355,  9.189,  1.265
 60720, 20.470, 50.978, 74.119,  9.188,  1.372
 60780, 21.613, 52.363, 75.312,  9.383,  1.341
 60840, 20.890, 49.046, 70.976,  9.520,  1.394
 60900, 20.221, 43.808, 65.693,  9.489,  1.510
 60960, 20.374, 44.755, 66.104,  9.709,  1.527
 61020, 21.052, 46.996, 65.092,  9.565,  1.924
 61080, 23.692, 56.904, 70.867, 10.019,  1.663
 61140, 23.621, 56.394, 69.265, 10.020,  1.451
 61200, 23.605, 54.381, 67.710,  9.811,  1.424
 61260, 23.894, 53.626, 67.273,  9.917,  1.359
 61320, 24.199, 54.445, 68.614, 10.256,  1.489
 61380, 22.602, 48.213, 65.055,  9.808,  1.317
 61440, 22.565, 47.734, 64.942,  9.613,  1.177
 61500, 22.152, 45.352, 61.317,  9.545,  1.212
 61560, 22.170, 44.901, 58.295,  9.553,  1.230
 61620, 22.766, 44.760, 58.522,  9.678,  1.180
 61680, 23.150, 45.744, 56.501,  9.874,  1.247
 61740, 22.729, 42.584, 56.510,  9.421,  1.181
 61800, 21.929, 43.151, 39.631,  8.730,  0.632
 61860, 22.523, 42.977, 43.130,  9.436,  1.040
 61920, 22.407, 43.319, 48.141,  9.673,  1.249
 61980, 22.371, 42.116, 49.560,  9.633,  1.184
 62040, 21.732, 39.916, 45.489,  9.504,  1.063
 62100, 21.648, 40.239, 45.210,  9.900,  1.169
 62160, 20.800, 36.195, 40.972,  9.370,  0.995
 62220, 21.297, 36.688, 40.999,  9.715,  0.971
 62280, 21.228, 36.788, 40.635,  9.646,  0.988
 62340, 21.716, 36.041, 40.522,  9.986,  0.982
 62400, 21.547, 34.163, 39.062, 10.005,  0.972
 62460, 21.465, 34.203, 38.177, 10.130,  1.005
 62520, 22.044, 34.453, 39.397, 10.215,  1.009
 62580, 22.190, 37.667, 40.450, 10.158,  0.955
 62640, 22.827, 38.516, 42.267,  9.890,  0.889
 62700, 23.211, 38.644, 44.928,  9.964,  1.057
 62760, 22.699, 37.616, 43.006,  9.825,  0.835
 62820, 22.538, 37.141, 42.488,  9.902,  0.887
 62880, 22.280, 34.485, 39.575,  9.731,  0.895
 62940, 22.595, 33.359, 39.997, 10.141,  0.844
 63000, 22.396, 32.932, 39.192, 10.344,  0.825
 63060, 22.971, 34.400, 38.625, 10.170,  0.817
 63120, 22.262, 32.595, 37.951, 10.107,  0.784
 63180, 22.028, 33.038, 39.889,  9.965,  0.778
 63240, 22.934, 33.784, 38.092, 10.197,  0.806
 63300, 23.398, 33.080, 39.616, 10.182,  0.819
 63360, 23.477, 34.246, 40.911,  9.897,  0.769
 63420, 22.729, 33.438, 37.700,  9.537,  0.614
 63480, 23.026, 34.419, 40.133, 10.073,  0.843
 63540, 23.366, 34.046, 39.982,  9.535,  0.625
 63600, 23.474, 34.965, 41.925, 10.079,  0.869
 63660, 23.279, 34.587, 34.828,  9.813,  0.863
 63720, 23.962, 35.855, 39.570,  9.852,  0.824
 63780, 24.691, 36.655, 40.608, 10.182,  0.757
 63840, 24.594, 38.128, 43.920, 10.344,  0.921
 63900, 24.439, 35.658, 40.888,  9.998,  0.848
 63960, 24.153, 36.168, 44.904, 10.088,  0.985
 64020, 23.780, 35.283, 42.662, 10.104,  0.737
 64080, 23.818, 34.248, 41.809, 10.144,  0.736
 64140, 24.292, 34.576, 42.510, 10.169,  0.763
 64200, 24.455, 35.518, 42.892, 10.315,  0.836
 64260, 24.970, 35.305, 41.211, 10.852,  0.787
 64320, 24.963, 35.678, 45.362, 10.738,  0.696
 64380, 25.201, 36.239, 44.250, 10.530,  0.862
 64440, 21.903, 34.247, 43.068,  9.473,  0.671
 64500, 21.902, 33.209, 43.776,  9.312,  0.622
 64560, 19.615, 32.398, 43.092,  8.865,  0.579
 64620, 18.500, 30.658, 42.749,  8.762,  0.550
 64680, 17.423, 28.368, 42.996,  8.526,  0.476
 64740, 17.926, 29.589, 42.475,  8.316,  0.549
 64800, 16.373, 28.203, 43.650,  7.742,  0.478
 64860, 14.305, 25.272, 40.709,  6.813,  0.408
 64920, 14.697, 25.575, 43.131,  6.965,  0.324
 64980, 13.783, 27.855, 46.660,  6.472,  0.375
 65040, 10.615, 25.561, 56.001,  5.750,  0.476
 65100,  9.546, 23.432, 55.401,  5.104,  0.375
 65160, 11.057, 21.874, 38.329,  5.718,  0.355
 65220, 13.135, 24.624, 37.113,  6.349,  0.332
 65280, 12.094, 25.015, 36.093,  6.158,  0.275
 65340,  8.642, 19.239, 31.800,  4.852,  0.241
 65400,  5.783, 13.017, 28.882,  4.048,  0.170
 65460, -9999.000, -9999.000, -9999.000, -9999.000, -9999.000
 65520,  6.774, 14.146, 18.369,  3.917,  0.219
 65580,  7.077, 15.824, 21.991,  3.712,  0.171
 65640,  6.474, 14.941, 23.857,  3.914,  0.207
 65700,  5.345, 12.787, 21.628,  3.306,  0.120
 65760,  5.157, 12.483, 21.545,  3.166,  0.063
 65820,  5.296, 13.329, 22.434,  3.354,  0.165
 65880,  5.511, 13.070, 20.118,  3.304,  0.120
 65940,  5.725, 14.501, 20.794,  3.405,  0.157
 66000,  5.709, 14.669, 22.641,  3.488,  0.133
 66060,  5.707, 13.853, 23.721,  3.288,  0.085
 66120,  5.853, 14.565, 26.285,  3.289,  0.106
 66180,  5.604, 13.809, 26.879,  3.349,  0.124
 66240,  5.079, 13.315, 26.086,  3.241,  0.204
 66300,  5.658, 13.492, 30.512,  3.235,  0.111
 66360,  6.405, 15.489, 33.054,  3.483,  0.125
 66420,  6.823, 15.848, 33.876,  3.804,  0.144
 66480,  7.189, 17.986, 36.232,  3.898,  0.172
 66540,  7.386, 17.584, 35.783,  4.073,  0.107
 66600,  7.482, 17.986, 36.190,  4.003,  0.213
 66660,  7.315, 18.437, 35.110,  3.865,  0.201
 66720,  7.774, 17.804, 34.659,  4.066,  0.156
 66780,  7.714, 17.815, 33.744,  4.256,  0.187
 66840,  7.120, 18.391, 38.703,  3.720,  0.127
 66900,  7.008, 18.008, 44.306,  3.747,  0.128
 66960,  7.109, 16.528, 44.424,  3.847,  0.108
 67020,  7.182, 17.824, 44.963,  3.837,  0.116
 67080,  6.903, 17.098, 44.365,  3.505,  0.073
 67140,  6.868, 16.322, 40.815,  3.976,  0.092
 67200,  7.098, 17.676, 43.103,  3.750,  0.053
 67260,  6.961, 17.249, 42.141,  3.652,  0.113
 67320, -9999.000, -9999.000, -9999.000, -9999.000, -9999.000
 67380,  6.391, 16.103, 38.041,  3.468,  0.090
 67440,  6.628, 15.220, 36.467,  3.470,  0.090
 67500,  6.989, 16.704, 34.954,  3.633,  0.097
 67560,  7.213, 16.077, 32.878,  3.839,  0.105
 67620,  7.379, 18.211, 35.471,  3.944,  0.145
 67680,  6.933, 16.444, 34.069,  3.652,  0.093
 67740,  7.062, 18.022, 35.939,  3.681,  0.160
 67800,  6.999, 16.415, 36.144,  3.462,  0.108
 67860,  6.608, 15.227, 38.081,  3.355,  0.060
 67920,  6.367, 14.337, 39.462,  3.307,  0.070
 67980,  6.490, 14.647, 39.020,  3.282,  0.084
 68040,  7.069, 14.258, 38.117,  3.551,  0.056
 68100,  6.798, 14.742, 38.750,  3.427,  0.108
 68160,  6.955, 15.943, 38.792,  3.551,  0.110
 68220,  6.781, 15.322, 34.338,  3.604,  0.059
 68280,  7.391, 15.727, 35.784,  3.691,  0.169
 68340,  7.923, 14.384, 35.950,  3.854,  0.091
 68400,  7.563, 15.328, 33.038,  3.749,  0.099
 68460,  7.305, 16.019, 34.470,  3.617,  0.065
 68520,  7.010, 16.120, 35.404,  3.488,  0.091
 68580,  7.287, 15.497, 38.213,  3.602,  0.104
 68640,  6.985, 15.893, 39.418,  3.392,  0.089
 68700,  5.949, 13.789, 39.472,  3.153,  0.083
 68760,  5.632, 12.284, 37.471,  3.107,  0.059
 68820,  5.134, 10.490, 33.707,  2.663,  0.045
 68880,  6.146, 13.877, 36.253,  2.986,  0.094
 68940,  6.712, 15.724, 39.440,  3.300,  0.071
 69000,  8.515, 17.527, 38.792,  4.014,  0.086
 69060,  8.746, 17.885, 39.374,  4.083,  0.063
 69120,  9.281, 18.076, 38.656,  4.589,  0.135
 69180, -9999.000, -9999.000, -9999.000, -9999.000, -9999.000
 69240,  8.669, 15.751, 30.848,  4.149,  0.065
 69300,  8.890, 17.763, 36.356,  4.057,  0.122
 69360,  8.891, 17.837, 36.193,  4.192,  0.159
 69420,  8.929, 16.418, 38.196,  3.996,  0.103
 69480,  8.928, 16.479, 37.446,  3.972,  0.071
 69540,  9.245, 17.095, 39.375,  4.157,  0.128
 69600,  9.116, 15.277, 39.463,  3.851,  0.077
 69660,  9.501, 18.184, 43.646,  4.104,  0.081
 69720,  9.858, 21.415, 53.547,  4.216,  0.159
 69780,  9.637, 19.593, 49.895,  4.147,  0.107
 69840,  8.991, 14.603, 40.420,  4.056,  0.060
 69900,  8.938, 15.459, 39.076,  3.917,  0.061
 69960,  8.680, 14.523, 39.566,  4.061,  0.098
 70020,  8.638, 14.401, 37.167,  3.833,  0.049
 70080,  8.060, 12.989, 36.695,  3.585,  0.016
 70140,  8.053, 12.589, 36.272,  3.500,  0.000
 70200,  7.970, 13.429, 36.255,  3.825,  0.045
 70260,  8.167, 13.864, 35.740,  3.648,  0.137
 70320,  8.112, 11.849, 34.733,  3.566,  0.110
 70380,  7.956, 12.209, 35.076,  3.468,  0.090
 70440,  7.792, 12.533, 33.980,  2.991,  0.084
 70500,  8.083, 11.830, 31.513,  3.384,  0.101
 70560,  8.198, 12.394, 33.695,  3.590,  0.086
 70620,  8.737, 13.034, 37.534,  3.802,  0.063
 70680,  7.967, 12.340, 36.859,  3.594,  0.038
 70740,  7.712, 12.574, 37.257,  3.499,  0.033
 70800,  8.181, 12.732, 36.135,  3.461,  0.122
 70860,  8.592, 14.137, 37.961,  3.763,  0.110
 70920,  8.714, 14.072, 39.796,  3.712,  0.109
 70980,  8.759, 12.302, 42.514,  3.498,  0.038
 71040,  8.709, 12.995, 35.210,  3.922,  0.176
 71100,  8.769, 12.543, 36.147,  3.793,  0.097
 71160,  8.877, 12.333, 38.488,  3.605,  0.075
 71220,  8.570, 11.113, 37.896,  3.477,  0.050
 71280,  8.607, 11.594, 39.708,  3.304,  0.119
 71340,  8.660, 11.761, 39.089,  3.422,  0.086
 71400,  8.170,  9.109, 36.975,  3.155,  0.009
 71460,  8.251,  9.091, 35.529,  3.291,  0.014
 71520,  8.237,  9.743, 36.440,  3.335,  0.074
 71580,  8.335,  9.333, 37.167,  3.666,  0.020
 71640,  8.252, 10.132, 37.192,  3.422,  0.046
 71700,  8.040,  9.706, 36.465,  3.321,  0.017
 71760,  8.251,  9.598, 35.799,  3.574,  0.064
 71820,  8.245,  9.228, 33.748,  3.473,  0.059
 71880,  8.113,  9.681, 34.289,  3.331,  0.094
 71940,  8.679, 10.386, 34.734,  3.256,  0.043
 72000,  9.369, 11.098, 35.748,  3.383,  0.024
 72060,  9.232, 11.126, 37.937,  3.277,  0.063
 72120,  8.494,  9.971, 35.148,  3.302,  0.078
 72180,  8.493,  9.917, 36.076,  3.233,  0.080
 72240,  8.603,  9.434, 37.626,  3.575,  0.061
 72300,  8.913,  9.193, 36.552,  3.179,  0.034
 72360,  8.810,  9.556, 37.020,  3.309,  0.038
 72420,  8.564,  9.176, 36.733,  3.041,  0.042
 72480,  8.638, 10.204, 36.953,  3.008,  0.092
 72540,  8.639,  9.867, 36.558,  3.149,  0.053
 72600,  8.229,  9.506, 34.948,  3.040,  0.045
 72660,  8.472,  9.703, 35.786,  3.309,  0.068
 72720,  8.756,  9.890, 33.944,  3.122,  0.068
 72780,  8.967,  9.317, 32.614,  3.324,  0.095
 72840, -9999.000, -9999.000, -9999.000, -9999.000, -9999.000
 72900,  9.257, 10.332, 24.098,  3.504,  0.162
 72960,  9.888,  9.439, 26.081,  3.459,  0.065
 73020, 10.762,  9.168, 28.724,  3.337,  0.108
 73080, 10.856,  9.045, 27.529,  3.389,  0.076
 73140, 11.299, 10.616, 29.057,  3.531,  0.086
 73200, 12.121,  9.218, 24.229,  3.806,  0.081
 73260, 12.201,  9.265, 25.457,  3.864,  0.030
 73320, 11.912,  9.526, 25.026,  3.636,  0.086
 73380, 11.805,  9.473, 25.219,  3.802,  0.090
 73440, 11.731,  9.566, 27.891,  3.988,  0.047
 73500, 11.762,  9.443, 26.677,  4.111,  0.070
 73560, 11.991,  9.894, 27.284,  4.074,  0.087
 73620, 12.597,  9.968, 28.312,  4.152,  0.046
 73680, 12.325,  9.928, 27.586,  4.173,  0.071
 73740, 12.271,  9.983, 27.917,  4.144,  0.083
 73800, 12.136,  9.932, 29.799,  4.231,  0.035
 73860, 12.042,  8.861, 25.692,  4.132,  0.070
 73920, 12.246,  9.367, 26.515,  4.126,  0.061
 73980, 12.416,  9.356, 26.536,  4.005,  0.041
 74040, 12.043, 10.184, 27.275,  4.211,  0.084
 74100, 12.670, 10.310, 27.837,  4.163,  0.044
 74160, 12.427, 10.682, 29.905,  4.195,  0.124
 74220, 13.050, 12.452, 33.536,  4.382,  0.033
 74280, 12.583, 11.573, 34.206,  4.309,  0.093
 74340, 12.969, 11.174, 34.499,  4.295,  0.105
 74400, 13.273, 11.995, 37.211,  4.413,  0.106
 74460, 13.312, 11.817, 37.941,  4.256,  0.044
 74520, 13.210, 11.961, 39.428,  4.315,  0.076
 74580, 13.428, 11.314, 43.261,  4.512,  0.063
 74640, 12.769, 11.261, 42.249,  4.523,  0.066
 74700, -9999.000, -9999.000, -9999.000, -9999.000, -9999.000
 74760, 12.173, 11.093, 36.898,  4.349,  0.062
 74820, 12.075, 11.407, 38.819,  4.300,  0.070
 74880, 12.300, 11.603, 43.839,  4.389,  0.099
 74940, 12.126, 10.837, 44.240,  4.315,  0.049
 75000, 12.279, 10.943, 43.393,  4.289,  0.042
 75060, 12.262, 11.848, 44.441,  4.297,  0.045
 75120, 12.474, 10.277, 43.553,  4.416,  0.053
 75180, 12.143, 10.359, 42.684,  4.541,  0.004
 75240, 12.386,  9.854, 42.737,  4.508, -0.000
 75300, 12.604,  9.940, 42.941,  4.130,  0.007
 75360, 12.521, 10.648, 45.826,  4.470,  0.011
 75420, 12.787,  9.884, 44.588,  4.150,  0.040
 75480, 12.810, 10.722, 47.108,  4.292,  0.062
 75540, 12.869, 10.191, 47.283,  4.291,  0.050
 75600, 12.714, 10.577, 48.459,  4.430,  0.038
 75660, 13.064, 10.780, 48.848,  4.047,  0.046
 75720, 12.924, 10.533, 48.667,  4.460,  0.052
 75780, 12.828,  9.892, 47.033,  4.269,  0.039
 75840, 12.912, 10.200, 49.622,  4.515,  0.061
 75900, 12.617, 10.077, 48.528,  4.427,  0.057
 75960, 12.537,  9.452, 50.062,  4.096,  0.034
 76020, 12.988, 10.149, 50.180,  4.262,  0.041
 76080, 13.105, 10.750, 52.585,  4.162,  0.028
 76140, 12.827, 10.408, 51.062,  4.229,  0.046
 76200, 12.533, 10.233, 50.959,  4.395,  0.041
 76260, 12.251,  9.286, 46.445,  4.438,  0.046
 76320, 11.929,  9.121, 43.726,  4.931,  0.043
 76380, 11.850,  8.611, 41.574,  4.741,  0.039
 76440, 11.972,  8.357, 39.626,  4.669,  0.066
 76500, 12.103,  8.145, 38.057,  4.407,  0.016
 76560, -9999.000, -9999.000, -9999.000, -9999.000, -9999.000
 76620, 11.447,  8.594, 29.354,  4.618,  0.051
 76680, 11.782,  9.230, 33.259,  4.699,  0.016
 76740, 11.912,  9.161, 35.970,  4.711,  0.099
 76800, 12.154,  8.753, 36.866,  4.343,  0.062
 76860, 12.031,  8.748, 39.885,  4.643,  0.048
 76920, 11.588,  8.866, 38.078,  4.614,  0.047
 76980, 11.630,  9.144, 39.030,  4.638,  0.045
 77040, 11.700,  9.363, 40.956,  4.767,  0.050
 77100, 11.435,  8.819, 40.472,  4.449,  0.033
 77160, 11.954,  9.146, 42.238,  4.584,  0.067
 77220, 12.027,  9.032, 40.191,  4.547,  0.055
 77280, 12.059,  9.004, 40.326,  4.493,  0.043
 77340, 11.727,  8.374, 39.486,  4.389,  0.046
 77400, 11.716,  8.385, 39.067,  4.257,  0.030
 77460, 11.889,  8.544, 38.303,  4.374,  0.063
 77520, 12.312,  9.103, 40.047,  4.557,  0.028
 77580, 11.950,  8.986, 40.049,  4.390,  0.048
 77640, 12.187,  9.080, 41.355,  4.254,  0.029
 77700, 11.842,  8.921, 40.478,  4.586,  0.038
 77760, 11.922,  9.101, 40.580,  4.727,  0.048
 77820, 11.849,  9.516, 44.788,  4.518,  0.023
 77880, 11.908,  8.725, 43.856,  4.457,  0.026
 77940, 11.883,  8.481, 40.801,  4.589,  0.065
 78000, 11.938,  9.358, 40.064,  4.810,  0.059
 78060, 11.526,  9.183, 38.324,  5.135,  0.075
 78120, 11.589,  9.354, 37.261,  5.143,  0.099
 78180, 11.509,  9.495, 32.312,  5.191,  0.066
 78240, 11.403, 10.318, 32.485,  5.297,  0.049
 78300, 11.268, 10.274, 31.705,  5.151,  0.055
 78360, 11.639, 10.383, 32.013,  5.288,  0.045
 78420, 11.812, 12.189, 25.641,  5.849,  0.031
 78480, 11.471, 11.098, 29.265,  5.170,  0.059
 78540, 11.530, 10.562, 29.996,  5.167,  0.063
 78600, 11.648, 10.247, 29.678,  5.433,  0.049
 78660, 11.669, 10.610, 29.409,  5.635,  0.079
 78720, 11.746,  9.548, 28.030,  5.340,  0.080
 78780, 11.705,  8.840, 25.513,  5.580,  0.027
 78840, 11.923,  9.133, 27.036,  5.921,  0.099
 78900, 12.120,  9.206, 28.013,  5.956,  0.080
 78960, 11.960,  8.892, 28.528,  6.022,  0.081
 79020, 12.159,  9.287, 27.593,  5.775,  0.064
 79080, 12.506,  9.749, 28.097,  6.461,  0.036
 79140, 12.539, 10.028, 28.594,  6.476,  0.053
 79200, 12.464, 10.813, 29.561,  6.360,  0.061
 79260, 12.468,  9.636, 29.218,  6.093,  0.061
 79320, 12.578,  9.711, 29.732,  5.970,  0.057
 79380, 12.725, 10.122, 28.688,  5.864,  0.061
 79440, 12.307,  9.502, 28.242,  5.714,  0.045
 79500, 12.584, 10.299, 28.776,  5.860,  0.067
 79560, 12.540, 10.509, 30.360,  5.829,  0.063
 79620, 12.595,  9.831, 27.554,  5.600,  0.040
 79680, 12.349, 10.258, 29.072,  6.176,  0.084
 79740, 12.538, 10.933, 30.719,  5.773,  0.057
 79800, 12.313, 10.098, 32.118,  5.984,  0.037
 79860, 12.510, 10.671, 32.433,  5.848,  0.028
 79920, 12.390, 10.873, 33.726,  5.680,  0.030
 79980, 12.335, 11.463, 35.879,  5.523,  0.050
 80040, 12.269, 10.979, 36.062,  5.628,  0.069
 80100, 12.190, 10.547, 35.405,  5.229,  0.036
 80160, 12.198, 10.548, 36.412,  5.382,  0.057
