CampaignData_and_Merges/R0/CSL_MobileLab_Parked/raw/20240806/USOS-NOAAIodideCIMS-HCOOH_MobileLabGround_20240806_RA.ict
33, 1001
Michael A Robinson, Chris Jernigan, Subi Thakali
NOAA ESRL Chemical Sciences Laboratory and CIRES, U. of Colorado
NOAA Iodide CIMS Instrument
USOS
1, 1
2024, 08, 06, 2024, 08, 06
1
starttime_UTC, seconds_past_midnight, seconds_of_day_since_00:00:00_UTC
1
1
-9999
HCOOH_NOAACIMS, pptv, Gas_HCOOH_InSitu_S_AVMR, 
0
18
PI_CONTACT_INFO: 325 Broadway, R/CSD 7, Boulder, Colorado 80305; michael.a.robinson@noaa.gov; chris.jernigan@noaa.gov;
PLATFORM: NOAA CSL Mobile Lab
LOCATION: SLC, Utah
ASSOCIATED_DATA: 1Hz data also available on request.
INSTRUMENT_INFO: NOAA I- ToF CIMS
DATA_INFO: All data in parts per trillion by volume (pptv). 1 Hz data is available upon request.
UNCERTAINTY: TBD
ULOD_FLAG: -7777
ULOD_VALUE: N/A
LLOD_FLAG: -8888
LLOD_VALUE: N/A
DM_CONTACT_INFO: Nathan Howard; nathan.h.howard@noaa.gov
PROJECT_INFO: USOS, summer 2024. https://csl.noaa.gov/groups/csl7/measurements/2024usos/
STIPULATIONS_ON_USE: Users are strongly encouraged to contact the PI for proper data usage.
OTHER_COMMENTS: 
REVISION: RA
RA: Preliminary Data; For in-field use only
starttime_UTC, HCOOH_NOAACIMS
[from data line 949]
 56940, 1204.088
 57000, 1187.599
 57060, 1597.498
 57120, 1515.375
 57180, 1196.065
 57240, 1236.849
 57300, 1263.912
 57360, -9999.000
 57420, 1189.310
 57480, 1254.979
 57540, 1349.959
 57600, 1326.190
 57660, 1342.275
 57720, 1271.330
 57780, 1302.941
 57840, 1433.757
 57900, 1448.902
 57960, 1364.882
 58020, 1333.690
 58080, 1355.814
 58140, 1412.243
 58200, 1383.095
 58260, 1381.219
 58320, 1316.703
 58380, 1312.358
 58440, 1376.395
 58500, 1361.161
 58560, 1367.798
 58620, 1310.288
 58680, 1352.762
 58740, 1398.339
 58800, -9999.000
 58860, -9999.000
 58920, -9999.000
 58980, -9999.000
 59040, -9999.000
 59100, -9999.000
 59160, -9999.000
 59220, -9999.000
 59280, -9999.000
 59340, -9999.000
 59400, -9999.000
 59460, -9999.000
 59520, -9999.000
 59580, -9999.000
 59640, -9999.000
 59700, -9999.000
 59760, -9999.000
 59820, -9999.000
 59880, -9999.000
 59940, 2738.902
 60000, 2402.922
 60060, 2076.785
 60120, 2157.014
 60180, 1861.773
 60240, 1935.534
 60300, 1850.238
 60360, 1773.734
 60420, 1660.654
 60480, 1685.547
 60540, 1575.139
 60600, 1584.220
 60660, 1524.626
 60720, 1595.563
 60780, 1510.742
 60840, 1552.272
 60900, 1504.741
 60960, 1563.909
 61020, 1597.872
 61080, 1569.957
 61140, 1492.062
 61200, 1476.759
 61260, 1484.270
 61320, 1480.923
 61380, 1426.700
 61440, 1442.111
 61500, 1478.474
 61560, 1438.538
 61620, 1434.068
 61680, 1427.299
 61740, 1343.468
 61800, 1307.009
 61860, 1337.656
 61920, 1429.820
 61980, 1390.115
 62040, 1330.378
 62100, 1343.043
 62160, 1314.569
 62220, 1340.753
 62280, 1328.483
 62340, 1335.240
 62400, 1376.704
 62460, 1402.073
 62520, 1424.894
 62580, 1374.365
 62640, 1342.960
 62700, 1397.523
 62760, 1341.694
 62820, 1378.459
 62880, 1319.638
 62940, 1313.210
 63000, 1397.498
 63060, 1453.789
 63120, 1518.437
 63180, 1637.954
 63240, 1437.842
 63300, 1478.780
 63360, 1372.964
 63420, 1343.961
 63480, 1411.156
 63540, 1421.023
 63600, 1408.613
 63660, 1303.982
 63720, 1359.818
 63780, 1328.276
 63840, 1400.138
 63900, 1347.136
 63960, 1443.524
 64020, 1388.454
 64080, 1355.001
 64140, 1366.442
 64200, 1378.802
 64260, 1314.445
 64320, 1388.847
 64380, 1374.317
 64440, 1272.289
 64500, 1417.412
 64560, 1331.742
 64620, 1304.487
 64680, 1342.811
 64740, 1326.276
 64800, 1243.994
 64860, 1163.810
 64920, 1221.584
 64980, 1237.125
 65040, 1110.403
 65100, 1083.954
 65160, 1094.384
 65220, 1145.256
 65280, 1193.045
 65340, 1092.564
 65400, 1007.506
 65460, -9999.000
 65520, 929.647
 65580, 974.464
 65640, 1008.948
 65700, 964.823
 65760, 975.781
 65820, 1002.247
 65880, 1036.848
 65940, 1085.768
 66000, 1033.895
 66060, 1000.527
 66120, 986.826
 66180, 939.400
 66240, 1040.948
 66300, 896.104
 66360, 1015.691
 66420, 946.444
 66480, 1021.694
 66540, 992.486
 66600, 961.066
 66660, 1036.802
 66720, 1123.373
 66780, 1056.785
 66840, 1056.118
 66900, 983.481
 66960, 897.459
 67020, 962.706
 67080, 1002.971
 67140, 895.912
 67200, 973.306
 67260, 940.930
 67320, -9999.000
 67380, 875.871
 67440, 862.460
 67500, 962.577
 67560, 883.029
 67620, 1019.624
 67680, 915.493
 67740, 1037.024
 67800, 1004.883
 67860, 866.706
 67920, 917.588
 67980, 989.261
 68040, 833.905
 68100, 988.161
 68160, 906.554
 68220, 906.480
 68280, 1010.344
 68340, 845.314
 68400, 889.289
 68460, 969.901
 68520, 960.343
 68580, 894.879
 68640, 958.735
 68700, 872.668
 68760, 825.413
 68820, 819.823
 68880, 888.952
 68940, 932.397
 69000, 1090.509
 69060, 994.671
 69120, 1094.574
 69180, -9999.000
 69240, 982.006
 69300, 1005.256
 69360, 942.045
 69420, 952.081
 69480, 896.492
 69540, 1001.641
 69600, 1003.899
 69660, 906.743
 69720, 995.975
 69780, 1001.450
 69840, 822.732
 69900, 947.451
 69960, 1043.985
 70020, 911.996
 70080, 846.935
 70140, 924.507
 70200, 889.013
 70260, 927.843
 70320, 1025.969
 70380, 946.028
 70440, 928.579
 70500, 846.645
 70560, 955.534
 70620, 872.742
 70680, 867.372
 70740, 924.574
 70800, 860.972
 70860, 888.731
 70920, 940.246
 70980, 804.106
 71040, 824.978
 71100, 887.019
 71160, 934.522
 71220, 892.976
 71280, 853.173
 71340, 847.022
 71400, 802.438
 71460, 820.038
 71520, 728.311
 71580, 774.765
 71640, 828.446
 71700, 793.397
 71760, 979.721
 71820, 855.653
 71880, 1041.854
 71940, 954.852
 72000, 835.626
 72060, 865.455
 72120, 1005.499
 72180, 903.831
 72240, 830.818
 72300, 897.171
 72360, 1040.405
 72420, 912.397
 72480, 883.083
 72540, 878.345
 72600, 899.279
 72660, 901.043
 72720, 926.391
 72780, 936.286
 72840, -9999.000
 72900, 978.851
 72960, 909.089
 73020, 947.732
 73080, 969.713
 73140, 930.343
 73200, 871.914
 73260, 1006.236
 73320, 780.745
 73380, 825.350
 73440, 784.264
 73500, 789.529
 73560, 821.804
 73620, 803.692
 73680, 907.350
 73740, 906.340
 73800, 863.180
 73860, 911.720
 73920, 917.193
 73980, 888.153
 74040, 991.605
 74100, 818.029
 74160, 884.740
 74220, 865.013
 74280, 974.295
 74340, 987.516
 74400, 872.404
 74460, 761.256
 74520, 808.334
 74580, 780.041
 74640, 808.699
 74700, -9999.000
 74760, 866.148
 74820, 804.482
 74880, 821.486
 74940, 903.768
 75000, 845.299
 75060, 768.576
 75120, 752.705
 75180, 868.985
 75240, 785.262
 75300, 739.869
 75360, 843.565
 75420, 744.030
 75480, 751.359
 75540, 771.584
 75600, 747.957
 75660, 730.191
 75720, 763.527
 75780, 771.267
 75840, 777.255
 75900, 779.529
 75960, 817.212
 76020, 728.474
 76080, 715.791
 76140, 682.161
 76200, 812.168
 76260, 844.724
 76320, 768.377
 76380, 807.687
 76440, 795.817
 76500, 675.250
 76560, -9999.000
 76620, 675.962
 76680, 715.410
 76740, 716.303
 76800, 628.172
 76860, 693.027
 76920, 776.576
 76980, 687.865
 77040, 744.862
 77100, 724.499
 77160, 741.057
 77220, 726.500
 77280, 701.275
 77340, 741.674
 77400, 753.321
 77460, 706.256
 77520, 621.191
 77580, 603.024
 77640, 626.507
 77700, 724.875
 77760, 702.283
 77820, 693.328
 77880, 672.226
 77940, 672.304
 78000, 659.623
 78060, 739.036
 78120, 770.940
 78180, 631.908
 78240, 654.403
 78300, 738.375
 78360, 682.831
 78420, 628.573
 78480, 661.787
 78540, 729.201
 78600, 742.477
 78660, 693.241
 78720, 660.647
 78780, 635.013
 78840, 652.438
 78900, 671.174
 78960, 693.997
 79020, 724.044
 79080, 650.260
 79140, 672.054
 79200, 740.192
 79260, 705.118
 79320, 714.998
 79380, 670.351
 79440, 642.859
 79500, 646.868
 79560, 680.327
 79620, 590.571
 79680, 638.373
 79740, 657.459
 79800, 653.892
 79860, 609.495
 79920, 611.440
 79980, 639.371
 80040, 628.235
 80100, 652.278
 80160, 634.687
 80220, 692.306
 80280, 625.528
 80340, 618.576
 80400, 694.857
 80460, 601.410
 80520, 571.399
 80580, 593.370
 80640, 601.113
 80700, 614.325
 80760, 621.172
 80820, 654.917
 80880, 628.370
 80940, 622.515
 81000, 635.893
 81060, 590.846
 81120, 645.555
 81180, 710.639
 81240, 748.349
 81300, 638.487
 81360, 626.964
 81420, 626.967
 81480, 613.082
 81540, 670.894
 81600, 642.445
 81660, 595.074
 81720, 591.057
 81780, 606.649
 81840, 620.802
 81900, 635.099
 81960, 682.422
 82020, 677.479
 82080, 654.321
 82140, 621.777
 82200, 605.894
 82260, 604.553
 82320, 628.947
 82380, 650.944
 82440, 581.538
 82500, 592.273
 82560, 567.198
 82620, 587.102
 82680, 610.186
 82740, 592.222
 82800, 540.810
 82860, 557.945
 82920, 605.516
 82980, 563.256
 83040, 577.122
 83100, 568.763
 83160, 570.721
 83220, 603.615
 83280, 556.852
 83340, 569.690
 83400, 564.100
 83460, 573.511
 83520, 558.134
 83580, 546.873
 83640, 553.579
 83700, 582.966
 83760, 585.126
 83820, 656.158
 83880, 589.621
 83940, -9999.000
 84000, 511.372
 84060, 568.186
 84120, 552.887
 84180, 548.360
 84240, 592.397
 84300, 570.122
 84360, 572.551
 84420, 580.124
 84480, 596.052
 84540, 572.394
 84600, 616.242
 84660, 565.705
 84720, 630.759
 84780, 551.450
 84840, 553.188
 84900, 605.575
 84960, 594.277
 85020, 585.752
 85080, 617.526
 85140, 648.384
 85200, 604.097
 85260, 597.611
 85320, 590.144
 85380, 542.812
 85440, 576.871
 85500, 620.370
 85560, 626.774
 85620, 558.164
 85680, 595.970
 85740, 603.418
 85800, -9999.000
 85860, 568.151
 85920, 620.598
 85980, 598.664
 86040, 576.599
 86100, 590.899
 86160, 600.847
 86220, 603.809
 86280, 595.243
 86340, 622.513
