CampaignData_and_Merges/R0/CSL_MobileLab_Parked/raw/20240806/USOS-NOAAIodideCIMS-N2O5_MobileLabGround_20240806_RA.ict
33, 1001
Michael A Robinson, Chris Jernigan, Subi Thakali
NOAA ESRL Chemical Sciences Laboratory and CIRES, U. of Colorado
NOAA Iodide CIMS Instrument
USOS
1, 1
2024, 08, 06, 2024, 08, 06
1
starttime_UTC, seconds_past_midnight, seconds_of_day_since_00:00:00_UTC
1
1
-9999
N2O5_NOAACIMS, pptv, Gas_N2O5_InSitu_S_AVMR, 
0
18
PI_CONTACT_INFO: 325 Broadway, R/CSD 7, Boulder, Colorado 80305; michael.a.robinson@noaa.gov; chris.jernigan@noaa.gov;
PLATFORM: NOAA CSL Mobile Lab
LOCATION: SLC, Utah
ASSOCIATED_DATA: 1Hz data also available on request.
INSTRUMENT_INFO: NOAA I- ToF CIMS
DATA_INFO: All data in parts per trillion by volume (pptv). 1 Hz data is available upon request.
UNCERTAINTY: TBD
ULOD_FLAG: -7777
ULOD_VALUE: N/A
LLOD_FLAG: -8888
LLOD_VALUE: N/A
DM_CONTACT_INFO: Nathan Howard; nathan.h.howard@noaa.gov
PROJECT_INFO: USOS, summer 2024. https://csl.noaa.gov/groups/csl7/measurements/2024usos/
STIPULATIONS_ON_USE: Users are strongly encouraged to contact the PI for proper data usage.
OTHER_COMMENTS: 
REVISION: RA
RA: Preliminary Data; For in-field use only
starttime_UTC, N2O5_NOAACIMS
     0, -9999.000
    60, -9999.000
   120, -9999.000
   180, -9999.000
   240, -9999.000
   300, -9999.000
   360, -9999.000
   420, -9999.000
   480, -9999.000
   540, -9999.000
   600, -9999.000
   660, -9999.000
   720, -9999.000
   780, -9999.000
   840, -9999.000
   900, -9999.000
   960, -9999.000
  1020, -9999.000
  1080, -9999.000
  1140, -9999.000
  1200, -9999.000
  1260, -9999.000
  1320, -9999.000
  1380, -9999.000
  1440, -9999.000
  1500, -9999.000
  1560, -9999.000
  1620, -9999.000
  1680, -9999.000
  1740, -9999.000
  1800, -9999.000
  1860, -9999.000
  1920, -9999.000
  1980, -9999.000
  2040, -9999.000
  2100, -9999.000
  2160, -9999.000
  2220, -9999.000
  2280, -9999.000
  2340, -9999.000
  2400, -9999.000
  2460, -9999.000
  2520, -9999.000
  2580, -9999.000
  2640, -9999.000
  2700, -9999.000
  2760, -9999.000
  2820, -9999.000
  2880, -9999.000
  2940, -9999.000
  3000, -9999.000
  3060, -9999.000
  3120, -9999.000
  3180, -9999.000
  3240, -9999.000
  3300, -9999.000
  3360, -9999.000
  3420, -9999.000
  3480, -9999.000
  3540, -9999.000
  3600, -9999.000
  3660, -9999.000
  3720, -9999.000
  3780, -9999.000
  3840, -9999.000
  3900, -9999.000
  3960, -9999.000
  4020, -9999.000
  4080, -9999.000
  4140, -9999.000
  4200, -9999.000
  4260, -9999.000
  4320, -9999.000
  4380, -9999.000
  4440, -9999.000
  4500, -9999.000
  4560, -9999.000
  4620, -9999.000
  4680, -9999.000
  4740, -9999.000
  4800, -9999.000
  4860, -9999.000
  4920, -9999.000
  4980, -9999.000
  5040, -9999.000
  5100, -9999.000
  5160, -9999.000
  5220, -9999.000
  5280, -9999.000
  5340, -9999.000
  5400, -9999.000
  5460, -9999.000
  5520, -9999.000
  5580, -9999.000
  5640, -9999.000
  5700, -9999.000
  5760, -9999.000
  5820, -9999.000
  5880,  0.264
  5940,  0.223
  6000,  0.266
  6060,  0.273
  6120,  0.091
  6180,  0.107
  6240,  0.225
  6300,  0.474
  6360,  1.062
  6420,  1.572
  6480,  1.626
  6540,  0.864
  6600,  0.771
  6660,  0.669
  6720,  0.748
  6780,  1.121
  6840,  0.862
  6900,  1.025
  6960,  1.062
  7020,  0.639
  7080,  0.463
  7140,  0.438
  7200,  0.470
  7260,  0.497
  7320,  0.481
  7380,  0.454
  7440,  0.526
  7500,  0.452
  7560,  0.454
  7620,  0.336
  7680,  0.357
  7740,  0.288
  7800,  0.338
  7860,  0.369
  7920,  0.387
  7980,  0.286
  8040,  0.407
  8100,  0.460
  8160,  0.464
  8220,  0.471
  8280,  0.415
  8340,  0.441
  8400,  0.301
  8460,  0.341
  8520,  0.338
  8580,  0.429
  8640,  0.593
  8700,  0.568
  8760,  0.710
  8820,  0.552
  8880,  0.562
  8940,  0.636
  9000,  0.582
  9060,  0.506
  9120,  0.497
  9180,  0.476
  9240,  0.498
  9300,  0.631
  9360,  0.578
  9420,  0.802
  9480,  0.679
  9540,  0.901
  9600,  0.886
  9660,  0.634
  9720,  0.569
  9780,  0.507
  9840,  0.591
  9900,  0.544
  9960,  0.494
 10020,  0.437
 10080,  0.499
 10140,  0.569
 10200,  0.437
 10260,  0.544
 10320,  0.783
 10380,  0.531
 10440,  0.361
 10500,  0.390
 10560,  0.379
 10620,  0.343
 10680,  0.340
 10740,  0.412
 10800,  0.520
 10860,  0.625
 10920,  0.490
 10980,  0.410
 11040,  0.410
 11100,  0.577
 11160,  0.719
 11220,  0.582
 11280,  0.828
 11340,  0.846
 11400,  0.794
 11460,  0.968
 11520,  0.744
 11580,  0.876
 11640,  0.372
 11700,  0.502
 11760,  0.424
 11820,  0.501
 11880,  0.515
 11940,  0.990
 12000,  0.687
 12060,  0.910
 12120,  1.193
 12180,  1.109
 12240,  1.241
 12300,  0.872
 12360,  0.842
 12420,  0.974
 12480,  0.919
 12540,  1.163
 12600,  1.192
 12660,  1.230
 12720,  1.253
 12780,  1.341
 12840,  1.267
 12900,  1.077
 12960,  1.194
 13020,  1.113
 13080,  1.602
 13140,  1.663
 13200, -9999.000
 13260,  2.944
 13320,  2.078
 13380,  1.847
 13440,  1.117
 13500,  1.227
 13560,  1.031
 13620,  1.180
 13680,  1.030
 13740,  1.140
 13800,  1.129
 13860,  0.969
 13920,  1.299
 13980,  1.117
 14040,  1.074
 14100,  0.969
 14160,  1.089
 14220,  1.314
 14280,  1.423
 14340,  1.537
 14400,  1.463
 14460,  1.226
 14520,  1.465
 14580,  1.009
 14640,  0.727
 14700,  0.765
 14760,  0.745
 14820,  0.679
 14880,  0.848
 14940,  0.710
 15000,  0.698
 15060, -9999.000
 15120,  0.963
 15180,  1.032
 15240,  1.262
 15300,  1.247
 15360,  1.075
 15420,  0.618
 15480,  0.511
 15540,  0.578
 15600,  0.674
 15660,  0.849
 15720,  0.651
 15780,  0.671
 15840,  0.641
 15900,  0.765
 15960,  0.639
 16020,  0.714
 16080,  0.617
 16140,  0.988
 16200,  0.815
 16260,  0.942
 16320,  0.806
 16380,  0.909
 16440,  0.972
 16500,  0.838
 16560,  1.047
 16620,  1.013
 16680,  0.987
 16740,  1.087
 16800,  0.996
 16860,  1.014
 16920, -9999.000
 16980,  0.936
 17040,  1.002
 17100,  1.001
 17160,  1.234
 17220,  1.288
 17280,  1.300
 17340,  1.109
 17400,  1.274
 17460,  1.270
 17520,  1.235
 17580,  1.324
 17640,  1.436
 17700,  1.193
 17760,  1.263
 17820,  1.237
 17880,  1.665
 17940,  1.616
 18000,  1.385
 18060,  1.805
 18120,  1.640
 18180,  1.285
 18240,  1.488
 18300,  1.603
 18360,  1.849
 18420,  2.019
 18480,  1.850
 18540,  1.859
 18600,  1.709
 18660,  2.045
 18720,  1.843
 18780,  1.863
 18840,  1.664
 18900,  1.709
 18960,  1.437
 19020,  1.477
 19080,  1.969
 19140,  1.537
 19200,  1.412
 19260,  1.635
 19320,  1.802
 19380,  1.318
 19440,  1.327
 19500,  1.638
 19560,  1.431
 19620,  1.405
 19680,  1.339
 19740,  1.447
 19800,  1.189
 19860,  1.440
 19920,  1.597
 19980,  1.903
 20040,  1.837
 20100,  1.895
 20160,  1.798
 20220,  1.916
 20280,  1.659
 20340,  2.139
 20400,  2.026
 20460,  1.918
 20520,  2.036
 20580, -9999.000
 20640,  1.961
 20700,  1.950
 20760,  2.051
 20820,  1.525
 20880,  1.919
 20940,  1.887
 21000,  1.464
 21060,  1.595
 21120,  1.399
 21180,  1.516
 21240,  1.439
 21300,  1.369
 21360,  1.259
 21420,  1.390
 21480,  1.386
 21540,  1.231
 21600,  1.229
 21660,  1.199
 21720,  1.125
 21780,  1.222
 21840,  1.073
 21900,  1.220
 21960,  1.330
 22020,  1.251
 22080,  1.171
 22140,  1.347
 22200,  1.242
 22260,  1.503
 22320,  1.250
 22380,  1.336
 22440, -9999.000
 22500,  1.213
 22560,  1.354
 22620,  1.441
 22680,  1.530
 22740,  1.497
 22800,  1.336
 22860,  1.408
 22920,  1.132
 22980,  1.477
 23040,  1.215
 23100,  1.297
 23160,  1.485
 23220,  1.564
 23280,  1.418
 23340,  1.471
 23400,  1.414
 23460,  1.427
 23520,  1.393
 23580,  1.302
 23640,  1.409
 23700,  1.226
 23760,  1.162
 23820,  1.635
 23880,  1.422
 23940,  1.420
 24000,  1.563
 24060,  1.532
 24120,  1.655
 24180,  1.389
 24240,  1.457
 24300, -9999.000
 24360,  1.430
 24420,  1.507
 24480,  1.715
 24540,  1.730
 24600,  1.514
 24660,  1.625
 24720,  1.602
 24780,  1.721
 24840,  1.693
 24900,  1.780
 24960,  1.707
 25020,  1.761
 25080,  1.560
 25140,  1.736
 25200,  1.863
 25260,  1.565
 25320,  1.757
 25380,  1.593
 25440,  1.558
 25500,  1.480
 25560,  1.562
 25620,  1.416
 25680,  1.844
 25740,  1.652
 25800,  1.730
 25860,  1.601
 25920,  1.340
 25980,  1.647
 26040,  1.559
 26100,  1.479
 26160,  1.754
 26220,  1.604
 26280,  2.046
 26340,  1.943
 26400,  1.647
 26460,  1.738
 26520,  1.933
 26580,  1.666
 26640,  1.992
 26700,  1.873
 26760,  2.008
 26820,  2.070
 26880,  2.046
 26940,  2.304
 27000,  2.227
 27060,  2.141
 27120,  2.118
 27180,  1.924
 27240,  2.143
 27300,  2.188
 27360,  2.035
 27420,  2.345
 27480,  2.531
 27540,  2.072
 27600,  2.374
 27660,  2.259
 27720,  2.299
 27780,  2.288
 27840,  2.046
 27900,  2.090
 27960,  2.212
 28020,  2.329
 28080,  2.240
 28140,  2.097
 28200,  7.017
 28260, 10.393
 28320, 17.517
 28380, 18.190
 28440, 26.580
 28500, 32.232
 28560, 32.339
 28620, 35.817
 28680, 33.993
 28740, 28.601
 28800, 35.649
 28860, 22.690
 28920, 27.971
 28980, 34.477
 29040, 38.702
 29100, 20.527
 29160, 31.982
 29220, 15.183
 29280, 16.607
 29340, 14.773
 29400,  7.003
 29460,  5.460
 29520,  3.680
 29580,  2.984
 29640,  3.486
 29700,  2.724
 29760,  2.660
 29820,  2.628
 29880,  2.289
 29940,  2.642
 30000,  2.091
 30060,  1.951
 30120,  2.026
 30180,  1.981
 30240,  1.789
 30300,  1.903
 30360,  2.292
 30420,  2.247
 30480,  3.391
 30540,  3.281
 30600,  5.483
 30660,  5.648
 30720,  6.030
 30780,  6.273
 30840,  5.717
 30900,  4.993
 30960,  4.633
 31020,  5.818
 31080,  7.158
 31140,  7.275
 31200,  7.456
 31260,  6.654
 31320,  5.923
 31380,  6.512
 31440,  6.357
 31500,  6.067
 31560,  5.780
 31620,  6.108
 31680, -9999.000
 31740,  5.050
 31800,  6.336
 31860,  9.179
 31920,  7.915
 31980,  8.800
 32040,  8.658
 32100, 11.359
 32160,  9.122
 32220, 10.954
 32280, 13.670
 32340, 10.687
 32400,  9.294
 32460,  8.051
 32520,  9.912
 32580, 13.212
 32640, 15.848
 32700, 14.341
 32760, 20.001
 32820, 16.758
 32880, 12.275
 32940, 11.303
 33000, 10.945
 33060,  9.562
 33120,  9.725
 33180, 14.616
 33240, 11.611
 33300, 11.304
 33360, 10.903
 33420,  8.015
 33480,  8.865
 33540, -9999.000
 33600, 11.892
 33660, 12.916
 33720, 13.081
 33780, 14.409
 33840, 12.492
 33900, 20.621
 33960, 15.433
 34020, 17.383
 34080, 15.622
 34140, 13.964
 34200, 14.364
 34260, 14.930
 34320, 18.704
 34380, 17.014
 34440, 30.374
 34500, 38.886
 34560, 32.377
 34620, 34.784
 34680, 43.526
 34740, 38.859
 34800, 25.724
 34860, 26.467
 34920, 20.325
 34980, 16.393
 35040, 13.238
 35100, 12.537
 35160, 12.530
 35220,  6.862
 35280,  4.115
 35340,  2.830
 35400, -9999.000
 35460,  1.500
 35520,  1.771
 35580,  1.402
 35640,  1.281
 35700,  1.615
 35760,  1.619
 35820,  1.508
 35880,  2.063
 35940,  1.640
 36000,  1.958
 36060,  2.091
 36120,  1.455
 36180,  1.612
 36240,  1.949
 36300,  1.647
 36360,  1.962
 36420,  1.334
 36480,  1.632
 36540,  1.851
 36600,  2.083
 36660,  2.490
 36720,  2.103
 36780,  2.274
 36840,  2.053
 36900,  2.680
 36960,  2.601
 37020,  2.732
 37080,  2.506
 37140,  2.901
 37200,  2.905
 37260,  2.719
 37320,  3.392
 37380,  3.636
 37440,  2.873
 37500,  3.611
 37560,  3.568
 37620,  3.469
 37680,  3.123
 37740,  3.539
 37800,  3.672
 37860,  3.698
 37920,  3.802
 37980,  3.688
 38040,  4.253
 38100,  3.936
 38160,  3.390
 38220,  3.857
 38280,  3.816
 38340,  3.608
 38400,  4.021
 38460,  4.148
 38520,  3.892
 38580,  4.036
 38640,  5.001
 38700,  3.912
 38760,  4.101
 38820,  3.921
 38880,  4.217
 38940,  3.812
 39000,  4.583
 39060, -9999.000
 39120,  4.539
 39180,  4.136
 39240,  3.868
 39300,  4.117
 39360,  4.428
 39420,  4.205
 39480,  3.681
 39540,  3.880
 39600,  3.655
 39660,  3.584
 39720,  3.829
 39780,  3.650
 39840,  3.775
 39900,  3.570
 39960,  3.713
 40020,  3.612
 40080,  3.160
 40140,  3.651
 40200,  3.500
 40260,  3.926
 40320,  3.936
 40380,  3.497
 40440,  3.490
 40500,  3.525
 40560,  3.226
 40620,  3.918
 40680,  2.869
 40740,  3.610
 40800,  3.834
 40860,  3.507
 40920, -9999.000
 40980,  3.005
 41040,  4.230
 41100,  3.397
 41160,  3.568
 41220,  4.100
 41280,  3.788
 41340,  3.961
 41400,  4.262
 41460,  3.647
 41520,  3.352
 41580,  4.053
 41640,  3.811
 41700,  4.238
 41760,  3.574
 41820,  4.371
 41880,  4.214
 41940,  3.998
 42000,  4.792
 42060,  4.712
 42120,  4.511
 42180,  4.575
 42240,  4.375
 42300,  4.394
 42360,  4.688
 42420,  4.360
 42480,  4.743
 42540,  4.926
 42600,  4.103
 42660,  4.049
 42720,  4.461
 42780, -9999.000
 42840,  4.577
 42900,  4.722
 42960,  4.530
 43020,  4.743
 43080,  4.598
 43140,  4.708
 43200,  4.366
 43260,  4.341
 43320,  4.871
 43380,  4.310
 43440,  4.323
 43500,  4.426
 43560,  4.199
 43620,  4.134
 43680,  4.161
 43740,  3.943
 43800,  3.983
 43860,  3.667
 43920,  4.087
 43980,  4.568
 44040,  3.379
 44100,  4.009
 44160,  3.710
 44220,  3.379
 44280,  3.653
 44340,  3.523
 44400,  3.725
 44460,  3.667
 44520,  3.878
 44580,  3.028
 44640,  3.374
 44700,  3.838
 44760,  3.647
 44820,  3.316
 44880,  3.278
 44940,  3.326
 45000,  3.500
 45060,  3.575
 45120,  3.424
 45180,  2.975
 45240,  3.448
 45300,  3.284
 45360,  3.637
 45420,  2.965
 45480,  3.272
 45540,  3.178
 45600,  3.112
 45660,  3.477
 45720,  3.319
 45780,  3.079
 45840,  2.827
 45900,  2.829
 45960,  2.672
 46020,  3.089
 46080,  2.966
 46140,  3.012
 46200,  2.723
 46260,  2.911
 46320,  2.754
 46380,  2.406
 46440,  2.579
 46500,  3.152
 46560,  2.788
 46620,  2.745
 46680,  2.516
 46740,  2.991
 46800,  3.286
 46860, -9999.000
 46920, -9999.000
 46980, -9999.000
 47040, -9999.000
 47100, -9999.000
 47160, -9999.000
 47220, -9999.000
 47280, -9999.000
 47340, -9999.000
 47400, -9999.000
 47460, -9999.000
 47520, -9999.000
 47580, -9999.000
 47640, -9999.000
 47700, -9999.000
 47760, -9999.000
 47820, -9999.000
 47880, -9999.000
 47940, -9999.000
 48000, -9999.000
 48060, -9999.000
 48120, -9999.000
 48180, -9999.000
 48240, -9999.000
 48300, -9999.000
 48360, -9999.000
 48420, -9999.000
 48480, -9999.000
 48540, -9999.000
 48600, -9999.000
 48660, -9999.000
 48720, -9999.000
 48780, -9999.000
 48840, -9999.000
 48900, -9999.000
 48960, -9999.000
 49020, -9999.000
 49080, -9999.000
 49140, -9999.000
 49200, -9999.000
 49260, -9999.000
 49320, -9999.000
 49380, -9999.000
 49440, -9999.000
 49500, -9999.000
 49560, -9999.000
 49620, -9999.000
 49680, -9999.000
 49740, -9999.000
 49800, -9999.000
 49860, -9999.000
 49920, -9999.000
 49980, -9999.000
 50040, -9999.000
 50100, -9999.000
 50160, -9999.000
 50220, -9999.000
 50280, -9999.000
 50340, -9999.000
 50400, -9999.000
 50460, -9999.000
 50520, -9999.000
 50580, -9999.000
 50640, -9999.000
 50700, -9999.000
 50760, -9999.000
 50820, -9999.000
 50880, -9999.000
 50940, -9999.000
 51000, -9999.000
 51060, -9999.000
 51120, -9999.000
 51180, -9999.000
 51240, -9999.000
 51300, -9999.000
 51360, -9999.000
 51420, -9999.000
 51480, -9999.000
 51540, -9999.000
 51600, -9999.000
 51660, -9999.000
 51720, -9999.000
 51780, -9999.000
 51840, -9999.000
 51900, -9999.000
 51960, -9999.000
 52020, -9999.000
 52080, -9999.000
 52140, -9999.000
 52200, -9999.000
 52260, -9999.000
 52320, -9999.000
 52380, -9999.000
 52440, -9999.000
 52500, -9999.000
 52560, -9999.000
 52620, -9999.000
 52680, -9999.000
 52740, -9999.000
 52800, -9999.000
 52860, -9999.000
 52920, -9999.000
 52980, -9999.000
 53040, -9999.000
 53100, -9999.000
 53160, -9999.000
 53220, -9999.000
 53280, -9999.000
 53340, -9999.000
 53400, -9999.000
 53460, -9999.000
 53520, -9999.000
 53580, -9999.000
 53640, -9999.000
 53700, -9999.000
 53760, -9999.000
 53820, -9999.000
 53880, -9999.000
 53940, -9999.000
 54000, -9999.000
 54060, -9999.000
 54120, -9999.000
 54180, -9999.000
 54240, -9999.000
 54300, -9999.000
 54360, -9999.000
 54420, -9999.000
 54480, -9999.000
 54540, -9999.000
 54600, -9999.000
 54660, -9999.000
 54720, -9999.000
 54780, -9999.000
 54840, -9999.000
 54900, -9999.000
 54960, -9999.000
 55020, -9999.000
 55080, -9999.000
 55140, -9999.000
 55200, -9999.000
 55260, -9999.000
 55320, -9999.000
 55380, -9999.000
 55440, -9999.000
 55500, -9999.000
 55560, -9999.000
 55620, -9999.000
 55680, -9999.000
 55740, -9999.000
 55800, -9999.000
 55860, -9999.000
 55920, -9999.000
 55980, -9999.000
 56040, -9999.000
 56100, -9999.000
 56160, -9999.000
 56220, -9999.000
 56280, -9999.000
 56340, -9999.000
 56400, -9999.000
 56460, -9999.000
 56520, -9999.000
 56580, -9999.000
 56640, -9999.000
 56700, -9999.000
 56760, -9999.000
 56820, -9999.000
 56880, -9999.000
 56940, -9999.000
 57000, -9999.000
 57060, -9999.000
 57120, -9999.000
 57180, -9999.000
 57240, -9999.000
 57300, -9999.000
 57360, -9999.000
 57420, -9999.000
 57480, -9999.000
 57540, -9999.000
 57600, -9999.000
 57660, -9999.000
 57720, -9999.000
 57780, -9999.000
 57840, -9999.000
 57900, -9999.000
 57960, -9999.000
 58020, -9999.000
 58080, -9999.000
 58140, -9999.000
 58200, -9999.000
 58260, -9999.000
 58320, -9999.000
 58380, -9999.000
 58440, -9999.000
 58500, -9999.000
 58560, -9999.000
 58620, -9999.000
 58680, -9999.000
 58740, -9999.000
 58800, -9999.000
 58860, -9999.000
 58920, -9999.000
 58980, -9999.000
 59040, -9999.000
 59100, -9999.000
 59160, -9999.000
 59220, -9999.000
 59280, -9999.000
 59340, -9999.000
 59400, -9999.000
 59460, -9999.000
 59520, -9999.000
 59580, -9999.000
 59640, -9999.000
 59700, -9999.000
 59760, -9999.000
 59820, -9999.000
 59880, -9999.000
 59940, -9999.000
