CampaignData_and_Merges/R0/CSL_MobileLab_Parked/raw/20240806/USOS-Picarro-CO2-CH4-CO-H2O_MobileLabGround_20240806_R0.ict
38, 1001
Ilana Pollack, Nell Schafer, and Jeff Peischl
NOAA Chemical Sciences Laboratory
Picarro 2401-m CO2/CH4/CO/H2O Analyzer
USOS
1, 1
2024, 08, 06, 2024, 11, 20
0
StartTime_UTC, seconds_past_midnight, seconds past midnight
5
1, 1, 1, 1, 1
-9999, -9999, -9999, -9999, -9999
StopTime_UTC, seconds_past_midnight, seconds past midnight
CO2_ppm_1min, ppm, Gas_CO2_InSitu_S_DMF, carbon dioxide mixing ratio
CH4_ppb_1min, ppb, Gas_CH4_InSitu_S_DMF, methane mixing ratio
CO_ppb_1min, ppb, Gas_CO_InSitu_S_DMF, carbon monoxide mixing ratio
H2O_ppmv_1min, ppmv, Met_H2OMRV_InSitu_S_AVMR, water vapor mixing ratio
1
SPECIAL COMMENTS: N/A
18
PI_CONTACT_INFO: Address: NOAA Chemical Sciences Laboratory, Mail Stop CSL7, 325 Broadway, Boulder, CO 80305; Email: Ilana.Pollack@noaa.gov
PLATFORM: NOAA CSL Mobile Laboratory
LOCATION: The mobile lab was stationed in Salt Lake City, Utah.
ASSOCIATED_DATA: N/A
INSTRUMENT_INFO: CO2, CH4, and CO are reported as dry air mole fractions using a commercial wavelength-scanned cavity ring-down analyzer (Picarro 2401-m). An in-field calibration gas standard of 432±0.07 ppm CO2, 2095±1 ppb CH4, and 183±1 ppb CO, calibrated in the Boulder laboratories before and after the field project using primary CO2, CH4, and CO standard tanks tied to the WMO standard (X2019, X2004A, and X2014A, respectively) from the Global Monitoring Laboratory (GML), was delivered to the inlet every 2-3 days to evaluate instrument sensitivity. A H2O measurement was calibrated before the project with a Dew Point Mirror 373 hygrometer. The water correction calculated from these calibrations was applied to the H2O measurement for the entire campaign. Species are measured at 0.5 Hz and reported as 1-minute averages for stationary measurements.
DATA_INFO: Units: CO2, ppm, dry air mole fraction; CH4, ppb, dry air mole fraction; CO, ppb, dry air mole fraction; H2O, ppmv
UNCERTAINTY: Total uncertainties are estimated as ±0.1 ppm for CO2, ±1 ppb for CH4, ±5 ppb for CO, and ±(50 ppm + 4%) for H2O.
ULOD_FLAG: -7777
ULOD_VALUE: N/A
LLOD_FLAG: -8888
LLOD_VALUE: N/A
DM_CONTACT_INFO: Data Manager: Nathan Howard; nathan.h.howard@noaa.gov
PROJECT_INFO: USOS Dates of Study: July – August 2024
STIPULATIONS_ON_USE: Use of these data require prior ok from PI.
OTHER_COMMENTS: Data are averaged to 1 minute intervals. Stationary data collected from a 10 ft tower on top of the mobile van.
REVISION: R0
R0: Final Data
StartTime_UTC, StopTime_UTC, CO2_ppm_1min, CH4_ppb_1min, CO_ppb_1min, H2O_ppmv_1min
0,60,431.26,1951.4,197.9,11287.3359
60,120,430.51,1950.0,160.4,10887.0029
120,180,430.68,1950.6,159.3,11262.1416
180,240,435.21,1948.6,172.0,10935.4453
240,300,428.51,1949.0,139.7,11134.7656
300,360,426.98,1948.9,137.5,11036.4512
360,420,434.92,1950.3,203.4,11419.0879
420,480,431.67,1949.0,156.7,10694.8008
480,540,433.50,1948.7,158.0,10557.4492
540,600,430.77,1948.2,190.6,10252.2471
600,660,429.80,1947.7,139.4,10325.8135
660,720,428.43,1947.8,127.5,10220.6191
720,780,425.82,1947.6,120.3,9998.5088
780,840,426.80,1947.7,122.7,10174.0459
840,900,429.32,1948.9,135.6,10358.0820
900,960,431.71,1949.4,150.8,10768.9395
960,1020,432.42,1950.4,163.3,10217.8652
1020,1080,430.94,1950.6,163.2,10207.6934
1080,1140,428.91,1949.6,151.9,10345.1846
1140,1200,428.82,1947.5,125.9,10393.7480
1200,1260,427.37,1948.4,125.7,10437.2012
1260,1320,429.90,1949.4,130.1,11019.4502
1320,1380,425.82,1947.5,119.5,10342.9785
1380,1440,428.70,1948.2,129.6,10627.1084
1440,1500,427.45,1947.5,118.7,9990.9727
1500,1560,427.85,1947.6,120.3,10463.5879
1560,1620,428.22,1947.2,130.4,9974.1934
1620,1680,426.85,1947.1,118.2,9693.4697
1680,1740,426.09,1947.3,116.5,9687.7402
1740,1800,425.72,1947.6,115.8,9765.1035
1800,1860,425.49,1947.7,116.9,9887.8232
1860,1920,425.26,1948.2,116.8,10584.5781
1920,1980,425.79,1947.9,114.6,10270.6152
1980,2040,425.63,1948.4,120.7,10725.7148
2040,2100,425.85,1948.6,126.2,11224.2783
2100,2160,427.41,1949.3,132.5,12123.2275
2160,2220,428.50,1948.6,134.5,10552.7041
2220,2280,427.09,1948.8,132.1,10530.1758
2280,2340,427.26,1951.4,194.2,11835.4033
2340,2400,425.53,1950.9,159.6,12081.3770
2400,2460,426.31,1950.7,158.1,12213.6016
2460,2520,429.18,1951.0,148.4,12427.1914
2520,2580,429.14,1951.0,149.0,12433.2813
2580,2640,-9999,-9999,-9999,-9999
2640,2700,-9999,-9999,-9999,-9999
2700,2760,-9999,-9999,-9999,-9999
2760,2820,-9999,-9999,-9999,-9999
2820,2880,427.83,1957.2,236.2,13649.6563
2880,2940,426.87,1955.7,220.0,13821.9414
2940,3000,425.66,1954.4,152.8,13710.2598
3000,3060,425.37,1953.9,142.1,13765.5361
3060,3120,425.21,1954.4,140.9,13760.6113
3120,3180,427.23,1953.8,149.4,14039.0771
3180,3240,425.69,1953.8,143.5,13707.9248
3240,3300,424.81,1953.5,144.4,13846.2217
3300,3360,425.20,1953.4,144.7,14151.7539
3360,3420,425.01,1952.9,144.0,14227.7334
3420,3480,425.82,1952.3,179.2,14060.6689
3480,3540,424.61,1951.5,145.2,13986.7617
3540,3600,424.71,1952.0,144.8,13933.4414
3600,3660,425.75,1952.1,143.7,14292.2461
3660,3720,425.44,1952.3,142.5,14214.0801
3720,3780,426.35,1952.4,152.0,14379.9531
3780,3840,425.58,1951.8,148.0,13953.9697
3840,3900,426.95,1952.1,155.6,14064.6436
3900,3960,424.98,1952.3,150.9,13986.5098
3960,4020,426.59,1952.9,154.1,14461.3887
4020,4080,426.09,1953.3,150.2,14420.6602
4080,4140,425.38,1953.4,145.6,14102.2217
4140,4200,426.20,1953.8,160.6,14320.1025
4200,4260,426.24,1954.0,153.5,14194.9688
4260,4320,425.27,1954.1,140.5,14110.6924
4320,4380,426.06,1954.0,148.3,14104.6309
4380,4440,425.33,1953.7,149.8,14121.5693
4440,4500,425.80,1953.7,150.2,13927.2832
4500,4560,425.40,1953.7,143.4,14000.3057
4560,4620,425.15,1954.4,142.5,14114.5879
4620,4680,426.06,1954.7,151.5,14254.7402
4680,4740,424.94,1953.4,151.8,13688.4404
4740,4800,425.64,1953.3,149.4,14014.0566
4800,4860,425.71,1953.5,145.9,14106.5977
4860,4920,425.42,1953.7,144.1,14045.0283
4920,4980,425.14,1952.9,148.1,13907.6289
4980,5040,425.56,1952.5,146.8,13856.6396
5040,5100,425.49,1952.3,145.1,13647.1719
5100,5160,425.21,1951.9,134.2,13827.4258
5160,5220,424.47,1952.2,136.6,13750.7422
5220,5280,427.34,1953.3,150.6,13965.8398
5280,5340,426.57,1953.1,146.3,14165.1270
5340,5400,426.15,1952.7,148.6,14123.2715
5400,5460,425.90,1953.0,152.4,13984.0547
5460,5520,426.00,1953.1,148.1,13716.0137
5520,5580,427.04,1952.9,147.9,13596.5947
5580,5640,425.44,1952.7,148.8,13593.2305
5640,5700,425.88,1953.0,157.9,13714.4297
5700,5760,426.85,1953.2,155.6,13781.7188
5760,5820,425.91,1952.5,137.3,13954.6563
5820,5880,425.38,1952.4,137.4,13761.1680
5880,5940,425.29,1952.5,138.6,13818.0059
5940,6000,426.07,1952.6,141.1,13795.8379
6000,6060,427.75,1951.9,148.1,13792.3242
6060,6120,426.83,1951.6,140.9,13788.3652
6120,6180,425.63,1951.1,139.2,13685.8975
6180,6240,426.13,1950.8,135.1,13482.1201
6240,6300,426.33,1951.0,138.3,13386.7891
6300,6360,428.53,1953.9,181.0,13483.0674
6360,6420,434.88,1958.9,209.8,13430.4453
6420,6480,439.32,1961.6,231.3,13564.5781
6480,6540,429.87,1958.2,173.6,12996.1523
6540,6600,427.41,1955.5,156.8,12928.3379
6600,6660,427.69,1955.5,158.8,12961.3379
6660,6720,427.90,1955.0,160.8,12952.2939
6720,6780,427.75,1954.6,159.0,12922.6865
6780,6840,428.40,1954.9,177.8,12956.1279
6840,6900,431.07,1955.5,175.2,13276.1201
6900,6960,435.24,1956.9,205.2,13508.2783
6960,7020,436.60,1958.0,231.8,13715.5840
7020,7080,428.94,1954.3,161.4,13354.3975
7080,7140,431.24,1954.0,176.3,13583.2676
7140,7200,424.85,1951.7,136.1,12973.2471
7200,7260,424.87,1951.6,135.8,13062.5557
7260,7320,424.97,1951.9,137.3,13037.5469
7320,7380,425.28,1952.1,137.9,13184.4922
7380,7440,426.75,1954.3,142.1,13525.2910
7440,7500,426.54,1952.7,141.5,13425.2500
7500,7560,433.17,1953.0,165.7,13471.4824
7560,7620,426.43,1951.2,138.3,13280.1445
7620,7680,426.71,1951.8,138.2,13457.1836
7680,7740,426.76,1951.6,138.7,13445.4893
7740,7800,427.35,1951.2,136.0,13352.7578
7800,7860,429.39,1952.4,140.0,13759.5674
7860,7920,426.49,1952.0,131.2,13484.2578
7920,7980,427.25,1952.6,132.5,13573.4814
7980,8040,427.91,1953.2,136.0,13674.0244
8040,8100,428.36,1954.5,141.4,13814.8291
8100,8160,428.34,1954.7,145.5,13655.9385
8160,8220,428.95,1954.6,147.5,13737.5605
8220,8280,426.92,1952.9,135.4,13540.0049
8280,8340,428.09,1952.4,143.3,13607.7842
8340,8400,428.11,1952.7,140.3,13641.4473
8400,8460,428.20,1953.0,137.1,13641.2988
8460,8520,426.28,1951.4,131.7,13462.9727
8520,8580,426.41,1952.1,132.3,13374.3682
8580,8640,428.64,1951.9,145.9,13421.9697
8640,8700,428.87,1952.0,146.6,13492.8340
8700,8760,429.76,1953.6,144.3,13546.1426
8760,8820,428.34,1952.9,139.5,13531.4521
8820,8880,428.34,1953.4,144.1,13620.7012
8880,8940,429.63,1954.0,143.6,13689.6289
8940,9000,430.26,1953.8,140.3,13793.7314
9000,9060,428.76,1953.7,136.1,13788.8369
9060,9120,427.09,1952.2,133.8,13738.5723
9120,9180,427.76,1953.6,133.7,13761.8369
9180,9240,427.77,1952.5,131.4,13712.5801
9240,9300,428.33,1953.0,170.8,13695.1943
9300,9360,427.69,1952.9,159.8,13614.9746
9360,9420,430.14,1953.5,154.8,13773.6563
9420,9480,428.32,1953.0,137.7,13766.7031
9480,9540,428.99,1953.1,137.6,13748.8760
9540,9600,427.80,1952.8,141.0,13670.1094
9600,9660,429.42,1953.5,149.3,13806.3604
9660,9720,428.69,1952.8,141.6,13707.5137
9720,9780,428.77,1952.5,148.0,13710.2900
9780,9840,428.49,1952.6,151.9,13680.8145
9840,9900,428.50,1952.3,147.4,13704.6992
9900,9960,427.73,1952.4,135.8,13660.3174
9960,10020,427.89,1952.2,133.7,13734.5684
10020,10080,429.53,1952.8,136.0,13843.8936
10080,10140,431.34,1952.9,141.0,14002.7256
10140,10200,430.56,1953.7,154.8,13925.8984
10200,10260,430.97,1953.4,141.5,13951.0615
10260,10320,429.16,1952.7,136.6,13823.3213
10320,10380,430.05,1953.0,136.8,13881.8389
10380,10440,428.69,1952.5,132.7,13770.1973
10440,10500,429.81,1951.9,132.6,13816.8613
10500,10560,429.18,1952.1,132.3,13824.6914
10560,10620,427.92,1951.4,130.7,13640.7432
10620,10680,428.98,1951.8,132.3,13790.3525
10680,10740,429.88,1952.0,133.0,13699.7363
10740,10800,430.85,1953.3,153.6,13761.6035
10800,10860,429.64,1953.0,137.5,13744.3145
10860,10920,429.05,1953.5,136.2,13696.7256
10920,10980,429.74,1953.3,149.2,13671.0713
10980,11040,429.85,1953.2,138.8,13707.3682
11040,11100,429.08,1952.7,138.8,13550.1553
11100,11160,429.43,1952.7,138.7,13500.3115
11160,11220,430.82,1953.7,141.3,13651.9658
11220,11280,430.67,1953.8,144.5,13561.3184
11280,11340,430.93,1953.4,144.3,13523.2480
11340,11400,431.07,1953.1,140.0,13454.2080
11400,11460,435.03,1954.2,156.1,13551.5342
11460,11520,431.54,1953.9,154.9,13416.5576
11520,11580,434.25,1953.7,207.7,13618.2773
11580,11640,431.11,1952.5,176.1,13409.8477
11640,11700,429.67,1951.2,138.6,13265.1553
11700,11760,430.96,1952.9,136.3,13311.4775
11760,11820,431.91,1952.8,147.7,13382.7139
11820,11880,432.82,1953.1,219.5,13370.8223
11880,11940,431.10,1953.2,190.3,13270.1523
11940,12000,433.85,1954.5,191.1,13393.3066
12000,12060,432.45,1953.2,160.9,13299.0752
12060,12120,433.43,1953.7,189.8,13321.8281
12120,12180,433.87,1954.1,173.8,13338.1680
12180,12240,431.83,1952.6,157.7,13208.7305
12240,12300,431.01,1954.0,147.6,13281.3438
12300,12360,431.82,1952.3,142.0,13237.0381
12360,12420,431.81,1952.2,152.0,13216.0010
12420,12480,432.88,1953.2,154.1,13330.6631
12480,12540,430.41,1953.5,147.2,13255.7197
12540,12600,430.69,1953.5,147.4,13257.9072
12600,12660,431.34,1955.3,144.6,13322.6348
12660,12720,430.05,1953.8,141.6,13258.9414
12720,12780,431.67,1955.1,152.6,13303.5723
12780,12840,432.14,1955.0,144.8,13331.7959
12840,12900,429.95,1953.6,138.5,13254.5244
12900,12960,428.75,1952.5,134.6,13189.6777
12960,13020,429.51,1953.7,137.8,13228.9873
13020,13080,430.15,1959.8,137.2,13265.6455
13080,13140,430.76,1955.7,144.1,13384.9707
13140,13200,443.11,1957.4,180.2,14205.0049
13200,13260,444.47,1958.1,199.7,13966.1172
13260,13320,441.50,1958.6,183.4,13967.5332
13320,13380,432.61,1956.9,147.8,13364.0166
13380,13440,440.43,1959.2,162.9,13752.3301
13440,13500,435.92,1957.3,158.7,13428.2617
13500,13560,434.98,1955.7,146.1,13911.9033
13560,13620,434.82,1957.9,141.2,13786.2236
13620,13680,433.14,1956.7,140.3,13692.4971
13680,13740,433.67,1956.1,140.4,13825.0010
13740,13800,431.09,1954.1,137.1,13516.8613
13800,13860,433.64,1956.4,169.1,13523.5889
13860,13920,432.33,1956.5,148.0,13575.1006
13920,13980,435.96,1957.9,179.3,13641.9736
13980,14040,434.89,1958.8,143.9,13962.6279
14040,14100,433.86,1961.2,149.0,13956.9482
14100,14160,433.88,1958.6,166.9,13717.5166
14160,14220,435.03,1957.3,165.4,14079.6885
14220,14280,437.27,1958.6,299.1,14035.2666
14280,14340,436.09,1957.7,199.4,13840.3633
14340,14400,437.80,1959.3,171.8,13998.7715
14400,14460,435.08,1956.5,149.4,13997.1611
14460,14520,434.21,1956.4,143.4,13607.3789
14520,14580,433.69,1954.8,136.5,14018.1035
14580,14640,431.14,1951.6,130.9,13398.6533
14640,14700,430.94,1950.9,124.3,13885.4229
14700,14760,431.70,1952.1,125.8,13655.1670
14760,14820,432.30,1952.7,129.8,13694.7852
14820,14880,432.43,1952.8,144.1,13575.1396
14880,14940,432.44,1952.7,133.4,13879.8379
14940,15000,433.58,1952.8,133.1,13786.8408
15000,15060,432.74,1952.9,127.5,13881.4932
15060,15120,434.96,1954.2,233.6,13932.0830
15120,15180,434.83,1954.2,249.0,13590.6416
15180,15240,436.98,1955.0,171.8,14090.9893
15240,15300,434.85,1954.2,138.4,13429.3633
15300,15360,438.29,1956.0,267.2,13420.9668
15360,15420,436.50,1956.0,271.8,13570.5439
15420,15480,432.42,1952.1,188.8,13563.1338
15480,15540,432.57,1952.1,148.5,13753.1826
15540,15600,433.14,1952.3,137.8,14052.9473
15600,15660,430.47,1951.3,127.0,13442.5273
15660,15720,430.18,1951.5,122.9,13224.5674
15720,15780,430.62,1951.0,123.4,13591.7695
15780,15840,431.02,1951.2,135.0,13585.0732
15840,15900,431.06,1951.7,139.9,13482.6758
15900,15960,430.48,1951.0,122.4,13294.8916
15960,16020,431.46,1951.2,123.1,13459.8662
16020,16080,430.04,1949.8,127.2,13250.5264
16080,16140,429.74,1950.2,128.4,13133.5947
16140,16200,430.60,1950.4,128.9,13255.2363
16200,16260,429.81,1950.3,123.7,13224.6816
16260,16320,429.33,1950.7,119.6,13227.2197
16320,16380,428.92,1950.3,120.2,13216.2539
16380,16440,429.09,1950.3,121.7,13127.8584
16440,16500,428.91,1950.3,121.3,13149.8926
16500,16560,429.78,1950.6,121.5,13191.8643
16560,16620,430.14,1950.8,121.0,13272.2920
16620,16680,429.15,1951.0,122.2,13079.5977
16680,16740,429.85,1951.4,121.9,13214.1865
16740,16800,430.07,1950.8,121.1,13435.4707
16800,16860,430.43,1951.1,120.1,13668.2080
16860,16920,429.90,1951.3,119.7,13369.9893
16920,16980,429.96,1951.1,125.9,13411.8613
16980,17040,431.11,1951.7,134.0,13605.3037
17040,17100,430.18,1951.4,134.4,13525.6035
17100,17160,431.62,1952.0,158.0,13852.7109
17160,17220,430.13,1951.5,129.5,13521.9297
17220,17280,429.63,1951.6,120.2,13472.4365
17280,17340,430.00,1951.1,120.8,13754.0098
17340,17400,431.04,1952.4,164.8,13612.4697
17400,17460,431.26,1952.7,157.1,13797.8496
17460,17520,429.84,1951.3,126.7,13577.3291
17520,17580,430.07,1950.9,124.5,13683.2695
17580,17640,430.93,1951.3,124.6,13731.1553
17640,17700,430.37,1951.6,120.9,13665.9453
17700,17760,431.78,1952.6,128.9,13802.7197
17760,17820,431.97,1954.3,124.8,13885.4873
17820,17880,431.66,1953.2,129.1,13813.1680
17880,17940,430.21,1951.9,125.4,13596.9854
17940,18000,430.08,1951.9,128.7,13567.7764
18000,18060,431.44,1952.4,130.7,13800.3037
18060,18120,430.07,1951.7,123.7,13526.7188
18120,18180,431.56,1952.3,147.1,13703.4072
18180,18240,433.11,1952.0,134.2,13610.3477
18240,18300,434.63,1952.4,177.1,13951.3252
18300,18360,431.74,1953.3,133.4,13622.8809
18360,18420,431.33,1953.3,128.1,13571.8779
18420,18480,431.24,1953.6,129.1,13413.6143
18480,18540,436.77,1954.3,144.9,13520.9893
18540,18600,432.53,1952.9,130.1,13439.9951
18600,18660,434.82,1953.9,132.5,13673.2646
18660,18720,434.36,1952.7,131.1,13630.4951
18720,18780,434.34,1953.7,130.4,13630.3721
18780,18840,433.86,1953.3,151.7,13615.3066
18840,18900,431.61,1952.0,140.5,13460.5420
18900,18960,432.96,1952.7,133.5,13887.6758
18960,19020,431.28,1952.6,129.4,13579.7080
19020,19080,431.60,1952.4,131.4,13448.7451
19080,19140,430.38,1951.4,130.4,13165.2549
19140,19200,430.60,1951.0,125.5,13258.0654
19200,19260,429.89,1951.0,128.0,13057.6221
19260,19320,429.38,1950.1,121.9,13142.9160
19320,19380,430.95,1950.7,124.5,13359.2676
19380,19440,431.06,1951.3,126.2,13551.1553
19440,19500,429.52,1950.9,122.7,13361.7617
19500,19560,429.76,1950.5,121.4,13274.7822
19560,19620,430.52,1951.2,121.7,13528.5918
19620,19680,431.30,1951.5,123.2,13529.6914
19680,19740,430.52,1951.2,121.0,13473.3760
19740,19800,431.16,1951.4,125.8,13717.1924
19800,19860,432.19,1952.9,152.6,13549.5605
19860,19920,432.47,1953.6,137.8,13447.0723
19920,19980,433.22,1953.4,128.2,13508.7119
19980,20040,430.43,1951.6,124.5,13335.4355
20040,20100,430.87,1951.6,124.1,13334.8926
20100,20160,430.60,1951.7,123.2,13295.1885
20160,20220,431.80,1952.5,124.2,13452.6348
20220,20280,431.05,1952.1,125.0,13335.4707
20280,20340,431.60,1952.3,122.3,13386.5850
20340,20400,430.88,1952.4,122.2,13406.7969
20400,20460,432.12,1952.8,123.5,13469.1836
20460,20520,434.60,1954.2,131.8,13526.3604
20520,20580,435.37,1954.2,132.9,13595.7676
20580,20640,430.99,1952.8,124.9,13209.9014
20640,20700,429.35,1950.6,120.1,13051.3027
20700,20760,429.86,1950.7,119.1,13245.3438
20760,20820,429.65,1950.5,119.2,13285.6113
20820,20880,430.08,1951.0,119.2,13335.2100
20880,20940,430.01,1950.8,118.9,13266.3330
20940,21000,430.61,1951.2,119.6,13359.9189
21000,21060,431.09,1952.2,122.5,13420.0596
21060,21120,431.83,1952.6,118.8,13481.3438
21120,21180,431.54,1953.3,118.4,13395.0342
21180,21240,431.07,1952.2,118.5,13357.4766
21240,21300,430.89,1951.7,118.3,13340.6270
21300,21360,430.59,1951.5,121.8,13295.9668
21360,21420,431.14,1951.7,122.5,13413.5752
21420,21480,431.04,1951.1,118.2,13436.8525
21480,21540,430.39,1950.6,116.8,13275.0000
21540,21600,430.67,1951.3,117.0,13288.8555
21600,21660,432.59,1951.4,120.5,13502.6152
21660,21720,431.28,1951.3,116.5,13492.9570
21720,21780,431.12,1951.0,115.0,13329.7686
21780,21840,431.61,1951.3,116.8,13391.2520
21840,21900,431.18,1951.7,118.3,13236.7041
21900,21960,430.86,1951.0,120.1,13193.9961
21960,22020,431.02,1950.9,119.8,13258.5684
22020,22080,431.13,1950.4,116.1,13403.9424
22080,22140,430.58,1950.4,116.7,13235.4521
22140,22200,430.58,1950.7,115.8,13144.6680
22200,22260,430.85,1950.6,118.2,13206.2773
22260,22320,431.17,1950.7,115.8,13258.5781
22320,22380,431.13,1950.8,116.4,13219.9863
22380,22440,432.02,1950.8,123.0,13355.4756
22440,22500,431.77,1951.1,143.8,13276.5820
22500,22560,431.28,1950.7,122.2,13318.0752
22560,22620,431.58,1950.7,119.6,13299.2139
22620,22680,431.30,1951.1,118.7,13286.9912
22680,22740,430.78,1950.6,119.7,13214.1230
22740,22800,431.65,1951.4,118.6,13364.1309
22800,22860,431.71,1950.9,116.6,13424.6289
