CampaignData_and_Merges/R0/CSL_MobileLab_Parked/raw/20240806/USOS-NOAAIodideCIMS-HNO2_MobileLabGround_20240806_RA.ict
33, 1001
Michael A Robinson, Chris Jernigan, Subi Thakali
NOAA ESRL Chemical Sciences Laboratory and CIRES, U. of Colorado
NOAA Iodide CIMS Instrument
USOS
1, 1
2024, 08, 06, 2024, 08, 06
1
starttime_UTC, seconds_past_midnight, seconds_of_day_since_00:00:00_UTC
1
1
-9999
HNO2_NOAACIMS, pptv, Gas_HNO2_InSitu_S_AVMR, 
0
18
PI_CONTACT_INFO: 325 Broadway, R/CSD 7, Boulder, Colorado 80305; michael.a.robinson@noaa.gov; chris.jernigan@noaa.gov;
PLATFORM: NOAA CSL Mobile Lab
LOCATION: SLC, Utah
ASSOCIATED_DATA: 1Hz data also available on request.
INSTRUMENT_INFO: NOAA I- ToF CIMS
DATA_INFO: All data in parts per trillion by volume (pptv). 1 Hz data is available upon request.
UNCERTAINTY: TBD
ULOD_FLAG: -7777
ULOD_VALUE: N/A
LLOD_FLAG: -8888
LLOD_VALUE: N/A
DM_CONTACT_INFO: Nathan Howard; nathan.h.howard@noaa.gov
PROJECT_INFO: USOS, summer 2024. https://csl.noaa.gov/groups/csl7/measurements/2024usos/
STIPULATIONS_ON_USE: Users are strongly encouraged to contact the PI for proper data usage.
OTHER_COMMENTS: 
REVISION: RA
RA: Preliminary Data; For in-field use only
starttime_UTC, HNO2_NOAACIMS
[from data line 1037]
 62220, 99.410
 62280, 91.835
 62340, 81.533
 62400, 92.515
 62460, 106.626
 62520, 100.397
 62580, 100.226
 62640, 88.227
 62700, 95.089
 62760, 103.592
 62820, 133.899
 62880, 94.878
 62940, 79.836
 63000, 103.723
 63060, 95.322
 63120, 127.388
 63180, 138.353
 63240, 99.902
 63300, 106.373
 63360, 83.251
 63420, 100.996
 63480, 103.894
 63540, 105.236
 63600, 102.206
 63660, 97.627
 63720, 96.037
 63780, 72.156
 63840, 99.623
 63900, 111.979
 63960, 105.965
 64020, 100.308
 64080, 99.150
 64140, 91.912
 64200, 94.383
 64260, 80.986
 64320, 89.754
 64380, 87.735
 64440, 88.456
 64500, 95.626
 64560, 79.661
 64620, 79.255
 64680, 91.337
 64740, 96.016
 64800, 83.626
 64860, 85.103
 64920, 78.070
 64980, 75.949
 65040, 62.565
 65100, 68.476
 65160, 71.305
 65220, 71.255
 65280, 73.283
 65340, 58.207
 65400, 42.208
 65460, -9999.000
 65520, 67.582
 65580, 64.246
 65640, 50.252
 65700, 45.746
 65760, 51.449
 65820, 51.199
 65880, 55.312
 65940, 66.724
 66000, 53.662
 66060, 46.421
 66120, 45.461
 66180, 44.846
 66240, 52.236
 66300, 36.747
 66360, 49.342
 66420, 51.033
 66480, 48.880
 66540, 52.866
 66600, 55.932
 66660, 66.185
 66720, 68.178
 66780, 67.762
 66840, 56.271
 66900, 54.249
 66960, 41.231
 67020, 58.884
 67080, 48.573
 67140, 42.649
 67200, 57.596
 67260, 69.408
 67320, -9999.000
 67380, 46.903
 67440, 41.567
 67500, 49.047
 67560, 53.389
 67620, 61.581
 67680, 55.218
 67740, 64.666
 67800, 61.041
 67860, 45.646
 67920, 45.370
 67980, 54.649
 68040, 46.027
 68100, 58.410
 68160, 47.384
 68220, 59.036
 68280, 61.104
 68340, 38.925
 68400, 58.976
 68460, 64.091
 68520, 61.345
 68580, 50.071
 68640, 53.664
 68700, 47.988
 68760, 40.435
 68820, 66.434
 68880, 55.860
 68940, 55.499
 69000, 67.736
 69060, 59.607
 69120, 70.836
 69180, -9999.000
 69240, 57.374
 69300, 58.237
 69360, 54.994
 69420, 44.687
 69480, 51.009
 69540, 50.055
 69600, 55.506
 69660, 58.657
 69720, 59.484
 69780, 46.953
 69840, 37.206
 69900, 55.658
 69960, 48.556
 70020, 42.680
 70080, 34.902
 70140, 35.775
 70200, 37.497
 70260, 50.712
 70320, 53.362
 70380, 42.142
 70440, 41.200
 70500, 37.031
 70560, 44.645
 70620, 38.330
 70680, 38.354
 70740, 44.548
 70800, 40.440
 70860, 44.104
 70920, 38.645
 70980, 28.575
 71040, 65.291
 71100, 50.136
 71160, 43.953
 71220, 46.653
 71280, 39.158
 71340, 39.386
 71400, 32.019
 71460, 33.002
 71520, 22.753
 71580, 33.960
 71640, 38.650
 71700, 35.688
 71760, 42.515
 71820, 39.738
 71880, 57.096
 71940, 42.276
 72000, 44.165
 72060, 36.977
 72120, 48.561
 72180, 41.648
 72240, 38.705
 72300, 36.887
 72360, 51.205
 72420, 33.664
 72480, 43.384
 72540, 39.027
 72600, 43.393
 72660, 39.250
 72720, 41.622
 72780, 50.344
 72840, -9999.000
 72900, 73.583
 72960, 45.599
 73020, 46.331
 73080, 50.207
 73140, 45.593
 73200, 41.484
 73260, 49.608
 73320, 32.273
 73380, 39.070
 73440, 31.249
 73500, 38.096
 73560, 37.578
 73620, 39.004
 73680, 50.054
 73740, 50.436
 73800, 46.989
 73860, 47.097
 73920, 45.973
 73980, 97.083
 74040, 69.237
 74100, 33.549
 74160, 41.061
 74220, 40.397
 74280, 41.395
 74340, 45.945
 74400, 40.416
 74460, 35.336
 74520, 31.264
 74580, 28.043
 74640, 34.452
 74700, -9999.000
 74760, 41.245
 74820, 41.023
 74880, 33.633
 74940, 39.344
 75000, 35.912
 75060, 36.245
 75120, 28.446
 75180, 43.424
 75240, 28.477
 75300, 30.752
 75360, 36.764
 75420, 32.726
 75480, 22.719
 75540, 32.463
 75600, 28.215
 75660, 27.305
 75720, 32.699
 75780, 41.730
 75840, 28.831
 75900, 35.380
 75960, 35.285
 76020, 32.836
 76080, 30.706
 76140, 28.569
 76200, 33.085
 76260, 39.469
 76320, 27.798
 76380, 29.899
 76440, 31.157
 76500, 30.382
 76560, -9999.000
 76620, 25.154
 76680, 26.890
 76740, 29.599
 76800, 20.334
 76860, 25.404
 76920, 36.440
 76980, 27.067
 77040, 30.062
 77100, 37.291
 77160, 28.587
 77220, 30.032
 77280, 25.947
 77340, 32.395
 77400, 28.204
 77460, 26.644
 77520, 20.557
 77580, 22.769
 77640, 20.624
 77700, 31.244
 77760, 26.328
 77820, 27.583
 77880, 23.716
 77940, 29.845
 78000, 29.612
 78060, 32.284
 78120, 32.039
 78180, 23.395
 78240, 20.427
 78300, 29.746
 78360, 21.806
 78420, 25.457
 78480, 21.787
 78540, 33.119
 78600, 27.432
 78660, 29.127
 78720, 25.133
 78780, 21.663
 78840, 21.716
 78900, 21.229
 78960, 27.403
 79020, 32.393
 79080, 21.013
 79140, 25.478
 79200, 26.173
 79260, 26.999
 79320, 25.695
 79380, 29.144
 79440, 20.741
 79500, 24.718
 79560, 26.082
 79620, 21.244
 79680, 21.485
 79740, 22.926
 79800, 18.427
 79860, 21.852
 79920, 22.348
 79980, 22.383
 80040, 20.270
 80100, 25.571
 80160, 22.091
 80220, 23.615
 80280, 15.451
 80340, 22.307
 80400, 27.597
 80460, 26.627
 80520, 21.875
 80580, 17.496
 80640, 22.538
 80700, 26.852
 80760, 20.269
 80820, 20.754
 80880, 18.679
 80940, 24.514
 81000, 22.178
 81060, 23.114
 81120, 26.993
 81180, 29.540
 81240, 33.837
 81300, 23.927
 81360, 22.857
 81420, 24.812
 81480, 23.212
 81540, 27.637
 81600, 24.116
 81660, 21.024
 81720, 21.400
 81780, 23.417
 81840, 23.988
 81900, 27.896
 81960, 27.516
 82020, 29.218
 82080, 22.963
 82140, 22.191
 82200, 23.867
 82260, 28.387
 82320, 26.249
 82380, 26.378
 82440, 18.150
 82500, 20.975
 82560, 18.372
 82620, 19.853
 82680, 20.319
 82740, 21.866
 82800, 16.538
 82860, 19.570
 82920, 22.937
 82980, 21.104
 83040, 20.652
 83100, 19.920
 83160, 21.433
 83220, 21.172
 83280, 16.102
 83340, 16.036
 83400, 19.109
 83460, 21.488
 83520, 17.050
 83580, 18.892
 83640, 19.219
 83700, 22.173
 83760, 21.083
 83820, 25.251
 83880, 26.660
 83940, -9999.000
 84000, 17.961
 84060, 21.238
 84120, 17.047
 84180, 19.443
 84240, 19.990
 84300, 21.764
 84360, 20.325
 84420, 18.878
 84480, 18.135
 84540, 18.095
 84600, 22.364
 84660, 16.861
 84720, 21.972
 84780, 18.084
 84840, 22.558
 84900, 21.819
 84960, 15.099
 85020, 19.261
 85080, 32.765
 85140, 30.320
 85200, 24.499
 85260, 27.492
 85320, 23.556
 85380, 18.206
 85440, 15.458
 85500, 26.814
 85560, 26.301
 85620, 15.619
 85680, 23.661
 85740, 28.768
 85800, -9999.000
 85860, 22.949
 85920, 23.328
 85980, 17.785
 86040, 19.899
 86100, 20.310
 86160, 21.761
 86220, 19.813
 86280, 19.969
 86340, 22.089
