CampaignData_and_Merges/R0/CSL_MobileLab_Parked/raw/20240806/USOS-POPS_MobileLabGround_20240806_R0.ict
78, 1001
Thornberry, T. D.
NOAA Chemical Sciences Laboratory
Portable Optical Particle Spectrometer (POPS)
USOS
1, 1
2024, 08, 06, 2025, 05, 08
60
Time_Start, seconds_past_midnight, Start time of measurement
45
1, 1, 1, 1, 1, 1, 1, 1, 1, 1, 1, 1, 1, 1, 1, 1, 1, 1, 1, 1, 1, 1, 1, 1, 1, 1, 1, 1, 1, 1, 1, 1, 1, 1, 1, 1, 1, 1, 1, 1, 1, 1, 1, 1, 1
-9999, -9999, -9999, -9999, -9999, -9999, -9999, -9999, -9999, -9999, -9999, -9999, -9999, -9999, -9999, -9999, -9999, -9999, -9999, -9999, -9999, -9999, -9999, -9999, -9999, -9999, -9999, -9999, -9999, -9999, -9999, -9999, -9999, -9999, -9999, -9999, -9999, -9999, -9999, -9999, -9999, -9999, -9999, -9999, -9999
Time_Stop, seconds_past_midnight, Stop time of measurement
Time_Mid, seconds_past_midnight, Mid time of measurement
Press_mb, mb, Pressure reported (mb)
Temp_C, degrees C, POPS temperature measurement
Aerosol_concentration, cm^-3, Aerosol concentration
Surface_Area_Conc, um^2 cm^-3, Surface area concentration
Volume_density, um^3 cm^-3, Volume density
Effective_radius, um, Effective radius
Extinction, km^-1, Extinction
Bin01, cm^-3, particle concentration in size range [1401 - 146.3 nm]
Bin02, cm^-3, particle concentration in size range [146.3 - 152.8 nm]
Bin03, cm^-3, particle concentration in size range [152.8 - 159.6 nm]
Bin04, cm^-3, particle concentration in size range [159.6 - 166.8 nm]
Bin05, cm^-3, particle concentration in size range [166.8 - 174.2 nm]
Bin06, cm^-3, particle concentration in size range [174.2 - 181.9 nm]
Bin07, cm^-3, particle concentration in size range [181.9 - 190.0 nm]
Bin08, cm^-3, particle concentration in size range [190.0 - 198.5 nm]
Bin09, cm^-3, particle concentration in size range [198.5 - 207.4 nm]
Bin10, cm^-3, particle concentration in size range [207.4 - 216.6 nm]
Bin11, cm^-3, particle concentration in size range [216.6 - 226.2 nm]
Bin12, cm^-3, particle concentration in size range [226.2 - 236.3 nm]
Bin13, cm^-3, particle concentration in size range [236.3 - 246.8 nm]
Bin14, cm^-3, particle concentration in size range [246.8 - 257.8 nm]
Bin15, cm^-3, particle concentration in size range [257.8 - 269.3 nm]
Bin16, cm^-3, particle concentration in size range [269.3 - 343.4 nm]
Bin17, cm^-3, particle concentration in size range [343.4 - 450.7 nm]
Bin18, cm^-3, particle concentration in size range [450.7 - 525.9 nm]
Bin19, cm^-3, particle concentration in size range [525.9 - 618.5 nm]
Bin20, cm^-3, particle concentration in size range [618.5 - 710.0 nm]
Bin21, cm^-3, particle concentration in size range [710.0 - 822.7 nm]
Bin22, cm^-3, particle concentration in size range [822.7 - 885.9 nm]
Bin23, cm^-3, particle concentration in size range [885.9 - 953.9 nm]
Bin24, cm^-3, particle concentration in size range [953.9 - 1027.2 nm]
Bin25, cm^-3, particle concentration in size range [1027.2 - 1106.1 nm]
Bin26, cm^-3, particle concentration in size range [1106.1 - 1191.0 nm]
Bin27, cm^-3, particle concentration in size range [1191.0 - 1282.5 nm]
Bin28, cm^-3, particle concentration in size range [1282.5 - 1381.0 nm]
Bin29, cm^-3, particle concentration in size range [1381.0 - 1487.1 nm]
Bin30, cm^-3, particle concentration in size range [1487.1 - 1601.3 nm]
Bin31, cm^-3, particle concentration in size range [1601.3 - 1724.3 nm]
[...]
PLATFORM: NOAA CSL Mobile Lab
LOCATION: USOS
ASSOCIATED_DATA: N/A
INSTRUMENT_INFO: Printed Optical Particle Spectrometer counts particles from 140 - 2500 nm in diameter 
DATA_INFO: Particle concentrations reported in number per cubic centimeter,1 Hz data
UNCERTAINTY: Counting uncertainty dominated by air flow, less than 5 percent. Measurement range is ~0 - 3000 per cm3 (varies depending on flow rate- manufacturer quotes 1250 per cm3 at 1.667 cc/s)
ULOD_FLAG: -7777
ULOD_VALUE: N/A
LLOD_FLAG: -8888
LLOD_VALUE: N/A
DM_CONTACT_INFO: Troy Thornberry, 325 Broadway R/CSL6, Boulder, CO 80305; troy.thornberry@noaa.gov; 303-497-3373
PROJECT_INFO: USOS, Utah POPS data from NOAA CSL Mobile Lab
STIPULATIONS_ON_USE: Please contact the PIs for questions regarding applications and uncertainties
OTHER_COMMENTS: POPS bin Edges (nm):  140.1, 146.3, 152.8, 159.6, 166.8, 174.2, 181.9, 190.0, 198.5, 207.4, 216.6, 226.2, 236.3, 246.8, 257.8, 269.3, 343.4, 450.7, 525.9, 618.5, 710.0, 822.7, 885.9, 953.9, 1027.2, 1106.1, 1191.0, 1282.5, 1381.0, 1487.1, 1601.3, 1724.3, 1856.7, 1999.3, 2152.8, 2318.2, 2496.2
Calculations assume organic aerosol refractive index of 1.52+0.00j and extinction wavelength = 532 nm
REVISION: R0
R0: Final data
Time_Start, Time_Stop, Time_Mid, Press_mb, Temp_C, Aerosol_concentration, Surface_Area_Conc, Volume_density, Effective_radius, Extinction, Bin01, Bin02, Bin03, Bin04, Bin05, Bin06, Bin07, Bin08, Bin09, Bin10, Bin11, Bin12, Bin13, Bin14, Bin15, Bin16, Bin17, Bin18, Bin19, Bin20, Bin21, Bin22, Bin23, Bin24, Bin25, Bin26, Bin27, Bin28, Bin29, Bin30, Bin31, Bin32, Bin33, Bin34, Bin35, Bin36
[from data line 163]
9780,9839,9810,871.454,34.888,196.565,26.671,1.468,0.159,0.006,26.162739,23.311724,19.227537,17.940147,16.015516,13.340137,11.432865,9.539399,8.419892,7.424181,6.294867,5.919350,5.746069,4.855577,3.864607,11.292485,3.848941,1.165294,0.423456,0.061392,0.044881,0.033559,0.011280,0.022339,0.022041,0.022418,0.005669,0.011249,0.021778,0.011007,0.021971,0.011057,0.011133,0.011396,0.011262,0.005574
9840,9899,9870,871.449,34.923,195.989,26.854,1.422,0.154,0.007,25.701818,22.519211,19.157923,17.864985,15.801723,13.548473,11.055291,9.716473,8.174168,7.242622,6.298838,6.018591,5.474729,5.300184,4.022114,12.229589,3.895003,1.039201,0.537599,0.060861,0.084081,0.033327,0.027938,0.027835,0.022365,0.022300,0.016653,0.016842,0.005612,0.027946,0.016630,0.005556,0.000000,0.000000,0.017070,0.005519
9900,9959,9930,871.434,34.913,193.193,26.416,1.501,0.164,0.006,25.365597,22.973415,19.539331,17.039705,15.295567,13.211843,11.098284,9.778819,7.772783,6.960558,6.196755,6.092014,6.023700,4.814406,4.005523,11.654695,3.667244,0.882346,0.449747,0.066318,0.049065,0.044125,0.011227,0.022237,0.010847,0.016752,0.016940,0.027639,0.005308,0.016770,0.033073,0.011001,0.000000,0.022366,0.005556,0.011402
9960,10019,9990,871.438,34.880,194.012,26.446,1.430,0.158,0.007,25.193829,22.425657,20.036688,17.509903,15.658887,13.199629,11.141818,9.524655,8.157639,6.976003,6.265145,5.963161,5.502546,4.826614,4.005136,11.784323,3.962747,1.021272,0.500869,0.094429,0.071885,0.010996,0.022007,0.016438,0.005501,0.022528,0.000000,0.005631,0.022638,0.022415,0.011228,0.011205,0.022210,0.005537,0.005394,0.005631
10020,10079,10050,871.442,34.835,193.626,26.421,1.420,0.157,0.007,25.477047,22.814371,19.412121,17.115597,15.660620,13.137550,11.403310,9.587587,7.888404,7.059270,6.038338,5.973162,5.538022,4.988846,3.862835,11.811023,3.994413,1.041374,0.428467,0.055562,0.071940,0.067003,0.016081,0.027400,0.038787,0.021938,0.005482,0.000000,0.016605,0.016486,0.011262,0.010948,0.022639,0.000000,0.000000,0.011148
10080,10139,10110,871.445,34.907,195.067,26.244,1.317,0.147,0.006,26.097403,22.677433,19.569542,17.839108,14.474104,13.468451,11.281212,9.510845,8.301731,7.298567,6.728039,5.768367,5.563928,5.025636,4.124046,11.561159,3.875846,1.198266,0.382362,0.083577,0.066697,0.032720,0.005612,0.022430,0.010969,0.010789,0.011163,0.000000,0.016386,0.027347,0.005464,0.000000,0.011149,0.000000,0.005208,0.010918
10140,10199,10170,871.448,34.954,192.558,26.196,1.442,0.161,0.006,25.940731,22.346514,19.320309,17.448830,15.379416,12.968218,10.978732,9.253680,8.126508,7.194131,6.540279,5.715026,5.593890,5.026993,3.801243,11.294749,3.773538,1.121635,0.372833,0.056895,0.073218,0.022101,0.022183,0.022967,0.022647,0.005650,0.017243,0.033556,0.000000,0.011155,0.027942,0.011353,0.005631,0.011161,0.011395,0.005688
10200,10259,10230,871.439,34.805,192.835,26.138,1.401,0.156,0.006,25.087984,22.229874,19.856924,17.378330,14.756045,13.202253,10.617689,9.994339,8.191463,6.854966,6.430768,6.141043,5.561001,5.340020,4.042305,11.778552,3.662574,0.977988,0.396329,0.067167,0.049987,0.022124,0.027756,0.022676,0.027913,0.000000,0.027533,0.005325,0.011416,0.011319,0.027751,0.011093,0.000000,0.005537,0.000000,0.016893
10260,10319,10290,871.443,34.789,192.008,26.086,1.425,0.160,0.006,25.348190,22.881968,19.332663,17.412939,15.496498,12.660595,10.972526,9.592632,7.911441,6.600657,6.344879,5.846718,5.441517,5.092044,3.953275,11.385530,3.833893,1.017236,0.489203,0.099603,0.077052,0.033356,0.016577,0.016605,0.016623,0.022629,0.022084,0.005447,0.022099,0.005727,0.011455,0.021894,0.005501,0.005593,0.000000,0.010845
10320,10379,10350,871.445,34.785,192.335,26.578,1.528,0.166,0.007,24.876856,22.701960,19.588606,17.497782,14.851918,13.190833,10.958495,9.335879,8.347691,7.508993,6.146584,6.044442,5.340724,4.767494,3.846977,11.581953,3.666666,1.116160,0.560258,0.077781,0.050295,0.011056,0.033300,0.039611,0.038558,0.016448,0.016743,0.011228,0.011019,0.033284,0.010845,0.016309,0.011075,0.005429,0.016730,0.005411
10380,10439,10410,871.459,34.627,189.815,25.947,1.418,0.159,0.006,24.626148,21.928339,18.559929,17.464428,15.006659,13.654099,10.992922,8.975607,7.995225,7.006126,6.196103,5.711512,5.717136,4.971585,4.023054,11.452755,3.795203,0.956923,0.377488,0.066386,0.083361,0.033201,0.038946,0.044213,0.016892,0.016837,0.005429,0.010736,0.005429,0.016306,0.016439,0.010736,0.022189,0.005767,0.000000,0.011186
10440,10499,10470,871.466,34.711,192.066,26.848,1.639,0.177,0.007,25.419199,22.949762,19.409286,16.921225,14.860815,12.870539,10.959970,9.290353,8.112461,7.155701,6.377787,6.145377,5.479289,5.009828,3.853197,11.403977,3.814427,1.153316,0.427548,0.073035,0.072610,0.039031,0.005447,0.022431,0.028007,0.022283,0.027845,0.027600,0.005688,0.022236,0.033397,0.022587,0.022155,0.011095,0.010770,0.005376
10500,10559,10530,871.464,34.655,189.353,26.227,1.451,0.162,0.007,24.920095,21.652710,18.963610,17.358383,14.709249,12.392521,10.650036,9.456943,8.185221,6.800197,6.472843,5.838621,5.618057,4.674659,4.068046,11.716391,3.911757,1.040502,0.489269,0.077799,0.094531,0.055754,0.022418,0.044321,0.016667,0.016631,0.011205,0.011338,0.005574,0.016688,0.016728,0.005447,0.011206,0.005574,0.005688,0.016713
10560,10619,10590,871.466,34.621,191.383,26.361,1.469,0.163,0.007,24.744381,22.100460,19.846235,17.181280,15.269303,12.802483,11.105901,9.252929,8.206452,6.959368,6.136900,5.892331,5.470554,5.212255,3.837676,11.670424,3.993841,0.827021,0.456493,0.066958,0.072350,0.027729,0.011223,0.033074,0.038796,0.022546,0.021958,0.011056,0.017143,0.016466,0.022246,0.011207,0.027561,0.016783,0.000000,0.000000
10620,10679,10650,871.460,34.654,188.579,26.202,1.566,0.172,0.007,24.554600,21.667421,19.410316,17.032850,14.963253,12.711135,11.048560,9.096929,7.982666,7.068232,6.103781,6.102292,5.550881,4.687593,3.740783,11.260658,3.772346,1.032060,0.411012,0.049332,0.072842,0.027743,0.021564,0.043966,0.011096,0.022473,0.005708,0.016655,0.000000,0.010806,0.027600,0.000000,0.027633,0.005519,0.005631,0.033052
10680,10739,10710,871.474,34.666,187.125,25.954,1.557,0.174,0.006,24.842926,21.867826,19.375181,16.364851,15.169022,12.888066,10.550175,8.917999,7.599317,7.079750,6.203843,5.652326,5.354728,4.813798,3.699468,11.353773,3.551693,1.052247,0.395387,0.062923,0.045871,0.033711,0.017083,0.039817,0.016718,0.034148,0.000000,0.016819,0.011281,0.011318,0.039841,0.005824,0.000000,0.028594,0.011133,0.017071
10740,10799,10770,871.468,34.557,188.980,26.689,1.728,0.187,0.007,24.871479,21.541288,19.088083,16.795321,14.914971,12.455254,11.076004,9.378976,8.188389,7.240599,6.369591,5.826947,5.402187,4.666727,3.953624,11.533974,3.818805,0.955654,0.410102,0.082637,0.071989,0.038026,0.044066,0.033175,0.022819,0.027442,0.011214,0.016243,0.011420,0.027405,0.016547,0.027818,0.010825,0.011114,0.022305,0.016686
10800,10859,10830,871.486,34.335,187.030,26.047,1.491,0.166,0.007,24.609669,21.975126,18.890182,16.381390,14.877126,12.710311,10.626091,9.371130,8.283145,6.222462,6.306948,5.599548,5.227966,5.149820,3.919982,11.101854,3.725950,1.181750,0.432476,0.094281,0.066278,0.022052,0.033321,0.044953,0.011306,0.016567,0.016893,0.005342,0.021562,0.027942,0.022259,0.000000,0.032315,0.005650,0.000000,0.016837
10860,10919,10890,871.490,34.415,189.614,25.964,1.450,0.164,0.006,25.630589,21.916059,19.434034,17.416954,15.323803,12.523799,10.913895,8.921434,8.077882,7.031614,6.007186,5.796915,5.126135,5.000412,3.499184,11.342990,3.679289,0.994263,0.494943,0.110481,0.098980,0.022429,0.038774,0.011168,0.038522,0.011242,0.027135,0.028068,0.022742,0.011495,0.027931,0.022359,0.000000,0.005631,0.000000,0.005537
10920,10979,10950,871.530,34.465,187.085,26.217,1.686,0.182,0.007,24.979353,21.959558,18.777603,16.538498,14.453057,12.538219,10.884589,9.381805,8.056275,7.188882,6.295103,5.848481,5.100711,4.728371,3.711211,11.265668,3.491513,1.021250,0.426530,0.083434,0.071738,0.016615,0.038667,0.010912,0.011057,0.022833,0.005747,0.010913,0.027668,0.022618,0.038656,0.022286,0.011341,0.005482,0.016582,0.022066
10980,11039,11010,871.526,34.398,189.409,26.976,1.779,0.189,0.007,24.786209,23.055250,18.553156,17.170021,14.891918,12.346458,11.108844,9.262109,8.288844,6.858105,6.103236,5.999792,5.620747,4.582087,3.687140,11.321567,3.613669,1.183180,0.431618,0.077931,0.089375,0.050201,0.066487,0.028018,0.021995,0.021919,0.022360,0.000000,0.010667,0.034008,0.032900,0.016690,0.016862,0.011028,0.022233,0.022260
11040,11099,11070,871.538,34.486,191.662,26.993,1.649,0.178,0.007,24.668970,22.284683,19.766497,17.452549,15.423117,13.222539,10.847357,9.339198,7.647147,7.062508,5.944268,5.899408,5.400274,5.083780,3.879869,11.727259,3.795595,1.230162,0.487594,0.088730,0.077584,0.050608,0.039058,0.027842,0.022040,0.028085,0.016380,0.005767,0.044119,0.027582,0.005274,0.016670,0.016474,0.000000,0.010684,0.021953
11100,11159,11130,871.538,34.292,189.794,26.653,1.602,0.171,0.007,24.896984,21.718765,19.302683,17.539001,14.889607,12.270780,10.759020,9.404102,7.666452,7.027643,6.195334,5.793582,5.426889,5.217695,4.077900,11.760570,3.827108,1.085919,0.491596,0.084203,0.083908,0.033616,0.016613,0.027741,0.022454,0.016697,0.022754,0.017071,0.005688,0.027440,0.011135,0.011272,0.011192,0.022346,0.016914,0.011171
11160,11219,11190,871.542,34.152,189.784,26.453,1.548,0.170,0.007,24.655455,21.236158,19.126677,17.148680,15.274169,12.743835,10.907812,9.763150,7.682217,7.350630,6.518714,5.745197,5.647705,5.125456,3.680991,11.422615,3.663925,1.255966,0.439363,0.078083,0.083703,0.033530,0.022172,0.000000,0.011156,0.016331,0.010985,0.016801,0.017146,0.016632,0.016529,0.005464,0.022119,0.016489,0.022475,0.005631
11220,11279,11250,871.542,34.042,191.649,26.569,1.467,0.160,0.007,24.784637,22.325546,18.963831,17.126369,15.323203,13.044903,10.736760,9.652665,8.010056,7.152122,6.343976,5.807581,5.354526,5.038463,3.849383,12.075574,4.097165,1.097353,0.477122,0.077202,0.056183,0.038818,0.021993,0.021407,0.022282,0.027660,0.022355,0.000000,0.022236,0.016575,0.016933,0.005612,0.005556,0.016734,0.005631,0.010936
11280,11339,11310,871.557,34.059,192.519,26.697,1.468,0.161,0.007,25.485416,21.921658,19.490849,16.816456,14.575208,13.288490,11.238838,9.716525,8.080366,6.812054,6.234392,6.162595,5.784768,4.839931,3.855942,12.218040,3.884373,1.305317,0.407368,0.106130,0.049932,0.022230,0.050006,0.000000,0.016575,0.011042,0.022584,0.022242,0.010983,0.016583,0.027253,0.005747,0.022216,0.005482,0.000000,0.011248
11340,11399,11370,871.578,34.094,191.288,26.763,1.564,0.171,0.007,25.333216,21.694626,18.899853,17.325821,15.201917,12.639278,11.305888,9.782147,8.229147,7.021955,5.939498,5.765041,5.358778,4.915675,3.913155,11.830971,3.952822,1.228083,0.524623,0.072783,0.073297,0.039086,0.022655,0.011149,0.033209,0.005519,0.011302,0.011398,0.028143,0.038922,0.028197,0.022062,0.016803,0.000000,0.005574,0.005669
11400,11459,11430,871.583,34.135,193.931,27.056,1.573,0.168,0.007,25.186014,21.983747,20.356730,17.227871,15.409370,13.113922,11.364412,9.459929,8.572284,6.859252,6.322372,6.048080,5.453744,5.104603,4.015831,11.305880,4.044435,1.156364,0.506357,0.067152,0.083458,0.033404,0.028241,0.021845,0.016785,0.038386,0.038953,0.010877,0.005708,0.005501,0.022476,0.005519,0.022290,0.011358,0.022447,0.005482
11460,11519,11490,871.602,34.215,193.089,26.856,1.551,0.166,0.007,25.762499,22.679121,19.796885,17.635353,14.950294,12.649189,11.036777,9.426168,8.006219,7.011982,6.354056,5.589118,5.337201,5.013035,4.045383,11.495687,4.190709,1.230743,0.470804,0.089759,0.045486,0.028600,0.066820,0.011689,0.005521,0.017046,0.016989,0.011532,0.010990,0.017199,0.033900,0.005612,0.016991,0.000000,0.005824,0.023299
11520,11579,11550,871.627,34.114,197.930,27.238,1.576,0.169,0.007,27.105949,23.183544,20.275911,18.052851,15.488223,12.698111,11.092149,9.713340,7.901408,7.127843,6.389770,5.919316,5.712102,5.069261,4.098436,12.189276,3.873329,1.087753,0.556361,0.077981,0.072723,0.022254,0.033099,0.027761,0.005556,0.005556,0.021717,0.022297,0.005708,0.010977,0.022566,0.021685,0.022592,0.005501,0.005556,0.011076
11580,11639,11610,871.636,34.068,193.121,27.330,1.745,0.183,0.007,25.161135,22.626125,19.111897,16.965296,15.574678,12.732740,10.993660,9.539057,8.255838,7.328032,6.189846,6.033671,5.467378,4.911400,3.855494,12.250693,4.059585,1.192359,0.472892,0.066305,0.038735,0.033507,0.033297,0.027632,0.005482,0.033317,0.022114,0.016784,0.005669,0.005291,0.022010,0.022095,0.011396,0.010858,0.011174,0.033110
11640,11699,11670,871.652,34.054,194.482,27.214,1.638,0.175,0.007,25.920288,22.148279,19.683136,17.714882,15.763570,13.058297,10.831390,9.606108,8.119246,7.237152,6.137318,5.714488,5.475479,4.928717,3.976156,11.993924,4.189655,1.154785,0.394216,0.084952,0.055510,0.027481,0.055340,0.022507,0.027993,0.011186,0.016875,0.000000,0.000000,0.027433,0.033720,0.011357,0.016691,0.016147,0.011002,0.016308
11700,11759,11730,871.645,33.927,190.130,26.951,1.687,0.181,0.007,24.393194,21.494129,19.162090,16.883041,15.683260,12.989922,11.345088,9.244509,8.041751,7.104166,6.505569,5.714029,5.362611,4.863505,3.918836,11.394477,3.960525,1.074527,0.507364,0.082397,0.077868,0.021617,0.049646,0.016654,0.027984,0.027983,0.022594,0.011115,0.033099,0.022338,0.016705,0.016570,0.016729,0.011283,0.022133,0.011079
11760,11819,11790,871.649,33.804,186.345,25.389,1.390,0.160,0.006,24.379196,21.320650,18.665041,16.951384,15.301659,12.504853,10.779387,9.281508,7.865801,7.129648,5.897985,5.757785,5.404517,4.736334,3.978601,10.828423,3.705354,1.115259,0.376577,0.077555,0.082639,0.033511,0.027645,0.005291,0.021831,0.016744,0.005747,0.010842,0.005669,0.005708,0.027720,0.011077,0.005574,0.011075,0.005447,0.011243
11820,11879,11850,871.667,33.881,188.213,25.911,1.485,0.165,0.006,24.243679,22.267420,19.098089,17.299040,14.656690,13.284300,10.288331,9.614968,7.739867,7.054795,6.096620,5.620552,5.273641,4.913670,3.751635,11.397204,3.633341,1.081274,0.495398,0.112423,0.061802,0.033150,0.022142,0.011168,0.016541,0.005688,0.005464,0.016806,0.022469,0.022157,0.028234,0.016651,0.005464,0.000000,0.005650,0.016821
11880,11939,11910,871.679,34.003,188.677,27.304,1.889,0.197,0.007,24.719410,21.781425,19.309834,17.181049,14.660394,12.755550,10.515030,9.292137,8.210523,6.919399,6.179065,5.629242,5.259195,4.833295,3.975368,11.495129,3.889516,0.961831,0.455402,0.160510,0.099912,0.044593,0.060839,0.027751,0.011169,0.016170,0.016649,0.022178,0.016803,0.033513,0.038899,0.028194,0.022133,0.027747,0.005342,0.022129
11940,11999,11970,871.688,33.987,195.140,27.208,1.677,0.177,0.007,26.230133,22.656528,19.807646,17.726940,15.520665,13.274119,10.968575,9.452389,8.082727,7.325285,6.699454,5.675923,5.287110,4.746099,3.752628,12.018928,3.742702,1.178002,0.544519,0.083083,0.076666,0.039466,0.027264,0.028057,0.022550,0.016539,0.005464,0.016594,0.005612,0.016723,0.038507,0.028501,0.005708,0.016975,0.011056,0.011112
12000,12059,12030,871.690,33.870,198.099,27.214,1.468,0.158,0.007,27.021162,22.615654,20.320381,18.112654,15.219687,12.847652,11.342171,9.843082,8.437118,7.307816,6.141643,5.953689,5.756011,5.225461,4.166104,11.592495,4.112582,1.103082,0.556745,0.099940,0.043967,0.021456,0.049041,0.021914,0.021960,0.027410,0.017047,0.027371,0.010844,0.027869,0.021600,0.005593,0.011167,0.005612,0.005464,0.005519
12060,12119,12090,871.695,33.963,197.950,27.974,1.813,0.186,0.007,26.795244,23.845356,19.808662,18.087738,15.525334,12.873935,10.660933,9.784603,7.932210,7.005112,6.309745,6.058757,5.687185,5.138805,3.851814,12.400160,4.087353,1.165667,0.443597,0.090662,0.063152,0.045350,0.022951,0.028695,0.016863,0.034091,0.011228,0.022551,0.016819,0.011082,0.034061,0.027955,0.016970,0.005467,0.016653,0.022811
