CampaignData_and_Merges/R0/CSL_MobileLab_Parked/raw/20240806/USOS-Picarro-CO2-CH4-CO-H2O_MobileLabGround_20240806_R0.ict
38, 1001
Ilana Pollack, Nell Schafer, and Jeff Peischl
NOAA Chemical Sciences Laboratory
Picarro 2401-m CO2/CH4/CO/H2O Analyzer
USOS
1, 1
2024, 08, 06, 2024, 11, 20
0
StartTime_UTC, seconds_past_midnight, seconds past midnight
5
1, 1, 1, 1, 1
-9999, -9999, -9999, -9999, -9999
StopTime_UTC, seconds_past_midnight, seconds past midnight
CO2_ppm_1min, ppm, Gas_CO2_InSitu_S_DMF, carbon dioxide mixing ratio
CH4_ppb_1min, ppb, Gas_CH4_InSitu_S_DMF, methane mixing ratio
CO_ppb_1min, ppb, Gas_CO_InSitu_S_DMF, carbon monoxide mixing ratio
H2O_ppmv_1min, ppmv, Met_H2OMRV_InSitu_S_AVMR, water vapor mixing ratio
1
SPECIAL COMMENTS: N/A
18
PI_CONTACT_INFO: Address: NOAA Chemical Sciences Laboratory, Mail Stop CSL7, 325 Broadway, Boulder, CO 80305; Email: Ilana.Pollack@noaa.gov
PLATFORM: NOAA CSL Mobile Laboratory
LOCATION: The mobile lab was stationed in Salt Lake City, Utah.
ASSOCIATED_DATA: N/A
INSTRUMENT_INFO: CO2, CH4, and CO are reported as dry air mole fractions using a commercial wavelength-scanned cavity ring-down analyzer (Picarro 2401-m). An in-field calibration gas standard of 432±0.07 ppm CO2, 2095±1 ppb CH4, and 183±1 ppb CO, calibrated in the Boulder laboratories before and after the field project using primary CO2, CH4, and CO standard tanks tied to the WMO standard (X2019, X2004A, and X2014A, respectively) from the Global Monitoring Laboratory (GML), was delivered to the inlet every 2-3 days to evaluate instrument sensitivity. A H2O measurement was calibrated before the project with a Dew Point Mirror 373 hygrometer. The water correction calculated from these calibrations was applied to the H2O measurement for the entire campaign. Species are measured at 0.5 Hz and reported as 1-minute averages for stationary measurements.
DATA_INFO: Units: CO2, ppm, dry air mole fraction; CH4, ppb, dry air mole fraction; CO, ppb, dry air mole fraction; H2O, ppmv
UNCERTAINTY: Total uncertainties are estimated as ±0.1 ppm for CO2, ±1 ppb for CH4, ±5 ppb for CO, and ±(50 ppm + 4%) for H2O.
ULOD_FLAG: -7777
ULOD_VALUE: N/A
LLOD_FLAG: -8888
LLOD_VALUE: N/A
DM_CONTACT_INFO: Data Manager: Nathan Howard; nathan.h.howard@noaa.gov
PROJECT_INFO: USOS Dates of Study: July – August 2024
STIPULATIONS_ON_USE: Use of these data require prior ok from PI.
OTHER_COMMENTS: Data are averaged to 1 minute intervals. Stationary data collected from a 10 ft tower on top of the mobile van.
REVISION: R0
R0: Final Data
StartTime_UTC, StopTime_UTC, CO2_ppm_1min, CH4_ppb_1min, CO_ppb_1min, H2O_ppmv_1min
[from data line 754]
45240,45300,432.77,1958.1,122.9,13798.2900
45300,45360,433.16,1958.1,123.9,13828.3936
45360,45420,432.34,1957.9,119.8,13718.5693
45420,45480,433.34,1958.3,120.2,13830.4307
45480,45540,432.96,1958.1,122.4,13816.3643
45540,45600,433.21,1958.2,122.5,13845.7490
45600,45660,433.83,1958.3,126.8,13852.7695
45660,45720,433.48,1957.9,124.6,13800.0615
45720,45780,433.05,1958.2,123.4,13827.3809
45780,45840,433.29,1958.6,122.8,13861.5742
45840,45900,433.50,1958.5,126.5,13873.5361
45900,45960,433.93,1958.4,126.8,13835.7451
45960,46020,434.51,1958.6,128.8,13816.2656
46020,46080,433.41,1958.1,122.1,13757.7686
46080,46140,432.73,1957.9,121.8,13696.7266
46140,46200,433.05,1957.6,125.6,13634.4492
46200,46260,433.27,1958.0,124.8,13634.8271
46260,46320,435.20,1958.7,131.3,13800.5322
46320,46380,433.24,1958.3,124.8,13749.6924
46380,46440,435.32,1958.5,132.3,13856.4482
46440,46500,437.07,1959.0,136.7,13746.3711
46500,46560,434.26,1958.3,127.6,13641.1045
46560,46620,432.92,1958.3,121.7,13720.3750
46620,46680,433.82,1958.6,128.4,13790.3252
46680,46740,433.46,1958.2,126.1,13770.3877
46740,46800,433.75,1958.1,159.2,13693.2480
46800,46860,433.39,1958.3,131.8,13763.9795
46860,46920,434.43,1958.5,131.5,13739.5801
46920,46980,433.10,1957.2,123.6,13620.7490
46980,47040,432.28,1956.9,121.4,13567.6084
47040,47100,433.27,1957.7,121.2,13747.7080
47100,47160,432.73,1957.6,123.8,13730.1133
47160,47220,432.68,1957.1,123.2,13677.8916
47220,47280,433.71,1957.6,124.9,13783.7520
47280,47340,434.62,1957.9,134.4,13751.0000
47340,47400,434.26,1957.7,135.1,13715.4385
47400,47460,433.72,1957.0,133.4,13541.0615
47460,47520,433.91,1957.4,125.4,13833.5693
47520,47580,432.88,1957.3,126.1,13649.1484
47580,47640,432.40,1957.1,124.3,13612.9600
47640,47700,433.74,1956.7,128.8,13503.6895
47700,47760,433.34,1957.0,132.2,13628.3301
47760,47820,434.46,1957.4,130.6,13698.0381
47820,47880,433.17,1957.3,140.9,13668.0488
47880,47940,435.03,1958.0,166.2,13664.0566
47940,48000,432.37,1956.8,144.9,13602.7891
48000,48060,437.70,1957.7,156.1,13616.1631
48060,48120,434.79,1957.8,130.9,13650.1924
48120,48180,432.54,1957.7,125.3,13603.5283
48180,48240,433.04,1957.3,127.9,13619.2520
48240,48300,433.99,1957.0,132.2,13689.8701
48300,48360,432.41,1957.1,127.3,13653.7422
48360,48420,431.86,1956.7,121.4,13597.1963
48420,48480,431.04,1956.7,121.2,13606.7090
48480,48540,433.12,1956.7,136.0,13589.5791
48540,48600,432.19,1956.6,129.6,13638.5811
48600,48660,434.05,1957.0,138.5,13709.6279
48660,48720,431.33,1956.7,126.0,13671.6865
48720,48780,431.96,1956.6,137.5,13631.9785
48780,48840,432.58,1958.9,129.3,13784.1992
48840,48900,433.12,1960.0,131.8,13814.5479
48900,48960,431.86,1957.5,127.5,13807.5313
48960,49020,435.00,1958.2,165.1,13806.2744
49020,49080,431.37,1956.7,125.8,13539.9189
49080,49140,432.21,1956.9,124.7,13614.1357
49140,49200,431.73,1956.7,129.1,13526.0068
49200,49260,432.87,1957.4,198.5,13734.6260
49260,49320,432.62,1958.0,136.5,13699.7969
49320,49380,434.90,1959.5,133.2,13735.0264
49380,49440,431.76,1957.1,122.5,13626.8828
49440,49500,433.44,1957.1,129.2,13672.1279
49500,49560,431.84,1957.3,125.9,13688.8535
49560,49620,432.82,1956.7,138.7,13487.9043
49620,49680,433.51,1957.1,143.9,13713.3496
49680,49740,432.96,1957.0,126.9,13724.5615
49740,49800,432.27,1957.0,129.8,13708.7227
49800,49860,432.66,1956.6,138.4,13652.0957
49860,49920,431.72,1956.4,132.4,13602.7412
49920,49980,433.06,1956.6,132.3,13524.3770
49980,50040,433.34,1957.5,160.4,13659.5791
50040,50100,434.71,1957.5,150.7,13730.5488
50100,50160,436.36,1958.3,155.4,13759.0869
50160,50220,438.47,1958.7,165.6,14216.7412
50220,50280,435.96,1958.6,152.0,13984.0459
50280,50340,438.23,1960.1,216.7,14049.4717
50340,50400,433.90,1957.8,182.7,13803.4160
50400,50460,431.79,1957.2,136.5,13670.3447
50460,50520,430.50,1956.6,121.8,13731.0420
50520,50580,431.48,1957.0,128.1,13818.0801
50580,50640,430.91,1957.0,131.6,13709.9336
50640,50700,431.20,1957.1,148.2,13628.6406
50700,50760,430.30,1956.8,128.5,13864.5693
50760,50820,431.80,1956.8,129.8,14000.6807
50820,50880,430.17,1956.4,123.9,13665.4590
50880,50940,434.01,1957.6,147.6,13810.2285
50940,51000,430.08,1957.2,123.2,13774.3643
51000,51060,430.42,1956.6,119.9,13679.1748
51060,51120,432.35,1957.9,147.6,13605.5762
51120,51180,432.37,1957.5,149.1,13556.7949
51180,51240,430.55,1956.9,127.0,13531.6572
51240,51300,433.59,1958.0,144.6,13718.5381
51300,51360,429.82,1956.6,128.5,13628.8652
51360,51420,431.61,1957.2,145.7,13623.3105
51420,51480,431.63,1958.1,159.1,13836.4531
51480,51540,434.02,1958.8,163.9,13768.3848
51540,51600,434.63,1965.0,352.4,13747.7617
51600,51660,431.93,1958.0,130.7,13654.4082
51660,51720,433.51,1958.7,139.8,13887.2461
51720,51780,433.03,1959.9,190.8,13702.7344
51780,51840,439.89,1960.7,183.3,13932.1309
51840,51900,436.07,1960.1,200.2,13825.2510
51900,51960,435.23,1960.2,170.2,14027.1348
51960,52020,434.43,1958.3,144.3,13860.2686
52020,52080,432.80,1958.4,143.6,13897.4580
52080,52140,434.59,1957.9,153.3,13892.2168
52140,52200,430.73,1956.6,136.7,13566.6357
52200,52260,430.11,1956.3,128.2,13439.6846
52260,52320,433.81,1958.6,151.8,13633.1182
52320,52380,432.31,1958.3,149.5,13658.0674
52380,52440,435.13,1959.4,184.6,13693.4600
52440,52500,441.73,1963.0,197.0,13833.9014
52500,52560,430.91,1958.1,132.4,13679.1523
52560,52620,432.52,1957.4,140.6,13461.7920
52620,52680,430.80,1959.5,165.5,13568.2295
52680,52740,439.27,1964.8,271.5,13673.3721
52740,52800,433.79,1958.8,160.3,13916.6943
52800,52860,439.30,1960.3,186.6,14015.5068
52860,52920,437.84,1960.2,186.4,13787.4844
52920,52980,436.90,1962.5,200.2,14010.9297
52980,53040,434.50,1959.3,172.0,14019.5117
53040,53100,434.87,1958.4,205.5,14225.8193
53100,53160,431.49,1957.0,169.4,13753.9727
53160,53220,440.56,1959.9,168.3,14013.2676
53220,53280,435.38,1959.5,146.8,14141.5352
53280,53340,439.12,1958.8,181.2,14052.0303
53340,53400,437.75,1958.5,174.2,14119.1016
53400,53460,436.32,1960.1,169.9,14108.3477
53460,53520,436.00,1959.0,150.0,14216.1152
53520,53580,430.39,1956.9,128.2,13876.6885
53580,53640,435.25,1958.3,157.5,14286.1572
53640,53700,442.47,1960.0,365.4,14318.2979
53700,53760,446.02,1959.2,262.8,14464.4756
53760,53820,440.97,1958.9,167.8,14375.2207
53820,53880,434.54,1958.3,152.1,14251.3975
53880,53940,435.13,1959.5,161.8,13926.5117
53940,54000,432.20,1958.3,145.2,14011.6758
54000,54060,433.86,1957.6,148.7,14161.5928
54060,54120,435.14,1958.9,165.5,14444.1172
54120,54180,430.93,1958.1,132.1,14462.3779
54180,54240,429.82,1957.7,128.7,14221.0654
54240,54300,429.61,1957.8,126.9,14310.9268
54300,54360,432.48,1958.0,131.1,14334.8203
54360,54420,429.61,1957.9,128.5,14314.6445
54420,54480,430.39,1958.0,140.5,14413.7090
54480,54540,429.95,1958.1,138.9,14353.7344
54540,54600,429.22,1957.8,139.5,14291.8027
54600,54660,432.16,1958.0,150.8,14211.7676
54660,54720,431.26,1958.1,150.1,14209.1934
54720,54780,431.27,1958.6,178.8,14259.8213
54780,54840,433.95,1958.8,155.9,14396.1699
54840,54900,433.77,1959.1,155.5,14267.2998
54900,54960,434.17,1959.5,163.9,14229.9668
54960,55020,434.26,1958.8,156.2,14176.0674
55020,55080,438.28,1958.9,263.8,14249.5488
55080,55140,440.02,1959.3,205.4,14177.6475
55140,55200,436.62,1958.9,158.7,14104.6025
55200,55260,431.92,1958.8,153.0,13893.1387
55260,55320,431.27,1958.2,149.0,14068.0400
55320,55380,433.50,1957.9,145.9,14118.5264
55380,55440,433.91,1959.2,154.9,14054.5693
55440,55500,431.00,1959.2,144.2,14091.7061
55500,55560,431.85,1958.8,154.2,14073.7529
55560,55620,429.95,1957.3,134.7,13548.6885
55620,55680,431.15,1958.6,142.3,13802.6914
55680,55740,431.37,1959.6,147.1,14084.4902
55740,55800,431.59,1958.8,143.0,14000.5947
55800,55860,435.49,1964.1,193.7,14608.0615
55860,55920,437.82,1962.3,215.5,14628.4404
55920,55980,432.79,1958.9,151.9,14257.8076
55980,56040,438.83,1960.1,254.8,14416.6787
56040,56100,438.96,1958.6,184.4,14589.8555
56100,56160,432.34,1956.8,146.9,14218.2520
56160,56220,435.84,1958.1,169.8,14315.8262
56220,56280,431.75,1956.6,154.0,13996.0479
56280,56340,432.63,1956.3,149.6,14192.7305
56340,56400,435.90,1956.9,178.1,14479.9854
56400,56460,430.63,1955.1,137.9,13881.9365
56460,56520,433.29,1955.8,148.9,14091.3193
56520,56580,431.77,1955.0,140.5,13908.7813
56580,56640,432.96,1954.9,154.9,14320.2295
56640,56700,432.84,1955.3,151.7,14331.1309
56700,56760,434.73,1962.6,195.0,14717.0684
56760,56820,434.82,1959.3,182.7,14464.8936
56820,56880,433.17,1959.0,172.7,14187.7012
56880,56940,437.53,1961.5,208.1,14602.3223
56940,57000,435.68,1961.1,194.0,14384.4209
57000,57060,436.50,1962.4,196.1,14429.4170
57060,57120,433.03,1956.8,157.5,14654.3145
57120,57180,434.98,1957.8,170.2,15085.4385
57180,57240,432.77,1956.7,181.7,14030.1260
57240,57300,429.58,1954.5,148.5,13878.1094
57300,57360,433.22,1957.5,174.2,14017.5430
57360,57420,434.10,1966.8,182.5,14423.8672
57420,57480,432.04,1961.2,176.0,14545.9668
57480,57540,432.24,1961.4,176.6,14809.3994
57540,57600,434.23,1970.7,198.0,14466.1113
57600,57660,434.07,1971.5,191.3,14387.9268
57660,57720,433.30,1968.2,188.7,14713.8623
57720,57780,435.51,1965.2,191.3,14343.5742
57780,57840,436.03,1963.9,191.6,14381.3604
57840,57900,436.54,1963.0,195.4,14480.4609
57900,57960,435.91,1962.8,197.7,14429.3584
57960,58020,435.16,1960.9,189.4,14652.9951
58020,58080,433.66,1959.9,177.0,13850.2324
58080,58140,434.10,1961.2,181.3,14014.6748
58140,58200,434.19,1961.3,180.7,14157.6309
58200,58260,431.71,1959.5,168.1,14021.0635
58260,58320,432.06,1959.6,171.8,14040.1465
58320,58380,432.72,1958.8,177.3,13702.4258
58380,58440,432.43,1959.1,178.7,13827.9248
58440,58500,432.91,1960.3,184.7,14257.9316
58500,58560,432.38,1961.1,179.6,13940.8467
58560,58620,432.25,1960.7,178.9,14043.3867
58620,58680,432.33,1960.0,178.7,14307.0566
58680,58740,434.18,1960.5,194.5,14805.0117
58740,58800,432.51,1960.2,198.9,14111.3291
58800,58860,432.42,1960.1,186.9,14330.9014
58860,58920,432.25,1959.7,175.4,14154.1855
58920,58980,432.61,1958.3,176.4,13532.8271
58980,59040,435.61,1957.4,204.6,14031.6025
59040,59100,432.56,1958.8,188.3,13775.1621
59100,59160,431.58,1957.8,165.7,13544.1885
59160,59220,432.67,1956.2,161.3,13419.0059
59220,59280,431.63,1954.9,160.4,13242.9199
59280,59340,431.07,1955.5,160.1,13251.0234
59340,59400,431.80,1958.2,169.4,13851.1719
59400,59460,432.22,1960.2,176.0,14030.8184
59460,59520,432.33,1960.7,154.3,13390.4150
59520,59580,432.47,1961.6,156.9,13329.9229
59580,59640,432.82,1963.2,161.9,13592.8115
59640,59700,433.25,1964.7,168.5,13982.3730
59700,59760,433.51,1966.1,178.2,14273.7803
59760,59820,433.66,1966.9,184.0,14620.7744
59820,59880,433.46,1966.2,189.9,14616.9736
59880,59940,433.43,1965.7,191.4,14484.8789
59940,60000,434.43,1966.4,197.0,14618.1904
60000,60060,435.44,1966.9,206.6,14944.4307
60060,60120,433.01,1961.9,189.0,14840.1719
60120,60180,433.86,1961.8,193.5,14921.4180
60180,60240,434.07,1962.9,188.7,14288.0664
60240,60300,442.01,1965.1,292.5,14922.4834
60300,60360,436.84,1964.1,204.2,14686.6514
60360,60420,435.89,1962.9,202.7,14687.9209
60420,60480,435.15,1962.2,197.4,14370.3242
60480,60540,434.74,1963.4,228.3,14277.2197
60540,60600,433.26,1963.8,166.4,13477.4355
60600,60660,433.27,1964.0,166.4,13422.9346
60660,60720,433.98,1963.6,170.9,13476.1553
60720,60780,433.57,1963.6,172.0,13841.0303
60780,60840,433.28,1964.5,173.8,13711.8838
60840,60900,434.14,1965.1,173.8,13722.5957
60900,60960,433.86,1965.8,171.8,13817.2266
60960,61020,434.31,1967.0,179.9,13954.3096
61020,61080,433.94,1967.7,177.9,14224.9053
61080,61140,433.99,1969.6,185.9,14451.8359
61140,61200,436.31,1972.4,203.9,14389.9268
61200,61260,434.65,1972.2,186.7,14048.5928
61260,61320,435.16,1972.7,188.6,14289.8389
61320,61380,434.55,1973.0,196.3,14697.3623
61380,61440,433.15,1972.4,193.6,14829.6143
61440,61500,436.28,1974.4,199.5,15043.0244
61500,61560,434.16,1980.6,181.2,14562.6348
61560,61620,434.06,1982.5,177.1,13772.0322
61620,61680,434.27,1983.5,181.1,13914.3486
61680,61740,435.14,1985.7,193.2,14086.2686
61740,61800,436.23,1987.2,197.6,14193.8096
61800,61860,435.72,1987.6,187.1,13984.1357
61860,61920,437.26,1993.7,210.6,14438.5498
61920,61980,440.40,2001.0,260.3,14411.0889
61980,62040,438.41,2007.7,247.9,14608.2979
62040,62100,437.22,2027.3,189.0,14263.0332
62100,62160,440.53,2042.1,196.6,14864.5039
62160,62220,440.55,2049.8,204.4,14846.1260
62220,62280,437.38,2045.4,184.6,14286.6865
62280,62340,436.40,2043.5,186.5,14347.6260
62340,62400,436.29,2048.7,180.8,14251.3809
62400,62460,436.59,2051.0,180.7,14285.7891
62460,62520,436.48,2051.1,181.9,14310.9502
62520,62580,436.88,2051.1,185.1,14423.2627
62580,62640,437.27,2031.5,202.0,15292.8418
62640,62700,435.96,2024.1,188.3,14770.7783
62700,62760,437.07,2023.9,189.7,14615.8027
62760,62820,437.62,2026.3,193.5,15085.4697
62820,62880,441.25,2037.9,243.6,15257.7559
62880,62940,436.69,2052.7,186.7,14279.8525
62940,63000,436.26,2045.5,180.8,14127.2998
63000,63060,436.38,2046.8,183.0,14456.6182
63060,63120,436.52,2046.9,184.7,14427.0752
63120,63180,435.94,2047.2,187.3,15197.3916
63180,63240,436.17,2045.4,187.9,15087.7158
63240,63300,436.53,2042.6,188.7,14566.8955
63300,63360,436.06,2042.7,187.7,15052.3389
63360,63420,437.48,2037.8,198.1,15140.1318
63420,63480,437.33,2039.6,196.7,15110.3818
63480,63540,438.56,2042.2,204.7,15738.9922
63540,63600,436.19,2041.7,191.6,15637.5791
63600,63660,437.04,2042.3,197.7,14552.2324
63660,63720,437.65,2046.1,205.5,14787.7637
63720,63780,437.21,2053.4,211.3,14912.9775
63780,63840,435.56,2054.0,186.4,14647.0586
63840,63900,438.30,2058.6,200.3,15585.3945
63900,63960,439.73,2064.4,210.3,15209.1113
63960,64020,438.60,2067.5,209.8,15210.7910
64020,64080,436.20,2070.0,197.8,15836.3887
64080,64140,437.72,2070.4,201.1,14898.4414
64140,64200,438.04,2071.9,206.1,15027.7383
64200,64260,436.99,2073.0,193.7,14921.8838
64260,64320,437.05,2074.3,195.6,14722.1201
64320,64380,437.13,2077.8,203.2,15393.9854
64380,64440,437.46,2076.8,214.3,15201.1875
64440,64500,437.36,2075.6,203.7,14042.6201
64500,64560,435.37,2082.0,188.4,14209.5264
64560,64620,433.15,2079.9,172.8,13987.5859
64620,64680,432.12,2071.0,171.1,14083.4229
64680,64740,430.77,2079.0,169.8,15201.7783
64740,64800,435.33,2077.2,181.3,14422.8906
64800,64860,435.82,2047.7,178.5,13286.3057
64860,64920,431.86,2029.6,164.6,13577.4072
64920,64980,433.74,2042.6,194.6,13579.6777
64980,65040,431.08,2010.9,170.2,12627.1680
65040,65100,431.99,1978.8,156.5,12477.0586
65100,65160,430.90,1970.1,151.6,12161.0596
65160,65220,431.12,1977.0,153.7,12275.7051
65220,65280,431.96,1996.6,165.3,12778.3008
65280,65340,431.11,1976.8,159.7,12572.5186
65340,65400,429.34,1959.3,147.8,11793.1924
65400,65460,427.54,1949.4,123.2,11019.2354
65460,65520,428.20,1949.8,127.0,11226.2773
65520,65580,429.03,1949.7,131.5,11448.4053
65580,65640,429.12,1950.0,132.4,11653.1094
65640,65700,428.25,1949.2,127.9,11212.9199
65700,65760,427.87,1949.1,126.9,11118.0820
65760,65820,428.77,1948.5,129.6,11545.4131
65820,65880,428.48,1949.3,130.2,11378.5547
65880,65940,428.64,1949.3,133.4,11295.5322
65940,66000,428.95,1950.1,134.1,11682.3311
66000,66060,428.59,1949.3,131.4,11188.4121
66060,66120,428.25,1948.9,126.5,11009.9941
66120,66180,428.46,1949.9,131.7,11116.5391
66180,66240,428.30,1949.3,128.0,11081.5078
66240,66300,428.14,1949.2,123.1,11313.2324
66300,66360,428.48,1948.7,124.6,11134.5781
66360,66420,429.02,1949.0,125.1,11250.0713
66420,66480,429.45,1949.3,132.7,11390.6914
66480,66540,429.39,1949.7,134.7,11344.2227
66540,66600,429.35,1949.6,136.5,11239.9092
66600,66660,429.35,1950.1,136.4,11422.9033
66660,66720,429.70,1950.0,140.5,11536.3105
66720,66780,429.85,1950.4,140.5,11588.8359
66780,66840,429.58,1950.7,141.0,11656.1006
66840,66900,428.60,1949.7,134.2,11453.9443
66900,66960,428.72,1948.8,127.8,11142.4395
66960,67020,429.12,1948.8,137.5,11042.6445
67020,67080,429.89,1949.1,135.0,11110.4375
67080,67140,428.79,1949.1,134.2,11151.1240
67140,67200,428.39,1948.9,133.6,11049.1602
67200,67260,429.04,1949.6,136.0,11517.9893
67260,67320,428.71,1949.8,136.1,11303.4248
67320,67380,428.12,1948.6,127.7,10952.6553
67380,67440,428.05,1948.3,127.8,10908.1123
67440,67500,428.19,1948.9,130.4,11048.8164
