CampaignData_and_Merges/R0/CSL_MobileLab_Parked/raw/20240806/USOS-jNO2_MobileLabGround_20240806_R0.ict
52,1001
Waxman, E.; Rollins, A.; Zuraski, K.; Chace, W.
NOAA Chemical Sciences Laboratory
jNO2 filter radiometer on CSL Mobile Lab
AMMBEC / USOS
1, 1
2024,08,06, 2025,04,01
60
Time_Start, seconds, number_of_seconds_since_0000_UTC
20
1, 1, 1, 1, 1, 1, 1, 1, 1, 1, 1, 1, 1, 1, 1, 1, 1, 1, 1, 1
-9999, -9999, -9999, -9999, -9999, -9999, -9999, -9999, -9999, -9999, -9999, -9999, -9999, -9999, -9999, -9999, -9999, -9999, -9999, -9999
Time_Stop, seconds, number_of_seconds_since_0000_UTC
jNO2_meas, per second, photolysis rate of NO2 measured using a filter radiometer.
jBrCl, per second, photolysis rate of BrCl -> Br + Cl calculated in TUV for cloud-free sky with local AOD
jBr2, per second, photolysis rate of Br2 -> Br + Br calculated in TUV for cloud-free sky with local AOD
jCCl4, per second, photolysis rate of CCl4 -> Products calcualted in TUV for cloud-free sky with local AOD
jCH2Oa, per second, photolysis rate of CH2O -> H + HCO calculated in TUV for cloud-free sky with local AOD
jCH2Ob, per second, photolysis rate of CH2O -> H2 + CO calculated in TUV for cloud-free sky with local AOD
jClNO2, per second, photolysis rate of ClNO2 -> Cl + NO2 calculated in TUV for cloud-free sky with local AOD
jClOa, per second, photolysis rate of ClO -> Cl + O(1D) calculated in TUV for cloud-free sky with local AOD
jClOb, per second, photolysis rate of ClO -> Cl + O(3P) calculated in TUV for cloud-free sky with local AOD
jCl2, per second, photolysis rate of Cl2 -> Cl + Cl calculated in TUV for cloud-free sky with local AOD
jHNO2, per second, photolysis rate of HNO2 -> OH + NO calculated in TUV for cloud-free sky with local AOD
jHNO3, per second, photolysis rate of HNO3 -> OH + NO2 calculated in TUV for cloud-free sky with local AOD
jI2, per second, photolysis rate of I2 -> I + I calculated in TUV for cloud-free sky with local AOD
jNO2, per second, photolysis rate of NO2 -> NO + O(3P) calculated in TUV for cloud-free sky with local AOD
jNO3a, per second, photolysis rate of NO3 -> NO + O2 calculated in TUV for cloud-free sky with local AOD
jNO3b, per second, photolysis rate of NO3 -> NO2 + O(3P) calculated in TUV for cloud-free sky with local AOD
jN2O5, per second, photolysis rate of N2O5 -> NO3 + NO + O(3P) calculated in TUV for cloud-free sky with local AOD
jO3, per second, photolysis rate of O3 -> O2 + O(1D) calculated in TUV for cloud-free sky with local AOD
AOD_500nm, unitless, UTC daily mean AOD at 500 nm from an AERONET station located at 40.178 N, -112.452 E
0
18
PI_CONTACT_INFO: eleanor.waxman@noaa.gov
PLATFORM: CSL Mobile Lab, at ground site
LOCATION: Salt Lake City, UT
ASSOCIATED_DATA:
INSTRUMENT_INFO: jNO2 filter radiometer.  TUV calculations are for mobile van lat/lon/altitude assuming clear sky (cloud AOD = 0) and daily mean AOD.
DATA_INFO:
UNCERTAINTY: Data uncertainties are +/- 20%.  These come from uncertainties in radiometer angular response, radiometer thermal response, local interferences from clouds/aerosols/shadows etc.
ULOD_FLAG: -7777
ULOD_VALUE: N/A
LLOD_FLAG: -8888
LLOD_VALUE: N/A
DM_CONTACT_INFO: eleanor.waxman@noaa.gov
PROJECT_INFO: USOS Project, July - August 2024
STIPULATIONS_ON_USE: Users are strongly encouraged to contact the PI for proper data usage.
OTHER_COMMENTS: 
REVISION: R0
R0: final data
Time_Start, Time_Stop, jNO2_meas, jBrCl, jBr2, jCCl4, jCH2Oa, jCH2Ob, jClNO2, jClOa, jClOb, jCl2, jHNO2, jHNO3, jI2, jNO2, jNO3a, jNO3b, jN2O5, jO3, AOD_500nm
[from data line 887]
   53220,   53280,0.0051036,0.007071,0.0231,1.382e-25,1.189e-05,2.239e-05,0.0002256,4.94e-26,8.405e-06,0.001242,0.0008553,1.616e-07,0.0874,0.005484,0.01747,0.137,1.865e-05,5.174e-06,0.086
   53280,   53340,0.0051311,0.007107,0.02319,1.405e-25,1.203e-05,2.26e-05,0.0002276,5.019e-26,8.563e-06,0.001252,0.0008613,1.639e-07,0.08767,0.005519,0.01751,0.1374,1.882e-05,5.274e-06,0.086
   53340,   53400,0.0051793,0.007142,0.02328,1.428e-25,1.216e-05,2.28e-05,0.0002296,5.1e-26,8.723e-06,0.001261,0.0008673,1.662e-07,0.08794,0.005554,0.01755,0.1378,1.9e-05,5.375e-06,0.086
   53400,   53460,0.0052099,0.007175,0.02337,1.451e-25,1.23e-05,2.3e-05,0.0002315,5.177e-26,8.875e-06,0.001269,0.0008729,1.684e-07,0.08818,0.005587,0.01759,0.1381,1.917e-05,5.47e-06,0.086
   53460,   53520,0.0052405,0.007209,0.02346,1.475e-25,1.244e-05,2.32e-05,0.0002334,5.261e-26,9.038e-06,0.001279,0.0008788,1.707e-07,0.08844,0.005621,0.01763,0.1385,1.934e-05,5.573e-06,0.086
   53520,   53580,0.0052621,0.007243,0.02354,1.5e-25,1.257e-05,2.341e-05,0.0002354,5.346e-26,9.202e-06,0.001288,0.0008846,1.73e-07,0.0887,0.005655,0.01768,0.1389,1.952e-05,5.676e-06,0.086
   53580,   53640,0.0052864,0.007275,0.02363,1.523e-25,1.271e-05,2.36e-05,0.0002372,5.428e-26,9.357e-06,0.001296,0.0008901,1.752e-07,0.08893,0.005687,0.01772,0.1392,1.968e-05,5.775e-06,0.086
   53640,   53700,0.0053139,0.007309,0.02371,1.549e-25,1.284e-05,2.38e-05,0.0002391,5.517e-26,9.524e-06,0.001305,0.0008958,1.775e-07,0.08918,0.005721,0.01776,0.1396,1.986e-05,5.88e-06,0.086
   53700,   53760,0.0053471,0.007342,0.0238,1.575e-25,1.298e-05,2.4e-05,0.0002411,5.608e-26,9.692e-06,0.001314,0.0009016,1.799e-07,0.08943,0.005754,0.0178,0.14,2.003e-05,5.987e-06,0.086
   53760,   53820,0.0053957,0.007373,0.02388,1.601e-25,1.311e-05,2.419e-05,0.0002429,5.695e-26,9.851e-06,0.001323,0.0009069,1.821e-07,0.08966,0.005786,0.01783,0.1403,2.019e-05,6.088e-06,0.086
   53820,   53880,0.0054325,0.007406,0.02396,1.628e-25,1.325e-05,2.439e-05,0.0002448,5.79e-26,1.002e-05,0.001332,0.0009126,1.844e-07,0.0899,0.005818,0.01787,0.1406,2.036e-05,6.196e-06,0.086
   53880,   53940,0.0054584,0.007439,0.02404,1.656e-25,1.339e-05,2.459e-05,0.0002467,5.887e-26,1.019e-05,0.00134,0.0009182,1.868e-07,0.09014,0.005851,0.01791,0.141,2.054e-05,6.304e-06,0.086
   53940,   54000,0.0054901,0.007469,0.02412,1.683e-25,1.352e-05,2.478e-05,0.0002485,5.98e-26,1.035e-05,0.001349,0.0009234,1.89e-07,0.09036,0.005882,0.01795,0.1413,2.07e-05,6.408e-06,0.086
   54000,   54060,0.0055316,0.007501,0.0242,1.712e-25,1.366e-05,2.498e-05,0.0002504,6.081e-26,1.053e-05,0.001357,0.000929,1.913e-07,0.09059,0.005914,0.01798,0.1416,2.087e-05,6.519e-06,0.086
   54060,   54120,0.005589,0.007532,0.02428,1.742e-25,1.38e-05,2.517e-05,0.0002522,6.184e-26,1.07e-05,0.001366,0.0009345,1.937e-07,0.09082,0.005946,0.01802,0.142,2.104e-05,6.63e-06,0.086
   54120,   54180,0.0056155,0.007562,0.02436,1.771e-25,1.393e-05,2.536e-05,0.000254,6.283e-26,1.087e-05,0.001374,0.0009396,1.959e-07,0.09103,0.005975,0.01806,0.1423,2.12e-05,6.736e-06,0.086
   54180,   54240,0.0056468,0.007593,0.02443,1.802e-25,1.406e-05,2.555e-05,0.0002559,6.391e-26,1.105e-05,0.001383,0.000945,1.983e-07,0.09126,0.006007,0.01809,0.1426,2.137e-05,6.849e-06,0.086
   54240,   54300,0.0056722,0.007623,0.02451,1.835e-25,1.42e-05,2.575e-05,0.0002577,6.501e-26,1.123e-05,0.001391,0.0009504,2.007e-07,0.09148,0.006038,0.01813,0.1429,2.154e-05,6.963e-06,0.086
   54300,   54360,0.0057001,0.007652,0.02458,1.865e-25,1.433e-05,2.593e-05,0.0002595,6.608e-26,1.139e-05,0.001399,0.0009554,2.03e-07,0.09169,0.006067,0.01816,0.1432,2.17e-05,7.071e-06,0.086
   54360,   54420,0.005735,0.007682,0.02466,1.899e-25,1.447e-05,2.612e-05,0.0002613,6.723e-26,1.158e-05,0.001408,0.0009607,2.054e-07,0.0919,0.006098,0.0182,0.1436,2.186e-05,7.187e-06,0.086
   54420,   54480,0.0057657,0.007712,0.02473,1.933e-25,1.461e-05,2.631e-05,0.0002631,6.841e-26,1.176e-05,0.001416,0.000966,2.078e-07,0.09212,0.006128,0.01823,0.1439,2.203e-05,7.303e-06,0.086
   54480,   54540,0.0057843,0.00774,0.0248,1.966e-25,1.473e-05,2.649e-05,0.0002649,6.955e-26,1.193e-05,0.001424,0.0009709,2.1e-07,0.09232,0.006157,0.01826,0.1442,2.219e-05,7.414e-06,0.086
   54540,   54600,0.005811,0.007769,0.02488,2.002e-25,1.487e-05,2.668e-05,0.0002667,7.079e-26,1.211e-05,0.001432,0.0009761,2.124e-07,0.09252,0.006187,0.0183,0.1445,2.235e-05,7.532e-06,0.086
   54600,   54660,0.0058365,0.007798,0.02495,2.039e-25,1.501e-05,2.687e-05,0.0002685,7.206e-26,1.23e-05,0.00144,0.0009812,2.148e-07,0.09273,0.006216,0.01833,0.1448,2.252e-05,7.65e-06,0.086
   54660,   54720,0.0058693,0.007825,0.02502,2.075e-25,1.513e-05,2.705e-05,0.0002702,7.328e-26,1.247e-05,0.001448,0.000986,2.171e-07,0.09292,0.006244,0.01836,0.145,2.268e-05,7.763e-06,0.086
   54720,   54780,0.0058998,0.007853,0.02509,2.113e-25,1.527e-05,2.724e-05,0.000272,7.461e-26,1.266e-05,0.001456,0.0009911,2.195e-07,0.09313,0.006273,0.01839,0.1453,2.284e-05,7.883e-06,0.086
   54780,   54840,0.0059367,0.007882,0.02516,2.153e-25,1.541e-05,2.742e-05,0.0002737,7.598e-26,1.285e-05,0.001464,0.0009962,2.219e-07,0.09333,0.006303,0.01843,0.1456,2.3e-05,8.005e-06,0.086
   54840,   54900,0.0059608,0.007908,0.02522,2.191e-25,1.553e-05,2.76e-05,0.0002754,7.729e-26,1.303e-05,0.001471,0.001001,2.242e-07,0.09351,0.00633,0.01846,0.1459,2.316e-05,8.119e-06,0.086
   54900,   54960,0.0060048,0.007936,0.02529,2.233e-25,1.567e-05,2.778e-05,0.0002772,7.872e-26,1.322e-05,0.001479,0.001006,2.266e-07,0.09371,0.006358,0.01849,0.1462,2.332e-05,8.241e-06,0.086
   54960,   55020,0.0060121,0.007963,0.02536,2.275e-25,1.58e-05,2.797e-05,0.0002789,8.019e-26,1.341e-05,0.001487,0.001011,2.29e-07,0.0939,0.006387,0.01852,0.1465,2.348e-05,8.365e-06,0.086
   55020,   55080,0.0060359,0.007989,0.02542,2.316e-25,1.593e-05,2.814e-05,0.0002806,8.161e-26,1.359e-05,0.001495,0.001015,2.313e-07,0.09408,0.006413,0.01855,0.1467,2.363e-05,8.481e-06,0.086
   55080,   55140,0.0060577,0.008016,0.02549,2.361e-25,1.606e-05,2.832e-05,0.0002823,8.316e-26,1.378e-05,0.001502,0.00102,2.338e-07,0.09427,0.006441,0.01858,0.147,2.38e-05,8.606e-06,0.086
   55140,   55200,0.0060816,0.008042,0.02556,2.407e-25,1.619e-05,2.85e-05,0.000284,8.475e-26,1.397e-05,0.00151,0.001025,2.362e-07,0.09445,0.006469,0.01861,0.1473,2.396e-05,8.731e-06,0.086
   55200,   55260,0.0061095,0.008067,0.02562,2.452e-25,1.632e-05,2.867e-05,0.0002857,8.628e-26,1.416e-05,0.001517,0.00103,2.385e-07,0.09463,0.006495,0.01863,0.1475,2.411e-05,8.849e-06,0.086
   55260,   55320,0.0061311,0.008094,0.02568,2.5e-25,1.645e-05,2.885e-05,0.0002874,8.795e-26,1.435e-05,0.001525,0.001034,2.409e-07,0.09481,0.006522,0.01866,0.1478,2.426e-05,8.976e-06,0.086
   55320,   55380,0.0061593,0.00812,0.02575,2.55e-25,1.659e-05,2.903e-05,0.0002891,8.967e-26,1.455e-05,0.001533,0.001039,2.433e-07,0.09499,0.006549,0.01869,0.148,2.442e-05,9.103e-06,0.086
   55380,   55440,0.006175,0.008144,0.02581,2.598e-25,1.671e-05,2.92e-05,0.0002907,9.133e-26,1.473e-05,0.00154,0.001043,2.456e-07,0.09515,0.006574,0.01872,0.1483,2.457e-05,9.223e-06,0.086
   55440,   55500,0.0062001,0.008169,0.02587,2.651e-25,1.684e-05,2.937e-05,0.0002924,9.314e-26,1.493e-05,0.001547,0.001048,2.481e-07,0.09533,0.006601,0.01875,0.1485,2.473e-05,9.352e-06,0.086
   55500,   55560,0.0062249,0.008195,0.02593,2.705e-25,1.697e-05,2.955e-05,0.000294,9.501e-26,1.513e-05,0.001555,0.001053,2.505e-07,0.0955,0.006627,0.01878,0.1488,2.489e-05,9.481e-06,0.086
   55560,   55620,0.0062391,0.008218,0.02599,2.757e-25,1.71e-05,2.971e-05,0.0002956,9.681e-26,1.532e-05,0.001562,0.001057,2.528e-07,0.09567,0.006652,0.0188,0.149,2.503e-05,9.602e-06,0.086
   55620,   55680,0.0062472,0.008243,0.02605,2.814e-25,1.723e-05,2.989e-05,0.0002973,9.878e-26,1.552e-05,0.001569,0.001061,2.552e-07,0.09584,0.006678,0.01883,0.1493,2.519e-05,9.732e-06,0.086
   55680,   55740,0.0062528,0.008267,0.02611,2.872e-25,1.736e-05,3.006e-05,0.0002989,1.008e-25,1.572e-05,0.001576,0.001066,2.577e-07,0.096,0.006704,0.01885,0.1495,2.534e-05,9.863e-06,0.086
   55740,   55800,0.0062492,0.00829,0.02617,2.929e-25,1.748e-05,3.022e-05,0.0003005,1.028e-25,1.591e-05,0.001583,0.00107,2.6e-07,0.09616,0.006728,0.01888,0.1497,2.549e-05,9.987e-06,0.086
   55800,   55860,0.0062501,0.008314,0.02622,2.99e-25,1.761e-05,3.039e-05,0.0003021,1.049e-25,1.611e-05,0.00159,0.001075,2.624e-07,0.09632,0.006753,0.01891,0.15,2.564e-05,1.012e-05,0.086
   55860,   55920,0.0062709,0.008338,0.02628,3.053e-25,1.774e-05,3.056e-05,0.0003037,1.071e-25,1.631e-05,0.001597,0.001079,2.649e-07,0.09649,0.006778,0.01893,0.1502,2.579e-05,1.025e-05,0.086
   55920,   55980,0.0063095,0.008361,0.02634,3.115e-25,1.786e-05,3.072e-05,0.0003052,1.093e-25,1.651e-05,0.001604,0.001083,2.671e-07,0.09664,0.006802,0.01896,0.1504,2.593e-05,1.038e-05,0.086
   55980,   56040,0.0063598,0.008384,0.02639,3.183e-25,1.799e-05,3.089e-05,0.0003069,1.116e-25,1.671e-05,0.001611,0.001087,2.696e-07,0.0968,0.006826,0.01898,0.1507,2.609e-05,1.051e-05,0.086
   56040,   56100,0.0064115,0.008407,0.02645,3.252e-25,1.811e-05,3.106e-05,0.0003085,1.14e-25,1.691e-05,0.001618,0.001092,2.72e-07,0.09695,0.006851,0.01901,0.1509,2.624e-05,1.064e-05,0.086
   56100,   56160,0.0064492,0.008429,0.0265,3.32e-25,1.823e-05,3.121e-05,0.0003099,1.164e-25,1.711e-05,0.001625,0.001096,2.743e-07,0.0971,0.006874,0.01903,0.1511,2.638e-05,1.077e-05,0.086
   56160,   56220,0.0064749,0.008452,0.02656,3.393e-25,1.836e-05,3.138e-05,0.0003115,1.189e-25,1.731e-05,0.001632,0.0011,2.767e-07,0.09725,0.006898,0.01905,0.1513,2.653e-05,1.09e-05,0.086
   56220,   56280,0.0065214,0.008474,0.02661,3.469e-25,1.849e-05,3.154e-05,0.0003131,1.216e-25,1.752e-05,0.001638,0.001104,2.792e-07,0.0974,0.006922,0.01908,0.1515,2.668e-05,1.104e-05,0.086
   56280,   56340,0.0065338,0.008495,0.02666,3.543e-25,1.861e-05,3.17e-05,0.0003146,1.241e-25,1.772e-05,0.001645,0.001108,2.815e-07,0.09754,0.006944,0.0191,0.1517,2.681e-05,1.117e-05,0.086
   56340,   56400,0.0065553,0.008518,0.02672,3.624e-25,1.873e-05,3.186e-05,0.0003161,1.27e-25,1.792e-05,0.001652,0.001112,2.839e-07,0.09769,0.006968,0.01912,0.152,2.696e-05,1.13e-05,0.086
   56400,   56460,0.0065706,0.00854,0.02677,3.707e-25,1.886e-05,3.202e-05,0.0003177,1.299e-25,1.813e-05,0.001658,0.001116,2.863e-07,0.09784,0.006991,0.01915,0.1522,2.711e-05,1.144e-05,0.086
   56460,   56520,0.0065757,0.00856,0.02682,3.788e-25,1.897e-05,3.217e-05,0.0003191,1.327e-25,1.833e-05,0.001665,0.00112,2.886e-07,0.09798,0.007013,0.01917,0.1524,2.725e-05,1.157e-05,0.086
   56520,   56580,0.0066163,0.008582,0.02687,3.876e-25,1.91e-05,3.233e-05,0.0003207,1.358e-25,1.854e-05,0.001671,0.001124,2.91e-07,0.09812,0.007036,0.01919,0.1526,2.739e-05,1.171e-05,0.086
   56580,   56640,0.006638,0.008603,0.02692,3.967e-25,1.922e-05,3.249e-05,0.0003222,1.39e-25,1.875e-05,0.001678,0.001128,2.934e-07,0.09826,0.007059,0.01921,0.1528,2.754e-05,1.184e-05,0.086
   56640,   56700,0.0066424,0.008623,0.02697,4.056e-25,1.934e-05,3.264e-05,0.0003236,1.421e-25,1.894e-05,0.001684,0.001132,2.957e-07,0.09839,0.00708,0.01923,0.153,2.767e-05,1.197e-05,0.086
   56700,   56760,0.0066532,0.008644,0.02702,4.153e-25,1.946e-05,3.28e-05,0.0003251,1.455e-25,1.916e-05,0.001691,0.001136,2.981e-07,0.09853,0.007103,0.01926,0.1532,2.781e-05,1.211e-05,0.086
   56760,   56820,0.0066452,0.008665,0.02707,4.254e-25,1.958e-05,3.295e-05,0.0003266,1.491e-25,1.937e-05,0.001697,0.00114,3.006e-07,0.09867,0.007125,0.01928,0.1534,2.796e-05,1.225e-05,0.086
   56820,   56880,0.006696,0.008684,0.02712,4.351e-25,1.97e-05,3.31e-05,0.000328,1.525e-25,1.957e-05,0.001703,0.001143,3.028e-07,0.09879,0.007146,0.0193,0.1536,2.809e-05,1.238e-05,0.086
   56880,   56940,0.0067367,0.008704,0.02717,4.458e-25,1.982e-05,3.325e-05,0.0003295,1.563e-25,1.978e-05,0.001709,0.001147,3.052e-07,0.09893,0.007167,0.01932,0.1537,2.823e-05,1.252e-05,0.086
   56940,   57000,0.0067707,0.008724,0.02721,4.568e-25,1.994e-05,3.341e-05,0.0003309,1.602e-25,1.999e-05,0.001716,0.001151,3.076e-07,0.09906,0.007189,0.01934,0.1539,2.837e-05,1.266e-05,0.086
   57000,   57060,0.0068187,0.008743,0.02726,4.676e-25,2.006e-05,3.355e-05,0.0003323,1.64e-25,2.019e-05,0.001722,0.001155,3.099e-07,0.09918,0.007209,0.01936,0.1541,2.85e-05,1.279e-05,0.086
   57060,   57120,0.006839,0.008763,0.02731,4.794e-25,2.018e-05,3.37e-05,0.0003338,1.682e-25,2.04e-05,0.001728,0.001158,3.123e-07,0.09931,0.007231,0.01938,0.1543,2.864e-05,1.293e-05,0.086
   57120,   57180,0.0068643,0.008783,0.02735,4.916e-25,2.029e-05,3.385e-05,0.0003352,1.726e-25,2.062e-05,0.001734,0.001162,3.147e-07,0.09944,0.007252,0.0194,0.1545,2.878e-05,1.308e-05,0.086
   57180,   57240,0.0068843,0.008801,0.0274,5.035e-25,2.041e-05,3.399e-05,0.0003366,1.768e-25,2.082e-05,0.00174,0.001166,3.17e-07,0.09956,0.007272,0.01942,0.1547,2.891e-05,1.321e-05,0.086
   57240,   57300,0.0068848,0.00882,0.02744,5.165e-25,2.053e-05,3.414e-05,0.000338,1.815e-25,2.103e-05,0.001746,0.001169,3.193e-07,0.09968,0.007292,0.01944,0.1548,2.905e-05,1.335e-05,0.086
   57300,   57360,0.0068847,0.008839,0.02749,5.3e-25,2.064e-05,3.429e-05,0.0003394,1.863e-25,2.124e-05,0.001752,0.001173,3.217e-07,0.09981,0.007313,0.01946,0.155,2.918e-05,1.349e-05,0.086
   57360,   57420,0.0069042,0.008857,0.02753,5.432e-25,2.075e-05,3.443e-05,0.0003407,1.91e-25,2.145e-05,0.001757,0.001176,3.24e-07,0.09992,0.007332,0.01948,0.1552,2.931e-05,1.362e-05,0.086
   57420,   57480,0.0069182,0.008876,0.02757,5.577e-25,2.087e-05,3.457e-05,0.0003421,1.962e-25,2.166e-05,0.001763,0.00118,3.263e-07,0.1,0.007353,0.01949,0.1554,2.944e-05,1.377e-05,0.086
   57480,   57540,0.0069475,0.008894,0.02762,5.727e-25,2.099e-05,3.472e-05,0.0003435,2.016e-25,2.187e-05,0.001769,0.001183,3.287e-07,0.1002,0.007373,0.01951,0.1555,2.958e-05,1.391e-05,0.086
   57540,   57600,0.006954,0.008912,0.02766,5.873e-25,2.11e-05,3.485e-05,0.0003448,2.069e-25,2.208e-05,0.001775,0.001187,3.309e-07,0.1003,0.007391,0.01953,0.1557,2.97e-05,1.404e-05,0.086
   57600,   57660,0.0069638,0.00893,0.0277,6.033e-25,2.121e-05,3.5e-05,0.0003462,2.127e-25,2.229e-05,0.001781,0.00119,3.333e-07,0.1004,0.007411,0.01955,0.1559,2.984e-05,1.418e-05,0.086
   57660,   57720,0.0069865,0.008948,0.02774,6.199e-25,2.133e-05,3.514e-05,0.0003476,2.187e-25,2.251e-05,0.001786,0.001194,3.357e-07,0.1005,0.007431,0.01957,0.156,2.997e-05,1.433e-05,0.086
   57720,   57780,0.0070026,0.008965,0.02778,6.362e-25,2.144e-05,3.527e-05,0.0003488,2.247e-25,2.271e-05,0.001792,0.001197,3.379e-07,0.1006,0.007449,0.01958,0.1562,3.009e-05,1.446e-05,0.086
   57780,   57840,0.0070064,0.008982,0.02783,6.538e-25,2.155e-05,3.541e-05,0.0003502,2.311e-25,2.292e-05,0.001798,0.0012,3.402e-07,0.1007,0.007468,0.0196,0.1563,3.022e-05,1.461e-05,0.086
   57840,   57900,0.0070238,0.009,0.02787,6.723e-25,2.166e-05,3.555e-05,0.0003515,2.379e-25,2.314e-05,0.001803,0.001204,3.426e-07,0.1008,0.007487,0.01962,0.1565,3.035e-05,1.475e-05,0.086
   57900,   57960,0.0070355,0.009016,0.0279,6.904e-25,2.177e-05,3.568e-05,0.0003528,2.445e-25,2.334e-05,0.001808,0.001207,3.448e-07,0.1009,0.007505,0.01964,0.1566,3.048e-05,1.488e-05,0.086
   57960,   58020,0.0070472,0.009033,0.02794,7.103e-25,2.188e-05,3.582e-05,0.0003541,2.519e-25,2.356e-05,0.001814,0.00121,3.471e-07,0.1011,0.007524,0.01965,0.1568,3.06e-05,1.503e-05,0.086
   58020,   58080,0.0070822,0.00905,0.02798,7.31e-25,2.199e-05,3.596e-05,0.0003554,2.595e-25,2.377e-05,0.00182,0.001214,3.494e-07,0.1012,0.007543,0.01967,0.157,3.073e-05,1.517e-05,0.086
   58080,   58140,0.0070994,0.009066,0.02802,7.512e-25,2.21e-05,3.609e-05,0.0003566,2.67e-25,2.398e-05,0.001825,0.001217,3.516e-07,0.1013,0.00756,0.01968,0.1571,3.085e-05,1.531e-05,0.086
   58140,   58200,0.0071165,0.009083,0.02806,7.735e-25,2.221e-05,3.622e-05,0.0003579,2.752e-25,2.419e-05,0.00183,0.00122,3.539e-07,0.1014,0.007578,0.0197,0.1572,3.098e-05,1.545e-05,0.086
