CampaignData_and_Merges/R0/CSL_MobileLab_Parked/raw/20240806/USOS-HCHO_MobileLabGround_20240806_R0.ict
35,1001
Huang, Yaoxian
Wayne State University
Picarro G2307 on CSL Mobile Lab
USOS
1,1
2024,08,06,2024,08,09
1.0
Time_Start,seconds_since_midnight,number_of_seconds_since_0000_UTC
3
1.0,1.0,1.0
-9999.0,-9999.0,-9999.0
HCHO,ppbv,Gas_HCHO_InSitu_S_AVMR,volume mixing ratio of formaldehyde in air
H2O,ppmv,Gas_H2O_InSitu_S_AVMR,volume mixing ratio of water vapor in air
CH4,ppmv,Gas_CH4_InSitu_S_AVMR,volume mixing ratio of methane in air
0
18
PI_CONTACT_INFO: yaoxian.huang@wayne.edu
PLATFORM: CSL Mobile Lab, at Ground Site
LOCATION: Salt Lake City, UT
ASSOCIATED_DATA: N/A
INSTRUMENT_INFO: Cavity Ring-Down Spectrometer
DATA_INFO: Data is averaged to 1 minute intervals for stationary and 1 second interval for driving. Stationary data collected from a 20 ft tower on top of the mobile lab.
UNCERTAINTY: N/A
ULOD_FLAG: -7777
ULOD_VALUE: N/A
LLOD_FLAG: -8888
LLOD_VALUE: N/A
DM_CONTACT_INFO: Yaoxian Huang; yaoxian.huang@wayne.edu
PROJECT_INFO: USOS, Summer 2024. https://csl.noaa.gov/groups/csl7/measurements/2024usos/
STIPULATIONS_ON_USE: Users are strongly encouraged to contact the PI for proper data usage.
OTHER_COMMENTS: Data have been shifted backwards by 1 minute to align with USOS MetNav and Picarro GHG data.
REVISION: R0
R0: Final Data
Time_Start,HCHO,H2O,CH4
[from data line 1081]
64860,3.73379,13024.7,1.98518
64920,3.50816,13655.8,1.97785
64980,3.93701,12853.5,1.98312
65040,3.5593,12653.2,1.95559
65100,3.17358,12036.4,1.92198
65160,3.30212,12016.8,1.92127
65220,3.60379,12377.2,1.93787
65280,3.58424,12586.4,1.93739
65340,3.10744,12276.6,1.92047
65400,2.61081,11134.5,1.90795
65460,1.90341,10984.5,1.90412
65520,2.40649,11136.1,1.90263
65580,2.67072,11640.3,1.90347
65640,2.51166,11390.7,1.90357
65700,2.27307,10958.1,1.90323
65760,2.17962,11082.3,1.90391
65820,2.37294,11514.8,1.90262
65880,2.30091,11138.7,1.90551
65940,2.67121,11430.6,1.90273
66000,2.44356,11292.6,1.90155
66060,2.5032,11050.6,1.90219
66120,2.30973,10928.5,1.90184
66180,2.34895,10965.5,1.90277
66240,2.32053,11053.7,1.90374
66300,2.22806,11082.4,1.90301
66360,2.27502,11082.5,1.90165
66420,2.4844,11212.7,1.90313
66480,2.66739,11278.0,1.9034
66540,2.40329,11146.1,1.90224
66600,2.76883,11222.7,1.90322
66660,2.93478,11380.3,1.90376
66720,2.74541,11323.3,1.90321
66780,3.09081,11675.1,1.90337
66840,2.72611,11339.2,1.90229
66900,2.63652,11194.6,1.90492
66960,2.47221,10995.4,1.90328
67020,2.42973,10999.6,1.90236
67080,2.63278,10964.3,1.90303
67140,2.77052,11027.0,1.90145
67200,2.54819,11105.7,1.90329
67260,2.54388,11382.7,1.89955
67320,2.61026,10973.1,1.90343
67380,2.47073,10874.6,1.90268
67440,2.32995,10777.8,1.90379
67500,2.53094,11001.0,1.90466
67560,2.71115,11180.3,1.90507
67620,2.75637,11342.6,1.90437
67680,2.6286,11499.5,1.90336
67740,2.86041,11365.5,1.90154
67800,2.87679,11035.7,1.90585
67860,2.61947,11093.3,1.90337
67920,2.6553,10834.3,1.90503
67980,2.54439,10966.9,1.90025
68040,2.42379,10830.6,1.90404
68100,2.66107,10922.6,1.90482
68160,2.82402,11018.8,1.90397
68220,2.60632,11110.4,1.90349
68280,2.8121,11197.2,1.90543
68340,2.63094,11117.7,1.90379
68400,2.77669,11067.9,1.90222
68460,2.97834,11391.6,1.90038
68520,2.94822,11555.6,1.90472
68580,2.65516,11475.7,1.90264
68640,2.89192,11455.6,1.90448
68700,2.73011,11104.1,1.90205
68760,2.20488,10394.8,1.90308
68820,2.49717,10827.4,1.90368
68880,2.32613,10815.9,1.90286
68940,2.61196,10978.5,1.90223
69000,3.21038,11451.2,1.90427
69060,3.25124,11829.1,1.90421
69120,3.55218,11830.0,1.90782
69180,3.16275,11581.8,1.90671
69240,3.11852,11613.9,1.90746
69300,3.27803,11687.1,1.90787
69360,3.38653,11698.8,1.9073
69420,3.04728,11365.0,1.90571
69480,3.20656,11135.2,1.90679
69540,3.21502,11603.4,1.90323
69600,3.19967,11545.5,1.90427
69660,3.50661,12030.3,1.90576
69720,3.27208,11829.4,1.90354
69780,3.28413,11866.3,1.90464
69840,2.87826,11231.9,1.90476
69900,3.06877,11324.9,1.90608
69960,3.47953,11563.9,1.90551
70020,3.16985,11355.0,1.90441
70080,3.04429,11181.9,1.9046
70140,2.88786,11269.3,1.90533
70200,3.23837,11323.5,1.90345
70260,3.04313,11427.6,1.90344
70320,3.12102,11243.7,1.90563
70380,3.20114,11354.0,1.9048
70440,2.91795,11003.4,1.9054
70500,2.97906,11038.7,1.90377
70560,3.18801,10938.3,1.90316
70620,3.12983,10940.2,1.91006
70680,3.19208,10999.1,1.90754
70740,3.02239,11124.4,1.90391
70800,3.03583,11397.2,1.90462
70860,2.9816,11058.3,1.90514
70920,3.29973,11221.1,1.90711
70980,2.97087,10902.3,1.90756
71040,3.28798,11328.8,1.90454
71100,3.28288,11335.9,1.90398
71160,3.18013,11008.0,1.90553
71220,2.92181,10760.9,1.90475
71280,3.25411,11057.7,1.90281
71340,3.13213,10800.9,1.90504
71400,2.86251,10682.6,1.90391
71460,3.04638,10617.6,1.90398
71520,2.58824,10545.3,1.90201
71580,2.54916,10643.0,1.90327
71640,2.71009,10466.5,1.90414
71700,2.76244,10648.0,1.90423
71760,3.01742,10895.0,1.9034
71820,3.1367,10932.0,1.90375
71880,2.93089,11051.9,1.90293
71940,3.24305,11119.0,1.9044
72000,3.02262,10804.8,1.9032
72060,3.27332,10649.3,1.90453
72120,3.00724,10872.6,1.90518
72180,3.30797,11198.1,1.90288
72240,2.77623,10614.8,1.90422
72300,2.97984,11228.7,1.90313
72360,3.38951,11554.7,1.90163
72420,3.29851,11481.7,1.90317
72480,2.90523,10761.5,1.90499
72540,3.09262,11108.3,1.90265
72600,3.07112,10992.0,1.9041
72660,2.91777,10687.6,1.90469
72720,2.87306,10824.5,1.90492
72780,3.05726,11113.9,1.90405
72840,3.02307,10686.2,1.90599
72900,3.40226,10839.3,1.90392
72960,3.15608,11333.9,1.90232
73020,3.35194,11741.4,1.89972
73080,3.17476,11352.3,1.90126
73140,2.93143,10914.3,1.90501
73200,2.95149,10759.4,1.90653
73260,3.256,11026.6,1.90363
73320,3.36113,11007.7,1.90268
73380,3.1283,10753.6,1.90394
73440,2.9496,10555.1,1.90359
73500,2.90149,10687.7,1.90419
73560,3.30292,10799.4,1.90443
73620,2.89008,10599.6,1.90379
73680,3.17063,10678.4,1.90409
73740,3.51714,11397.5,1.90186
73800,3.19644,12837.7,1.89736
73860,3.5229,12290.9,1.90018
73920,3.45195,12629.1,1.89949
73980,3.45703,12147.6,1.89995
74040,3.64059,12489.6,1.9014
74100,3.42846,11335.3,1.90341
74160,3.16569,10903.3,1.90365
74220,3.41375,10983.6,1.903
74280,3.57656,11386.6,1.90309
74340,3.63114,11542.3,1.90262
74400,3.32739,11160.7,1.90566
74460,3.44301,10963.4,1.90268
74520,3.3172,10935.4,1.90275
74580,3.42076,11081.6,1.90441
74640,3.42402,11011.7,1.90617
74700,3.26701,11143.3,1.90354
74760,3.461,11272.6,1.90481
74820,3.39025,11257.7,1.9038
74880,3.70544,11185.1,1.90631
74940,3.51352,11319.8,1.90718
75000,3.54271,11092.6,1.90718
75060,3.3445,10968.3,1.90665
75120,3.45278,11023.4,1.90382
75180,3.45546,11404.6,1.90315
75240,3.50134,11504.3,1.90491
75300,3.16284,10817.5,1.90608
75360,3.77785,11585.8,1.90194
75420,3.17518,10909.8,1.90506
75480,3.36266,10919.0,1.90678
75540,3.18532,11048.1,1.90246
75600,3.31204,11134.9,1.90388
75660,3.15269,11032.3,1.9041
75720,3.15319,11106.3,1.90491
75780,3.32962,10839.7,1.90491
75840,3.444,10970.9,1.90249
75900,3.45351,11771.2,1.8998
75960,3.59248,12476.2,1.90049
76020,3.53473,10885.6,1.9047
76080,3.03882,10667.3,1.90336
76140,3.15419,10656.7,1.90521
76200,3.46456,11216.5,1.90377
76260,3.60779,11173.5,1.9054
76320,3.53766,11197.7,1.90478
76380,3.7162,11267.8,1.90691
76440,3.67458,11390.3,1.90406
76500,3.45967,10976.7,1.90521
76560,3.4949,11120.7,1.9051
76620,3.70188,11464.4,1.90555
76680,3.20238,11205.8,1.90523
76740,3.59858,11067.5,1.90539
76800,3.44487,10921.9,1.90378
76860,3.34324,10990.4,1.90331
76920,3.69341,11819.1,1.90185
76980,3.60902,12005.8,1.90128
77040,3.54917,11410.2,1.90407
77100,3.4931,13681.3,1.89786
77160,3.70105,11893.9,1.90165
77220,3.67276,12280.0,1.90266
77280,3.55329,11650.7,1.90109
77340,3.81169,11576.1,1.90486
77400,3.65331,11642.2,1.90334
77460,3.90645,11671.1,1.90442
77520,3.5571,10970.5,1.90242
77580,3.3522,10859.4,1.90503
77640,3.42877,11149.4,1.90414
77700,3.6752,11215.3,1.90251
77760,3.82623,11487.3,1.90801
77820,3.64821,11368.7,1.90721
77880,3.73408,11309.3,1.90841
77940,3.55102,11139.9,1.90682
78000,3.88468,11221.1,1.91012
78060,4.08268,12052.7,1.9055
78120,4.21648,12618.3,1.91162
78180,4.37851,12021.2,1.91298
78240,4.2577,11927.4,1.91052
78300,4.5031,12082.7,1.90869
78360,4.4381,12140.8,1.9103
78420,4.51785,12165.6,1.90888
78480,4.15718,12495.0,1.9082
78540,4.2527,12455.7,1.91003
78600,4.5123,12592.3,1.91095
78660,4.4989,12514.5,1.91082
78720,4.44205,12692.2,1.91342
78780,4.20436,12119.2,1.91185
78840,4.21827,11965.4,1.91246
78900,4.14401,12303.1,1.91204
78960,4.49291,12751.6,1.91219
79020,4.56029,13004.7,1.91516
79080,4.616,12104.5,1.91637
79140,4.62652,11836.8,1.91936
79200,4.38015,12183.3,1.92101
79260,4.69038,13461.9,1.91868
79320,4.58819,13145.2,1.91767
79380,4.07931,12380.8,1.91664
79440,4.16559,11904.3,1.91581
79500,3.96319,11916.6,1.91927
79560,4.24038,12377.9,1.91955
79620,4.47061,12477.5,1.92083
79680,4.26843,12598.6,1.91978
79740,4.18619,12497.7,1.91994
79800,4.21543,12594.7,1.92273
79860,3.93291,12525.7,1.92161
79920,4.04153,12547.0,1.9212
79980,4.0285,12791.4,1.92317
80040,4.08187,12974.1,1.92486
80100,4.30248,12927.1,1.92353
80160,3.96978,12520.3,1.92325
80220,4.12466,12859.6,1.92269
80280,4.13342,13306.2,1.91903
80340,3.91122,12982.6,1.92049
80400,4.03209,13278.6,1.91816
80460,3.99258,12946.7,1.91754
80520,3.84671,12099.3,1.91793
80580,3.63273,12086.3,1.9185
80640,3.70353,12239.0,1.92172
80700,4.0063,12691.8,1.92003
80760,4.07524,12356.9,1.91921
80820,4.12449,13012.2,1.91724
80880,3.94854,12840.1,1.91927
80940,4.03038,12776.8,1.92176
81000,4.00542,13155.0,1.92609
81060,3.94106,12774.1,1.93122
81120,3.93843,12865.0,1.92981
81180,4.19039,13447.2,1.9257
81240,4.14664,13482.2,1.92437
81300,3.96251,12987.5,1.92618
81360,3.93948,13004.3,1.92357
81420,3.89816,12940.1,1.9221
81480,3.73064,12661.6,1.9217
81540,3.99902,13068.4,1.9226
81600,4.09345,13230.5,1.92483
81660,3.90524,12651.4,1.93086
81720,4.00321,12618.0,1.92963
81780,4.03075,12660.6,1.92811
81840,3.99046,12854.4,1.92831
81900,4.14314,13155.8,1.92807
81960,4.08464,13238.5,1.92922
82020,4.38001,13692.0,1.92589
82080,3.98208,12964.9,1.92499
82140,3.98112,12688.4,1.92667
82200,3.77834,12836.7,1.92472
82260,3.9784,12767.4,1.92309
82320,4.04966,13188.6,1.92393
82380,3.9836,12904.9,1.92314
82440,3.86939,12653.7,1.92205
82500,3.3618,12104.5,1.91909
82560,3.57101,12315.4,1.91818
82620,3.34469,12436.3,1.92033
82680,3.28638,12287.3,1.91849
82740,3.62443,12762.9,1.92054
82800,3.22415,12061.7,1.91759
82860,3.07194,12025.1,1.91894
82920,3.19868,12308.1,1.91782
82980,3.5574,12459.5,1.91573
83040,3.27808,12432.1,1.91959
83100,3.29932,12247.5,1.91863
83160,3.03943,11937.7,1.91772
83220,3.52289,12244.5,1.91767
83280,3.28839,12302.7,1.91737
83340,3.15057,12084.2,1.91593
83400,3.09397,11963.9,1.91532
83460,3.14609,12171.2,1.91797
83520,3.13545,11846.0,1.91673
83580,3.20939,11858.0,1.92019
83640,3.34142,11864.0,1.92151
83700,3.40397,12256.9,1.91816
83760,3.24944,12219.2,1.91994
83820,3.31798,12398.1,1.91859
83880,3.2046,12236.5,1.9175
83940,2.79772,12077.7,1.91756
84000,3.02898,12145.2,1.91657
84060,3.15916,11597.6,1.91927
84120,3.15401,11946.8,1.92054
84180,3.32643,11934.3,1.92086
84240,3.23383,12251.9,1.92141
84300,3.13664,12167.2,1.92345
84360,3.2398,12115.9,1.92071
84420,2.9042,11715.2,1.92013
84480,2.78559,12164.7,1.91823
84540,3.2416,12038.9,1.92084
84600,3.06855,11973.6,1.91837
84660,3.10737,11421.9,1.91797
84720,3.24615,11909.5,1.91769
84780,3.21725,12055.5,1.91604
84840,2.89586,11466.2,1.91591
84900,3.12221,12056.6,1.91549
84960,2.86999,11781.7,1.91499
85020,2.78458,11956.0,1.9149
85080,3.06054,12098.1,1.91524
85140,2.85005,12302.1,1.91595
85200,2.83893,12192.5,1.91791
85260,2.91453,12047.2,1.91872
85320,2.97073,11890.2,1.91912
85380,2.42568,11643.9,1.91662
85440,2.62353,11641.3,1.91837
85500,2.87942,11894.7,1.91338
85560,2.8444,12243.3,1.91087
85620,2.80138,11951.1,1.91327
85680,2.47705,11538.2,1.91429
85740,2.75072,11984.9,1.91369
85800,2.54069,11665.5,1.9146
85860,2.56309,11708.7,1.91479
85920,2.57576,11846.1,1.91156
85980,2.71359,12059.7,1.91378
86040,2.4335,11771.9,1.91518
86100,2.51169,11753.1,1.91439
86160,2.68164,11770.6,1.91661
86220,2.55135,11777.8,1.91549
86280,2.7209,12082.0,1.91606
86340,-9999.0,-9999.0,-9999.0
