CampaignData_and_Merges/R0/CSL_MobileLab_Parked/raw/20240806/USOS-NOAAIodideCIMS-Halogens_MobileLabGround_20240806_RA.ict
38, 1001
Michael A Robinson, Chris Jernigan, Subi Thakali
NOAA ESRL Chemical Sciences Laboratory and CIRES, U. of Colorado
NOAA Iodide CIMS Instrument
USOS
1, 1
2024, 08, 06, 2024, 08, 06
1
starttime_UTC, seconds_past_midnight, seconds_of_day_since_00:00:00_UTC
6
1, 1, 1, 1, 1, 1
-9999, -9999, -9999, -9999, -9999, -9999
Br2_NOAACIMS, pptv, Gas_Br2_InSitu_S_AVMR, 
BrO_NOAACIMS, pptv, Gas_BrO_InSitu_S_AVMR, 
Cl2_NOAACIMS, pptv, Gas_Cl2_InSitu_S_AVMR, 
ClNO2_NOAACIMS, pptv, Gas_ClNO2_InSitu_S_AVMR, 
BrCl_NOAACIMS, pptv, Gas_BrCl_InSitu_S_AVMR, 
NCl3_NOAACIMS, pptv, Gas_NCl3_InSitu_S_AVMR, 
0
18
PI_CONTACT_INFO: 325 Broadway, R/CSD 7, Boulder, Colorado 80305; michael.a.robinson@noaa.gov; chris.jernigan@noaa.gov;
PLATFORM: NOAA CSL Mobile Lab
LOCATION: SLC, Utah
ASSOCIATED_DATA: 1Hz data also available on request.
INSTRUMENT_INFO: NOAA I- ToF CIMS
DATA_INFO: All data in parts per trillion by volume (pptv). 1 Hz data is available upon request.
UNCERTAINTY: TBD
ULOD_FLAG: -7777
ULOD_VALUE: N/A
LLOD_FLAG: -8888
LLOD_VALUE: N/A
DM_CONTACT_INFO: Nathan Howard; nathan.h.howard@noaa.gov
PROJECT_INFO: USOS, summer 2024. https://csl.noaa.gov/groups/csl7/measurements/2024usos/
STIPULATIONS_ON_USE: Users are strongly encouraged to contact the PI for proper data usage.
OTHER_COMMENTS: 
REVISION: RA
RA: Preliminary Data; For in-field use only
starttime_UTC, Br2_NOAACIMS, BrO_NOAACIMS, Cl2_NOAACIMS, ClNO2_NOAACIMS, BrCl_NOAACIMS, NCl3_NOAACIMS
     0, -9999.000, -9999.000, -9999.000, -9999.000, -9999.000, -9999.000
    60, -9999.000, -9999.000, -9999.000, -9999.000, -9999.000, -9999.000
   120, -9999.000, -9999.000, -9999.000, -9999.000, -9999.000, -9999.000
   180, -9999.000, -9999.000, -9999.000, -9999.000, -9999.000, -9999.000
   240, -9999.000, -9999.000, -9999.000, -9999.000, -9999.000, -9999.000
   300, -9999.000, -9999.000, -9999.000, -9999.000, -9999.000, -9999.000
   360, -9999.000, -9999.000, -9999.000, -9999.000, -9999.000, -9999.000
   420, -9999.000, -9999.000, -9999.000, -9999.000, -9999.000, -9999.000
   480, -9999.000, -9999.000, -9999.000, -9999.000, -9999.000, -9999.000
   540, -9999.000, -9999.000, -9999.000, -9999.000, -9999.000, -9999.000
   600, -9999.000, -9999.000, -9999.000, -9999.000, -9999.000, -9999.000
   660, -9999.000, -9999.000, -9999.000, -9999.000, -9999.000, -9999.000
   720, -9999.000, -9999.000, -9999.000, -9999.000, -9999.000, -9999.000
   780, -9999.000, -9999.000, -9999.000, -9999.000, -9999.000, -9999.000
   840, -9999.000, -9999.000, -9999.000, -9999.000, -9999.000, -9999.000
   900, -9999.000, -9999.000, -9999.000, -9999.000, -9999.000, -9999.000
   960,  1.514,  0.356,  0.612,  0.106,  2.060,  0.876
  1020,  1.928, -9999.000,  0.517,  0.050,  1.899,  0.677
  1080,  1.718, -9999.000,  0.542,  0.057,  1.480,  0.343
  1140,  1.701, -9999.000,  0.494,  0.077,  1.077,  0.394
  1200,  1.276, -9999.000,  0.508,  0.050,  0.760,  0.364
  1260,  1.251, -9999.000,  0.604,  0.044,  0.680,  0.178
  1320,  1.226, -9999.000,  0.542,  0.075,  0.612,  0.274
  1380,  1.221, -9999.000,  0.646,  0.074,  0.469,  0.173
  1440,  1.065, -9999.000,  0.512,  0.059,  0.407,  0.178
  1500,  1.303, -9999.000,  0.520,  0.064,  0.362,  0.191
  1560,  0.971, -9999.000,  0.321,  0.047,  0.261,  0.102
  1620,  0.862, -9999.000,  0.341,  0.032,  0.220,  0.087
  1680,  0.780, -9999.000,  0.315,  0.029,  0.208,  0.073
  1740,  0.956, -9999.000,  0.324,  0.073,  0.241,  0.065
  1800,  1.021, -9999.000,  0.367,  0.063,  0.250,  0.020
  1860,  1.173, -9999.000,  0.452,  0.052,  0.293,  0.190
  1920,  1.003, -9999.000,  0.460,  0.014,  0.181,  0.086
  1980,  0.921, -9999.000,  0.498,  0.033,  0.154,  0.076
  2040,  1.237, -9999.000,  0.489,  0.077,  0.206,  0.108
  2100, -9999.000, -9999.000, -9999.000, -9999.000, -9999.000, -9999.000
  2160,  0.815, -9999.000,  0.453,  0.061,  0.041,  0.024
  2220,  0.874, -9999.000,  0.354,  0.071,  0.071, -0.032
  2280,  0.804, -9999.000,  0.594,  0.057,  0.139,  0.092
  2340,  0.741, -9999.000,  0.535,  0.081,  0.152,  0.024
  2400,  0.844, -9999.000,  0.458,  0.041,  0.069,  0.132
  2460,  0.867, -9999.000,  0.479,  0.038,  0.084, -0.044
  2520,  0.678, -9999.000,  0.450,  0.059,  0.070,  0.161
  2580,  0.791, -9999.000,  0.536,  0.051,  0.088,  0.117
  2640,  0.707, -9999.000,  0.638,  0.046,  0.142,  0.038
  2700,  0.720, -9999.000,  0.653,  0.073,  0.080,  0.069
  2760,  0.671, -9999.000,  0.730,  0.057,  0.029,  0.020
  2820,  0.689, -9999.000,  0.727,  0.096,  0.179,  0.085
  2880,  0.866, -9999.000,  0.792,  0.091,  0.108,  0.227
  2940,  0.725, -9999.000,  0.597,  0.067,  0.106,  0.134
  3000,  0.761, -9999.000,  0.594,  0.095,  0.134,  0.102
  3060,  0.909, -9999.000,  0.647,  0.090,  0.203,  0.105
  3120,  0.858, -9999.000,  0.677,  0.077,  0.094,  0.120
  3180,  0.449, -9999.000,  0.518,  0.045,  0.033, -0.004
  3240,  0.708, -9999.000,  0.701,  0.071,  0.071,  0.173
  3300,  0.401, -9999.000,  0.629,  0.081,  0.161,  0.044
  3360,  0.721, -9999.000,  0.631,  0.057,  0.204, -0.004
  3420,  0.791, -9999.000,  0.582,  0.104,  0.174,  0.095
  3480,  0.757, -9999.000,  0.535,  0.071,  0.166,  0.118
  3540,  0.890, -9999.000,  0.560,  0.057,  0.175,  0.168
  3600,  0.910, -9999.000,  0.544,  0.058,  0.094,  0.169
  3660,  0.812, -9999.000,  0.629,  0.080,  0.066,  0.045
  3720,  0.182, -9999.000,  0.468,  0.065, -0.072, -0.137
  3780,  0.747, -9999.000,  0.516,  0.082,  0.045,  0.188
  3840,  0.882, -9999.000,  0.378,  0.091,  0.080,  0.023
  3900,  0.666, -9999.000,  0.498,  0.060,  0.048,  0.049
  3960, -9999.000, -9999.000, -9999.000, -9999.000, -9999.000, -9999.000
  4020,  0.626, -9999.000,  0.622,  0.129,  0.071,  0.057
  4080,  0.387, -9999.000,  0.516,  0.064, -0.056,  0.078
  4140,  0.314, -9999.000,  0.566,  0.071, -0.047, -0.079
  4200,  0.119, -9999.000,  0.519,  0.062, -0.054, -0.110
  4260,  0.737, -9999.000,  0.681,  0.085,  0.059,  0.074
  4320,  0.735, -9999.000,  0.722,  0.081,  0.012,  0.041
  4380,  0.782, -9999.000,  0.557,  0.096,  0.086,  0.037
  4440,  0.679, -9999.000,  0.603,  0.052,  0.096,  0.145
  4500,  0.648, -9999.000,  0.626,  0.090,  0.105,  0.168
  4560,  0.723, -9999.000,  0.649,  0.056,  0.038,  0.208
  4620,  0.330, -9999.000,  0.598,  0.081, -0.017, -0.000
  4680,  0.620, -9999.000,  0.574,  0.078,  0.073,  0.104
  4740,  0.701, -9999.000,  0.600,  0.110,  0.035,  0.109
  4800,  0.642, -9999.000,  0.574,  0.142,  0.024,  0.150
  4860,  0.567, -9999.000,  0.677,  0.110,  0.079,  0.049
  4920,  0.362, -9999.000,  0.541,  0.053,  0.017,  0.051
  4980,  0.370, -9999.000,  0.599,  0.092,  0.026,  0.117
  5040,  0.737, -9999.000,  0.523,  0.134,  0.024,  0.045
  5100,  0.357, -9999.000,  0.511,  0.103,  0.037,  0.052
  5160,  0.604, -9999.000,  0.574,  0.090, -0.043,  0.103
  5220,  0.461, -9999.000,  0.536,  0.125,  0.077,  0.087
  5280,  0.620, -9999.000,  0.634,  0.092,  0.143,  0.094
  5340,  0.805, -9999.000,  0.650,  0.087,  0.089,  0.091
  5400,  0.632, -9999.000,  0.574,  0.100,  0.069,  0.083
  5460,  0.452, -9999.000,  0.667,  0.115,  0.089,  0.077
  5520,  0.479, -9999.000,  0.616,  0.082, -0.006,  0.140
  5580,  0.483, -9999.000,  0.694,  0.088,  0.175,  0.159
  5640,  0.372, -9999.000,  0.598,  0.100,  0.035,  0.080
  5700,  0.547, -9999.000,  0.581,  0.083, -0.010,  0.092
  5760,  0.516, -9999.000,  0.652,  0.093,  0.004,  0.141
  5820, -9999.000, -9999.000, -9999.000, -9999.000, -9999.000, -9999.000
  5880,  0.490, -0.022,  0.662,  0.061,  0.115,  0.138
  5940,  0.553,  0.032,  0.666,  0.091,  0.070,  0.172
  6000,  0.609,  0.027,  0.520,  0.093,  0.066,  0.205
  6060,  0.347, -0.011,  0.521,  0.097,  0.045,  0.088
  6120,  0.592,  0.029,  0.614,  0.084,  0.063,  0.117
  6180,  0.572, -0.031,  0.479,  0.071,  0.038,  0.121
  6240,  0.568,  0.053,  0.428,  0.082,  0.057,  0.090
  6300,  0.453, -0.062,  0.631,  0.098,  0.126,  0.209
  6360,  0.686,  0.079,  0.885,  0.169,  0.111,  0.067
  6420,  0.712,  0.073,  0.990,  0.137,  0.172,  0.151
  6480,  0.663,  0.057,  0.932,  0.143,  0.145,  0.066
  6540,  0.706, -0.043,  0.607,  0.117,  0.166,  0.175
  6600,  0.744,  0.051,  0.552,  0.097,  0.100,  0.035
  6660,  0.435,  0.023,  0.533,  0.082,  0.112,  0.054
  6720,  0.727,  0.019,  0.626,  0.108,  0.135,  0.097
  6780,  0.734,  0.016,  0.580,  0.135,  0.114,  0.050
  6840,  0.728,  0.024,  0.566,  0.130,  0.125,  0.060
  6900,  0.773, -0.036,  0.612,  0.171,  0.124,  0.236
  6960,  0.665, -0.066,  0.641,  0.129,  0.205,  0.187
  7020,  0.763, -0.022,  0.534,  0.093,  0.155,  0.114
  7080,  0.733,  0.048,  0.627,  0.137,  0.163,  0.106
  7140,  0.945, -0.003,  0.534,  0.099,  0.133,  0.059
  7200,  0.901, -0.004,  0.500,  0.091,  0.177,  0.031
  7260,  0.883, -0.040,  0.565,  0.069,  0.204,  0.035
  7320,  0.849, -0.085,  0.531,  0.091,  0.210, -0.038
  7380,  1.040, -0.024,  0.702,  0.035,  0.284,  0.159
  7440,  0.895, -0.013,  0.632,  0.099,  0.203,  0.087
  7500,  0.954,  0.036,  0.684,  0.080,  0.143,  0.540
  7560,  0.678,  0.014,  0.571,  0.057,  0.176,  0.095
  7620,  0.818,  0.025,  0.582,  0.094,  0.212,  0.286
  7680,  0.822, -0.044,  0.497,  0.129,  0.166,  0.002
  7740,  1.029, -0.076,  0.506,  0.065,  0.182,  0.206
  7800,  0.853,  0.009,  0.715,  0.077,  0.189,  0.124
  7860,  0.755, -0.038,  0.643,  0.101,  0.187,  0.178
  7920,  0.842,  0.022,  0.662,  0.064,  0.228,  0.304
  7980,  0.965, -0.045,  0.806,  0.061,  0.182,  0.291
  8040,  0.907, -0.039,  0.722,  0.101,  0.234,  0.289
  8100,  0.585, -0.065,  0.720,  0.057,  0.155,  0.270
  8160,  0.754, -0.051,  0.794,  0.101,  0.198,  0.357
  8220,  0.853,  0.094,  0.733,  0.060,  0.194,  0.329
  8280,  0.949, -0.024,  0.602,  0.062,  0.182,  0.279
  8340,  0.925,  0.059,  0.658,  0.058,  0.164,  0.420
  8400,  0.683, -0.025,  0.625,  0.068,  0.166,  0.272
  8460,  0.597, -0.029,  0.421,  0.060,  0.095,  0.400
  8520,  0.844,  0.010,  0.520,  0.039,  0.124,  0.424
  8580,  0.763,  0.094,  0.578,  0.103,  0.132,  0.415
  8640,  0.793,  0.026,  0.569,  0.058,  0.132,  0.590
  8700,  0.915, -0.009,  0.535,  0.052,  0.194,  0.613
  8760,  0.785,  0.034,  0.666,  0.049,  0.120,  0.572
  8820,  0.925,  0.031,  0.635,  0.070,  0.182,  0.626
  8880,  0.702,  0.046,  0.724,  0.053,  0.169,  0.587
  8940,  0.917,  0.052,  0.689,  0.041,  0.152,  0.623
  9000,  0.805,  0.140,  0.586,  0.066,  0.142,  0.495
  9060,  0.651, -0.033,  0.614,  0.032,  0.122,  0.420
  9120,  0.853,  0.100,  0.696,  0.037,  0.150,  0.750
  9180,  0.811,  0.107,  0.520,  0.050,  0.128,  0.636
  9240,  0.802,  0.058,  0.575,  0.041,  0.159,  0.716
  9300,  0.665,  0.098,  0.711,  0.046,  0.103,  0.560
  9360,  0.840,  0.081,  0.653,  0.050,  0.148,  0.602
  9420,  0.829,  0.089,  0.651,  0.060,  0.156,  0.556
  9480,  0.510,  0.007,  0.296,  0.055,  0.050,  0.908
  9540,  0.918, -0.026,  0.612,  0.047,  0.037,  0.554
  9600,  0.809,  0.053,  0.650,  0.046,  0.143,  0.752
  9660,  0.660,  0.064,  0.566,  0.039,  0.101,  0.675
  9720,  0.814,  0.100,  0.583,  0.042,  0.123,  0.811
  9780,  0.848,  0.033,  0.492,  0.041,  0.122,  0.770
  9840,  0.491,  0.043,  0.413,  0.022,  0.046,  0.589
  9900,  0.752,  0.030,  0.559,  0.061,  0.189,  0.820
  9960,  0.792,  0.090,  0.510,  0.040,  0.117,  0.730
 10020,  0.670,  0.065,  0.583,  0.036,  0.113,  0.767
 10080,  0.800,  0.043,  0.482,  0.067,  0.155,  0.870
 10140,  0.893,  0.060,  0.612,  0.038,  0.085,  0.916
 10200,  0.690,  0.057,  0.518,  0.057,  0.108,  0.894
 10260,  0.739, -0.008,  0.517,  0.055,  0.134,  0.921
 10320,  0.675,  0.015,  0.531,  0.058,  0.109,  0.966
 10380,  0.719, -9999.000,  0.558,  0.072,  0.105,  1.063
 10440,  0.800, -9999.000,  0.445,  0.080,  0.057,  0.808
 10500,  0.806, -9999.000,  0.461,  0.046,  0.134,  1.025
 10560,  0.679, -9999.000,  0.462,  0.037,  0.116,  0.859
 10620,  0.703, -9999.000,  0.551,  0.050,  0.165,  0.905
 10680,  0.756, -9999.000,  0.490,  0.034,  0.141,  1.157
 10740,  0.812, -9999.000,  0.480,  0.042,  0.158,  1.219
 10800,  0.726, -9999.000,  0.493,  0.065,  0.128,  1.018
 10860,  0.574, -9999.000,  0.449,  0.033,  0.080,  0.979
 10920,  0.840, -9999.000,  0.445,  0.053,  0.122,  1.016
 10980,  0.800, -9999.000,  0.473,  0.053,  0.145,  1.124
 11040,  0.722, -9999.000,  0.411,  0.098,  0.147,  1.103
 11100,  0.739, -9999.000,  0.437,  0.059,  0.148,  0.938
 11160,  0.805, -9999.000,  0.487,  0.062,  0.164,  1.127
 11220,  0.693, -9999.000,  0.485,  0.046,  0.166,  0.962
 11280,  0.743, -9999.000,  0.471,  0.066,  0.105,  0.975
 11340,  0.707, -9999.000,  0.410,  0.034,  0.187,  0.800
 11400,  0.677, -9999.000,  0.412,  0.058,  0.061,  0.957
 11460,  0.782, -9999.000,  0.405,  0.065,  0.171,  0.912
 11520,  0.656, -9999.000,  0.570,  0.066,  0.148,  1.051
 11580,  0.915, -9999.000,  0.453,  0.090,  0.135,  0.872
 11640,  0.637, -9999.000,  0.429,  0.056,  0.071,  0.941
 11700,  0.813, -9999.000,  0.482,  0.059,  0.113,  1.041
 11760,  0.759, -9999.000,  0.474,  0.075,  0.102,  1.234
 11820,  0.833, -9999.000,  0.454,  0.091,  0.120,  1.319
 11880,  0.837, -9999.000,  0.408,  0.065,  0.098,  1.368
 11940,  0.782, -9999.000,  0.440,  0.079,  0.110,  1.340
 12000,  0.793, -9999.000,  0.524,  0.090,  0.122,  1.354
 12060,  0.765, -9999.000,  0.456,  0.068,  0.110,  1.525
 12120,  0.668, -9999.000,  0.465,  0.089,  0.134,  1.467
 12180,  0.783, -9999.000,  0.387,  0.095,  0.093,  1.456
 12240,  0.682, -9999.000,  0.529,  0.091,  0.111,  1.558
 12300,  0.710, -9999.000,  0.556,  0.079,  0.183,  1.280
 12360,  0.794, -9999.000,  0.418,  0.051,  0.077,  1.081
 12420,  0.792, -9999.000,  0.589,  0.091,  0.148,  1.583
 12480,  0.650, -9999.000,  0.574,  0.081,  0.183,  1.363
 12540,  0.708, -9999.000,  0.547,  0.057,  0.127,  1.629
 12600,  0.797, -9999.000,  0.579,  0.093,  0.078,  1.494
 12660,  0.300, -9999.000,  0.476,  0.047,  0.028,  0.965
 12720,  0.743, -9999.000,  0.542,  0.078,  0.114,  1.957
 12780,  0.776, -9999.000,  0.580,  0.083,  0.139,  1.754
 12840,  0.752, -9999.000,  0.566,  0.104,  0.039,  1.576
 12900,  0.557, -9999.000,  0.411,  0.076,  0.008,  1.499
 12960,  0.680, -9999.000,  0.564,  0.095,  0.077,  1.621
 13020,  0.531, -9999.000,  0.613,  0.081,  0.008,  1.654
 13080,  0.688, -9999.000,  0.611,  0.091,  0.140,  1.717
 13140,  0.637, -9999.000,  0.740,  0.088,  0.266,  2.601
 13200, -9999.000, -9999.000, -9999.000, -9999.000, -9999.000, -9999.000
 13260,  0.864, -9999.000,  0.763,  0.111,  0.154,  1.934
 13320,  0.681, -9999.000,  0.646,  0.094,  0.075,  1.940
 13380,  0.658, -9999.000,  0.680,  0.115,  0.071,  1.920
 13440,  0.773, -9999.000,  0.650,  0.106,  0.172,  1.964
 13500,  0.777, -9999.000,  0.659,  0.107,  0.147,  2.247
 13560,  0.764, -9999.000,  0.626,  0.085,  0.159,  2.271
 13620,  0.717, -9999.000,  0.619,  0.089,  0.138,  2.126
 13680,  0.677, -9999.000,  0.575,  0.085,  0.109,  2.069
 13740,  0.792, -9999.000,  0.630,  0.077,  0.111,  1.962
 13800,  0.780, -9999.000,  0.513,  0.076,  0.064,  2.112
 13860,  0.765, -9999.000,  0.600,  0.073,  0.097,  2.418
 13920,  0.733, -9999.000,  0.652,  0.083,  0.154,  2.430
 13980,  0.732, -9999.000,  0.708,  0.043,  0.139,  2.336
 14040,  0.731, -9999.000,  0.723,  0.077,  0.201,  2.561
 14100,  0.782, -9999.000,  0.590,  0.048,  0.103,  2.168
 14160,  0.767, -9999.000,  0.601,  0.103,  0.162,  1.934
 14220,  0.843, -9999.000,  0.732,  0.057,  0.216,  2.145
 14280,  0.805, -9999.000,  0.663,  0.101,  0.169,  2.190
 14340,  0.767, -9999.000,  0.688,  0.098,  0.142,  2.086
 14400,  0.882, -9999.000,  0.638,  0.075,  0.173,  1.956
 14460,  0.806, -9999.000,  0.609,  0.058,  0.176,  1.796
 14520,  0.958, -9999.000,  0.628,  0.051,  0.176,  1.513
 14580,  0.820, -9999.000,  0.506,  0.089,  0.186,  1.343
 14640,  0.769, -9999.000,  0.601,  0.045,  0.156,  1.671
 14700,  0.980, -9999.000,  0.624,  0.025,  0.142,  1.705
 14760,  0.707, -9999.000,  0.636,  0.065,  0.181,  1.592
 14820,  0.965, -9999.000,  0.619,  0.049,  0.168,  2.055
 14880,  0.800, -9999.000,  0.779,  0.051,  0.182,  1.923
 14940,  0.863, -9999.000,  0.733,  0.027,  0.178,  1.720
 15000,  0.825, -9999.000,  0.578,  0.041,  0.127,  2.123
 15060, -9999.000, -9999.000, -9999.000, -9999.000, -9999.000, -9999.000
 15120,  0.883, -9999.000,  0.591,  0.076,  0.197,  2.197
 15180,  0.794, -9999.000,  0.678,  0.069,  0.149,  1.986
 15240,  0.873, -9999.000,  0.677,  0.052,  0.170,  1.843
 15300,  0.813, -9999.000,  0.662,  0.083,  0.177,  1.921
 15360,  0.846, -9999.000,  0.602,  0.088,  0.181,  1.604
 15420,  0.877, -9999.000,  0.432,  0.055,  0.170,  1.114
 15480,  0.851, -9999.000,  0.510,  0.052,  0.156,  1.260
 15540,  0.909, -9999.000,  0.414,  0.060,  0.175,  1.049
 15600,  0.891, -9999.000,  0.496,  0.040,  0.128,  0.990
 15660,  0.874, -9999.000,  0.488,  0.067,  0.172,  1.094
 15720,  0.945, -9999.000,  0.524,  0.058,  0.147,  1.080
 15780,  0.850, -9999.000,  0.470,  0.026,  0.165,  1.237
 15840,  0.958, -9999.000,  0.464,  0.062,  0.151,  1.096
 15900,  0.840, -9999.000,  0.472,  0.041,  0.172,  1.517
 15960,  1.029, -9999.000,  0.448,  0.067,  0.183,  1.311
 16020,  0.868, -9999.000,  0.435,  0.064,  0.210,  0.936
 16080,  1.062, -9999.000,  0.542,  0.048,  0.154,  1.108
 16140,  0.850, -9999.000,  0.439,  0.037,  0.208,  0.978
 16200,  0.930, -9999.000,  0.488,  0.076,  0.148,  0.897
 16260,  1.000, -9999.000,  0.468,  0.021,  0.160,  0.940
 16320,  1.049, -9999.000,  0.487,  0.051,  0.155,  0.858
 16380,  0.955, -9999.000,  0.444,  0.063,  0.196,  0.878
