CampaignData_and_Merges/R0/CSL_MobileLab_Parked/raw/20240806/USOS-NOAAIodideCIMS-PANs_MobileLabGround_20240806_RA.ict
35, 1001
Michael A Robinson, Chris Jernigan, Subi Thakali
NOAA ESRL Chemical Sciences Laboratory and CIRES, U. of Colorado
NOAA Iodide CIMS Instrument
USOS
1, 1
2024, 08, 06, 2024, 08, 06
1
starttime_UTC, seconds_past_midnight, seconds_of_day_since_00:00:00_UTC
3
1, 1, 1
-9999, -9999, -9999
PAN_NOAACIMS, pptv, Gas_PAN_InSitu_S_AVMR, 
APAN_NOAACIMS, pptv, Gas_APAN_InSitu_S_AVMR, 
PPN_NOAACIMS, pptv, Gas_PPN_InSitu_S_AVMR, 
0
18
PI_CONTACT_INFO: 325 Broadway, R/CSD 7, Boulder, Colorado 80305; michael.a.robinson@noaa.gov; chris.jernigan@noaa.gov;
PLATFORM: NOAA CSL Mobile Lab
LOCATION: SLC, Utah
ASSOCIATED_DATA: 1Hz data also available on request.
INSTRUMENT_INFO: NOAA I- ToF CIMS
DATA_INFO: All data in parts per trillion by volume (pptv). 1 Hz data is available upon request.
UNCERTAINTY: TBD
ULOD_FLAG: -7777
ULOD_VALUE: N/A
LLOD_FLAG: -8888
LLOD_VALUE: N/A
DM_CONTACT_INFO: Nathan Howard; nathan.h.howard@noaa.gov
PROJECT_INFO: USOS, summer 2024. https://csl.noaa.gov/groups/csl7/measurements/2024usos/
STIPULATIONS_ON_USE: Users are strongly encouraged to contact the PI for proper data usage.
OTHER_COMMENTS: 
REVISION: RA
RA: Preliminary Data; For in-field use only
starttime_UTC, PAN_NOAACIMS, APAN_NOAACIMS, PPN_NOAACIMS
[from data line 812]
 48720, 207.848,  2.708, 16.899
 48780, 196.374,  2.326, 14.560
 48840, 205.999,  3.247, 17.085
 48900, 215.358,  2.990, 19.033
 48960, 204.762,  2.784, 15.609
 49020, 206.691,  3.936, 15.294
 49080, 209.409,  2.818, 14.991
 49140, 213.567,  3.268, 17.062
 49200, 213.855,  3.211, 14.083
 49260, 217.167,  3.763, 18.678
 49320, 213.374,  3.515, 15.764
 49380, 210.379,  3.603, 17.164
 49440, 209.296,  1.682, 15.400
 49500, 207.832,  2.663, 16.031
 49560, 210.689,  1.969, 16.179
 49620, 211.597,  3.546, 15.892
 49680, 206.089,  3.519, 15.816
 49740, 204.384,  2.573, 18.020
 49800, 212.977,  2.104, 14.483
 49860, 212.249,  2.530, 14.018
 49920, 218.210,  2.951, 18.146
 49980, 218.633,  4.285, 14.368
 50040, 216.151,  3.720, 13.733
 50100, 208.175,  4.297, 16.845
 50160, -9999.000, -9999.000, -9999.000
 50220, 216.776,  3.626, 16.923
 50280, 217.416,  2.424, 17.501
 50340, 223.246,  3.678, 16.048
 50400, 219.467,  2.232, 18.006
 50460, 212.098,  3.205, 16.681
 50520, 223.632,  2.848, 16.309
 50580, 220.916,  1.655, 16.710
 50640, 223.213,  3.246, 17.146
 50700, 226.467,  2.571, 18.237
 50760, 214.640,  2.717, 17.183
 50820, 219.271,  2.638, 17.919
 50880, 228.118,  5.083, 17.823
 50940, 224.500,  2.021, 18.709
 51000, 224.889,  4.054, 17.897
 51060, 221.998,  3.370, 17.893
 51120, 223.254,  2.413, 18.874
 51180, 219.777,  3.409, 18.779
 51240, 217.986,  3.555, 16.279
 51300, 224.990,  2.795, 19.027
 51360, 224.767,  1.722, 19.951
 51420, 230.536,  3.442, 20.849
 51480, 224.806,  3.369, 18.711
 51540, 227.931,  2.851, 19.894
 51600, 225.773,  3.454, 19.209
 51660, 228.503,  3.198, 19.523
 51720, 232.413,  3.461, 20.123
 51780, 232.059,  2.461, 20.884
 51840, 226.766,  3.326, 20.047
 51900, 231.030,  2.715, 19.600
 51960, 227.757,  2.786, 22.195
 52020, -9999.000, -9999.000, -9999.000
 52080, 232.608,  2.599, 22.392
 52140, 232.394,  1.813, 22.760
 52200, 223.481,  3.203, 19.575
 52260, 228.075,  2.140, 21.496
 52320, 225.775,  3.194, 17.281
 52380, 240.847,  2.426, 22.532
 52440, 235.548,  3.510, 19.746
 52500, 233.212,  3.322, 19.486
 52560, 226.063,  2.890, 19.009
 52620, 229.525,  1.731, 22.453
 52680, 230.714,  3.452, 23.050
 52740, 226.982,  2.519, 19.367
 52800, 235.100,  4.146, 22.558
 52860, 240.114,  3.252, 22.061
 52920, 244.608,  2.967, 24.595
 52980, 235.359,  3.641, 22.151
 53040, 234.760,  3.060, 21.851
 53100, 233.839,  3.159, 19.608
 53160, 237.574,  3.373, 22.800
 53220, 244.276,  2.433, 20.053
 53280, 234.569,  1.745, 19.603
 53340, 234.924,  2.561, 18.288
 53400, 241.232,  3.577, 22.640
 53460, 237.427,  2.102, 21.681
 53520, 241.451,  2.521, 21.530
 53580, 240.359,  3.911, 24.176
 53640, 235.850,  3.847, 20.395
 53700, 240.634,  3.611, 22.932
 53760, 244.597,  2.679, 21.310
 53820, 247.197,  3.808, 21.076
 53880, -9999.000, -9999.000, -9999.000
 53940, 259.166,  3.482, 21.770
 54000, 251.797,  3.751, 23.149
 54060, 247.841,  3.516, 21.180
 54120, 247.250,  2.743, 21.572
 54180, 258.667,  2.970, 21.734
 54240, 257.731,  4.135, 21.340
 54300, 262.205,  5.050, 24.443
 54360, 262.439,  2.640, 20.740
 54420, 252.361,  3.928, 23.482
 54480, 254.649,  3.786, 22.715
 54540, 260.191,  4.005, 21.123
 54600, 258.494,  2.881, 25.228
 54660, 260.350,  4.598, 21.844
 54720, 253.972,  3.411, 21.052
 54780, 262.847,  3.925, 22.345
 54840, 261.454,  3.751, 23.896
 54900, 265.952,  4.259, 24.409
 54960, 266.440,  3.768, 23.636
 55020, 267.950,  4.024, 22.787
 55080, 267.079,  4.244, 25.070
 55140, 254.231,  3.023, 21.953
 55200, 268.483,  3.421, 24.635
 55260, 272.714,  3.072, 23.133
 55320, 269.087,  3.924, 23.113
 55380, 271.136,  4.226, 24.371
 55440, 261.491,  3.931, 20.685
 55500, 264.431,  4.083, 23.513
 55560, 267.539,  3.913, 22.749
 55620, 278.390,  3.829, 25.937
 55680, 273.695,  4.281, 17.449
 55740, 278.426,  4.383, 25.520
 55800, 291.609,  3.783, 28.681
 55860, 300.564,  4.441, 30.780
 55920, 262.869,  2.715, 23.371
 55980, 270.088,  5.173, 23.744
 56040, 278.934,  3.468, 23.810
 56100, 260.464,  3.201, 23.428
 56160, 255.214,  3.091, 19.315
 56220, 260.247,  3.107, 22.763
 56280, 256.929,  4.202, 20.706
 56340, 262.040,  5.011, 24.557
 56400, 259.979,  4.514, 21.848
 56460, 254.222,  4.595, 20.461
 56520, 248.534,  4.012, 21.343
 56580, 248.164,  4.581, 20.452
 56640, 253.373,  3.292, 22.380
 56700, 315.913,  4.195, 29.735
 56760, 324.402,  3.721, 31.539
 56820, 317.125,  5.753, 29.665
 56880, 325.294,  3.808, 31.341
 56940, 339.853,  5.013, 34.468
 57000, 360.797,  3.275, 34.834
 57060, 292.112,  2.685, 28.089
 57120, 280.645,  2.328, 26.093
 57180, 279.685,  3.914, 27.860
 57240, 261.914,  3.617, 27.263
 57300, 278.192,  3.580, 26.905
 57360, -9999.000, -9999.000, -9999.000
 57420, 330.075,  3.517, 32.575
 57480, 342.802,  4.370, 33.734
 57540, 377.465,  5.126, 37.738
 57600, 413.141,  4.913, 41.242
 57660, 423.567,  5.129, 44.311
 57720, 393.208,  4.919, 38.584
 57780, 382.736,  4.891, 41.885
 57840, 415.053,  3.943, 45.313
 57900, 401.963,  3.425, 41.683
 57960, 384.168,  3.504, 39.903
 58020, 401.316,  4.225, 39.024
 58080, 418.747,  4.668, 40.148
 58140, 435.872,  5.967, 42.503
 58200, 450.344,  3.910, 43.301
 58260, 423.668,  4.276, 39.785
 58320, 429.021,  5.089, 39.380
 58380, 436.608,  3.618, 40.257
 58440, 441.184,  3.626, 41.321
 58500, 442.263,  4.237, 44.605
 58560, 454.151,  4.380, 44.328
 58620, 432.830,  4.108, 41.427
 58680, 458.635,  4.761, 44.726
 58740, 465.058,  5.652, 42.069
 58800, -9999.000, -9999.000, -9999.000
 58860, -9999.000, -9999.000, -9999.000
 58920, -9999.000, -9999.000, -9999.000
 58980, -9999.000, -9999.000, -9999.000
 59040, -9999.000, -9999.000, -9999.000
 59100, -9999.000, -9999.000, -9999.000
 59160, -9999.000, -9999.000, -9999.000
 59220, -9999.000, -9999.000, -9999.000
 59280, -9999.000, -9999.000, -9999.000
 59340, -9999.000, -9999.000, -9999.000
 59400, -9999.000, -9999.000, -9999.000
 59460, -9999.000, -9999.000, -9999.000
 59520, -9999.000, -9999.000, -9999.000
 59580, -9999.000, -9999.000, -9999.000
 59640, -9999.000, -9999.000, -9999.000
 59700, -9999.000, -9999.000, -9999.000
 59760, -9999.000, -9999.000, -9999.000
 59820, -9999.000, -9999.000, -9999.000
 59880, -9999.000, -9999.000, -9999.000
 59940, 524.968,  6.138, 61.963
 60000, 610.337,  8.770, 69.691
 60060, 538.829,  8.289, 54.442
 60120, 617.384,  7.058, 66.281
 60180, 558.030,  7.504, 56.162
 60240, 580.858,  6.800, 62.429
 60300, 582.084,  6.439, 64.461
 60360, 572.042,  6.154, 57.487
 60420, 547.434,  4.815, 52.932
 60480, 585.611,  5.309, 57.565
 60540, 562.700,  5.962, 59.166
 60600, 597.340,  5.220, 62.901
 60660, 578.222,  5.437, 60.146
 60720, 598.729,  6.055, 61.720
 60780, 595.649,  4.558, 61.479
 60840, 588.962,  3.452, 62.470
 60900, 594.988,  3.896, 63.511
 60960, 634.437,  4.067, 64.987
 61020, 635.149,  3.077, 65.211
 61080, 680.068,  5.040, 68.925
 61140, 651.331,  4.532, 61.830
 61200, 669.370,  3.158, 66.624
 61260, 670.465,  2.750, 65.300
 61320, 695.557,  3.552, 68.364
 61380, 656.292,  2.312, 63.965
 61440, 632.242,  2.856, 62.684
 61500, 642.297,  2.900, 60.738
 61560, 655.044,  2.540, 66.767
 61620, 691.359,  3.008, 67.441
 61680, 697.536,  4.213, 71.005
 61740, 645.896,  4.125, 70.034
 61800, 700.884, -0.484, 71.305
 61860, 662.054,  3.499, 65.316
 61920, 694.624,  4.120, 69.951
 61980, 685.808,  4.220, 69.092
 62040, 702.345,  2.797, 73.067
 62100, 680.237,  3.594, 72.909
 62160, 655.756,  2.422, 73.742
 62220, 682.300,  2.551, 73.254
 62280, 699.769,  2.004, 76.053
 62340, 720.358,  2.860, 81.007
 62400, 710.331,  4.372, 77.887
 62460, 679.204,  2.134, 75.148
 62520, 693.514,  2.216, 79.789
 62580, 690.812,  3.287, 76.916
 62640, 715.550,  3.108, 79.615
 62700, 728.837,  2.934, 81.887
 62760, 707.479,  2.512, 76.177
 62820, 675.009,  1.930, 75.501
 62880, 708.845,  2.680, 79.920
 62940, 719.043,  2.843, 87.804
 63000, 742.137,  3.959, 85.198
 63060, 743.350,  3.287, 86.329
 63120, 705.383,  2.902, 83.790
 63180, 717.348,  3.683, 85.284
 63240, 727.850,  3.067, 84.444
 63300, 748.366,  2.604, 91.802
 63360, 743.071,  2.967, 92.227
 63420, 697.032,  5.497, 85.341
 63480, 701.836,  1.907, 83.215
 63540, 715.125,  2.440, 84.956
 63600, 743.709,  4.142, 99.225
 63660, 743.333,  2.312, 98.755
 63720, 740.095,  2.796, 86.244
 63780, 746.213,  1.613, 93.211
 63840, 739.020,  2.647, 88.564
 63900, 737.458,  2.134, 89.337
 63960, 744.942,  3.235, 94.222
 64020, 720.492,  2.703, 89.582
 64080, 706.940,  3.081, 88.548
 64140, 736.257,  3.085, 89.572
 64200, 744.381,  2.810, 95.485
 64260, 746.771,  3.507, 94.450
 64320, 770.708,  2.461, 95.145
 64380, 737.699,  3.245, 94.383
 64440, 623.549,  1.477, 74.382
 64500, 664.458,  2.129, 82.541
 64560, 589.344,  1.587, 74.287
 64620, 562.442,  1.710, 74.186
 64680, 533.205,  2.792, 66.808
 64740, 535.811,  1.413, 65.969
 64800, 472.270,  1.152, 59.625
 64860, 406.722,  1.480, 51.485
 64920, 453.674,  1.091, 57.796
 64980, 398.790,  0.892, 51.544
 65040, 291.044,  0.681, 35.982
 65100, 272.784,  0.269, 35.122
 65160, 333.417,  0.364, 39.694
 65220, 393.467,  0.292, 48.783
 65280, 367.655,  0.840, 46.592
 65340, 243.737,  0.517, 27.478
 65400, 169.566,  0.419, 18.941
 65460, -9999.000, -9999.000, -9999.000
 65520, 219.795,  0.937, 24.440
 65580, 231.746, -0.292, 22.203
 65640, 202.800, -0.130, 21.436
 65700, 162.715,  0.613, 19.136
 65760, 159.214, -0.115, 18.447
 65820, 169.851,  0.258, 19.714
 65880, 175.272,  0.008, 21.628
 65940, 187.925,  0.681, 18.132
 66000, 176.111,  0.251, 19.619
 66060, 177.719, -0.077, 16.591
 66120, 182.861, -0.359, 21.076
 66180, 172.027,  0.266, 19.355
 66240, 167.999, -0.317, 19.617
 66300, 168.313,  0.481, 16.554
 66360, 200.998, -0.292, 19.053
 66420, 218.070,  0.486, 25.120
 66480, 227.638, -0.826, 24.708
 66540, 224.934, -1.005, 27.659
 66600, 226.323, -0.745, 26.705
 66660, 217.418, -0.896, 21.932
 66720, 238.324, -0.456, 28.666
 66780, 230.942, -0.659, 26.583
 66840, 209.859,  0.082, 25.371
 66900, 203.762, -0.876, 21.845
 66960, 205.152, -0.738, 22.978
 67020, 205.079, -0.537, 24.084
 67080, 213.041, -0.308, 25.532
 67140, 207.860, -1.524, 22.212
 67200, 205.652, -1.248, 22.789
 67260, 191.896, -1.457, 20.625
 67320, -9999.000, -9999.000, -9999.000
 67380, 191.280, -0.675, 19.863
 67440, 206.872, -0.187, 23.422
 67500, 224.286, -1.448, 22.494
 67560, 212.542, -1.107, 24.844
 67620, 229.437, -1.192, 25.681
 67680, 215.588, -0.428, 23.172
 67740, 225.365, -0.703, 24.563
 67800, 209.331, -0.205, 22.507
 67860, 196.395,  0.151, 21.406
 67920, 205.549, -0.071, 19.871
 67980, 205.236, -0.023, 19.951
 68040, 219.378, -0.555, 19.260
 68100, 219.767, -0.300, 22.533
 68160, 221.075, -0.171, 23.068
 68220, 214.356, -0.381, 20.858
 68280, 236.201, -0.452, 23.992
 68340, 259.614, -1.017, 24.340
 68400, 241.681,  0.006, 23.566
 68460, 226.095, -0.023, 22.810
 68520, 222.874, -0.174, 23.855
 68580, 233.248, -0.165, 25.462
 68640, 230.166, -0.371, 24.155
 68700, 179.108, -0.479, 15.745
 68760, 176.009, -0.228, 16.880
 68820, 159.680, -0.183, 11.687
 68880, 194.643, -0.354, 16.580
 68940, 221.411,  0.050, 17.016
 69000, 281.194, -0.206, 28.541
 69060, 272.126,  0.292, 28.141
 69120, 279.085,  1.291, 29.550
 69180, -9999.000, -9999.000, -9999.000
 69240, 300.893,  0.462, 26.715
 69300, 294.398,  1.209, 29.143
 69360, 287.211,  0.140, 27.348
 69420, 296.670, -0.037, 27.727
 69480, 297.707,  1.316, 27.689
 69540, 305.287,  0.252, 31.545
 69600, 301.498,  1.100, 27.147
 69660, 293.670,  0.855, 26.078
 69720, 298.310,  0.498, 27.813
 69780, 308.772,  1.382, 30.711
 69840, 307.424,  0.365, 29.875
 69900, 298.463,  1.013, 29.551
 69960, 315.657,  0.319, 31.166
 70020, 280.714,  0.970, 30.456
 70080, 280.984,  1.409, 27.864
 70140, 291.594,  0.652, 22.375
 70200, 287.306,  0.746, 23.153
 70260, 265.080,  1.728, 24.858
 70320, 278.800,  0.832, 25.296
 70380, 287.143, -0.102, 26.146
 70440, 295.132,  0.381, 20.477
 70500, 280.686,  0.813, 24.646
 70560, 281.367,  1.246, 26.711
 70620, 284.559,  1.250, 29.077
 70680, 267.592,  0.281, 26.704
 70740, 262.865,  0.965, 27.361
 70800, 270.725,  0.993, 28.354
 70860, 283.114,  1.100, 30.461
 70920, 288.940,  0.840, 28.253
 70980, 290.653,  2.026, 24.950
 71040, 290.152,  0.291, 23.457
 71100, 286.716,  1.420, 31.329
 71160, 287.715,  1.675, 28.223
 71220, 285.770,  0.976, 26.903
 71280, 290.207,  1.640, 29.847
 71340, 283.531,  1.655, 25.670
 71400, 275.741,  1.444, 28.081
 71460, 269.601,  0.778, 24.250
 71520, 290.927,  0.250, 23.376
 71580, 280.449,  1.052, 27.969
 71640, 264.694,  1.705, 26.233
 71700, 264.607,  1.179, 20.255
 71760, 287.939,  1.615, 25.757
 71820, 278.259,  1.200, 26.264
 71880, 274.530,  0.982, 26.034
 71940, 301.375,  0.223, 26.334
 72000, 312.761,  0.333, 30.315
 72060, 305.553,  0.423, 28.225
 72120, 291.222,  0.252, 27.802
 72180, 291.619, -0.068, 25.645
 72240, 280.114,  0.679, 25.058
 72300, 309.953,  1.161, 27.283
 72360, 297.948,  1.325, 27.908
 72420, 306.425,  0.667, 27.129
 72480, 299.605,  0.566, 24.280
 72540, 290.413,  0.327, 27.951
 72600, 276.227,  0.314, 26.045
 72660, 285.873, -0.466, 26.691
 72720, 319.997,  0.222, 25.624
 72780, 317.407,  1.389, 32.669
 72840, -9999.000, -9999.000, -9999.000
 72900, 314.115,  0.268, 27.842
 72960, 372.009,  2.118, 32.899
 73020, 392.386,  0.766, 30.566
 73080, 373.349,  0.794, 28.906
 73140, 383.855, -0.188, 29.471
 73200, 416.926,  0.267, 32.804
 73260, 451.925,  0.441, 35.892
 73320, 441.652,  0.245, 35.675
 73380, 409.619,  0.975, 37.251
 73440, 409.574, -0.423, 37.384
 73500, 430.463,  0.435, 36.910
 73560, 458.377,  0.546, 36.570
 73620, 505.305,  0.515, 43.586
 73680, 439.872,  0.575, 37.185
 73740, 423.080,  1.226, 33.130
 73800, 421.003,  0.128, 35.045
 73860, 419.256,  0.117, 33.853
 73920, 435.055, -0.019, 41.883
 73980, 429.398,  0.416, 40.151
 74040, 421.770,  1.212, 37.971
 74100, 429.442,  0.000, 39.479
 74160, 418.541,  0.382, 42.239
 74220, 432.646,  0.254, 38.348
 74280, 415.092,  0.319, 39.935
 74340, 440.769,  0.709, 39.284
 74400, 462.476,  0.778, 37.288
 74460, 431.187,  0.906, 38.693
 74520, 442.579,  0.130, 41.656
 74580, 463.756,  1.159, 39.627
 74640, 452.168, -0.317, 42.375
 74700, -9999.000, -9999.000, -9999.000
 74760, 424.989,  0.841, 42.417
 74820, 417.158,  0.426, 36.171
 74880, 458.024,  0.013, 46.942
 74940, 455.428, -0.187, 40.666
 75000, 416.695,  0.230, 37.408
 75060, 401.041,  0.163, 35.925
 75120, 488.028,  1.542, 47.049
 75180, 462.909,  1.262, 43.907
 75240, 493.130,  0.686, 49.792
 75300, 448.153,  0.903, 42.039
 75360, 474.956,  0.567, 45.057
 75420, 491.793,  0.809, 37.982
 75480, 519.851,  0.300, 44.192
 75540, 504.370,  0.797, 44.693
 75600, 503.712, -0.378, 44.433
 75660, 499.925,  0.655, 46.818
 75720, 508.790, -0.268, 42.315
 75780, 495.108, -0.398, 44.434
 75840, 485.870, -0.435, 44.068
 75900, 461.555, -0.152, 41.707
 75960, 460.855, -0.541, 45.635
 76020, 446.775, -0.162, 39.827
 76080, 443.544,  0.008, 39.623
 76140, 445.704, -0.976, 42.114
 76200, 454.727,  0.484, 44.642
 76260, 443.024,  0.149, 46.786
 76320, 481.645, -0.212, 49.171
 76380, 463.597, -0.367, 53.440
 76440, 521.542, -0.209, 56.107
 76500, 512.073, -0.050, 57.569
 76560, -9999.000, -9999.000, -9999.000
 76620, 504.768, -0.585, 51.571
 76680, 503.178, -0.188, 58.805
 76740, 502.560, -0.643, 51.693
 76800, 537.718, -0.540, 54.766
 76860, 538.721, -0.327, 57.841
 76920, 480.395, -0.776, 50.448
 76980, 488.471, -0.112, 54.680
 77040, 496.005, -0.037, 57.356
 77100, 482.601,  0.360, 54.096
 77160, 508.134, -0.643, 56.040
 77220, 482.014, -1.276, 53.940
 77280, 508.138, -1.599, 54.876
 77340, 498.998, -0.591, 52.455
 77400, 484.316, -0.973, 54.750
 77460, 484.072, -1.074, 53.726
 77520, 489.911, -0.152, 55.135
 77580, 476.015, -0.511, 50.322
 77640, 478.069, -1.123, 54.733
 77700, 450.769, -1.812, 57.204
 77760, 497.953, -0.294, 66.370
 77820, 516.638, -1.200, 55.049
 77880, 534.027, -0.980, 71.919
 77940, 516.795, -1.637, 69.373
 78000, 504.601, -1.120, 67.999
 78060, 547.252, -0.585, 76.230
 78120, 549.454, -0.746, 87.491
