CampaignData_and_Merges/R0/CSL_MobileLab_Parked/raw/20240806/USOS-POPS_MobileLabGround_20240806_R0.ict
78, 1001
Thornberry, T. D.
NOAA Chemical Sciences Laboratory
Portable Optical Particle Spectrometer (POPS)
USOS
1, 1
2024, 08, 06, 2025, 05, 08
60
Time_Start, seconds_past_midnight, Start time of measurement
45
1, 1, 1, 1, 1, 1, 1, 1, 1, 1, 1, 1, 1, 1, 1, 1, 1, 1, 1, 1, 1, 1, 1, 1, 1, 1, 1, 1, 1, 1, 1, 1, 1, 1, 1, 1, 1, 1, 1, 1, 1, 1, 1, 1, 1
-9999, -9999, -9999, -9999, -9999, -9999, -9999, -9999, -9999, -9999, -9999, -9999, -9999, -9999, -9999, -9999, -9999, -9999, -9999, -9999, -9999, -9999, -9999, -9999, -9999, -9999, -9999, -9999, -9999, -9999, -9999, -9999, -9999, -9999, -9999, -9999, -9999, -9999, -9999, -9999, -9999, -9999, -9999, -9999, -9999
Time_Stop, seconds_past_midnight, Stop time of measurement
Time_Mid, seconds_past_midnight, Mid time of measurement
Press_mb, mb, Pressure reported (mb)
Temp_C, degrees C, POPS temperature measurement
Aerosol_concentration, cm^-3, Aerosol concentration
Surface_Area_Conc, um^2 cm^-3, Surface area concentration
Volume_density, um^3 cm^-3, Volume density
Effective_radius, um, Effective radius
Extinction, km^-1, Extinction
Bin01, cm^-3, particle concentration in size range [1401 - 146.3 nm]
Bin02, cm^-3, particle concentration in size range [146.3 - 152.8 nm]
Bin03, cm^-3, particle concentration in size range [152.8 - 159.6 nm]
Bin04, cm^-3, particle concentration in size range [159.6 - 166.8 nm]
Bin05, cm^-3, particle concentration in size range [166.8 - 174.2 nm]
Bin06, cm^-3, particle concentration in size range [174.2 - 181.9 nm]
Bin07, cm^-3, particle concentration in size range [181.9 - 190.0 nm]
Bin08, cm^-3, particle concentration in size range [190.0 - 198.5 nm]
Bin09, cm^-3, particle concentration in size range [198.5 - 207.4 nm]
Bin10, cm^-3, particle concentration in size range [207.4 - 216.6 nm]
Bin11, cm^-3, particle concentration in size range [216.6 - 226.2 nm]
Bin12, cm^-3, particle concentration in size range [226.2 - 236.3 nm]
Bin13, cm^-3, particle concentration in size range [236.3 - 246.8 nm]
Bin14, cm^-3, particle concentration in size range [246.8 - 257.8 nm]
Bin15, cm^-3, particle concentration in size range [257.8 - 269.3 nm]
Bin16, cm^-3, particle concentration in size range [269.3 - 343.4 nm]
Bin17, cm^-3, particle concentration in size range [343.4 - 450.7 nm]
Bin18, cm^-3, particle concentration in size range [450.7 - 525.9 nm]
Bin19, cm^-3, particle concentration in size range [525.9 - 618.5 nm]
Bin20, cm^-3, particle concentration in size range [618.5 - 710.0 nm]
Bin21, cm^-3, particle concentration in size range [710.0 - 822.7 nm]
Bin22, cm^-3, particle concentration in size range [822.7 - 885.9 nm]
Bin23, cm^-3, particle concentration in size range [885.9 - 953.9 nm]
Bin24, cm^-3, particle concentration in size range [953.9 - 1027.2 nm]
Bin25, cm^-3, particle concentration in size range [1027.2 - 1106.1 nm]
Bin26, cm^-3, particle concentration in size range [1106.1 - 1191.0 nm]
Bin27, cm^-3, particle concentration in size range [1191.0 - 1282.5 nm]
Bin28, cm^-3, particle concentration in size range [1282.5 - 1381.0 nm]
Bin29, cm^-3, particle concentration in size range [1381.0 - 1487.1 nm]
Bin30, cm^-3, particle concentration in size range [1487.1 - 1601.3 nm]
Bin31, cm^-3, particle concentration in size range [1601.3 - 1724.3 nm]
[...]
PLATFORM: NOAA CSL Mobile Lab
LOCATION: USOS
ASSOCIATED_DATA: N/A
INSTRUMENT_INFO: Printed Optical Particle Spectrometer counts particles from 140 - 2500 nm in diameter 
DATA_INFO: Particle concentrations reported in number per cubic centimeter,1 Hz data
UNCERTAINTY: Counting uncertainty dominated by air flow, less than 5 percent. Measurement range is ~0 - 3000 per cm3 (varies depending on flow rate- manufacturer quotes 1250 per cm3 at 1.667 cc/s)
ULOD_FLAG: -7777
ULOD_VALUE: N/A
LLOD_FLAG: -8888
LLOD_VALUE: N/A
DM_CONTACT_INFO: Troy Thornberry, 325 Broadway R/CSL6, Boulder, CO 80305; troy.thornberry@noaa.gov; 303-497-3373
PROJECT_INFO: USOS, Utah POPS data from NOAA CSL Mobile Lab
STIPULATIONS_ON_USE: Please contact the PIs for questions regarding applications and uncertainties
OTHER_COMMENTS: POPS bin Edges (nm):  140.1, 146.3, 152.8, 159.6, 166.8, 174.2, 181.9, 190.0, 198.5, 207.4, 216.6, 226.2, 236.3, 246.8, 257.8, 269.3, 343.4, 450.7, 525.9, 618.5, 710.0, 822.7, 885.9, 953.9, 1027.2, 1106.1, 1191.0, 1282.5, 1381.0, 1487.1, 1601.3, 1724.3, 1856.7, 1999.3, 2152.8, 2318.2, 2496.2
Calculations assume organic aerosol refractive index of 1.52+0.00j and extinction wavelength = 532 nm
REVISION: R0
R0: Final data
Time_Start, Time_Stop, Time_Mid, Press_mb, Temp_C, Aerosol_concentration, Surface_Area_Conc, Volume_density, Effective_radius, Extinction, Bin01, Bin02, Bin03, Bin04, Bin05, Bin06, Bin07, Bin08, Bin09, Bin10, Bin11, Bin12, Bin13, Bin14, Bin15, Bin16, Bin17, Bin18, Bin19, Bin20, Bin21, Bin22, Bin23, Bin24, Bin25, Bin26, Bin27, Bin28, Bin29, Bin30, Bin31, Bin32, Bin33, Bin34, Bin35, Bin36
[from data line 605]
36300,36359,36330,872.922,32.808,217.838,32.862,2.355,0.209,0.009,26.567543,23.510006,20.677074,19.197866,16.730951,14.715699,12.414673,11.592257,9.686564,8.295704,7.373018,7.033762,7.055762,6.066407,4.944252,14.558155,4.725280,1.248501,0.635205,0.150612,0.122976,0.045255,0.089675,0.038898,0.038752,0.027956,0.038982,0.033457,0.033492,0.016692,0.039051,0.033297,0.033539,0.016859,0.010893,0.038864
36360,36419,36390,872.924,32.941,214.138,31.419,2.076,0.191,0.008,26.283552,22.595129,20.669535,19.145790,16.293861,14.762272,12.561902,10.579890,9.129211,8.186936,7.486106,6.937304,6.584349,5.999629,5.070487,14.652258,4.791621,1.341548,0.478245,0.121597,0.061270,0.038849,0.038949,0.033712,0.033271,0.022128,0.022624,0.033118,0.027741,0.049974,0.010770,0.038547,0.011223,0.005556,0.005650,0.033033
36420,36479,36450,872.958,33.015,216.020,30.926,1.760,0.167,0.008,26.342812,23.137182,20.227545,19.733040,16.630276,14.832670,12.165329,10.810113,9.723766,8.302270,7.403343,7.347181,6.625023,6.355530,4.780903,14.099126,5.134480,1.335562,0.605686,0.050013,0.061356,0.033802,0.055131,0.027484,0.022058,0.027831,0.022873,0.000000,0.027710,0.011024,0.038610,0.005519,0.011243,0.005394,0.005593,0.022178
36480,36539,36510,872.969,33.017,218.182,31.386,1.861,0.173,0.008,26.727901,23.666061,20.870213,18.900242,16.802521,14.634447,13.036902,11.249133,9.347216,8.688590,7.733540,7.081967,6.411690,6.127639,4.914711,14.799701,4.725116,1.317526,0.606607,0.083732,0.106362,0.044489,0.033259,0.016287,0.044733,0.011320,0.033210,0.022488,0.027387,0.038740,0.022324,0.021892,0.000000,0.011168,0.005612,0.016804
36540,36599,36570,873.001,33.063,216.571,30.495,1.693,0.163,0.008,26.920317,23.772274,20.903709,18.974604,16.747330,14.825457,12.733373,10.982178,9.062266,8.527444,7.106303,7.189531,6.495931,5.989170,4.867759,14.439077,4.827829,1.220213,0.603186,0.061234,0.038370,0.055166,0.021941,0.028025,0.011067,0.016487,0.039101,0.011186,0.005631,0.016699,0.033660,0.010938,0.005787,0.005631,0.000000,0.022100
36600,36659,36630,873.007,33.099,215.244,31.169,1.965,0.183,0.008,26.288794,23.398661,21.241131,18.498028,16.728653,14.397589,12.329202,11.317319,9.488024,8.198848,7.488118,7.091419,6.598083,5.838664,4.915133,14.491380,4.704168,1.166682,0.521316,0.121218,0.066520,0.039591,0.010808,0.033523,0.010971,0.027491,0.027634,0.027879,0.038845,0.011194,0.038817,0.021967,0.005631,0.027721,0.027497,0.005394
36660,36719,36690,872.994,33.157,214.987,31.254,1.959,0.180,0.008,26.240540,23.847212,20.944977,18.713528,16.727215,14.193337,12.250850,10.865668,9.241664,8.146002,7.572746,7.067904,6.503280,6.141147,4.625996,14.717046,4.752145,1.370109,0.525524,0.099874,0.066130,0.038947,0.078142,0.016726,0.016620,0.022545,0.021933,0.010969,0.027746,0.027593,0.022553,0.016817,0.022579,0.011283,0.016980,0.022160
36720,36779,36750,873.005,33.040,216.825,31.139,1.910,0.178,0.008,25.605835,23.784069,21.376883,19.557570,16.338749,14.999059,12.302709,10.855238,9.495252,8.343609,8.143560,7.124717,6.670813,5.867005,4.883976,14.330667,4.908086,1.308379,0.443056,0.093437,0.054985,0.043900,0.021894,0.038976,0.038768,0.016968,0.011206,0.010922,0.016617,0.038344,0.021887,0.022092,0.010858,0.000000,0.022015,0.022376
36780,36839,36810,873.005,33.005,219.692,31.602,1.879,0.174,0.008,26.626389,24.086603,20.548479,19.164991,16.867979,14.704093,13.113224,11.394119,9.277528,8.613524,7.655612,7.390380,6.435877,6.568861,5.011559,14.969170,4.944025,1.286408,0.550069,0.099702,0.089388,0.011033,0.027974,0.016592,0.038875,0.022221,0.016597,0.022487,0.016674,0.027347,0.005556,0.016814,0.022371,0.027728,0.016567,0.005556
36840,36899,36870,872.981,33.057,216.356,31.490,1.996,0.185,0.008,26.159298,23.473288,20.646523,18.711069,17.026405,14.554915,12.907600,10.803530,9.669238,8.288717,7.438819,7.130393,6.281027,6.300454,4.634797,15.009131,4.895346,1.280281,0.556517,0.149207,0.083475,0.028064,0.072338,0.016821,0.033051,0.022415,0.005593,0.022687,0.027949,0.016503,0.005519,0.033402,0.033267,0.010841,0.000000,0.027009
36900,36959,36930,872.985,33.364,218.589,31.522,1.908,0.177,0.008,26.431528,23.836290,20.996820,18.764809,17.141848,14.503268,12.412749,11.327429,9.683587,8.723185,7.878394,7.383296,6.688066,6.302425,4.885273,14.610632,4.853274,1.166036,0.451879,0.077588,0.083445,0.050345,0.028229,0.033254,0.022030,0.011399,0.043749,0.049641,0.021772,0.005631,0.054917,0.016668,0.011186,0.021665,0.000000,0.016597
36960,37019,36990,872.997,33.560,219.655,32.513,2.217,0.197,0.009,26.161861,24.192379,21.083111,19.968597,16.928782,14.667348,12.452346,11.181636,9.688155,8.308583,7.635321,6.969507,6.622336,6.350643,5.252484,14.630222,4.928363,1.457052,0.519404,0.095788,0.085145,0.079827,0.028074,0.045293,0.033918,0.022555,0.028818,0.016351,0.016951,0.045988,0.045530,0.050434,0.033914,0.000000,0.011514,0.016705
37020,37079,37050,873.011,33.694,221.631,31.715,1.822,0.168,0.008,26.659121,23.923098,21.270237,18.849779,17.595381,14.949097,13.088079,11.076927,9.576017,8.828650,7.752109,7.410984,6.703510,6.154320,5.100393,15.366611,4.983700,1.362231,0.526752,0.083039,0.038744,0.043983,0.039218,0.022167,0.010912,0.021837,0.016876,0.033217,0.038011,0.011019,0.033384,0.022283,0.017008,0.010776,0.011186,0.000000
37080,37139,37110,872.981,33.467,223.100,32.505,1.985,0.178,0.009,26.761808,24.207975,21.165056,18.796898,17.272058,15.053418,12.926050,11.116573,10.089775,8.561632,7.909256,7.447123,7.061505,6.281429,5.159963,15.602377,5.210916,1.493053,0.471227,0.111322,0.049526,0.038867,0.055681,0.022255,0.038872,0.028146,0.005747,0.017124,0.005593,0.033451,0.027796,0.010684,0.011168,0.010913,0.005537,0.038939
37140,37199,37170,872.938,33.344,227.402,33.591,2.188,0.187,0.009,26.744789,24.440214,21.884054,19.984381,17.432953,15.628150,12.839114,11.570015,10.304811,8.803533,7.715870,7.645812,6.897764,6.474094,5.262865,15.899976,5.300021,1.331594,0.642488,0.123256,0.038882,0.055714,0.054625,0.032656,0.027929,0.022504,0.044056,0.028371,0.011281,0.027556,0.033254,0.027452,0.005708,0.022180,0.016622,0.027726
37200,37259,37230,872.940,33.438,224.842,32.666,1.934,0.173,0.009,26.725887,23.708269,21.045666,19.192972,17.377316,15.553492,13.217781,11.498855,10.004403,8.650457,8.199863,7.738532,7.161054,6.463061,4.926915,15.636668,5.487894,1.125816,0.600906,0.088673,0.099473,0.016670,0.038412,0.043986,0.028092,0.005747,0.016797,0.016451,0.011057,0.044557,0.049932,0.016505,0.022434,0.011116,0.011121,0.005612
37260,37319,37290,872.953,33.602,226.837,33.843,2.191,0.188,0.009,26.074690,23.661793,21.711163,19.370386,17.358423,15.034612,13.291658,11.789646,10.620893,9.084357,8.395671,7.443424,7.171788,6.473519,5.311041,16.277901,5.085111,1.388057,0.632207,0.106137,0.104764,0.060909,0.032642,0.038384,0.045005,0.038645,0.010858,0.022165,0.039291,0.011378,0.044351,0.022350,0.033271,0.016661,0.016859,0.016606
37320,37379,37350,872.951,33.529,229.480,33.978,2.223,0.189,0.009,27.126589,24.271379,21.429586,19.740482,17.794024,15.472009,13.215138,12.050165,10.209407,9.092288,8.137216,7.787614,7.355931,6.458913,5.224891,15.997742,5.666063,1.336333,0.559456,0.099044,0.077442,0.027552,0.044670,0.044500,0.011047,0.016818,0.022120,0.011116,0.016665,0.033256,0.044541,0.022066,0.016515,0.011494,0.022348,0.033526
37380,37439,37410,872.932,33.472,232.414,34.375,2.162,0.183,0.009,26.832300,24.622660,21.402393,20.298386,18.084990,15.430220,13.277230,12.031319,10.551508,9.029816,8.036437,8.241850,7.485397,6.575513,5.515406,17.091867,5.606842,1.212227,0.507379,0.078112,0.055428,0.044082,0.055184,0.022172,0.044321,0.032514,0.027812,0.022531,0.027640,0.032679,0.038341,0.022425,0.016149,0.044132,0.011094,0.005359
37440,37499,37470,872.868,33.383,234.164,34.028,1.983,0.171,0.009,27.724766,24.938551,21.203470,20.508612,18.027950,15.527472,13.627870,11.902680,10.454032,9.079638,8.547676,7.866786,7.525030,6.732462,5.516570,17.184530,5.376421,1.314343,0.580365,0.105498,0.060070,0.032623,0.055615,0.038913,0.005727,0.032657,0.016870,0.010850,0.016380,0.033441,0.038588,0.016539,0.033007,0.022402,0.000000,0.005767
37500,37559,37530,872.807,33.354,236.943,34.894,2.218,0.184,0.009,28.201181,24.738623,22.072426,20.450418,17.821341,16.339758,13.533937,12.443737,10.732074,9.398068,8.603197,8.014847,7.484383,6.724438,5.572733,16.854990,5.343510,1.404551,0.608098,0.122329,0.077680,0.061299,0.033715,0.021875,0.038829,0.021781,0.011346,0.027558,0.011112,0.033354,0.032750,0.022605,0.028066,0.016783,0.010913,0.028176
37560,37619,37590,872.779,33.344,240.850,36.233,2.435,0.192,0.010,28.332638,25.469421,22.493551,20.309217,18.076704,15.887208,14.270808,12.969646,10.911255,9.474264,8.484771,8.160608,7.567574,6.569870,5.694916,17.481146,5.827489,1.555188,0.609237,0.133785,0.083191,0.049816,0.073304,0.044799,0.022773,0.027854,0.022161,0.022429,0.032819,0.027914,0.039531,0.033284,0.022913,0.028045,0.005828,0.033806
37620,37679,37650,872.793,33.524,240.530,36.158,2.329,0.186,0.010,27.299086,23.796375,22.115469,20.706812,18.789320,16.375093,13.915010,12.648366,10.680356,9.698009,8.687994,8.306240,8.036982,7.228998,5.551307,17.954641,5.996465,1.552340,0.552960,0.104880,0.105042,0.050067,0.049541,0.067353,0.005688,0.022262,0.016936,0.010966,0.033105,0.011176,0.044743,0.021649,0.038670,0.011475,0.016995,0.027610
37680,37739,37710,872.796,33.643,243.200,37.142,2.573,0.199,0.010,27.468279,25.591291,21.951559,20.131140,18.784636,16.099665,14.386294,13.395689,11.017486,9.861123,8.781911,8.370962,7.632582,7.583697,5.494460,17.923857,5.964196,1.402553,0.670721,0.073088,0.072967,0.033640,0.056406,0.017065,0.056911,0.055952,0.033598,0.033720,0.039441,0.034174,0.055923,0.028143,0.022608,0.022770,0.011281,0.040369
37740,37799,37770,872.837,33.638,243.503,35.863,2.128,0.173,0.010,27.880598,24.783674,22.891014,20.243469,19.161818,16.825624,14.185684,12.327948,11.182595,9.515961,8.375637,8.361513,8.077395,7.189126,5.762076,17.914345,6.156203,1.474064,0.604223,0.112390,0.105219,0.045272,0.033680,0.027658,0.011143,0.027490,0.010965,0.050451,0.027988,0.016367,0.060953,0.027973,0.005482,0.010132,0.005828,0.011284
37800,37859,37830,872.859,33.571,243.036,37.434,2.677,0.207,0.010,27.726450,24.859150,22.023102,20.434053,18.775827,16.099815,14.348689,12.678027,10.781264,9.621298,8.871648,8.623678,7.897034,7.190576,5.894040,18.222589,6.190968,1.464252,0.595324,0.157008,0.084751,0.044500,0.045682,0.017241,0.027972,0.028370,0.039348,0.039320,0.027840,0.028262,0.045184,0.033610,0.022892,0.011188,0.051203,0.033583
37860,37919,37890,872.847,33.485,243.036,37.118,2.628,0.204,0.010,28.205217,25.083694,22.595284,20.762522,18.799738,16.626064,14.049117,12.215306,10.715337,9.456643,8.394356,8.487361,7.653358,7.647485,5.840211,17.618946,5.976574,1.612142,0.606499,0.068093,0.122117,0.049884,0.016633,0.067013,0.049965,0.011001,0.022051,0.017123,0.044224,0.032821,0.044084,0.033423,0.027578,0.011210,0.028044,0.044579
37920,37979,37950,872.863,33.406,242.514,36.038,2.287,0.184,0.010,28.283520,25.100281,21.903658,20.971565,18.676962,15.891956,14.383297,12.471632,10.928733,9.519493,8.679411,8.432038,7.747816,7.298176,5.718894,17.872200,5.791040,1.557249,0.661716,0.133490,0.055448,0.072909,0.050447,0.033612,0.033751,0.016502,0.038972,0.022407,0.016376,0.011100,0.027826,0.039883,0.033594,0.005429,0.010842,0.022047
37980,38039,38010,872.887,33.332,246.075,37.146,2.445,0.191,0.010,28.539762,25.103109,22.753265,20.667866,18.527365,16.289330,14.494168,12.795658,11.387375,9.823623,9.256377,8.446227,7.777273,7.420405,5.557261,18.452345,5.839283,1.630079,0.612578,0.094224,0.094882,0.050069,0.050538,0.066960,0.049540,0.039328,0.011002,0.017172,0.060674,0.016580,0.050303,0.027900,0.016396,0.000000,0.017092,0.038852
38040,38099,38070,872.867,33.324,245.952,37.041,2.343,0.185,0.010,27.842655,24.481915,22.643047,21.023472,18.604929,16.403896,14.587837,12.786785,10.803749,9.254485,9.006589,8.740713,8.668878,7.482407,5.806666,18.890354,6.105287,1.428127,0.715801,0.090239,0.119041,0.061565,0.033613,0.022887,0.017771,0.051677,0.028245,0.033946,0.056922,0.033949,0.044854,0.040002,0.005824,0.011629,0.005845,0.016708
38100,38159,38130,872.899,33.380,245.055,36.503,2.243,0.179,0.010,27.117908,24.946745,22.295042,20.805750,19.025822,16.748013,13.969752,12.740337,11.473636,10.211867,9.069422,8.842069,7.792196,7.445682,5.794799,17.921165,6.217656,1.485646,0.563797,0.115397,0.056062,0.044559,0.049949,0.027784,0.038772,0.044660,0.027750,0.016708,0.010718,0.022412,0.033177,0.011074,0.022706,0.021705,0.027643,0.016875
38160,38219,38190,872.902,33.480,246.088,37.385,2.548,0.196,0.010,27.669920,25.688379,23.171179,20.543713,18.534954,16.276752,14.486518,12.647608,11.506999,9.611494,8.516774,8.840842,7.703938,7.215667,6.174105,18.560419,6.067316,1.478914,0.656669,0.144787,0.106889,0.055699,0.033195,0.055585,0.022665,0.044121,0.011150,0.033778,0.016782,0.033019,0.044812,0.044416,0.033506,0.011190,0.011149,0.033304
38220,38279,38250,872.883,33.572,246.988,37.580,2.544,0.194,0.011,27.955091,25.501795,22.248322,21.083475,18.533522,17.004549,14.370113,12.981493,11.312186,9.506089,9.063208,8.305875,8.302192,7.363202,6.018232,18.550699,5.794460,1.747790,0.623565,0.107170,0.077578,0.065787,0.055600,0.044270,0.038264,0.043815,0.016594,0.028001,0.033827,0.016583,0.061068,0.045059,0.027804,0.027387,0.027519,0.005447
38280,38339,38310,872.876,33.452,252.166,38.981,2.880,0.213,0.011,28.897898,26.356089,22.409430,21.332319,18.953512,17.124784,14.666992,13.063685,11.456298,10.061010,9.103564,8.842982,8.168227,7.679673,5.979706,19.052872,6.077915,1.479726,0.704726,0.123595,0.083796,0.050392,0.055259,0.049847,0.022179,0.016990,0.022506,0.038976,0.022298,0.027841,0.061262,0.044829,0.011300,0.056165,0.028008,0.038956
38340,38399,38370,872.847,33.519,253.859,38.617,2.638,0.200,0.011,28.689796,25.914539,23.448200,20.844769,19.184458,17.374634,15.286444,13.046197,11.453422,9.709233,9.246243,9.050097,8.634880,7.739336,5.891024,19.245611,6.088967,1.567619,0.703158,0.138171,0.111073,0.061412,0.044987,0.050559,0.005631,0.016866,0.022323,0.050552,0.027595,0.032973,0.049842,0.044492,0.022546,0.011154,0.005556,0.044725
38400,38459,38430,872.865,33.532,251.919,38.469,2.639,0.198,0.011,28.850922,25.736601,22.552475,21.921658,19.487854,16.542835,14.527724,13.182748,11.370136,10.403268,9.247157,8.806624,8.317762,7.196619,6.135412,18.552593,6.132265,1.629946,0.530017,0.126671,0.115296,0.086008,0.034257,0.034565,0.040195,0.028435,0.040674,0.034567,0.034155,0.034683,0.051706,0.023302,0.034765,0.023127,0.005728,0.046318
38460,38519,38490,872.862,33.497,249.251,38.503,2.729,0.207,0.011,28.151354,24.320351,22.576899,21.385950,19.354582,16.060339,14.381445,13.115826,10.994316,10.270183,9.299417,8.797228,8.205247,7.656166,6.400961,18.908144,6.447753,1.602677,0.581448,0.119466,0.080727,0.046154,0.080557,0.040310,0.039531,0.022685,0.016650,0.028279,0.033857,0.034726,0.051293,0.045137,0.016812,0.022496,0.022589,0.039889
38520,38579,38550,872.876,33.471,255.260,39.618,2.964,0.215,0.011,28.918259,25.768894,23.150948,21.447121,19.220036,17.031881,15.605332,13.176462,11.738355,10.143722,9.395848,9.115330,8.474811,7.842141,6.203170,19.246246,5.908887,1.424372,0.661503,0.116856,0.055297,0.055077,0.072095,0.027656,0.027639,0.055391,0.022325,0.032606,0.066715,0.033324,0.037741,0.039140,0.033324,0.022454,0.033661,0.055013
38580,38639,38610,872.892,33.393,252.261,37.895,2.284,0.177,0.010,27.988932,25.514824,22.523844,21.236444,19.091101,16.519602,14.602173,13.528873,11.468468,10.459773,9.371705,8.991333,8.131906,7.880876,6.229212,19.733761,6.161013,1.461622,0.697477,0.133165,0.093758,0.061083,0.027587,0.044262,0.032676,0.043748,0.016744,0.005482,0.044007,0.027188,0.055467,0.010772,0.027442,0.022260,0.011264,0.010911
