CampaignData_and_Merges/R0/CSL_MobileLab_Parked/raw/20240806/USOS-NOAAIodideCIMS-HNO3_MobileLabGround_20240806_RA.ict
33, 1001
Michael A Robinson, Chris Jernigan, Subi Thakali
NOAA ESRL Chemical Sciences Laboratory and CIRES, U. of Colorado
NOAA Iodide CIMS Instrument
USOS
1, 1
2024, 08, 06, 2024, 08, 06
1
starttime_UTC, seconds_past_midnight, seconds_of_day_since_00:00:00_UTC
1
1
-9999
HNO3_NOAACIMS, pptv, Gas_HNO3_InSitu_S_AVMR, 
0
18
PI_CONTACT_INFO: 325 Broadway, R/CSD 7, Boulder, Colorado 80305; michael.a.robinson@noaa.gov; chris.jernigan@noaa.gov;
PLATFORM: NOAA CSL Mobile Lab
LOCATION: SLC, Utah
ASSOCIATED_DATA: 1Hz data also available on request.
INSTRUMENT_INFO: NOAA I- ToF CIMS
DATA_INFO: All data in parts per trillion by volume (pptv). 1 Hz data is available upon request.
UNCERTAINTY: TBD
ULOD_FLAG: -7777
ULOD_VALUE: N/A
LLOD_FLAG: -8888
LLOD_VALUE: N/A
DM_CONTACT_INFO: Nathan Howard; nathan.h.howard@noaa.gov
PROJECT_INFO: USOS, summer 2024. https://csl.noaa.gov/groups/csl7/measurements/2024usos/
STIPULATIONS_ON_USE: Users are strongly encouraged to contact the PI for proper data usage.
OTHER_COMMENTS: 
REVISION: RA
RA: Preliminary Data; For in-field use only
starttime_UTC, HNO3_NOAACIMS
     0, -9999.000
    60, -9999.000
   120, -9999.000
   180, -9999.000
   240, -9999.000
   300, -9999.000
   360, -9999.000
   420, -9999.000
   480, -9999.000
   540, -9999.000
   600, -9999.000
   660, -9999.000
   720, -9999.000
   780, -9999.000
   840, -9999.000
   900, -9999.000
   960, 423.039
  1020, 491.204
  1080, 552.933
  1140, 887.292
  1200, 815.850
  1260, 764.271
  1320, 714.595
  1380, 708.614
  1440, 662.278
  1500, 688.478
  1560, 638.781
  1620, 629.619
  1680, 649.333
  1740, 671.212
  1800, 689.758
  1860, 688.081
  1920, 644.878
  1980, 661.759
  2040, 664.175
  2100, -9999.000
  2160, 566.375
  2220, 584.579
  2280, 617.423
  2340, 618.493
  2400, 626.501
  2460, 622.744
  2520, 600.631
  2580, 581.587
  2640, 571.788
  2700, 586.480
  2760, 564.242
  2820, 524.091
  2880, 518.965
  2940, 545.383
  3000, 570.419
  3060, 582.767
  3120, 592.220
  3180, 572.525
  3240, 567.163
  3300, 565.984
  3360, 568.998
  3420, 559.826
  3480, 550.027
  3540, 552.551
  3600, 568.586
  3660, 512.869
  3720, 462.925
  3780, 425.873
  3840, 395.278
  3900, 383.817
  3960, -9999.000
  4020, 362.326
  4080, 353.456
  4140, 348.516
  4200, 333.666
  4260, 324.353
  4320, 333.193
  4380, 332.530
  4440, 330.204
  4500, 334.025
  4560, 344.403
  4620, 357.168
  4680, 357.014
  4740, 368.146
  4800, 368.216
  4860, 375.985
  4920, 378.458
  4980, 380.350
  5040, 376.451
  5100, 376.058
  5160, 386.736
  5220, 396.393
  5280, 383.926
  5340, 372.832
  5400, 361.132
  5460, 359.334
  5520, 372.806
  5580, 380.814
  5640, 391.869
  5700, 408.408
  5760, 405.190
  5820, -9999.000
  5880, 376.696
  5940, 392.397
  6000, 398.589
  6060, 392.780
  6120, 386.586
  6180, 389.114
  6240, 393.002
  6300, 397.862
  6360, 383.357
  6420, 334.360
  6480, 285.363
  6540, 326.423
  6600, 393.579
  6660, 434.140
  6720, 462.558
  6780, 478.066
  6840, 479.140
  6900, 462.389
  6960, 412.713
  7020, 381.123
  7080, 401.874
  7140, 403.079
  7200, 448.797
  7260, 476.336
  7320, 496.806
  7380, 504.654
  7440, 481.504
  7500, 466.564
  7560, 428.020
  7620, 427.339
  7680, 400.457
  7740, 400.112
  7800, 413.769
  7860, 402.150
  7920, 394.053
  7980, 392.259
  8040, 389.328
  8100, 379.913
  8160, 370.945
  8220, 360.363
  8280, 357.736
  8340, 358.570
  8400, 358.365
  8460, 352.768
  8520, 358.377
  8580, 360.359
  8640, 360.587
  8700, 350.355
  8760, 341.652
  8820, 339.084
  8880, 338.862
  8940, 336.379
  9000, 334.064
  9060, 333.775
  9120, 336.354
  9180, 340.366
  9240, 342.409
  9300, 333.002
  9360, 333.154
  9420, 324.119
  9480, 334.642
  9540, 293.439
  9600, 301.827
  9660, 307.938
  9720, 310.137
  9780, 309.943
  9840, 307.052
  9900, 307.112
  9960, 308.082
 10020, 310.439
 10080, 314.632
 10140, 312.104
 10200, 300.248
 10260, 293.758
 10320, 288.991
 10380, 289.501
 10440, 292.063
 10500, 285.793
 10560, 286.141
 10620, 290.334
 10680, 287.885
 10740, 289.895
 10800, 289.009
 10860, 285.296
 10920, 282.132
 10980, 281.330
 11040, 280.796
 11100, 280.373
 11160, 278.171
 11220, 278.153
 11280, 278.522
 11340, 273.147
 11400, 275.246
 11460, 259.970
 11520, 255.762
 11580, 248.856
 11640, 243.353
 11700, 249.127
 11760, 252.208
 11820, 258.314
 11880, 254.788
 11940, 250.146
 12000, 236.003
 12060, 234.445
 12120, 229.159
 12180, 221.697
 12240, 218.619
 12300, 223.186
 12360, 231.550
 12420, 237.466
 12480, 234.803
 12540, 238.539
 12600, 242.398
 12660, 244.771
 12720, 249.468
 12780, 258.026
 12840, 256.575
 12900, 256.796
 12960, 267.190
 13020, 277.647
 13080, 283.820
 13140, 296.071
 13200, -9999.000
 13260, 263.221
 13320, 246.309
 13380, 238.811
 13440, 226.974
 13500, 219.504
 13560, 213.994
 13620, 218.994
 13680, 225.512
 13740, 225.303
 13800, 235.169
 13860, 235.251
 13920, 232.335
 13980, 227.253
 14040, 222.949
 14100, 216.490
 14160, 218.926
 14220, 219.754
 14280, 209.418
 14340, 203.412
 14400, 193.801
 14460, 187.277
 14520, 188.447
 14580, 188.521
 14640, 199.309
 14700, 205.315
 14760, 217.963
 14820, 222.017
 14880, 228.835
 14940, 227.397
 15000, 229.405
 15060, -9999.000
 15120, 219.771
 15180, 223.736
 15240, 209.139
 15300, 201.492
 15360, 193.418
 15420, 188.844
 15480, 194.938
 15540, 201.859
 15600, 200.417
 15660, 208.922
 15720, 214.777
 15780, 214.188
 15840, 219.680
 15900, 219.956
 15960, 221.846
 16020, 218.524
 16080, 220.371
 16140, 220.420
 16200, 220.044
 16260, 222.516
 16320, 229.343
 16380, 243.220
 16440, 249.132
 16500, 259.266
 16560, 266.003
 16620, 270.134
 16680, 271.336
 16740, 272.994
 16800, 270.559
 16860, 269.713
 16920, -9999.000
 16980, 256.256
 17040, 251.918
 17100, 253.085
 17160, 248.863
 17220, 243.204
 17280, 242.097
 17340, 243.553
 17400, 247.390
 17460, 239.725
 17520, 243.614
 17580, 251.155
 17640, 258.981
 17700, 266.637
 17760, 270.162
 17820, 266.815
 17880, 262.397
 17940, 256.849
 18000, 255.986
 18060, 251.351
 18120, 250.923
 18180, 245.612
 18240, 243.334
 18300, 234.696
 18360, 228.361
 18420, 221.788
 18480, 227.069
 18540, 223.716
 18600, 224.883
 18660, 224.202
 18720, 221.153
 18780, 215.473
 18840, 207.930
 18900, 209.680
 18960, 207.087
 19020, 204.502
 19080, 199.210
 19140, 201.087
 19200, 204.400
 19260, 205.216
 19320, 207.389
 19380, 216.774
 19440, 225.938
 19500, 238.334
 19560, 252.379
 19620, 260.840
 19680, 266.272
 19740, 268.273
 19800, 265.335
 19860, 262.835
 19920, 253.681
 19980, 246.099
 20040, 236.198
 20100, 232.602
 20160, 235.800
 20220, 240.088
 20280, 246.039
 20340, 244.045
 20400, 242.991
 20460, 238.573
 20520, 236.525
 20580, -9999.000
 20640, 207.317
 20700, 206.814
 20760, 206.341
 20820, 216.497
 20880, 219.895
 20940, 225.250
 21000, 236.552
 21060, 246.201
 21120, 254.074
 21180, 257.193
 21240, 257.340
 21300, 254.364
 21360, 248.775
 21420, 246.635
 21480, 242.126
 21540, 238.063
 21600, 238.131
 21660, 234.579
 21720, 230.834
 21780, 230.257
 21840, 228.308
 21900, 235.395
 21960, 241.991
 22020, 249.446
 22080, 245.801
 22140, 244.274
 22200, 244.810
 22260, 244.013
 22320, 239.562
 22380, 239.930
 22440, -9999.000
 22500, 229.803
 22560, 226.286
 22620, 220.653
 22680, 221.831
 22740, 231.963
 22800, 239.038
 22860, 240.166
 22920, 236.462
 22980, 231.214
 23040, 230.420
 23100, 230.726
 23160, 224.698
 23220, 219.791
 23280, 219.809
 23340, 217.510
 23400, 217.952
 23460, 219.084
 23520, 223.986
 23580, 234.217
 23640, 238.102
 23700, 236.996
 23760, 235.881
 23820, 229.836
 23880, 231.778
 23940, 229.746
 24000, 226.373
 24060, 225.521
 24120, 222.668
 24180, 218.327
 24240, 218.434
 24300, -9999.000
 24360, 207.188
 24420, 216.696
 24480, 220.860
 24540, 222.036
 24600, 223.217
 24660, 221.540
 24720, 219.305
 24780, 217.975
 24840, 212.973
 24900, 207.936
 24960, 207.733
 25020, 210.212
 25080, 218.498
 25140, 219.372
 25200, 219.718
 25260, 217.347
 25320, 214.210
 25380, 211.357
 25440, 209.150
 25500, 203.256
 25560, 202.709
 25620, 198.266
 25680, 193.652
 25740, 194.826
 25800, 202.427
 25860, 209.641
 25920, 215.398
 25980, 213.404
 26040, 209.798
 26100, 209.271
 26160, 201.457
 26220, 204.136
 26280, 201.209
 26340, 198.947
 26400, 197.608
 26460, 190.304
 26520, 192.049
 26580, 200.123
 26640, 205.660
 26700, 208.575
 26760, 212.761
 26820, 216.613
 26880, 217.190
 26940, 212.065
 27000, 209.579
 27060, 207.982
 27120, 208.720
 27180, 209.487
 27240, 214.261
 27300, 215.087
 27360, 221.553
 27420, 220.415
 27480, 222.723
 27540, 220.504
 27600, 216.811
 27660, 213.415
 27720, 210.356
 27780, 194.007
 27840, 190.984
 27900, 189.231
 27960, 188.763
 28020, 173.605
 28080, 173.231
 28140, 185.179
 28200, 195.645
 28260, 199.417
 28320, 199.926
 28380, 191.689
 28440, 183.303
 28500, 176.932
 28560, 171.526
 28620, 165.125
 28680, 160.852
 28740, 162.161
 28800, 156.690
 28860, 156.676
 28920, 163.832
 28980, 166.417
 29040, 171.511
 29100, 173.307
 29160, 168.475
 29220, 156.795
 29280, 163.513
 29340, 164.493
 29400, 159.912
 29460, 160.265
 29520, 167.169
 29580, 172.052
 29640, 184.151
 29700, 190.315
 29760, 196.561
 29820, 192.482
 29880, 194.437
 29940, 195.878
 30000, 195.712
 30060, 196.140
 30120, 194.727
 30180, 195.376
 30240, 193.707
 30300, 198.855
 30360, 207.065
 30420, 209.254
 30480, 208.559
 30540, 204.749
 30600, 199.882
 30660, 194.321
 30720, 188.376
 30780, 183.524
 30840, 176.957
 30900, 173.300
 30960, 174.171
 31020, 174.952
 31080, 166.366
 31140, 164.358
 31200, 160.111
 31260, 153.187
 31320, 148.835
 31380, 143.938
 31440, 141.963
 31500, 149.052
 31560, 154.071
 31620, 148.615
 31680, -9999.000
 31740, 149.531
 31800, 147.088
 31860, 142.719
 31920, 141.938
 31980, 144.559
 32040, 149.015
 32100, 146.560
 32160, 145.952
 32220, 143.466
 32280, 140.761
 32340, 139.605
 32400, 136.920
 32460, 138.011
 32520, 136.086
 32580, 139.089
 32640, 142.036
 32700, 140.765
 32760, 137.086
 32820, 137.793
 32880, 134.361
 32940, 133.905
 33000, 128.497
 33060, 125.416
 33120, 129.310
 33180, 133.143
 33240, 132.802
 33300, 131.665
 33360, 129.362
 33420, 131.936
 33480, 129.495
 33540, -9999.000
 33600, 134.701
 33660, 137.884
 33720, 137.090
 33780, 136.930
 33840, 134.159
 33900, 131.270
 33960, 130.292
 34020, 126.835
 34080, 123.704
 34140, 121.998
 34200, 125.202
 34260, 132.200
 34320, 136.657
 34380, 135.739
 34440, 134.078
 34500, 133.376
 34560, 131.464
 34620, 127.713
 34680, 123.539
 34740, 120.238
 34800, 124.205
 34860, 129.185
 34920, 127.348
 34980, 128.470
 35040, 126.462
 35100, 120.903
 35160, 124.894
 35220, 125.003
 35280, 121.394
 35340, 120.924
 35400, -9999.000
 35460, 153.530
 35520, 157.874
 35580, 162.160
 35640, 168.739
 35700, 173.600
 35760, 173.499
 35820, 175.292
 35880, 174.547
 35940, 172.473
 36000, 164.416
 36060, 160.577
 36120, 160.915
 36180, 151.294
 36240, 144.011
 36300, 133.071
 36360, 125.701
 36420, 124.747
 36480, 120.841
 36540, 109.955
 36600, 102.824
 36660, 95.205
 36720, 92.995
 36780, 92.366
 36840, 90.553
 36900, 85.082
 36960, 80.666
 37020, 80.990
 37080, 84.051
 37140, 87.531
 37200, 86.257
 37260, 91.534
 37320, 86.885
 37380, 86.624
 37440, 92.580
 37500, 93.012
 37560, 93.507
 37620, 89.826
 37680, 92.657
 37740, 88.523
 37800, 95.350
 37860, 97.429
 37920, 99.003
 37980, 98.596
 38040, 97.961
 38100, 95.841
 38160, 100.930
 38220, 105.816
 38280, 109.204
 38340, 112.477
 38400, 110.329
 38460, 107.095
 38520, 105.581
 38580, 109.884
 38640, 109.368
 38700, 114.321
 38760, 116.258
 38820, 113.327
 38880, 111.528
 38940, 111.033
 39000, 109.292
 39060, -9999.000
 39120, 120.373
 39180, 118.201
 39240, 115.439
 39300, 113.628
 39360, 113.261
 39420, 116.216
 39480, 119.239
 39540, 121.646
 39600, 122.797
 39660, 124.005
 39720, 120.482
 39780, 118.808
 39840, 116.019
 39900, 120.604
 39960, 124.994
 40020, 125.415
 40080, 126.459
 40140, 124.031
 40200, 121.815
 40260, 113.370
 40320, 117.943
 40380, 122.895
 40440, 126.975
 40500, 124.537
 40560, 125.823
 40620, 124.181
 40680, 123.552
 40740, 124.008
 40800, 126.361
 40860, 129.640
 40920, -9999.000
 40980, 130.812
 41040, 124.126
 41100, 126.143
 41160, 120.484
 41220, 120.408
 41280, 125.195
 41340, 122.505
 41400, 122.343
 41460, 123.261
 41520, 124.361
 41580, 119.922
 41640, 121.628
 41700, 126.702
 41760, 129.240
 41820, 130.539
 41880, 126.495
 41940, 126.512
 42000, 127.804
 42060, 128.011
 42120, 132.595
 42180, 137.574
 42240, 141.821
 42300, 138.075
 42360, 138.736
 42420, 135.959
 42480, 135.184
 42540, 141.119
 42600, 145.088
 42660, 146.921
 42720, 145.145
 42780, -9999.000
 42840, 132.505
 42900, 131.733
 42960, 136.322
 43020, 140.523
 43080, 144.768
 43140, 143.903
 43200, 145.474
 43260, 142.040
 43320, 141.901
 43380, 139.982
 43440, 141.162
 43500, 146.830
 43560, 150.193
 43620, 149.746
 43680, 146.646
 43740, 144.298
 43800, 145.096
 43860, 142.011
 43920, 141.038
 43980, 143.857
 44040, 149.699
 44100, 145.182
 44160, 146.472
 44220, 142.393
 44280, 137.969
 44340, 138.447
 44400, 141.877
 44460, 146.811
 44520, 147.050
 44580, 148.241
 44640, 140.997
 44700, 141.415
 44760, 139.391
 44820, 140.445
 44880, 143.461
 44940, 147.434
 45000, 148.999
 45060, 148.956
 45120, 144.739
 45180, 144.474
 45240, 140.280
 45300, 139.422
 45360, 140.768
 45420, 147.729
 45480, 148.259
 45540, 145.706
 45600, 143.947
 45660, 140.770
 45720, 140.213
 45780, 140.987
 45840, 147.446
 45900, 147.958
 45960, 148.795
 46020, 144.959
 46080, 140.082
 46140, 138.003
 46200, 134.238
 46260, 137.844
 46320, 139.848
 46380, 143.769
 46440, 144.953
 46500, 132.852
 46560, 127.490
 46620, 126.300
 46680, 119.439
 46740, 111.158
 46800, 102.564
 46860, 128.607
 46920, 305.645
 46980, 368.222
 47040, 338.258
 47100, 306.866
 47160, 282.904
 47220, 269.718
 47280, 265.970
 47340, 263.547
 47400, 256.445
 47460, 245.778
 47520, 240.633
 47580, 230.775
 47640, 217.626
 47700, 210.656
 47760, 204.717
 47820, 202.595
 47880, 210.816
 47940, 202.040
 48000, 195.098
 48060, 186.153
 48120, 177.735
 48180, 164.438
 48240, 158.282
 48300, 151.786
 48360, 175.475
 48420, 174.674
 48480, 171.462
 48540, 164.286
 48600, 162.294
 48660, 160.238
 48720, 157.225
 48780, 154.062
 48840, 160.601
 48900, 165.016
 48960, 168.358
 49020, 163.584
 49080, 161.321
 49140, 163.219
 49200, 163.607
 49260, 160.825
 49320, 156.476
 49380, 150.369
 49440, 149.281
 49500, 155.805
 49560, 161.195
 49620, 162.085
 49680, 158.790
 49740, 153.646
 49800, 152.988
 49860, 149.499
 49920, 142.872
 49980, 150.000
 50040, 149.720
 50100, 154.347
 50160, -9999.000
 50220, 173.143
 50280, 171.881
 50340, 164.706
 50400, 155.923
 50460, 151.096
 50520, 154.810
 50580, 154.592
 50640, 155.116
 50700, 157.664
 50760, 159.643
 50820, 156.692
 50880, 165.414
 50940, 161.482
 51000, 164.101
 51060, 174.149
 51120, 186.771
 51180, 186.682
 51240, 198.625
 51300, 190.124
 51360, 190.481
 51420, 196.051
 51480, 191.429
 51540, 188.902
 51600, 179.825
 51660, 181.633
 51720, 183.106
 51780, 186.946
 51840, 180.928
 51900, 177.946
 51960, 173.274
 52020, -9999.000
 52080, 178.470
 52140, 173.622
 52200, 177.237
 52260, 190.093
 52320, 199.852
 52380, 203.538
 52440, 208.829
 52500, 195.049
 52560, 194.008
 52620, 199.582
 52680, 211.608
 52740, 206.662
 52800, 204.667
 52860, 197.874
 52920, 194.572
 52980, 194.123
 53040, 200.779
 53100, 199.416
 53160, 203.500
 53220, 202.336
 53280, 196.660
 53340, 187.204
 53400, 181.828
 53460, 176.739
 53520, 177.757
 53580, 196.624
 53640, 208.804
 53700, 200.604
 53760, 190.161
 53820, 177.053
 53880, -9999.000
 53940, 192.668
 54000, 209.161
 54060, 228.023
 54120, 219.874
 54180, 223.060
 54240, 230.937
 54300, 246.157
 54360, 245.633
 54420, 253.666
 54480, 255.955
 54540, 257.669
 54600, 261.655
 54660, 259.354
 54720, 255.048
 54780, 259.413
 54840, 251.176
 54900, 242.148
 54960, 235.039
 55020, 234.549
 55080, 229.647
 55140, 221.519
 55200, 213.469
 55260, 213.352
 55320, 216.613
 55380, 220.138
 55440, 215.947
 55500, 223.431
 55560, 218.325
 55620, 222.255
 55680, 219.140
 55740, 226.365
 55800, 233.568
 55860, 232.680
 55920, 218.033
 55980, 221.741
 56040, 213.416
 56100, 203.415
 56160, 219.219
 56220, 216.289
 56280, 221.903
 56340, 233.638
 56400, 218.179
 56460, 216.846
 56520, 220.001
 56580, 223.207
 56640, 226.110
 56700, 227.097
 56760, 227.728
 56820, 219.660
 56880, 235.151
 56940, 238.912
 57000, 240.921
 57060, 273.173
 57120, 282.961
 57180, 266.946
 57240, 264.111
 57300, 270.812
 57360, -9999.000
 57420, 255.424
 57480, 259.835
 57540, 267.571
 57600, 262.944
 57660, 273.332
 57720, 288.203
 57780, 347.608
 57840, 386.677
 57900, 397.180
 57960, 402.586
 58020, 404.254
 58080, 425.937
 58140, 439.624
 58200, 444.161
 58260, 462.631
 58320, 473.565
 58380, 489.559
 58440, 504.729
 58500, 505.468
 58560, 517.542
 58620, 525.560
 58680, 536.388
 58740, 525.328
 58800, -9999.000
 58860, -9999.000
 58920, -9999.000
 58980, -9999.000
 59040, -9999.000
 59100, -9999.000
 59160, -9999.000
 59220, -9999.000
 59280, -9999.000
 59340, -9999.000
 59400, -9999.000
 59460, -9999.000
 59520, -9999.000
 59580, -9999.000
 59640, -9999.000
