CampaignData_and_Merges/R0/CSL_MobileLab_Parked/raw/20240806/USOS-MetNav_MobileLabGround_20240806_R0.ict
44, 1001
Carrie Womack, Nate Howard, Mike Zucker
NOAA Chemical Sciences Laboratory
Mobile Lab MetNav Station
USOS
1, 1
2024, 08, 06, 2024, 12, 21
60
Time_Start, seconds_past_midnight, Seconds from midnight UTC
11
1, 1, 1, 1, 1, 1, 1, 1, 1, 1, 1
-9999, -9999, -9999, -9999, -9999, -9999, -9999, -9999, -9999, -9999, -9999
GPS_Alt_m, meters, Altitude from Differential GPS
GPS_Course_deg, degrees, Course from Differential GPS
GPS_GndSpd_m_s, m/s, Ground Speed from Differential GPS
GPS_Heading_deg, degrees, Heading from Differential GPS
GPS_Lat_deg, degrees, Latitude from Differential GPS
GPS_Lon_deg, degrees, Longitude from Differential GPS
AirTemp_C, Celsius, Air Temperature from Airmar
RelHumidity_pct, percent, Relative Humidity from Airmar
Pressure_mb, millibars, Pressure from Honeywell
WindDir_calc_deg, degrees, Wind Direction from Airmar corrected for van movement
WindSpd_calc_m_s, m/s, Wind Speed from Airmar corrected for van movement
1
SPECIAL COMMENTS:
18
PI_CONTACT_INFO: Address: 325 Broadway R/CSL7, Boulder, CO, 80305
PLATFORM: CSL Mobile Lab
LOCATION: Salt Lake City, UT
ASSOCIATED_DATA: N/A
INSTRUMENT_INFO: N/A
DATA_INFO: Units:
UNCERTAINTY: N/A
ULOD_FLAG: -7777
ULOD_VALUE: N/A
LLOD_FLAG: -8888
LLOD_VALUE: N/A
DM_CONTACT_INFO: Data Manager: Nate Howard
PROJECT_INFO: 
STIPULATIONS_ON_USE: Use of these data require prior ok from PI.
OTHER_COMMENTS: 
REVISION: R0
R0: Final data. Fixed bug in wind averaging code. RA: Preliminary Data. For in-field use only. 
Time_Start, GPS_Alt_m, GPS_Course_deg, GPS_GndSpd_m_s, GPS_Heading_deg, GPS_Lat_deg, GPS_Lon_deg, AirTemp_C, RelHumidity_pct, Pressure_mb, WindDir_calc_deg, WindSpd_calc_m_s
[from data line 1250]
75000.0,1309.2,2.28,0.04,2.28,40.73434,-111.87211,43.1,12.7,877.7,134.94,1.5
75060.0,1309.2,2.46,0.04,2.46,40.73434,-111.87211,42.9,12.5,877.7,140.97,1.7
75120.0,1309.3,2.53,0.04,2.53,40.73434,-111.87211,43.1,12.9,877.7,125.20,0.1
75180.0,1309.3,1.90,0.05,1.90,40.73434,-111.87211,42.9,13.3,877.7,69.45,0.8
75240.0,1309.2,1.57,0.04,1.57,40.73434,-111.87210,43.0,13.0,877.7,124.80,0.5
75300.0,1309.3,1.66,0.04,1.66,40.73434,-111.87210,43.1,12.6,877.7,104.21,1.2
75360.0,1309.5,1.88,0.04,1.88,40.73434,-111.87210,43.0,13.2,877.7,93.74,0.8
75420.0,1309.6,2.77,0.04,2.77,40.73434,-111.87211,43.1,12.5,877.7,125.32,0.4
75480.0,1309.5,2.60,0.05,2.60,40.73434,-111.87210,43.1,12.4,877.7,5.23,0.1
75540.0,1309.6,2.02,0.05,2.02,40.73434,-111.87211,43.0,12.9,877.6,65.90,0.7
75600.0,1309.7,1.72,0.05,1.72,40.73434,-111.87211,42.8,12.8,877.6,53.88,0.5
75660.0,1309.8,1.29,0.05,1.29,40.73434,-111.87211,42.4,12.5,877.6,356.67,0.5
75720.0,1309.8,1.27,0.05,1.27,40.73434,-111.87211,42.6,12.6,877.5,86.65,0.7
75780.0,1309.7,1.24,0.05,1.24,40.73434,-111.87210,42.7,12.5,877.5,99.42,0.9
75840.0,1309.6,1.67,0.05,1.67,40.73434,-111.87210,42.7,12.8,877.5,83.56,1.3
75900.0,1309.6,2.14,0.05,2.14,40.73434,-111.87210,42.7,13.2,877.5,92.31,1.3
75960.0,1309.5,2.09,0.05,2.09,40.73434,-111.87210,42.6,13.1,877.5,96.10,1.3
76020.0,1309.4,2.09,0.05,2.09,40.73434,-111.87210,42.7,12.3,877.5,107.57,1.4
76080.0,1309.3,2.24,0.04,2.24,40.73434,-111.87210,42.8,12.1,877.5,102.43,1.3
76140.0,1309.2,2.05,0.05,2.05,40.73434,-111.87210,42.7,12.2,877.4,88.63,1.2
76200.0,1309.2,2.25,0.05,2.25,40.73434,-111.87210,42.8,12.4,877.4,99.18,1.0
76260.0,1309.1,2.06,0.04,2.06,40.73434,-111.87210,43.0,12.3,877.4,102.30,1.0
76320.0,1309.1,2.67,0.04,2.67,40.73434,-111.87210,43.2,12.5,877.4,90.51,0.8
76380.0,1308.9,2.98,0.04,2.98,40.73434,-111.87210,43.3,12.5,877.4,88.94,0.9
76440.0,1308.9,2.84,0.05,2.84,40.73434,-111.87211,43.4,12.4,877.4,118.63,0.5
76500.0,1309.0,2.57,0.05,2.57,40.73434,-111.87211,43.4,12.3,877.4,89.19,1.0
76560.0,1308.8,2.47,0.04,2.47,40.73434,-111.87211,43.3,12.3,877.4,17.72,0.1
76620.0,1308.7,2.72,0.04,2.72,40.73434,-111.87211,43.3,12.7,877.4,55.98,0.4
76680.0,1308.5,2.28,0.04,2.28,40.73434,-111.87211,43.1,12.6,877.4,81.15,0.9
76740.0,1308.5,2.01,0.04,2.01,40.73434,-111.87211,43.3,12.3,877.4,104.10,1.1
76800.0,1308.5,1.92,0.04,1.92,40.73434,-111.87211,43.2,12.3,877.3,85.39,0.9
76860.0,1308.6,1.89,0.05,1.89,40.73434,-111.87211,42.9,12.3,877.3,103.24,1.5
76920.0,1308.7,1.74,0.04,1.74,40.73434,-111.87211,43.0,13.2,877.3,87.87,1.2
76980.0,1308.6,1.47,0.05,1.47,40.73434,-111.87211,43.0,12.8,877.3,110.51,1.5
77040.0,1308.6,1.94,0.04,1.94,40.73434,-111.87211,43.2,12.3,877.3,111.25,1.5
77100.0,1308.5,2.01,0.05,2.01,40.73434,-111.87211,43.0,14.7,877.2,100.43,1.7
77160.0,1308.4,2.31,0.05,2.31,40.73434,-111.87211,42.9,13.8,877.2,90.14,1.3
77220.0,1308.3,2.43,0.05,2.43,40.73434,-111.87211,42.8,13.7,877.2,89.50,1.3
77280.0,1308.2,2.54,0.05,2.54,40.73434,-111.87210,42.8,12.9,877.2,92.97,1.3
77340.0,1308.1,2.16,0.05,2.16,40.73434,-111.87211,42.7,13.2,877.2,90.93,1.4
77400.0,1308.1,2.12,0.05,2.12,40.73434,-111.87211,42.7,12.9,877.2,94.26,1.4
77460.0,1308.2,1.78,0.05,1.78,40.73434,-111.87211,42.9,12.8,877.2,93.20,1.3
77520.0,1308.2,1.69,0.05,1.69,40.73434,-111.87211,43.2,12.1,877.1,108.82,1.0
77580.0,1308.2,1.81,0.05,1.81,40.73434,-111.87210,43.3,12.1,877.1,113.12,1.5
77640.0,1308.2,1.74,0.05,1.74,40.73434,-111.87210,43.4,12.2,877.1,128.61,1.5
77700.0,1308.5,2.05,0.05,2.05,40.73434,-111.87211,43.5,12.5,877.1,101.32,1.0
77760.0,1308.6,1.84,0.04,1.84,40.73434,-111.87211,43.5,12.7,877.1,101.04,1.0
77820.0,1308.5,1.77,0.05,1.77,40.73434,-111.87211,43.6,12.7,877.1,91.11,1.3
77880.0,1308.3,1.40,0.04,1.40,40.73434,-111.87211,43.7,12.6,877.1,95.76,0.8
77940.0,1308.4,1.19,0.05,1.19,40.73434,-111.87211,43.8,12.4,877.1,95.02,1.1
78000.0,1308.5,1.35,0.05,1.35,40.73434,-111.87211,43.9,12.3,877.0,98.83,0.9
78060.0,1308.7,1.23,0.05,1.23,40.73434,-111.87211,43.9,13.1,877.0,73.23,1.1
78120.0,1308.9,1.39,0.05,1.39,40.73434,-111.87211,44.0,13.1,877.0,102.69,1.4
78180.0,1309.0,1.82,0.06,1.82,40.73434,-111.87211,43.9,13.1,877.0,63.52,0.6
78240.0,1308.7,1.83,0.06,1.83,40.73434,-111.87211,43.6,12.8,877.0,62.51,0.8
78300.0,1308.4,1.14,0.05,1.14,40.73434,-111.87210,43.7,13.3,877.0,94.96,1.7
78360.0,1308.7,1.20,0.04,1.20,40.73434,-111.87210,43.4,13.4,877.0,75.69,1.2
78420.0,1308.8,1.21,0.04,1.21,40.73434,-111.87210,43.4,13.4,877.0,93.29,1.5
78480.0,1308.9,1.78,0.05,1.78,40.73434,-111.87210,43.3,13.0,877.0,69.16,0.9
78540.0,1309.0,1.44,0.04,1.44,40.73434,-111.87210,43.3,13.3,877.0,83.05,1.3
78600.0,1309.1,1.13,0.04,1.13,40.73434,-111.87210,43.4,13.3,877.0,85.72,1.1
78660.0,1309.1,1.56,0.04,1.56,40.73434,-111.87210,43.5,13.3,877.0,85.55,1.4
78720.0,1309.0,1.90,0.05,1.90,40.73434,-111.87211,43.4,13.5,877.0,69.51,0.9
78780.0,1309.0,1.49,0.05,1.49,40.73434,-111.87211,42.8,12.7,877.0,43.04,1.1
78840.0,1308.8,1.53,0.05,1.53,40.73434,-111.87211,42.8,12.9,877.0,72.83,1.2
78900.0,1308.3,1.58,0.05,1.58,40.73434,-111.87210,42.8,13.3,877.0,78.21,1.2
78960.0,1308.5,1.78,0.06,1.78,40.73434,-111.87210,42.7,13.4,877.0,85.44,1.1
79020.0,1308.8,1.97,0.06,1.97,40.73434,-111.87210,42.6,13.7,877.0,85.35,1.3
79080.0,1308.8,1.42,0.04,1.42,40.73434,-111.87210,42.8,12.7,876.9,97.01,0.9
79140.0,1309.0,1.15,0.05,1.15,40.73434,-111.87210,43.1,12.7,876.9,88.32,0.9
79200.0,1308.9,0.71,0.06,0.71,40.73434,-111.87210,43.2,13.0,876.9,86.61,1.0
79260.0,1308.3,0.81,0.05,0.81,40.73434,-111.87210,43.3,13.8,876.9,83.54,1.5
79320.0,1308.1,0.54,0.04,0.54,40.73434,-111.87211,43.3,14.0,876.9,86.79,1.5
79380.0,1308.4,359.87,0.05,359.87,40.73434,-111.87211,43.4,13.5,876.9,87.96,1.5
79440.0,1308.7,0.06,0.05,0.06,40.73434,-111.87211,43.5,12.6,876.9,97.43,0.9
79500.0,1309.2,0.38,0.06,0.38,40.73434,-111.87211,43.6,12.5,876.8,116.63,1.0
79560.0,1309.3,359.92,0.05,359.92,40.73434,-111.87211,43.6,13.0,876.8,84.79,0.7
79620.0,1308.9,0.29,0.06,0.29,40.73434,-111.87211,43.2,13.3,876.8,57.99,0.9
79680.0,1309.4,0.30,0.05,0.30,40.73434,-111.87211,43.2,13.4,876.8,68.66,0.8
79740.0,1309.6,0.64,0.05,0.64,40.73434,-111.87211,43.1,13.2,876.8,64.96,0.7
79800.0,1309.5,0.73,0.05,0.73,40.73434,-111.87211,42.9,13.3,876.8,27.83,0.5
79860.0,1309.6,1.29,0.04,1.29,40.73434,-111.87211,42.7,13.4,876.8,50.98,0.8
79920.0,1309.6,0.99,0.04,0.99,40.73434,-111.87211,42.6,13.5,876.8,63.79,1.0
79980.0,1309.6,0.48,0.05,0.48,40.73434,-111.87211,42.5,13.7,876.8,66.24,0.9
80040.0,1309.7,0.17,0.05,0.17,40.73434,-111.87211,42.4,14.0,876.7,75.95,1.2
80100.0,1309.7,0.41,0.06,0.41,40.73434,-111.87211,42.5,13.8,876.7,65.85,0.8
80160.0,1309.7,0.55,0.04,0.55,40.73434,-111.87211,42.4,13.5,876.7,55.22,0.8
80220.0,1309.7,0.68,0.05,0.68,40.73434,-111.87211,42.2,13.7,876.7,55.44,1.0
80280.0,1309.8,0.98,0.05,0.98,40.73434,-111.87211,42.2,14.1,876.7,75.35,1.1
80340.0,1309.8,1.16,0.05,1.16,40.73434,-111.87211,42.1,13.8,876.7,36.46,0.7
80400.0,1309.9,0.87,0.05,0.87,40.73434,-111.87211,41.9,14.0,876.7,38.72,0.7
80460.0,1309.9,0.84,0.04,0.84,40.73434,-111.87211,42.0,13.9,876.7,55.85,0.8
80520.0,1310.0,1.01,0.05,1.01,40.73434,-111.87211,42.2,13.3,876.7,83.33,0.6
80580.0,1310.0,0.84,0.06,0.84,40.73434,-111.87211,42.3,13.2,876.7,144.69,0.2
80640.0,1310.4,1.20,0.06,1.20,40.73434,-111.87211,42.3,13.5,876.7,66.66,0.8
80700.0,1310.5,1.34,0.06,1.34,40.73434,-111.87211,42.4,13.7,876.6,76.89,1.0
80760.0,1310.5,0.92,0.05,0.92,40.73434,-111.87211,42.5,13.6,876.6,72.11,0.9
80820.0,1310.3,0.81,0.06,0.81,40.73434,-111.87211,42.5,14.5,876.6,84.85,1.3
80880.0,1310.3,0.66,0.05,0.66,40.73434,-111.87211,42.3,13.9,876.6,84.14,1.3
80940.0,1310.2,0.37,0.05,0.37,40.73434,-111.87211,42.3,13.7,876.6,60.33,0.2
81000.0,1310.2,0.32,0.05,0.32,40.73434,-111.87211,42.2,14.2,876.6,69.54,1.1
81060.0,1310.2,0.75,0.05,0.75,40.73434,-111.87211,42.2,14.1,876.6,67.11,0.9
81120.0,1310.2,0.87,0.04,0.87,40.73434,-111.87211,42.3,14.0,876.6,67.58,0.7
81180.0,1310.1,0.65,0.05,0.65,40.73434,-111.87211,42.4,14.5,876.6,71.41,1.1
81240.0,1310.1,0.85,0.04,0.85,40.73434,-111.87211,42.3,14.2,876.6,65.14,1.0
81300.0,1310.0,0.65,0.05,0.65,40.73434,-111.87211,42.4,14.2,876.6,66.29,0.9
81360.0,1310.0,0.41,0.05,0.41,40.73434,-111.87211,42.3,14.0,876.5,61.64,0.9
81420.0,1309.9,0.70,0.04,0.70,40.73434,-111.87211,42.4,13.9,876.5,70.61,0.7
81480.0,1309.7,0.42,0.05,0.42,40.73434,-111.87211,42.2,13.8,876.5,70.13,0.8
81540.0,1309.5,0.38,0.05,0.38,40.73434,-111.87211,42.3,14.0,876.5,69.91,1.0
81600.0,1309.5,0.44,0.05,0.44,40.73434,-111.87211,42.2,14.0,876.5,30.53,0.6
81660.0,1309.6,0.84,0.05,0.84,40.73434,-111.87211,41.9,13.8,876.5,31.91,0.7
81720.0,1309.7,1.12,0.05,1.12,40.73434,-111.87211,41.8,13.8,876.5,61.28,1.0
81780.0,1309.7,1.40,0.04,1.40,40.73434,-111.87211,41.7,14.0,876.4,68.21,1.1
81840.0,1309.6,2.14,0.05,2.14,40.73434,-111.87211,41.6,14.0,876.4,50.44,0.8
81900.0,1309.7,2.06,0.06,2.06,40.73434,-111.87211,41.6,14.3,876.4,90.75,1.2
81960.0,1309.6,1.45,0.05,1.45,40.73434,-111.87211,41.7,14.7,876.4,91.60,1.5
82020.0,1309.3,1.43,0.05,1.43,40.73434,-111.87211,41.7,14.7,876.4,79.32,1.2
82080.0,1309.3,1.57,0.05,1.57,40.73434,-111.87211,41.5,14.3,876.5,66.21,1.0
82140.0,1309.2,1.61,0.04,1.61,40.73434,-111.87211,41.4,14.2,876.5,73.60,1.1
82200.0,1309.4,1.86,0.05,1.86,40.73434,-111.87211,41.5,14.2,876.5,65.42,1.0
82260.0,1309.8,1.91,0.04,1.91,40.73434,-111.87211,41.3,14.3,876.5,73.07,1.3
82320.0,1310.0,1.88,0.05,1.88,40.73434,-111.87211,41.4,14.5,876.5,96.02,1.6
82380.0,1310.3,1.86,0.05,1.86,40.73434,-111.87210,41.3,14.4,876.5,70.45,1.1
82440.0,1310.4,1.77,0.05,1.77,40.73434,-111.87210,41.3,14.2,876.5,67.52,1.0
82500.0,1310.5,1.71,0.05,1.71,40.73434,-111.87210,41.4,13.9,876.5,73.36,1.1
82560.0,1310.5,1.71,0.06,1.71,40.73434,-111.87210,41.2,14.0,876.4,65.02,1.0
82620.0,1310.0,1.62,0.05,1.62,40.73434,-111.87211,41.4,14.0,876.4,65.73,0.7
82680.0,1309.8,1.48,0.05,1.48,40.73434,-111.87211,41.2,13.8,876.4,64.58,1.0
82740.0,1309.7,2.09,0.05,2.09,40.73434,-111.87211,41.0,14.3,876.4,77.33,1.2
82800.0,1309.8,1.95,0.05,1.95,40.73434,-111.87211,41.0,13.8,876.4,62.16,1.0
82860.0,1309.8,1.79,0.05,1.79,40.73434,-111.87211,41.2,14.0,876.4,88.99,1.1
82920.0,1309.9,1.48,0.05,1.48,40.73434,-111.87211,41.0,14.1,876.4,68.38,1.3
82980.0,1309.9,1.21,0.05,1.21,40.73434,-111.87210,41.0,14.0,876.4,67.42,0.8
83040.0,1309.8,1.29,0.05,1.29,40.73434,-111.87210,41.1,14.1,876.4,68.43,0.9
83100.0,1309.9,1.20,0.05,1.20,40.73434,-111.87210,41.0,13.7,876.4,24.23,0.5
83160.0,1310.0,1.35,0.05,1.35,40.73434,-111.87211,41.1,13.6,876.4,61.37,0.7
83220.0,1309.6,1.45,0.06,1.45,40.73434,-111.87211,40.9,13.9,876.4,61.45,1.1
83280.0,1309.6,1.70,0.04,1.70,40.73434,-111.87211,40.7,13.9,876.4,52.74,1.5
83340.0,1309.9,1.56,0.04,1.56,40.73434,-111.87211,40.5,13.7,876.4,59.49,1.1
83400.0,1309.9,1.45,0.05,1.45,40.73434,-111.87211,40.4,13.8,876.4,78.88,1.2
83460.0,1309.8,1.66,0.05,1.66,40.73434,-111.87211,40.4,14.1,876.4,69.15,1.1
83520.0,1310.0,1.71,0.05,1.71,40.73434,-111.87211,40.4,13.9,876.4,58.07,1.1
83580.0,1309.7,1.70,0.05,1.70,40.73434,-111.87211,40.2,13.8,876.4,65.29,1.1
83640.0,1309.5,1.43,0.04,1.43,40.73434,-111.87211,40.2,13.8,876.4,38.36,0.7
83700.0,1309.7,1.80,0.05,1.80,40.73434,-111.87210,40.4,14.2,876.4,67.47,0.8
83760.0,1309.7,2.11,0.05,2.11,40.73434,-111.87210,40.3,14.1,876.4,64.16,1.0
83820.0,1309.6,2.20,0.05,2.20,40.73434,-111.87210,40.5,14.3,876.4,66.91,0.7
83880.0,1309.6,1.86,0.04,1.86,40.73434,-111.87210,40.4,14.1,876.4,68.14,0.8
83940.0,1309.5,1.99,0.04,1.99,40.73434,-111.87210,40.5,14.1,876.4,81.13,1.1
84000.0,1309.4,1.70,0.04,1.70,40.73434,-111.87210,40.6,14.1,876.4,83.61,1.1
84060.0,1309.5,2.32,0.04,2.32,40.73434,-111.87210,40.7,13.5,876.4,66.43,0.7
84120.0,1309.4,2.22,0.04,2.22,40.73434,-111.87210,40.3,13.8,876.4,66.02,1.3
84180.0,1309.4,2.33,0.05,2.33,40.73433,-111.87210,40.3,14.0,876.4,63.79,1.0
84240.0,1309.1,2.44,0.05,2.44,40.73433,-111.87210,40.3,14.2,876.4,72.32,1.2
84300.0,1309.2,2.26,0.05,2.26,40.73433,-111.87210,40.3,14.2,876.4,69.69,1.0
84360.0,1309.2,2.70,0.05,2.70,40.73433,-111.87210,40.4,14.0,876.4,66.03,0.7
84420.0,1309.2,2.43,0.05,2.43,40.73433,-111.87210,40.4,13.9,876.4,61.89,0.7
84480.0,1309.0,2.11,0.05,2.11,40.73433,-111.87210,40.4,14.3,876.4,84.09,1.3
84540.0,1309.0,2.20,0.05,2.20,40.73433,-111.87210,40.4,14.1,876.3,77.95,1.0
84600.0,1309.0,2.60,0.05,2.60,40.73433,-111.87210,40.5,14.0,876.3,88.30,1.2
84660.0,1309.1,2.78,0.04,2.78,40.73433,-111.87210,40.7,13.5,876.3,77.95,0.8
84720.0,1309.1,2.73,0.06,2.73,40.73433,-111.87210,40.7,14.0,876.3,77.86,1.0
84780.0,1309.1,1.81,0.05,1.81,40.73433,-111.87210,40.7,14.0,876.3,58.04,0.7
84840.0,1309.1,1.87,0.05,1.87,40.73433,-111.87210,40.6,13.6,876.3,67.90,1.2
84900.0,1309.2,1.72,0.04,1.72,40.73433,-111.87210,40.7,13.9,876.3,70.29,0.8
84960.0,1309.1,1.55,0.04,1.55,40.73433,-111.87211,40.6,13.7,876.3,56.93,0.6
85020.0,1309.2,1.52,0.05,1.52,40.73433,-111.87210,40.6,13.8,876.2,42.00,0.7
85080.0,1309.1,1.39,0.05,1.39,40.73433,-111.87210,40.7,14.2,876.3,68.56,1.0
85140.0,1309.0,1.23,0.05,1.23,40.73433,-111.87210,40.7,14.4,876.3,86.71,1.1
85200.0,1309.0,1.73,0.06,1.73,40.73433,-111.87210,40.6,14.2,876.3,70.66,1.1
85260.0,1308.8,1.61,0.06,1.61,40.73434,-111.87210,40.6,14.0,876.3,66.63,0.9
85320.0,1308.7,1.73,0.06,1.73,40.73434,-111.87210,40.5,14.0,876.3,80.35,1.0
85380.0,1308.7,2.08,0.04,2.08,40.73434,-111.87211,40.4,13.7,876.3,71.98,1.2
85440.0,1308.8,2.16,0.05,2.16,40.73434,-111.87210,40.3,13.9,876.2,84.37,1.1
85500.0,1308.8,2.34,0.05,2.34,40.73434,-111.87210,40.3,14.1,876.2,102.81,1.4
85560.0,1308.7,1.85,0.05,1.85,40.73434,-111.87210,40.5,14.4,876.2,92.60,1.4
85620.0,1308.4,1.51,0.04,1.51,40.73434,-111.87210,40.3,14.2,876.2,81.17,1.2
85680.0,1308.2,1.17,0.04,1.17,40.73434,-111.87210,40.2,13.8,876.2,86.97,1.2
85740.0,1308.4,1.07,0.04,1.07,40.73434,-111.87210,40.3,14.1,876.2,85.15,1.2
85800.0,1308.3,1.13,0.04,1.13,40.73434,-111.87210,40.3,14.0,876.2,70.84,0.9
85860.0,1308.1,1.21,0.04,1.21,40.73434,-111.87210,40.3,14.2,876.2,80.44,1.2
85920.0,1308.0,1.18,0.05,1.18,40.73434,-111.87210,40.4,14.1,876.2,81.77,1.0
85980.0,1308.0,1.12,0.04,1.12,40.73434,-111.87211,40.3,14.0,876.2,71.58,1.1
86040.0,1308.0,1.54,0.04,1.54,40.73434,-111.87211,40.3,14.0,876.2,74.39,1.0
86100.0,1308.0,1.89,0.05,1.89,40.73434,-111.87211,40.4,14.1,876.2,78.85,1.1
86160.0,1308.0,1.81,0.05,1.81,40.73434,-111.87211,40.2,14.0,876.2,64.63,1.2
86220.0,1308.3,1.93,0.05,1.93,40.73434,-111.87211,40.1,14.0,876.2,84.57,1.2
86280.0,1308.3,1.96,0.05,1.96,40.73434,-111.87211,40.3,14.3,876.2,78.99,0.9
86340.0,1308.3,1.70,0.05,1.70,40.73434,-111.87211,40.2,14.2,876.2,79.79,1.1
