CampaignData_and_Merges/R0/CSL_MobileLab_Parked/raw/20240723/USOS-MetNav_MobileLabGround_20240723_R0.ict
44, 1001
Carrie Womack, Nate Howard, Mike Zucker
NOAA Chemical Sciences Laboratory
Mobile Lab MetNav Station
USOS
1, 1
2024, 07, 23, 2024, 12, 21
60
Time_Start, seconds_past_midnight, Seconds from midnight UTC
11
1, 1, 1, 1, 1, 1, 1, 1, 1, 1, 1
-9999, -9999, -9999, -9999, -9999, -9999, -9999, -9999, -9999, -9999, -9999
GPS_Alt_m, meters, Altitude from Differential GPS
GPS_Course_deg, degrees, Course from Differential GPS
GPS_GndSpd_m_s, m/s, Ground Speed from Differential GPS
GPS_Heading_deg, degrees, Heading from Differential GPS
GPS_Lat_deg, degrees, Latitude from Differential GPS
GPS_Lon_deg, degrees, Longitude from Differential GPS
AirTemp_C, Celsius, Air Temperature from Airmar
RelHumidity_pct, percent, Relative Humidity from Airmar
Pressure_mb, millibars, Pressure from Honeywell
WindDir_calc_deg, degrees, Wind Direction from Airmar corrected for van movement
WindSpd_calc_m_s, m/s, Wind Speed from Airmar corrected for van movement
1
SPECIAL COMMENTS:
18
PI_CONTACT_INFO: Address: 325 Broadway R/CSL7, Boulder, CO, 80305
PLATFORM: CSL Mobile Lab
LOCATION: Salt Lake City, UT
ASSOCIATED_DATA: N/A
INSTRUMENT_INFO: N/A
DATA_INFO: Units:
UNCERTAINTY: N/A
ULOD_FLAG: -7777
ULOD_VALUE: N/A
LLOD_FLAG: -8888
LLOD_VALUE: N/A
DM_CONTACT_INFO: Data Manager: Nate Howard
PROJECT_INFO: 
STIPULATIONS_ON_USE: Use of these data require prior ok from PI.
OTHER_COMMENTS: 
REVISION: R0
R0: Final data. Fixed bug in wind averaging code. RA: Preliminary Data. For in-field use only. 
Time_Start, GPS_Alt_m, GPS_Course_deg, GPS_GndSpd_m_s, GPS_Heading_deg, GPS_Lat_deg, GPS_Lon_deg, AirTemp_C, RelHumidity_pct, Pressure_mb, WindDir_calc_deg, WindSpd_calc_m_s
[from data line 1323]
79380.0,-9999.0,-9999.00,-9999.00,-9999.00,-9999.00000,-9999.00000,-9999.0,-9999.0,-9999.0,-9999.00,-9999.0
79440.0,-9999.0,-9999.00,-9999.00,-9999.00,-9999.00000,-9999.00000,-9999.0,-9999.0,-9999.0,-9999.00,-9999.0
79500.0,-9999.0,-9999.00,-9999.00,-9999.00,-9999.00000,-9999.00000,-9999.0,-9999.0,-9999.0,-9999.00,-9999.0
79560.0,-9999.0,-9999.00,-9999.00,-9999.00,-9999.00000,-9999.00000,-9999.0,-9999.0,-9999.0,-9999.00,-9999.0
79620.0,-9999.0,-9999.00,-9999.00,-9999.00,-9999.00000,-9999.00000,-9999.0,-9999.0,-9999.0,-9999.00,-9999.0
79680.0,-9999.0,-9999.00,-9999.00,-9999.00,-9999.00000,-9999.00000,-9999.0,-9999.0,-9999.0,-9999.00,-9999.0
79740.0,-9999.0,-9999.00,-9999.00,-9999.00,-9999.00000,-9999.00000,-9999.0,-9999.0,-9999.0,-9999.00,-9999.0
79800.0,-9999.0,-9999.00,-9999.00,-9999.00,-9999.00000,-9999.00000,-9999.0,-9999.0,-9999.0,-9999.00,-9999.0
79860.0,-9999.0,-9999.00,-9999.00,-9999.00,-9999.00000,-9999.00000,-9999.0,-9999.0,-9999.0,-9999.00,-9999.0
79920.0,-9999.0,-9999.00,-9999.00,-9999.00,-9999.00000,-9999.00000,-9999.0,-9999.0,-9999.0,-9999.00,-9999.0
79980.0,-9999.0,-9999.00,-9999.00,-9999.00,-9999.00000,-9999.00000,-9999.0,-9999.0,-9999.0,-9999.00,-9999.0
80040.0,-9999.0,-9999.00,-9999.00,-9999.00,-9999.00000,-9999.00000,-9999.0,-9999.0,-9999.0,-9999.00,-9999.0
80100.0,-9999.0,-9999.00,-9999.00,-9999.00,-9999.00000,-9999.00000,-9999.0,-9999.0,-9999.0,-9999.00,-9999.0
80160.0,-9999.0,-9999.00,-9999.00,-9999.00,-9999.00000,-9999.00000,-9999.0,-9999.0,-9999.0,-9999.00,-9999.0
80220.0,-9999.0,-9999.00,-9999.00,-9999.00,-9999.00000,-9999.00000,-9999.0,-9999.0,-9999.0,-9999.00,-9999.0
80280.0,-9999.0,-9999.00,-9999.00,-9999.00,-9999.00000,-9999.00000,-9999.0,-9999.0,-9999.0,-9999.00,-9999.0
80340.0,-9999.0,-9999.00,-9999.00,-9999.00,-9999.00000,-9999.00000,-9999.0,-9999.0,-9999.0,-9999.00,-9999.0
80400.0,-9999.0,-9999.00,-9999.00,-9999.00,-9999.00000,-9999.00000,-9999.0,-9999.0,-9999.0,-9999.00,-9999.0
80460.0,-9999.0,-9999.00,-9999.00,-9999.00,-9999.00000,-9999.00000,-9999.0,-9999.0,-9999.0,-9999.00,-9999.0
80520.0,-9999.0,-9999.00,-9999.00,-9999.00,-9999.00000,-9999.00000,-9999.0,-9999.0,-9999.0,-9999.00,-9999.0
80580.0,-9999.0,-9999.00,-9999.00,-9999.00,-9999.00000,-9999.00000,-9999.0,-9999.0,-9999.0,-9999.00,-9999.0
80640.0,-9999.0,-9999.00,-9999.00,-9999.00,-9999.00000,-9999.00000,-9999.0,-9999.0,-9999.0,-9999.00,-9999.0
80700.0,-9999.0,-9999.00,-9999.00,-9999.00,-9999.00000,-9999.00000,-9999.0,-9999.0,-9999.0,-9999.00,-9999.0
80760.0,-9999.0,-9999.00,-9999.00,-9999.00,-9999.00000,-9999.00000,-9999.0,-9999.0,-9999.0,-9999.00,-9999.0
80820.0,-9999.0,-9999.00,-9999.00,-9999.00,-9999.00000,-9999.00000,-9999.0,-9999.0,-9999.0,-9999.00,-9999.0
80880.0,-9999.0,-9999.00,-9999.00,-9999.00,-9999.00000,-9999.00000,-9999.0,-9999.0,-9999.0,-9999.00,-9999.0
80940.0,-9999.0,-9999.00,-9999.00,-9999.00,-9999.00000,-9999.00000,-9999.0,-9999.0,-9999.0,-9999.00,-9999.0
81000.0,-9999.0,-9999.00,-9999.00,-9999.00,-9999.00000,-9999.00000,-9999.0,-9999.0,-9999.0,-9999.00,-9999.0
81060.0,-9999.0,-9999.00,-9999.00,-9999.00,-9999.00000,-9999.00000,-9999.0,-9999.0,-9999.0,-9999.00,-9999.0
81120.0,-9999.0,-9999.00,-9999.00,-9999.00,-9999.00000,-9999.00000,-9999.0,-9999.0,-9999.0,-9999.00,-9999.0
81180.0,-9999.0,-9999.00,-9999.00,-9999.00,-9999.00000,-9999.00000,-9999.0,-9999.0,-9999.0,-9999.00,-9999.0
81240.0,-9999.0,-9999.00,-9999.00,-9999.00,-9999.00000,-9999.00000,-9999.0,-9999.0,-9999.0,-9999.00,-9999.0
81300.0,-9999.0,-9999.00,-9999.00,-9999.00,-9999.00000,-9999.00000,-9999.0,-9999.0,-9999.0,-9999.00,-9999.0
81360.0,-9999.0,-9999.00,-9999.00,-9999.00,-9999.00000,-9999.00000,-9999.0,-9999.0,-9999.0,-9999.00,-9999.0
81420.0,-9999.0,-9999.00,-9999.00,-9999.00,-9999.00000,-9999.00000,-9999.0,-9999.0,-9999.0,-9999.00,-9999.0
81480.0,-9999.0,-9999.00,-9999.00,-9999.00,-9999.00000,-9999.00000,-9999.0,-9999.0,-9999.0,-9999.00,-9999.0
81540.0,-9999.0,-9999.00,-9999.00,-9999.00,-9999.00000,-9999.00000,-9999.0,-9999.0,-9999.0,-9999.00,-9999.0
81600.0,-9999.0,-9999.00,-9999.00,-9999.00,-9999.00000,-9999.00000,-9999.0,-9999.0,-9999.0,-9999.00,-9999.0
81660.0,-9999.0,-9999.00,-9999.00,-9999.00,-9999.00000,-9999.00000,-9999.0,-9999.0,-9999.0,-9999.00,-9999.0
81720.0,-9999.0,-9999.00,-9999.00,-9999.00,-9999.00000,-9999.00000,-9999.0,-9999.0,-9999.0,-9999.00,-9999.0
81780.0,-9999.0,-9999.00,-9999.00,-9999.00,-9999.00000,-9999.00000,-9999.0,-9999.0,-9999.0,-9999.00,-9999.0
81840.0,-9999.0,-9999.00,-9999.00,-9999.00,-9999.00000,-9999.00000,-9999.0,-9999.0,-9999.0,-9999.00,-9999.0
81900.0,-9999.0,-9999.00,-9999.00,-9999.00,-9999.00000,-9999.00000,-9999.0,-9999.0,-9999.0,-9999.00,-9999.0
81960.0,-9999.0,-9999.00,-9999.00,-9999.00,-9999.00000,-9999.00000,-9999.0,-9999.0,-9999.0,-9999.00,-9999.0
82020.0,-9999.0,-9999.00,-9999.00,-9999.00,-9999.00000,-9999.00000,-9999.0,-9999.0,-9999.0,-9999.00,-9999.0
82080.0,1309.7,0.74,0.05,0.74,40.73434,-111.87211,37.2,15.1,876.5,156.28,0.3
82140.0,1309.7,0.57,0.05,0.57,40.73434,-111.87211,37.4,15.3,876.4,118.40,1.3
82200.0,1309.6,0.56,0.05,0.56,40.73434,-111.87211,37.7,15.1,876.4,143.40,1.0
82260.0,1309.6,0.44,0.05,0.44,40.73434,-111.87211,37.9,14.9,876.3,157.80,0.3
82320.0,1309.4,359.93,0.05,359.93,40.73434,-111.87211,38.0,15.1,876.2,142.11,0.2
82380.0,1309.3,0.05,0.05,0.05,40.73434,-111.87211,38.2,15.7,876.2,86.51,0.3
82440.0,1309.1,359.95,0.05,359.95,40.73434,-111.87210,38.2,15.6,876.2,42.65,0.3
82500.0,1309.1,359.71,0.05,359.71,40.73434,-111.87211,38.3,15.2,876.1,101.95,0.6
82560.0,1308.8,359.33,0.05,359.33,40.73434,-111.87211,38.5,14.9,876.2,106.16,0.6
82620.0,1309.2,359.00,0.05,359.00,40.73434,-111.87211,38.3,15.0,876.1,334.32,0.5
82680.0,1308.7,359.15,0.06,359.15,40.73435,-111.87211,38.5,15.6,876.1,78.55,0.4
82740.0,1308.8,359.33,0.05,359.33,40.73435,-111.87211,38.5,15.5,876.1,63.49,0.4
82800.0,1308.6,359.49,0.05,359.49,40.73435,-111.87211,38.7,15.4,876.1,121.17,0.5
82860.0,1308.7,359.15,0.05,359.15,40.73435,-111.87210,38.7,15.2,876.1,87.71,0.4
82920.0,1309.3,358.72,0.05,358.72,40.73435,-111.87210,38.9,14.5,876.1,148.05,0.1
82980.0,1310.9,358.63,0.05,358.63,40.73434,-111.87211,38.7,14.1,876.1,318.49,0.5
83040.0,1310.9,358.63,0.05,358.63,40.73434,-111.87211,38.7,13.6,876.1,281.21,0.0
83100.0,1310.7,359.17,0.05,359.17,40.73434,-111.87211,38.9,14.4,876.1,108.70,1.5
83160.0,1310.6,359.32,0.05,359.32,40.73434,-111.87211,39.0,15.3,876.1,95.22,1.3
83220.0,1310.7,359.25,0.05,359.25,40.73434,-111.87211,39.0,15.3,876.1,72.63,0.7
83280.0,1310.8,359.49,0.05,359.49,40.73434,-111.87211,39.0,14.7,876.1,89.97,0.7
83340.0,1310.7,359.45,0.05,359.45,40.73434,-111.87211,39.3,13.6,876.1,125.57,0.8
83400.0,1310.8,359.73,0.05,359.73,40.73434,-111.87211,39.6,13.6,876.1,109.61,1.5
83460.0,1310.8,359.24,0.05,359.24,40.73434,-111.87211,39.8,13.7,876.1,118.92,1.1
83520.0,1310.9,358.81,0.05,358.81,40.73434,-111.87211,40.0,14.1,876.1,106.43,1.3
83580.0,1311.1,358.75,0.05,358.75,40.73434,-111.87211,40.2,13.5,876.1,126.64,0.7
83640.0,1311.1,358.92,0.05,358.92,40.73434,-111.87211,40.3,13.9,876.1,96.55,1.3
83700.0,1310.9,359.12,0.05,359.12,40.73434,-111.87211,40.5,13.2,876.1,138.57,1.4
83760.0,1310.9,358.90,0.05,358.90,40.73434,-111.87211,40.4,13.2,876.1,103.35,1.2
83820.0,1311.0,359.08,0.05,359.08,40.73434,-111.87211,40.5,14.5,876.1,100.84,1.3
83880.0,1311.0,359.31,0.05,359.31,40.73434,-111.87211,40.5,13.3,876.1,108.75,1.0
83940.0,1310.9,359.62,0.06,359.62,40.73434,-111.87211,40.6,13.3,876.1,106.48,1.2
84000.0,1311.1,359.52,0.05,359.52,40.73434,-111.87211,40.7,13.1,876.1,115.85,0.8
84060.0,1311.3,359.00,0.05,359.00,40.73434,-111.87211,40.8,13.5,876.0,103.98,0.9
84120.0,1311.3,359.05,0.05,359.05,40.73434,-111.87211,41.0,13.3,876.0,100.05,1.2
84180.0,1311.6,359.19,0.05,359.19,40.73434,-111.87211,40.8,13.7,875.9,61.44,0.6
84240.0,1311.1,359.36,0.05,359.36,40.73434,-111.87211,41.0,13.0,875.9,116.23,0.4
84300.0,1311.0,359.02,0.06,359.02,40.73434,-111.87211,41.1,13.0,875.9,91.54,0.5
84360.0,1310.9,359.22,0.05,359.22,40.73434,-111.87211,41.0,13.1,875.9,66.18,0.2
84420.0,1310.9,359.29,0.05,359.29,40.73434,-111.87211,41.0,13.2,875.9,53.13,0.3
84480.0,1310.9,359.31,0.05,359.31,40.73434,-111.87211,41.0,13.2,875.9,116.26,0.5
84540.0,1310.9,359.62,0.05,359.62,40.73434,-111.87211,41.0,12.9,875.9,158.52,0.5
84600.0,1311.0,359.52,0.04,359.52,40.73434,-111.87211,41.1,13.0,875.9,135.48,0.3
84660.0,1310.9,359.30,0.05,359.30,40.73434,-111.87211,41.2,13.2,875.9,99.42,0.7
84720.0,1310.9,359.52,0.05,359.52,40.73434,-111.87211,41.2,13.3,875.9,116.49,0.7
84780.0,1310.8,359.25,0.05,359.25,40.73434,-111.87211,41.3,13.0,875.9,128.69,0.9
84840.0,1310.6,358.70,0.05,358.70,40.73434,-111.87211,41.3,12.8,875.8,143.54,0.5
84900.0,1310.3,359.11,0.05,359.11,40.73434,-111.87211,41.2,13.7,875.7,93.99,0.8
84960.0,1310.0,359.18,0.05,359.18,40.73434,-111.87211,41.3,13.7,875.7,101.98,0.8
85020.0,1310.4,359.49,0.05,359.49,40.73434,-111.87211,41.2,13.6,875.8,87.66,0.9
85080.0,1310.4,359.80,0.05,359.80,40.73434,-111.87211,41.0,14.4,875.9,89.41,1.0
85140.0,1310.2,0.00,0.04,0.00,40.73434,-111.87211,40.9,13.7,875.9,85.95,0.9
85200.0,1310.1,359.65,0.06,359.65,40.73434,-111.87211,40.7,14.0,875.9,93.19,1.1
85260.0,1310.1,359.27,0.05,359.27,40.73434,-111.87211,40.7,13.9,875.9,98.68,1.1
85320.0,1310.0,359.74,0.05,359.74,40.73434,-111.87211,40.6,14.1,875.8,89.10,0.9
85380.0,1310.0,359.96,0.05,359.96,40.73434,-111.87211,40.6,14.0,875.8,96.83,1.5
85440.0,1310.1,359.92,0.05,359.92,40.73434,-111.87211,40.5,13.6,875.8,108.21,1.5
85500.0,1309.9,360.00,0.05,360.00,40.73434,-111.87211,40.3,14.0,875.8,92.58,1.0
85560.0,1310.3,0.32,0.05,0.32,40.73434,-111.87211,40.0,13.7,875.8,76.43,0.8
85620.0,1310.4,0.18,0.04,0.18,40.73434,-111.87210,40.0,13.7,875.8,81.32,0.7
85680.0,1310.0,0.26,0.04,0.26,40.73434,-111.87210,40.1,13.4,875.8,85.04,0.6
85740.0,1310.3,0.60,0.04,0.60,40.73434,-111.87211,40.0,13.3,875.8,21.87,0.3
85800.0,1310.2,0.33,0.05,0.33,40.73434,-111.87210,40.1,13.4,875.8,90.66,0.4
85860.0,1310.1,359.87,0.04,359.87,40.73434,-111.87210,40.3,13.5,875.8,93.67,0.9
85920.0,1310.2,0.12,0.05,0.12,40.73434,-111.87210,40.4,13.5,875.8,96.92,1.0
85980.0,1310.2,0.12,0.05,0.12,40.73434,-111.87210,40.5,13.5,875.8,107.09,0.9
86040.0,1310.3,0.44,0.05,0.44,40.73434,-111.87210,40.6,12.7,875.8,99.66,1.2
86100.0,1310.4,0.08,0.04,0.08,40.73434,-111.87211,40.7,13.0,875.8,79.15,0.7
86160.0,1310.4,359.85,0.05,359.85,40.73434,-111.87210,40.6,13.3,875.8,84.04,0.7
86220.0,1310.5,0.13,0.06,0.13,40.73434,-111.87210,40.3,13.5,875.8,55.66,0.5
86280.0,1310.4,0.30,0.05,0.30,40.73434,-111.87210,40.0,13.8,875.8,93.16,1.3
86340.0,1310.8,0.06,0.05,0.06,40.73434,-111.87211,39.9,13.6,875.8,82.81,0.8
