CampaignData_and_Merges/R0/CSL_MobileLab_Parked/raw/20240723/USOS-NOy-LIF_MobileLabGround_20240723_R0.ict
39,1001
Rollins, A.; Waxman, E.; Zuraski, K.; Chace, W.
NOAA Chemical Sciences Laboratory
LIF NO/NOx/NOy on CSL Mobile Lab
AMMBEC / USOS
1, 1
2024,07,23, 2025,01,03
1
Time_Start, seconds, number_of_seconds_since_0000_UTC
7
1, 1, 1, 1, 1, 1, 1
-9999, -9999, -9999, -9999, -9999, -9999, -9999
Time_Stop, seconds, number_of_seconds_since_0000_UTC
NO_LIF, pptv, Gas_NO_InSitu_S_AVMR, volume mixing ratio of nitric oxide in air
NO2_LIF, pptv, Gas_NO2_InSitu_S_AVMR, volume mixing ratio of nitrogen dioxide in air
NOy_LIF, pptv, Gas_NOy_InSitu_S_AVMR, volume mixing ratio of total oxidized nitrogen in air
NO_LIF_1SigmaAccuracy, pptv, Gas_NO_InSitu_S_AVMR, volume mixing ratio of nitric oxide in air
NO2_LIF_1SigmaAccuracy, pptv, Gas_NO2_InSitu_S_AVMR, volume mixing ratio of nitrogen dioxide in air
NOy_LIF_1SigmaAccuracy, pptv, Gas_NOy_InSitu_S_AVMR, volume mixing ratio of total oxidized nitrogen in air
0
18
PI_CONTACT_INFO: andrew.rollins@noaa.gov
PLATFORM: CSL Mobile Lab
LOCATION: Salt Lake City, UT
ASSOCIATED_DATA:
INSTRUMENT_INFO: NO detection by laser induced fluorescence. NO2 detection by photolytic conversion to NO. NOy detection by catalytic conversion to NO on gold surface
DATA_INFO:
UNCERTAINTY: Included 1 Sigma Accuracy waves represent the combined calibration uncertainties (±6%, ±9%, ±10%) and zero uncertainties (3 ppt, 20 ppt, 100 ppt) for NO, NO2, and NOy, respectively.
ULOD_FLAG: -7777
ULOD_VALUE: N/A
LLOD_FLAG: -8888
LLOD_VALUE: N/A
DM_CONTACT_INFO: andrew.rollins@noaa.gov
PROJECT_INFO: USOS Project, July - August 2024
STIPULATIONS_ON_USE: Users are strongly encouraged to contact the PI for proper data usage.
OTHER_COMMENTS:
REVISION: R0
R0: final data
Time_Start, Time_Stop, NO_LIF, NO2_LIF, NOy_LIF, NO_LIF_1SigmaAccuracy, NO2_LIF_1SigmaAccuracy, NOy_LIF_1SigmaAccuracy
[from data line 1373]
   82380,   82440,-9999,-9999,-9999,-9999, -9999, -9999
   82440,   82500,-9999,-9999,-9999,-9999, -9999, -9999
   82500,   82560,-9999,-9999,-9999,-9999, -9999, -9999
   82560,   82620,-9999,-9999,-9999,-9999, -9999, -9999
   82620,   82680,-9999,-9999,-9999,-9999, -9999, -9999
   82680,   82740,-9999,-9999,-9999,-9999, -9999, -9999
   82740,   82800,-9999,-9999,-9999,-9999, -9999, -9999
   82800,   82860,-9999,-9999,-9999,-9999, -9999, -9999
   82860,   82920,-9999,-9999,-9999,-9999, -9999, -9999
   82920,   82980,-9999,-9999,-9999,-9999, -9999, -9999
   82980,   83040,-9999,-9999,-9999,-9999, -9999, -9999
   83040,   83100,-9999,-9999,-9999,-9999, -9999, -9999
   83100,   83160,-9999,-9999,-9999,-9999, -9999, -9999
   83160,   83220,-9999,-9999,-9999,-9999, -9999, -9999
   83220,   83280,-9999,-9999,-9999,-9999, -9999, -9999
   83280,   83340,-9999,-9999,-9999,-9999, -9999, -9999
   83340,   83400,-9999,-9999,-9999,-9999, -9999, -9999
   83400,   83460,-9999,-9999,-9999,-9999, -9999, -9999
   83460,   83520,-9999,-9999,-9999,-9999, -9999, -9999
   83520,   83580,-9999,-9999,-9999,-9999, -9999, -9999
   83580,   83640,-9999,-9999,-9999,-9999, -9999, -9999
   83640,   83700,-9999,-9999,-9999,-9999, -9999, -9999
   83700,   83760,-9999,-9999,-9999,-9999, -9999, -9999
   83760,   83820,-9999,-9999,-9999,-9999, -9999, -9999
   83820,   83880,-9999,-9999,-9999,-9999, -9999, -9999
   83880,   83940,-9999,-9999,-9999,-9999, -9999, -9999
   83940,   84000,-9999,-9999,-9999,-9999, -9999, -9999
   84000,   84060,-9999,-9999,-9999,-9999, -9999, -9999
   84060,   84120,-9999,-9999,-9999,-9999, -9999, -9999
   84120,   84180,-9999,-9999,-9999,-9999, -9999, -9999
   84180,   84240,300.8,2187.8,5955.7,21.048, 216.9, 695.57
   84240,   84300,1038.3,3795.6,7245.5,65.3, 361.61, 824.55
   84300,   84360,235.11,1695.8,4371.8,17.106, 172.63, 537.18
   84360,   84420,253.17,1745.9,4343.9,18.19, 177.13, 534.39
   84420,   84480,557.43,2270.2,4702.1,36.446, 224.32, 570.21
   84480,   84540,887.14,3158.6,8038.9,56.228, 304.27, 903.89
   84540,   84600,2075.5,5474.9,13001,127.53, 512.74, 1400.1
   84600,   84660,2796.9,7123.4,14985,170.81, 661.11, 1598.5
   84660,   84720,2109,5513.4,12355,129.54, 516.2, 1335.5
   84720,   84780,2597.4,6627.3,12160,158.84, 616.46, 1316
   84780,   84840,4820.2,12037,22683,292.21, 1103.4, 2368.3
   84840,   84900,4181.8,11177,19998,253.91, 1025.9, 2099.8
   84900,   84960,1455.6,5716.3,12955,90.338, 534.47, 1395.5
   84960,   85020,276.8,2335.8,5727.3,19.608, 230.22, 672.73
   85020,   85080,1054.9,4600.7,9962.2,66.293, 434.07, 1096.2
   85080,   85140,284.62,2404.6,6275.6,20.077, 236.41, 727.56
   85140,   85200,225.93,1828.9,4614.5,16.556, 184.6, 561.45
   85200,   85260,217.64,1935.8,4646,16.058, 194.22, 564.6
   85260,   85320,225.68,1999.3,4690.4,16.541, 199.93, 569.04
   85320,   85380,246.82,2060.9,4771.5,17.809, 205.48, 577.15
   85380,   85440,229.77,1981.6,4568.3,16.786, 198.34, 556.83
   85440,   85500,199.09,1733,4194.7,14.946, 175.97, 519.47
   85500,   85560,227.47,1891.9,4568.3,16.648, 190.27, 556.83
   85560,   85620,228.17,1928,4717.5,16.69, 193.52, 571.75
   85620,   85680,276.66,2118.3,4906.5,19.599, 210.65, 590.65
   85680,   85740,282.55,2104,4631.3,19.953, 209.36, 563.13
   85740,   85800,343.2,2455.3,5526.7,23.592, 240.98, 652.67
   85800,   85860,244.76,1957.9,4503.1,17.686, 196.21, 550.31
   85860,   85920,192.76,1578.3,3997.4,14.566, 162.05, 499.74
   85920,   85980,183.17,1577.7,3902.9,13.99, 162, 490.29
   85980,   86040,503.47,2696.4,7955.4,33.208, 262.67, 895.54
   86040,   86100,3331.8,8160.1,14681,202.91, 754.41, 1568.1
   86100,   86160,329.45,2228.4,5717.7,22.767, 220.56, 671.77
   86160,   86220,139.33,1235.1,3496.7,11.36, 131.16, 449.67
   86220,   86280,146.3,1296.7,3465.5,11.778, 136.71, 446.55
   86280,   86340,153.2,1364.8,3683.2,12.192, 142.83, 468.32
   86340,   86400,151.16,1380.4,3630.9,12.07, 144.24, 463.09
