CampaignData_and_Merges/R0/CSL_MobileLab_Parked/raw/20240723/USOS-NOAAIodideCIMS-Halogens_MobileLabGround_20240723_RA.ict
38, 1001
Michael A Robinson, Chris Jernigan, Subi Thakali
NOAA ESRL Chemical Sciences Laboratory and CIRES, U. of Colorado
NOAA Iodide CIMS Instrument
USOS
1, 1
2024, 07, 23, 2024, 07, 25
1
starttime_UTC, seconds_past_midnight, seconds_of_day_since_00:00:00_UTC
6
1, 1, 1, 1, 1, 1
-9999, -9999, -9999, -9999, -9999, -9999
Br2_NOAACIMS, pptv, Gas_Br2_InSitu_S_AVMR, 
BrO_NOAACIMS, pptv, Gas_BrO_InSitu_S_AVMR, 
Cl2_NOAACIMS, pptv, Gas_Cl2_InSitu_S_AVMR, 
ClNO2_NOAACIMS, pptv, Gas_ClNO2_InSitu_S_AVMR, 
BrCl_NOAACIMS, pptv, Gas_BrCl_InSitu_S_AVMR, 
NCl3_NOAACIMS, pptv, Gas_NCl3_InSitu_S_AVMR, 
0
18
PI_CONTACT_INFO: 325 Broadway, R/CSD 7, Boulder, Colorado 80305; michael.a.robinson@noaa.gov; chris.jernigan@noaa.gov;
PLATFORM: NOAA CSL Mobile Lab
LOCATION: SLC, Utah
ASSOCIATED_DATA: 1Hz data also available on request.
INSTRUMENT_INFO: NOAA I- ToF CIMS
DATA_INFO: All data in parts per trillion by volume (pptv). 1 Hz data is available upon request.
UNCERTAINTY: TBD
ULOD_FLAG: -7777
ULOD_VALUE: N/A
LLOD_FLAG: -8888
LLOD_VALUE: N/A
DM_CONTACT_INFO: Nathan Howard; nathan.h.howard@noaa.gov
PROJECT_INFO: USOS, summer 2024. https://csl.noaa.gov/groups/csl7/measurements/2024usos/
STIPULATIONS_ON_USE: Users are strongly encouraged to contact the PI for proper data usage.
OTHER_COMMENTS: 
REVISION: RA
RA: Preliminary Data; For in-field use only
starttime_UTC, Br2_NOAACIMS, BrO_NOAACIMS, Cl2_NOAACIMS, ClNO2_NOAACIMS, BrCl_NOAACIMS, NCl3_NOAACIMS
[from data line 564]
 33840,  0.456, -0.013,  1.047,  0.038,  0.053,  1.878
 33900,  0.544,  0.031,  1.008,  0.024,  0.055,  2.148
 33960,  0.442, -0.025,  1.032,  0.027,  0.054,  1.899
 34020,  0.416,  0.037,  1.052,  0.003,  0.040,  1.996
 34080,  0.661,  0.012,  0.939,  0.012,  0.051,  1.703
 34140,  0.546,  0.017,  0.923,  0.050,  0.054,  1.809
 34200,  0.381, -0.024,  1.031, -0.002,  0.054,  1.810
 34260,  0.483,  0.056,  1.063,  0.019,  0.063,  1.664
 34320,  0.135, -0.066,  0.930,  0.030,  0.042,  1.364
 34380,  0.274,  0.006,  0.911,  0.012,  0.074,  1.369
 34440,  0.514,  0.009,  1.073,  0.048,  0.066,  1.611
 34500,  0.268, -0.040,  0.963, -0.031,  0.050,  1.341
 34560,  0.132, -0.019,  0.977, -0.003,  0.026,  1.322
 34620,  0.499,  0.081,  0.972, -0.012,  0.076,  1.830
 34680,  0.461,  0.190,  1.001, -0.060, -0.005,  1.916
 34740,  0.639,  0.010,  0.889, -0.021,  0.054,  1.742
 34800,  0.590,  0.016,  1.028, -0.010,  0.061,  1.690
 34860,  0.453, -0.017,  1.040, -0.021,  0.036,  1.649
 34920,  0.534, -0.028,  1.011,  0.027,  0.079,  1.596
 34980,  0.615, -0.019,  0.986, -0.001,  0.065,  1.728
 35040,  0.615, -0.026,  0.961,  0.023,  0.046,  1.983
 35100,  0.667, -0.034,  0.987,  0.028,  0.083,  1.621
 35160,  0.614, -0.044,  1.046,  0.018,  0.052,  1.748
 35220,  0.580,  0.014,  0.969,  0.033,  0.073,  1.758
 35280,  0.502, -0.068,  0.934,  0.016,  0.067,  1.953
 35340,  0.587,  0.048,  0.853,  0.036,  0.080,  2.101
 35400,  0.674, -0.005,  1.048,  0.028,  0.066,  2.075
 35460,  0.613, -0.032,  1.024,  0.027,  0.071,  2.010
 35520,  0.644, -0.067,  0.985,  0.029,  0.069,  1.930
 35580,  0.678, -0.092,  1.001,  0.043,  0.056,  2.395
 35640,  0.640, -0.093,  1.004,  0.054,  0.049,  2.532
 35700,  0.593, -0.090,  1.051,  0.048,  0.058,  2.645
 35760,  0.763, -0.005,  1.070,  0.054,  0.059,  2.915
 35820,  0.711, -0.117,  1.142,  0.053,  0.034,  2.940
 35880,  0.641, -0.070,  1.045,  0.058,  0.068,  2.482
 35940,  0.663, -0.060,  1.067,  0.100,  0.064,  3.568
 36000,  0.661, -0.122,  1.021,  0.132,  0.069,  4.548
 36060,  0.727, -0.040,  1.280,  0.217,  0.097,  5.377
 36120,  0.712, -0.080,  1.254,  0.217,  0.065,  6.082
 36180,  0.658, -0.094,  1.291,  0.206,  0.068,  6.048
 36240,  0.655, -0.056,  1.056,  0.100,  0.074,  3.407
 36300,  0.782, -0.079,  0.974,  0.086,  0.053,  2.588
 36360,  0.781, -0.066,  0.986,  0.073,  0.089,  2.093
 36420,  0.856, -0.158,  1.041,  0.095,  0.058,  2.145
 36480,  0.769, -0.167,  1.031,  0.085,  0.052,  2.356
 36540, -9999.000, -9999.000, -9999.000, -9999.000, -9999.000, -9999.000
 36600,  0.639, -0.103,  0.906,  0.076,  0.035,  2.443
 36660,  0.101, -0.188,  0.961,  0.058,  0.027,  1.426
 36720, -0.022, -0.151,  0.949,  0.072,  0.005,  1.541
 36780, -0.205, -0.167,  0.831,  0.065, -0.015,  1.508
 36840,  0.007, -0.076,  0.966,  0.112, -0.003,  2.660
 36900,  0.008, -0.126,  1.144,  0.156, -0.018,  3.765
 36960, -0.143, -0.094,  1.015,  0.135, -0.016,  2.304
 37020,  0.144, -0.085,  0.870,  0.100,  0.013,  2.205
 37080, -0.079, -0.142,  0.943,  0.085, -0.013,  1.581
 37140,  0.439, -0.076,  1.102,  0.087,  0.073,  2.941
 37200,  0.643, -0.064,  1.024,  0.105,  0.065,  3.476
 37260,  0.717, -0.038,  1.149,  0.088,  0.039,  3.401
 37320,  0.795,  0.027,  1.032,  0.095,  0.049,  2.752
 37380,  0.870, -0.032,  1.126,  0.083,  0.054,  2.850
 37440,  0.713, -0.050,  1.027,  0.073,  0.020,  2.776
 37500,  0.759,  0.066,  1.017,  0.089,  0.055,  2.865
 37560,  0.727,  0.002,  1.014,  0.088,  0.067,  2.679
 37620,  0.836, -0.036,  1.091,  0.077,  0.051,  2.594
 37680,  0.662, -0.037,  0.981,  0.061,  0.036,  2.535
 37740,  0.667,  0.002,  0.964,  0.054,  0.019,  2.405
 37800,  0.730, -0.012,  0.898,  0.061,  0.036,  2.237
 37860,  0.708,  0.013,  1.005,  0.063,  0.031,  2.408
 37920,  0.727,  0.035,  0.980,  0.084,  0.025,  2.624
 37980,  0.699,  0.032,  1.041,  0.050,  0.035,  2.264
 38040,  0.667,  0.024,  0.961,  0.060,  0.011,  2.220
 38100,  0.751, -0.021,  1.105,  0.045,  0.039,  2.017
 38160,  0.680,  0.076,  0.944,  0.053,  0.009,  2.143
 38220,  0.738,  0.094,  1.118,  0.061,  0.017,  2.086
 38280,  0.728,  0.105,  1.014,  0.062,  0.053,  1.756
 38340,  0.807,  0.025,  0.942,  0.058,  0.049,  2.282
 38400,  0.404,  0.269,  1.172,  0.041,  0.041,  2.787
 38460,  0.658,  0.069,  1.071,  0.060,  0.009,  2.670
 38520,  0.709,  0.090,  1.073,  0.058,  0.034,  2.559
 38580,  0.806,  0.058,  1.044,  0.044,  0.028,  2.201
 38640,  0.343,  0.034,  1.042,  0.045, -0.004,  1.521
 38700,  0.764,  0.034,  0.958,  0.054,  0.077,  2.087
 38760,  0.559,  0.058,  1.048,  0.069,  0.031,  2.072
 38820,  0.741,  0.047,  1.024,  0.053,  0.038,  2.079
 38880,  0.645,  0.063,  1.031,  0.088,  0.045,  2.156
 38940,  0.686,  0.088,  1.081,  0.085,  0.057,  2.143
 39000,  0.753,  0.080,  0.976,  0.054,  0.065,  2.394
 39060,  0.722,  0.085,  0.975,  0.061,  0.019,  1.906
 39120,  0.679,  0.104,  0.966,  0.040,  0.040,  1.849
 39180,  0.720,  0.079,  0.960,  0.096,  0.036,  1.688
 39240,  0.689,  0.088,  1.166,  0.047,  0.051,  1.765
 39300,  0.730,  0.053,  1.127,  0.056,  0.017,  1.776
 39360,  0.782,  0.055,  0.968,  0.063,  0.037,  2.077
 39420,  0.484,  0.173,  0.933,  0.067,  0.046,  1.796
 39480,  0.632,  0.114,  1.011,  0.066,  0.065,  1.974
 39540,  0.662,  0.090,  1.097,  0.071,  0.045,  1.634
 39600,  0.738,  0.193,  1.080,  0.071,  0.044,  1.886
 39660,  0.660,  0.100,  1.000,  0.048,  0.052,  1.874
 39720,  0.698,  0.117,  1.071,  0.057,  0.050,  1.599
 39780,  0.683,  0.099,  1.090,  0.079,  0.081,  1.837
 39840,  0.701,  0.135,  1.054,  0.055,  0.057,  1.848
 39900,  0.701,  0.242,  1.064,  0.059,  0.074,  2.029
 39960,  0.700,  0.095,  0.896,  0.056,  0.061,  1.769
 40020,  0.560,  0.138,  0.945,  0.051,  0.063,  2.050
 40080,  0.666,  0.156,  0.954,  0.069,  0.057,  1.993
 40140,  0.739,  0.083,  1.109,  0.079,  0.064,  2.190
 40200,  0.713,  0.100,  1.036,  0.067,  0.102,  2.213
 40260,  0.895, -0.000,  1.101,  0.092,  0.148,  3.914
 40320,  0.310,  0.125,  1.050,  0.048,  0.072,  1.799
 40380,  0.589,  0.102,  0.985,  0.066,  0.062,  2.313
 40440,  0.122,  0.039,  0.854,  0.038,  0.008,  1.271
 40500,  0.537,  0.112,  0.980,  0.054,  0.042,  1.998
 40560,  0.600,  0.143,  0.965,  0.069,  0.062,  2.194
 40620,  0.664,  0.187,  0.915,  0.051,  0.044,  2.175
 40680,  0.276,  0.058,  0.962,  0.046,  0.007,  1.562
 40740,  0.366,  0.060,  1.099,  0.090,  0.039,  6.974
 40800,  0.572,  0.101,  1.036,  0.072,  0.034,  3.255
 40860,  0.825,  0.117,  1.101,  0.067,  0.074,  3.699
 40920,  0.504,  0.116,  1.094,  0.081,  0.038,  4.718
 40980,  0.467,  0.124,  1.162,  0.134,  0.067,  4.606
 41040,  0.699,  0.143,  1.361,  0.246,  0.074,  6.938
 41100,  0.647,  0.084,  1.339,  0.268,  0.097,  6.614
 41160,  0.521,  0.056,  1.458,  0.264,  0.049,  7.904
 41220,  0.641,  0.099,  1.460,  0.317,  0.063,  8.022
 41280,  0.426,  0.092,  1.296,  0.327,  0.049,  8.547
 41340,  0.801,  0.161,  1.405,  0.312,  0.112,  8.430
 41400,  0.880,  0.177,  1.533,  0.311,  0.115,  7.293
 41460,  0.864,  0.159,  1.574,  0.401,  0.187, 10.105
 41520,  0.846,  0.195,  1.498,  0.355,  0.104,  8.619
 41580,  0.922,  0.126,  1.622,  0.501,  0.193, 14.883
 41640,  1.048,  0.117,  1.490,  0.332,  0.174, 10.096
 41700,  0.837,  0.169,  1.379,  0.290,  0.114,  7.338
 41760,  1.045,  0.118,  1.506,  0.356,  0.101,  6.963
 41820,  1.123,  0.101,  1.641,  0.441,  0.234, 11.736
 41880,  1.013,  0.239,  1.523,  0.384,  0.122,  9.627
 41940,  0.830,  0.193,  1.511,  0.460,  0.104,  9.961
 42000,  1.021,  0.175,  1.856,  0.695,  0.138, 13.508
 42060,  1.092,  0.008,  1.672,  0.687,  0.211, 16.439
 42120,  0.919,  0.109,  1.300,  0.399,  0.080,  7.263
 42180,  0.975,  0.111,  1.355,  0.484,  0.108,  8.599
 42240,  1.061,  0.040,  1.415,  0.406,  0.077,  6.764
 42300,  1.021,  0.080,  1.474,  0.531,  0.108,  8.701
 42360,  1.058,  0.079,  1.609,  0.541,  0.112, 11.024
 42420,  1.004,  0.032,  1.650,  0.782,  0.135, 12.318
 42480,  0.836,  0.043,  1.549,  0.617,  0.137, 11.817
 42540,  0.977, -0.021,  1.620,  0.668,  0.117, 11.284
 42600,  0.820,  0.007,  1.662,  0.754,  0.150, 11.826
 42660,  0.948, -0.057,  1.632,  0.629,  0.153, 11.314
 42720,  0.896, -0.055,  1.453,  0.565,  0.092,  9.837
 42780,  0.924, -0.034,  1.717,  0.797,  0.160, 13.092
 42840,  0.870, -0.019,  1.774,  0.905,  0.143, 13.276
 42900,  0.851, -0.012,  1.684,  0.788,  0.162, 10.793
 42960,  0.934, -0.068,  1.748,  0.908,  0.171, 14.391
 43020,  0.932, -0.105,  1.660,  0.771,  0.153, 15.410
 43080,  0.841, -0.121,  1.298,  0.536,  0.149, 12.517
 43140,  0.798, -0.081,  1.511,  0.918,  0.123, 14.348
 43200,  0.962, -0.182,  1.263,  0.612,  0.136,  7.332
 43260,  1.002, -0.146,  1.355,  0.643,  0.134, 13.719
 43320,  0.912, -0.208,  1.668,  1.091,  0.264, 21.153
 43380,  0.958, -0.094,  1.799,  1.282,  0.232, 25.098
 43440,  0.971, -0.242,  1.626,  1.267,  0.211, 21.826
 43500,  0.721, -0.262,  1.593,  1.091,  0.185, 13.186
 43560,  0.823, -0.237,  1.504,  0.996,  0.104, 10.363
 43620,  0.819, -0.299,  1.681,  1.196,  0.149, 14.163
 43680,  0.830, -0.242,  1.826,  1.474,  0.254, 20.029
 43740,  0.913, -0.241,  1.980,  1.935,  0.223, 25.369
 43800,  0.796, -0.302,  1.556,  1.169,  0.165, 13.840
 43860,  0.965, -0.218,  1.326,  0.844,  0.131, 11.359
 43920, -9999.000, -9999.000, -9999.000, -9999.000, -9999.000, -9999.000
 43980,  0.714, -0.295,  1.701,  1.296,  0.167, 13.023
 44040,  0.786, -0.330,  1.666,  1.302,  0.180, 13.164
 44100,  0.679, -0.269,  1.816,  1.486,  0.181, 16.549
 44160,  0.767, -0.302,  1.974,  1.805,  0.237, 26.436
 44220,  0.806, -0.265,  2.034,  2.070,  0.267, 24.749
 44280,  0.827, -0.233,  1.707,  1.689,  0.227, 19.135
 44340,  0.683, -0.304,  1.625,  1.403,  0.145, 15.238
 44400,  0.497, -0.308,  1.675,  1.543,  0.108, 14.818
 44460,  0.431, -0.379,  1.484,  1.548,  0.106, 13.706
 44520,  0.702, -0.286,  1.640,  1.416,  0.157, 15.058
 44580,  0.855, -0.243,  1.389,  1.049,  0.142, 13.829
 44640,  0.901, -0.315,  1.440,  1.117,  0.185, 14.258
 44700, -9999.000, -9999.000, -9999.000, -9999.000, -9999.000, -9999.000
 44760, -9999.000, -9999.000, -9999.000, -9999.000, -9999.000, -9999.000
 44820, -9999.000, -9999.000, -9999.000, -9999.000, -9999.000, -9999.000
 44880, -9999.000, -9999.000, -9999.000, -9999.000, -9999.000, -9999.000
 44940, -9999.000, -9999.000, -9999.000, -9999.000, -9999.000, -9999.000
 45000, -9999.000, -9999.000, -9999.000, -9999.000, -9999.000, -9999.000
 45060, -9999.000, -9999.000, -9999.000, -9999.000, -9999.000, -9999.000
 45120, -9999.000, -9999.000, -9999.000, -9999.000, -9999.000, -9999.000
 45180, -9999.000, -9999.000, -9999.000, -9999.000, -9999.000, -9999.000
 45240, -9999.000, -9999.000, -9999.000, -9999.000, -9999.000, -9999.000
 45300, -9999.000, -9999.000, -9999.000, -9999.000, -9999.000, -9999.000
 45360, -9999.000, -9999.000, -9999.000, -9999.000, -9999.000, -9999.000
 45420, -9999.000, -9999.000, -9999.000, -9999.000, -9999.000, -9999.000
 45480, -9999.000, -9999.000, -9999.000, -9999.000, -9999.000, -9999.000
 45540, -9999.000, -9999.000, -9999.000, -9999.000, -9999.000, -9999.000
 45600, -9999.000, -9999.000, -9999.000, -9999.000, -9999.000, -9999.000
 45660, -9999.000, -9999.000, -9999.000, -9999.000, -9999.000, -9999.000
 45720, -9999.000, -9999.000, -9999.000, -9999.000, -9999.000, -9999.000
 45780, -9999.000, -9999.000, -9999.000, -9999.000, -9999.000, -9999.000
 45840, -9999.000, -9999.000, -9999.000, -9999.000, -9999.000, -9999.000
 45900, -9999.000, -9999.000, -9999.000, -9999.000, -9999.000, -9999.000
 45960, -9999.000, -9999.000, -9999.000, -9999.000, -9999.000, -9999.000
 46020, -9999.000, -9999.000, -9999.000, -9999.000, -9999.000, -9999.000
 46080, -9999.000, -9999.000, -9999.000, -9999.000, -9999.000, -9999.000
 46140, -9999.000, -9999.000, -9999.000, -9999.000, -9999.000, -9999.000
 46200, -9999.000, -9999.000, -9999.000, -9999.000, -9999.000, -9999.000
 46260, -9999.000, -9999.000, -9999.000, -9999.000, -9999.000, -9999.000
 46320, -9999.000, -9999.000, -9999.000, -9999.000, -9999.000, -9999.000
 46380, -9999.000, -9999.000, -9999.000, -9999.000, -9999.000, -9999.000
 46440, -9999.000, -9999.000, -9999.000, -9999.000, -9999.000, -9999.000
 46500, -9999.000, -9999.000, -9999.000, -9999.000, -9999.000, -9999.000
 46560, -9999.000, -9999.000, -9999.000, -9999.000, -9999.000, -9999.000
 46620, -9999.000, -9999.000, -9999.000, -9999.000, -9999.000, -9999.000
 46680, -9999.000, -9999.000, -9999.000, -9999.000, -9999.000, -9999.000
 46740, -9999.000, -9999.000, -9999.000, -9999.000, -9999.000, -9999.000
 46800, -9999.000, -9999.000, -9999.000, -9999.000, -9999.000, -9999.000
 46860, -9999.000, -9999.000, -9999.000, -9999.000, -9999.000, -9999.000
 46920, -9999.000, -9999.000, -9999.000, -9999.000, -9999.000, -9999.000
 46980, -9999.000, -9999.000, -9999.000, -9999.000, -9999.000, -9999.000
 47040, -9999.000, -9999.000, -9999.000, -9999.000, -9999.000, -9999.000
 47100, -9999.000, -9999.000, -9999.000, -9999.000, -9999.000, -9999.000
 47160, -9999.000, -9999.000, -9999.000, -9999.000, -9999.000, -9999.000
 47220, -9999.000, -9999.000, -9999.000, -9999.000, -9999.000, -9999.000
 47280, -9999.000, -9999.000, -9999.000, -9999.000, -9999.000, -9999.000
 47340, -9999.000, -9999.000, -9999.000, -9999.000, -9999.000, -9999.000
 47400, -9999.000, -9999.000, -9999.000, -9999.000, -9999.000, -9999.000
 47460, -9999.000, -9999.000, -9999.000, -9999.000, -9999.000, -9999.000
 47520, -9999.000, -9999.000, -9999.000, -9999.000, -9999.000, -9999.000
 47580, -9999.000, -9999.000, -9999.000, -9999.000, -9999.000, -9999.000
 47640, -9999.000, -9999.000, -9999.000, -9999.000, -9999.000, -9999.000
 47700, -9999.000, -9999.000, -9999.000, -9999.000, -9999.000, -9999.000
 47760, -9999.000, -9999.000, -9999.000, -9999.000, -9999.000, -9999.000
 47820, -9999.000, -9999.000, -9999.000, -9999.000, -9999.000, -9999.000
 47880, -9999.000, -9999.000, -9999.000, -9999.000, -9999.000, -9999.000
 47940, -9999.000, -9999.000, -9999.000, -9999.000, -9999.000, -9999.000
 48000, -9999.000, -9999.000, -9999.000, -9999.000, -9999.000, -9999.000
 48060, -9999.000, -9999.000, -9999.000, -9999.000, -9999.000, -9999.000
 48120, -9999.000, -9999.000, -9999.000, -9999.000, -9999.000, -9999.000
 48180, -9999.000, -9999.000, -9999.000, -9999.000, -9999.000, -9999.000
 48240, -9999.000, -9999.000, -9999.000, -9999.000, -9999.000, -9999.000
 48300, -9999.000, -9999.000, -9999.000, -9999.000, -9999.000, -9999.000
 48360, -9999.000, -9999.000, -9999.000, -9999.000, -9999.000, -9999.000
 48420, -9999.000, -9999.000, -9999.000, -9999.000, -9999.000, -9999.000
 48480, -9999.000, -9999.000, -9999.000, -9999.000, -9999.000, -9999.000
 48540, -9999.000, -9999.000, -9999.000, -9999.000, -9999.000, -9999.000
 48600, -9999.000, -9999.000, -9999.000, -9999.000, -9999.000, -9999.000
 48660, -9999.000, -9999.000, -9999.000, -9999.000, -9999.000, -9999.000
 48720, -9999.000, -9999.000, -9999.000, -9999.000, -9999.000, -9999.000
 48780, -9999.000, -9999.000, -9999.000, -9999.000, -9999.000, -9999.000
 48840, -9999.000, -9999.000, -9999.000, -9999.000, -9999.000, -9999.000
 48900, -9999.000, -9999.000, -9999.000, -9999.000, -9999.000, -9999.000
 48960, -9999.000, -9999.000, -9999.000, -9999.000, -9999.000, -9999.000
 49020, -9999.000, -9999.000, -9999.000, -9999.000, -9999.000, -9999.000
 49080, -9999.000, -9999.000, -9999.000, -9999.000, -9999.000, -9999.000
 49140, -9999.000, -9999.000, -9999.000, -9999.000, -9999.000, -9999.000
 49200, -9999.000, -9999.000, -9999.000, -9999.000, -9999.000, -9999.000
 49260, -9999.000, -9999.000, -9999.000, -9999.000, -9999.000, -9999.000
 49320, -9999.000, -9999.000, -9999.000, -9999.000, -9999.000, -9999.000
 49380, -9999.000, -9999.000, -9999.000, -9999.000, -9999.000, -9999.000
 49440, -9999.000, -9999.000, -9999.000, -9999.000, -9999.000, -9999.000
 49500, -9999.000, -9999.000, -9999.000, -9999.000, -9999.000, -9999.000
 49560,  0.838,  0.033,  1.231,  0.497,  0.124,  1.455
