CampaignData_and_Merges/R0/CSL_MobileLab_Parked/raw/20240723/USOS-jNO2_MobileLabGround_20240723_R0.ict
52,1001
Waxman, E.; Rollins, A.; Zuraski, K.; Chace, W.
NOAA Chemical Sciences Laboratory
jNO2 filter radiometer on CSL Mobile Lab
AMMBEC / USOS
1, 1
2024,07,23, 2025,04,01
60
Time_Start, seconds, number_of_seconds_since_0000_UTC
20
1, 1, 1, 1, 1, 1, 1, 1, 1, 1, 1, 1, 1, 1, 1, 1, 1, 1, 1, 1
-9999, -9999, -9999, -9999, -9999, -9999, -9999, -9999, -9999, -9999, -9999, -9999, -9999, -9999, -9999, -9999, -9999, -9999, -9999, -9999
Time_Stop, seconds, number_of_seconds_since_0000_UTC
jNO2_meas, per second, photolysis rate of NO2 measured using a filter radiometer.
jBrCl, per second, photolysis rate of BrCl -> Br + Cl calculated in TUV for cloud-free sky with local AOD
jBr2, per second, photolysis rate of Br2 -> Br + Br calculated in TUV for cloud-free sky with local AOD
jCCl4, per second, photolysis rate of CCl4 -> Products calcualted in TUV for cloud-free sky with local AOD
jCH2Oa, per second, photolysis rate of CH2O -> H + HCO calculated in TUV for cloud-free sky with local AOD
jCH2Ob, per second, photolysis rate of CH2O -> H2 + CO calculated in TUV for cloud-free sky with local AOD
jClNO2, per second, photolysis rate of ClNO2 -> Cl + NO2 calculated in TUV for cloud-free sky with local AOD
jClOa, per second, photolysis rate of ClO -> Cl + O(1D) calculated in TUV for cloud-free sky with local AOD
jClOb, per second, photolysis rate of ClO -> Cl + O(3P) calculated in TUV for cloud-free sky with local AOD
jCl2, per second, photolysis rate of Cl2 -> Cl + Cl calculated in TUV for cloud-free sky with local AOD
jHNO2, per second, photolysis rate of HNO2 -> OH + NO calculated in TUV for cloud-free sky with local AOD
jHNO3, per second, photolysis rate of HNO3 -> OH + NO2 calculated in TUV for cloud-free sky with local AOD
jI2, per second, photolysis rate of I2 -> I + I calculated in TUV for cloud-free sky with local AOD
jNO2, per second, photolysis rate of NO2 -> NO + O(3P) calculated in TUV for cloud-free sky with local AOD
jNO3a, per second, photolysis rate of NO3 -> NO + O2 calculated in TUV for cloud-free sky with local AOD
jNO3b, per second, photolysis rate of NO3 -> NO2 + O(3P) calculated in TUV for cloud-free sky with local AOD
jN2O5, per second, photolysis rate of N2O5 -> NO3 + NO + O(3P) calculated in TUV for cloud-free sky with local AOD
jO3, per second, photolysis rate of O3 -> O2 + O(1D) calculated in TUV for cloud-free sky with local AOD
AOD_500nm, unitless, UTC daily mean AOD at 500 nm from an AERONET station located at 40.178 N, -112.452 E
0
18
PI_CONTACT_INFO: eleanor.waxman@noaa.gov
PLATFORM: CSL Mobile Lab, at ground site
LOCATION: Salt Lake City, UT
ASSOCIATED_DATA:
INSTRUMENT_INFO: jNO2 filter radiometer.  TUV calculations are for mobile van lat/lon/altitude assuming clear sky (cloud AOD = 0) and daily mean AOD.
DATA_INFO:
UNCERTAINTY: Data uncertainties are +/- 20%.  These come from uncertainties in radiometer angular response, radiometer thermal response, local interferences from clouds/aerosols/shadows etc.
ULOD_FLAG: -7777
ULOD_VALUE: N/A
LLOD_FLAG: -8888
LLOD_VALUE: N/A
DM_CONTACT_INFO: eleanor.waxman@noaa.gov
PROJECT_INFO: USOS Project, July - August 2024
STIPULATIONS_ON_USE: Users are strongly encouraged to contact the PI for proper data usage.
OTHER_COMMENTS: 
REVISION: R0
R0: final data
Time_Start, Time_Stop, jNO2_meas, jBrCl, jBr2, jCCl4, jCH2Oa, jCH2Ob, jClNO2, jClOa, jClOb, jCl2, jHNO2, jHNO3, jI2, jNO2, jNO3a, jNO3b, jN2O5, jO3, AOD_500nm
[from data line 950]
   57000,   57060,-9999,0.00798,0.0255,4.697e-25,1.774e-05,2.948e-05,0.0002931,1.666e-25,1.846e-05,0.001525,0.00102,2.775e-07,0.09588,0.006419,0.01928,0.1507,2.519e-05,1.175e-05,0.487
   57060,   57120,-9999,0.00801,0.02558,4.833e-25,1.786e-05,2.964e-05,0.0002947,1.716e-25,1.866e-05,0.001532,0.001025,2.799e-07,0.09615,0.006447,0.01933,0.1511,2.534e-05,1.188e-05,0.487
   57120,   57180,-9999,0.00804,0.02567,4.972e-25,1.798e-05,2.98e-05,0.0002963,1.767e-25,1.887e-05,0.00154,0.00103,2.822e-07,0.09641,0.006475,0.01938,0.1515,2.549e-05,1.201e-05,0.487
   57180,   57240,-9999,0.008067,0.02574,5.11e-25,1.809e-05,2.996e-05,0.0002978,1.818e-25,1.906e-05,0.001546,0.001034,2.844e-07,0.09666,0.006501,0.01942,0.1519,2.563e-05,1.214e-05,0.487
   57240,   57300,-9999,0.008096,0.02582,5.261e-25,1.821e-05,3.012e-05,0.0002994,1.874e-25,1.926e-05,0.001554,0.001039,2.868e-07,0.09692,0.006528,0.01946,0.1523,2.578e-05,1.227e-05,0.487
   57300,   57360,-9999,0.008125,0.0259,5.418e-25,1.833e-05,3.028e-05,0.000301,1.933e-25,1.946e-05,0.001561,0.001043,2.891e-07,0.09717,0.006555,0.01951,0.1527,2.593e-05,1.241e-05,0.487
   57360,   57420,-9999,0.008152,0.02598,5.572e-25,1.844e-05,3.043e-05,0.0003025,1.99e-25,1.966e-05,0.001568,0.001047,2.913e-07,0.09741,0.006581,0.01955,0.153,2.606e-05,1.253e-05,0.487
   57420,   57480,-9999,0.008181,0.02606,5.741e-25,1.856e-05,3.059e-05,0.0003041,2.053e-25,1.986e-05,0.001575,0.001052,2.936e-07,0.09766,0.006608,0.01959,0.1534,2.621e-05,1.267e-05,0.487
   57480,   57540,-9999,0.008209,0.02613,5.916e-25,1.868e-05,3.075e-05,0.0003056,2.119e-25,2.007e-05,0.001582,0.001056,2.96e-07,0.09791,0.006634,0.01964,0.1538,2.636e-05,1.281e-05,0.487
   57540,   57600,-9999,0.008235,0.02621,6.087e-25,1.88e-05,3.09e-05,0.0003071,2.184e-25,2.026e-05,0.001589,0.001061,2.982e-07,0.09815,0.00666,0.01968,0.1541,2.649e-05,1.293e-05,0.487
   57600,   57660,-9999,0.008263,0.02628,6.276e-25,1.891e-05,3.106e-05,0.0003086,2.255e-25,2.046e-05,0.001596,0.001065,3.005e-07,0.09839,0.006686,0.01972,0.1545,2.664e-05,1.307e-05,0.487
   57660,   57720,-9999,0.008291,0.02636,6.472e-25,1.903e-05,3.122e-05,0.0003102,2.329e-25,2.067e-05,0.001603,0.001069,3.028e-07,0.09863,0.006712,0.01976,0.1548,2.678e-05,1.321e-05,0.487
   57720,   57780,-9999,0.008317,0.02643,6.664e-25,1.914e-05,3.137e-05,0.0003116,2.402e-25,2.087e-05,0.001609,0.001074,3.05e-07,0.09886,0.006737,0.0198,0.1552,2.692e-05,1.334e-05,0.487
   57780,   57840,-9999,0.008344,0.02651,6.875e-25,1.926e-05,3.152e-05,0.0003131,2.482e-25,2.107e-05,0.001616,0.001078,3.074e-07,0.0991,0.006763,0.01984,0.1555,2.706e-05,1.347e-05,0.487
   57840,   57900,-9999,0.008371,0.02658,7.096e-25,1.938e-05,3.168e-05,0.0003147,2.566e-25,2.128e-05,0.001623,0.001082,3.097e-07,0.09933,0.006788,0.01988,0.1559,2.72e-05,1.361e-05,0.487
   57900,   57960,-9999,0.008397,0.02665,7.31e-25,1.949e-05,3.182e-05,0.0003161,2.649e-25,2.148e-05,0.00163,0.001086,3.119e-07,0.09955,0.006812,0.01992,0.1562,2.734e-05,1.374e-05,0.487
   57960,   58020,-9999,0.008423,0.02672,7.547e-25,1.96e-05,3.198e-05,0.0003176,2.74e-25,2.168e-05,0.001636,0.001091,3.142e-07,0.09979,0.006838,0.01996,0.1566,2.748e-05,1.388e-05,0.487
   58020,   58080,-9999,0.00845,0.0268,7.794e-25,1.972e-05,3.213e-05,0.0003191,2.835e-25,2.189e-05,0.001643,0.001095,3.165e-07,0.1,0.006863,0.02,0.1569,2.762e-05,1.402e-05,0.487
   58080,   58140,-9999,0.008474,0.02686,8.036e-25,1.983e-05,3.227e-05,0.0003205,2.929e-25,2.209e-05,0.00165,0.001099,3.187e-07,0.1002,0.006887,0.02004,0.1572,2.775e-05,1.415e-05,0.487
   58140,   58200,-9999,0.008501,0.02693,8.303e-25,1.995e-05,3.243e-05,0.000322,3.033e-25,2.23e-05,0.001656,0.001103,3.21e-07,0.1005,0.006912,0.02007,0.1576,2.789e-05,1.428e-05,0.487
   58200,   58260,-9999,0.008527,0.02701,8.581e-25,2.006e-05,3.258e-05,0.0003235,3.141e-25,2.251e-05,0.001663,0.001107,3.233e-07,0.1007,0.006936,0.02011,0.1579,2.803e-05,1.442e-05,0.487
   58260,   58320,-9999,0.008551,0.02707,8.853e-25,2.017e-05,3.272e-05,0.0003249,3.248e-25,2.27e-05,0.001669,0.001111,3.255e-07,0.1009,0.00696,0.02015,0.1582,2.816e-05,1.455e-05,0.487
   58320,   58380,-9999,0.008576,0.02714,9.154e-25,2.028e-05,3.287e-05,0.0003263,3.366e-25,2.291e-05,0.001676,0.001115,3.278e-07,0.1011,0.006984,0.02019,0.1585,2.83e-05,1.469e-05,0.487
   58380,   58440,-9999,0.008601,0.02721,9.468e-25,2.04e-05,3.302e-05,0.0003278,3.49e-25,2.312e-05,0.001682,0.001119,3.301e-07,0.1013,0.007008,0.02022,0.1588,2.844e-05,1.483e-05,0.487
   58440,   58500,-9999,0.008625,0.02727,9.775e-25,2.05e-05,3.316e-05,0.0003292,3.611e-25,2.332e-05,0.001689,0.001123,3.323e-07,0.1015,0.007031,0.02026,0.1591,2.857e-05,1.496e-05,0.487
   58500,   58560,-9999,0.00865,0.02734,1.012e-24,2.062e-05,3.331e-05,0.0003306,3.746e-25,2.353e-05,0.001695,0.001127,3.346e-07,0.1017,0.007055,0.02029,0.1595,2.871e-05,1.51e-05,0.487
   58560,   58620,-9999,0.008675,0.02741,1.047e-24,2.073e-05,3.345e-05,0.000332,3.887e-25,2.374e-05,0.001702,0.001131,3.369e-07,0.1019,0.007079,0.02033,0.1598,2.884e-05,1.524e-05,0.487
   58620,   58680,-9999,0.008698,0.02747,1.082e-24,2.084e-05,3.359e-05,0.0003334,4.027e-25,2.394e-05,0.001708,0.001135,3.39e-07,0.1021,0.007101,0.02036,0.1601,2.897e-05,1.538e-05,0.487
   58680,   58740,-9999,0.008722,0.02754,1.12e-24,2.095e-05,3.374e-05,0.0003348,4.181e-25,2.415e-05,0.001714,0.001139,3.413e-07,0.1023,0.007124,0.0204,0.1604,2.91e-05,1.552e-05,0.487
   58740,   58800,-9999,0.008746,0.0276,1.161e-24,2.106e-05,3.388e-05,0.0003362,4.344e-25,2.436e-05,0.00172,0.001143,3.436e-07,0.1026,0.007148,0.02043,0.1607,2.924e-05,1.566e-05,0.487
   58800,   58860,-9999,0.008769,0.02766,1.2e-24,2.116e-05,3.402e-05,0.0003376,4.504e-25,2.455e-05,0.001726,0.001147,3.458e-07,0.1027,0.007169,0.02047,0.161,2.936e-05,1.579e-05,0.487
   58860,   58920,-9999,0.008793,0.02773,1.244e-24,2.127e-05,3.416e-05,0.000339,4.682e-25,2.476e-05,0.001732,0.001151,3.48e-07,0.1029,0.007192,0.0205,0.1613,2.95e-05,1.593e-05,0.487
   58920,   58980,-9999,0.008816,0.02779,1.29e-24,2.138e-05,3.43e-05,0.0003403,4.868e-25,2.497e-05,0.001739,0.001154,3.503e-07,0.1031,0.007215,0.02053,0.1616,2.963e-05,1.607e-05,0.487
   58980,   59040,-9999,0.008838,0.02785,1.335e-24,2.149e-05,3.443e-05,0.0003417,5.052e-25,2.517e-05,0.001744,0.001158,3.524e-07,0.1033,0.007237,0.02056,0.1618,2.975e-05,1.62e-05,0.487
   59040,   59100,-9999,0.008862,0.02791,1.385e-24,2.16e-05,3.458e-05,0.000343,5.257e-25,2.538e-05,0.001751,0.001162,3.547e-07,0.1035,0.007259,0.0206,0.1621,2.988e-05,1.634e-05,0.487
   59100,   59160,-9999,0.008885,0.02798,1.437e-24,2.171e-05,3.472e-05,0.0003444,5.473e-25,2.559e-05,0.001757,0.001166,3.569e-07,0.1037,0.007281,0.02063,0.1624,3.002e-05,1.648e-05,0.487
   59160,   59220,-9999,0.008906,0.02803,1.488e-24,2.181e-05,3.485e-05,0.0003457,5.686e-25,2.579e-05,0.001762,0.001169,3.591e-07,0.1039,0.007302,0.02066,0.1627,3.014e-05,1.661e-05,0.487
   59220,   59280,-9999,0.008929,0.02809,1.545e-24,2.192e-05,3.499e-05,0.000347,5.924e-25,2.6e-05,0.001768,0.001173,3.613e-07,0.1041,0.007324,0.02069,0.1629,3.027e-05,1.675e-05,0.487
   59280,   59340,-9999,0.008951,0.02815,1.605e-24,2.202e-05,3.512e-05,0.0003484,6.173e-25,2.621e-05,0.001774,0.001177,3.635e-07,0.1043,0.007346,0.02072,0.1632,3.04e-05,1.689e-05,0.487
   59340,   59400,-9999,0.008972,0.02821,1.664e-24,2.213e-05,3.525e-05,0.0003497,6.42e-25,2.641e-05,0.00178,0.00118,3.656e-07,0.1044,0.007367,0.02075,0.1635,3.052e-05,1.703e-05,0.487
   59400,   59460,-9999,0.008994,0.02827,1.73e-24,2.223e-05,3.539e-05,0.000351,6.696e-25,2.662e-05,0.001786,0.001184,3.679e-07,0.1046,0.007388,0.02079,0.1638,3.064e-05,1.717e-05,0.487
   59460,   59520,-9999,0.009016,0.02833,1.799e-24,2.234e-05,3.552e-05,0.0003523,6.986e-25,2.683e-05,0.001792,0.001187,3.701e-07,0.1048,0.00741,0.02082,0.164,3.077e-05,1.731e-05,0.487
   59520,   59580,-9999,0.009037,0.02838,1.866e-24,2.244e-05,3.565e-05,0.0003536,7.274e-25,2.703e-05,0.001797,0.001191,3.722e-07,0.105,0.00743,0.02084,0.1643,3.089e-05,1.744e-05,0.487
   59580,   59640,-9999,0.009058,0.02844,1.942e-24,2.254e-05,3.578e-05,0.0003549,7.594e-25,2.724e-05,0.001803,0.001194,3.744e-07,0.1052,0.007451,0.02087,0.1645,3.102e-05,1.758e-05,0.487
   59640,   59700,-9999,0.00908,0.0285,2.021e-24,2.265e-05,3.592e-05,0.0003562,7.933e-25,2.744e-05,0.001809,0.001198,3.766e-07,0.1053,0.007472,0.0209,0.1648,3.114e-05,1.772e-05,0.487
   59700,   59760,-9999,0.0091,0.02855,2.099e-24,2.275e-05,3.604e-05,0.0003574,8.269e-25,2.764e-05,0.001814,0.001201,3.787e-07,0.1055,0.007491,0.02093,0.165,3.126e-05,1.785e-05,0.487
   59760,   59820,-9999,0.009121,0.02861,2.187e-24,2.285e-05,3.617e-05,0.0003587,8.645e-25,2.785e-05,0.00182,0.001205,3.809e-07,0.1057,0.007512,0.02096,0.1653,3.138e-05,1.799e-05,0.487
   59820,   59880,-9999,0.009142,0.02866,2.279e-24,2.295e-05,3.63e-05,0.00036,9.042e-25,2.806e-05,0.001826,0.001208,3.831e-07,0.1058,0.007532,0.02099,0.1655,3.15e-05,1.813e-05,0.487
   59880,   59940,-9999,0.009161,0.02871,2.37e-24,2.305e-05,3.643e-05,0.0003612,9.437e-25,2.826e-05,0.001831,0.001211,3.851e-07,0.106,0.007551,0.02102,0.1658,3.162e-05,1.826e-05,0.487
   59940,   60000,-9999,0.009182,0.02877,2.471e-24,2.315e-05,3.656e-05,0.0003624,9.877e-25,2.846e-05,0.001836,0.001215,3.873e-07,0.1062,0.007571,0.02104,0.166,3.174e-05,1.84e-05,0.487
   60000,   60060,-9999,0.009202,0.02882,2.578e-24,2.325e-05,3.668e-05,0.0003637,1.034e-24,2.867e-05,0.001842,0.001218,3.894e-07,0.1063,0.007591,0.02107,0.1663,3.186e-05,1.854e-05,0.487
   60060,   60120,-9999,0.009221,0.02887,2.678e-24,2.335e-05,3.68e-05,0.0003648,1.078e-24,2.884e-05,0.001847,0.001221,3.913e-07,0.1065,0.00761,0.0211,0.1665,3.197e-05,1.866e-05,0.487
   60120,   60180,-9999,0.009235,0.02891,2.772e-24,2.342e-05,3.689e-05,0.0003657,1.12e-24,2.902e-05,0.001851,0.001224,3.93e-07,0.1066,0.007623,0.02112,0.1667,3.206e-05,1.878e-05,0.487
   60180,   60240,-9999,0.009254,0.02896,2.895e-24,2.352e-05,3.702e-05,0.000367,1.174e-24,2.923e-05,0.001856,0.001227,3.952e-07,0.1068,0.007643,0.02114,0.1669,3.218e-05,1.892e-05,0.487
   60240,   60300,-9999,0.009273,0.02901,3.016e-24,2.362e-05,3.714e-05,0.0003681,1.228e-24,2.942e-05,0.001861,0.00123,3.972e-07,0.1069,0.007661,0.02117,0.1671,3.229e-05,1.905e-05,0.487
   60300,   60360,-9999,0.009292,0.02906,3.152e-24,2.371e-05,3.726e-05,0.0003693,1.289e-24,2.963e-05,0.001867,0.001233,3.993e-07,0.1071,0.00768,0.02119,0.1673,3.241e-05,1.919e-05,0.487
   60360,   60420,-9999,0.009312,0.02911,3.296e-24,2.381e-05,3.738e-05,0.0003705,1.353e-24,2.983e-05,0.001872,0.001237,4.014e-07,0.1072,0.007699,0.02122,0.1676,3.252e-05,1.932e-05,0.487
   60420,   60480,-9999,0.00933,0.02916,3.438e-24,2.391e-05,3.75e-05,0.0003717,1.416e-24,3.003e-05,0.001877,0.00124,4.034e-07,0.1074,0.007717,0.02124,0.1678,3.263e-05,1.945e-05,0.487
   60480,   60540,-9999,0.009348,0.02921,3.598e-24,2.4e-05,3.762e-05,0.0003729,1.488e-24,3.023e-05,0.001882,0.001243,4.055e-07,0.1075,0.007736,0.02127,0.168,3.275e-05,1.959e-05,0.487
   60540,   60600,-9999,0.009367,0.02926,3.766e-24,2.41e-05,3.774e-05,0.0003741,1.564e-24,3.043e-05,0.001887,0.001246,4.076e-07,0.1077,0.007755,0.02129,0.1682,3.286e-05,1.973e-05,0.487
   60600,   60660,-9999,0.009385,0.02931,3.933e-24,2.419e-05,3.785e-05,0.0003752,1.639e-24,3.062e-05,0.001892,0.001249,4.096e-07,0.1078,0.007772,0.02132,0.1684,3.297e-05,1.986e-05,0.487
   60660,   60720,-9999,0.009403,0.02935,4.121e-24,2.429e-05,3.797e-05,0.0003763,1.724e-24,3.083e-05,0.001897,0.001252,4.117e-07,0.108,0.00779,0.02134,0.1686,3.308e-05,1.999e-05,0.487
   60720,   60780,-9999,0.009422,0.0294,4.319e-24,2.438e-05,3.809e-05,0.0003775,1.814e-24,3.103e-05,0.001902,0.001255,4.137e-07,0.1081,0.007808,0.02136,0.1689,3.32e-05,2.013e-05,0.487
   60780,   60840,-9999,0.009439,0.02945,4.517e-24,2.447e-05,3.82e-05,0.0003786,1.904e-24,3.122e-05,0.001907,0.001258,4.157e-07,0.1082,0.007825,0.02139,0.1691,3.33e-05,2.026e-05,0.487
   60840,   60900,-9999,0.009457,0.02949,4.738e-24,2.457e-05,3.832e-05,0.0003797,2.005e-24,3.142e-05,0.001912,0.001261,4.177e-07,0.1084,0.007843,0.02141,0.1693,3.341e-05,2.039e-05,0.487
   60900,   60960,-9999,0.009474,0.02954,4.972e-24,2.466e-05,3.844e-05,0.0003809,2.112e-24,3.162e-05,0.001917,0.001264,4.198e-07,0.1085,0.007861,0.02143,0.1695,3.352e-05,2.053e-05,0.487
   60960,   61020,-9999,0.009491,0.02958,5.204e-24,2.475e-05,3.855e-05,0.0003819,2.218e-24,3.181e-05,0.001921,0.001267,4.217e-07,0.1087,0.007877,0.02146,0.1697,3.363e-05,2.066e-05,0.487
   61020,   61080,-9999,0.009508,0.02963,5.465e-24,2.484e-05,3.866e-05,0.0003831,2.338e-24,3.201e-05,0.001926,0.00127,4.237e-07,0.1088,0.007895,0.02148,0.1699,3.374e-05,2.079e-05,0.487
   61080,   61140,-9999,0.009526,0.02968,5.741e-24,2.493e-05,3.877e-05,0.0003842,2.465e-24,3.221e-05,0.001931,0.001273,4.257e-07,0.1089,0.007912,0.0215,0.1701,3.384e-05,2.092e-05,0.487
   61140,   61200,-9999,0.009542,0.02972,6.015e-24,2.502e-05,3.888e-05,0.0003852,2.592e-24,3.239e-05,0.001936,0.001276,4.276e-07,0.1091,0.007928,0.02152,0.1703,3.395e-05,2.105e-05,0.487
   61200,   61260,-9999,0.009559,0.02976,6.322e-24,2.511e-05,3.899e-05,0.0003863,2.734e-24,3.259e-05,0.00194,0.001279,4.296e-07,0.1092,0.007945,0.02154,0.1704,3.405e-05,2.118e-05,0.487
   61260,   61320,-9999,0.009576,0.02981,6.646e-24,2.52e-05,3.91e-05,0.0003874,2.884e-24,3.279e-05,0.001945,0.001282,4.316e-07,0.1093,0.007962,0.02157,0.1706,3.416e-05,2.131e-05,0.487
   61320,   61380,-9999,0.009591,0.02985,6.967e-24,2.529e-05,3.921e-05,0.0003884,3.032e-24,3.297e-05,0.00195,0.001284,4.334e-07,0.1094,0.007978,0.02159,0.1708,3.426e-05,2.144e-05,0.487
   61380,   61440,-9999,0.009608,0.02989,7.325e-24,2.537e-05,3.932e-05,0.0003895,3.196e-24,3.316e-05,0.001954,0.001287,4.354e-07,0.1096,0.007994,0.02161,0.171,3.436e-05,2.157e-05,0.487
   61440,   61500,-9999,0.009624,0.02993,7.695e-24,2.546e-05,3.943e-05,0.0003906,3.364e-24,3.336e-05,0.001959,0.00129,4.373e-07,0.1097,0.008011,0.02163,0.1712,3.447e-05,2.17e-05,0.487
   61500,   61560,-9999,0.00964,0.02997,8.065e-24,2.555e-05,3.953e-05,0.0003916,3.544e-24,3.353e-05,0.001963,0.001293,4.391e-07,0.1098,0.008026,0.02165,0.1714,3.456e-05,2.182e-05,0.487
   61560,   61620,-9999,0.009656,0.03001,8.497e-24,2.563e-05,3.964e-05,0.0003926,3.764e-24,3.373e-05,0.001968,0.001295,4.411e-07,0.1099,0.008042,0.02167,0.1716,3.467e-05,2.195e-05,0.487
   61620,   61680,-9999,0.009671,0.03005,8.966e-24,2.572e-05,3.974e-05,0.0003937,3.992e-24,3.392e-05,0.001972,0.001298,4.43e-07,0.1101,0.008058,0.02169,0.1717,3.477e-05,2.208e-05,0.487
   61680,   61740,-9999,0.009686,0.03009,9.473e-24,2.58e-05,3.984e-05,0.0003947,4.232e-24,3.411e-05,0.001976,0.001301,4.448e-07,0.1102,0.008073,0.02171,0.1719,3.486e-05,2.22e-05,0.487
   61740,   61800,-9999,0.009702,0.03013,1.003e-23,2.589e-05,3.995e-05,0.0003957,4.496e-24,3.43e-05,0.001981,0.001303,4.467e-07,0.1103,0.008089,0.02173,0.1721,3.497e-05,2.234e-05,0.487
   61800,   61860,-9999,0.009717,0.03017,1.059e-23,2.597e-05,4.005e-05,0.0003967,4.744e-24,3.449e-05,0.001985,0.001306,4.486e-07,0.1104,0.008104,0.02174,0.1722,3.507e-05,2.247e-05,0.487
   61860,   61920,-9999,0.009732,0.03021,1.118e-23,2.605e-05,4.015e-05,0.0003977,5.033e-24,3.467e-05,0.001989,0.001308,4.504e-07,0.1105,0.008119,0.02176,0.1724,3.516e-05,2.259e-05,0.487
   61920,   61980,-9999,0.009747,0.03025,1.177e-23,2.614e-05,4.025e-05,0.0003987,5.294e-24,3.489e-05,0.001994,0.001311,4.524e-07,0.1106,0.008134,0.02178,0.1726,3.526e-05,2.273e-05,0.487
   61980,   62040,-9999,0.009762,0.03029,1.244e-23,2.622e-05,4.035e-05,0.0003997,5.638e-24,3.507e-05,0.001998,0.001314,4.543e-07,0.1108,0.008149,0.0218,0.1727,3.536e-05,2.286e-05,0.487
   62040,   62100,-9999,0.009776,0.03032,1.31e-23,2.63e-05,4.045e-05,0.0004006,5.926e-24,3.524e-05,0.002002,0.001316,4.56e-07,0.1109,0.008163,0.02182,0.1729,3.545e-05,2.297e-05,0.487
   62100,   62160,-9999,0.009791,0.03036,1.381e-23,2.638e-05,4.055e-05,0.0004016,6.263e-24,3.544e-05,0.002006,0.001319,4.579e-07,0.111,0.008178,0.02184,0.1731,3.555e-05,2.311e-05,0.487
