CampaignData_and_Merges/R0/CSL_MobileLab_Parked/raw/20240723/USOS-NOAAIodideCIMS-N2O5_MobileLabGround_20240723_RA.ict
33, 1001
Michael A Robinson, Chris Jernigan, Subi Thakali
NOAA ESRL Chemical Sciences Laboratory and CIRES, U. of Colorado
NOAA Iodide CIMS Instrument
USOS
1, 1
2024, 07, 23, 2024, 07, 25
1
starttime_UTC, seconds_past_midnight, seconds_of_day_since_00:00:00_UTC
1
1
-9999
N2O5_NOAACIMS, pptv, Gas_N2O5_InSitu_S_AVMR, 
0
18
PI_CONTACT_INFO: 325 Broadway, R/CSD 7, Boulder, Colorado 80305; michael.a.robinson@noaa.gov; chris.jernigan@noaa.gov;
PLATFORM: NOAA CSL Mobile Lab
LOCATION: SLC, Utah
ASSOCIATED_DATA: 1Hz data also available on request.
INSTRUMENT_INFO: NOAA I- ToF CIMS
DATA_INFO: All data in parts per trillion by volume (pptv). 1 Hz data is available upon request.
UNCERTAINTY: TBD
ULOD_FLAG: -7777
ULOD_VALUE: N/A
LLOD_FLAG: -8888
LLOD_VALUE: N/A
DM_CONTACT_INFO: Nathan Howard; nathan.h.howard@noaa.gov
PROJECT_INFO: USOS, summer 2024. https://csl.noaa.gov/groups/csl7/measurements/2024usos/
STIPULATIONS_ON_USE: Users are strongly encouraged to contact the PI for proper data usage.
OTHER_COMMENTS: 
REVISION: RA
RA: Preliminary Data; For in-field use only
starttime_UTC, N2O5_NOAACIMS
     0, -9999.000
    60, -9999.000
   120, -9999.000
   180, -9999.000
   240, -9999.000
   300, -9999.000
   360, -9999.000
   420, -9999.000
   480, -9999.000
   540, -9999.000
   600, -9999.000
   660, -9999.000
   720, -9999.000
   780, -9999.000
   840, -9999.000
   900, -9999.000
   960, -9999.000
  1020, -9999.000
  1080, -9999.000
  1140, -9999.000
  1200, -9999.000
  1260, -9999.000
  1320, -9999.000
  1380, -9999.000
  1440, -9999.000
  1500, -9999.000
  1560, -9999.000
  1620, -9999.000
  1680, -9999.000
  1740, -9999.000
  1800, -9999.000
  1860, -9999.000
  1920, -9999.000
  1980, -9999.000
  2040, -9999.000
  2100, -9999.000
  2160, -9999.000
  2220, -9999.000
  2280, -9999.000
  2340, -9999.000
  2400, -9999.000
  2460, -9999.000
  2520, -9999.000
  2580, -9999.000
  2640, -9999.000
  2700, -9999.000
  2760, -9999.000
  2820, -9999.000
  2880, -9999.000
  2940, -9999.000
  3000, -9999.000
  3060, -9999.000
  3120, -9999.000
  3180, -9999.000
  3240, -9999.000
  3300, -9999.000
  3360, -9999.000
  3420, -9999.000
  3480, -9999.000
  3540, -9999.000
  3600, -9999.000
  3660, -9999.000
  3720, -9999.000
  3780, -9999.000
  3840, -9999.000
  3900, -9999.000
  3960, -9999.000
  4020, -9999.000
  4080, -9999.000
  4140, -9999.000
  4200, -9999.000
  4260, -9999.000
  4320, -9999.000
  4380, -9999.000
  4440, -9999.000
  4500, -9999.000
  4560, -9999.000
  4620, -9999.000
  4680, -9999.000
  4740, -9999.000
  4800, -9999.000
  4860, -9999.000
  4920, -9999.000
  4980, -9999.000
  5040, -9999.000
  5100, -9999.000
  5160, -9999.000
  5220, -9999.000
  5280, -9999.000
  5340, -9999.000
  5400, -9999.000
  5460, -9999.000
  5520, -9999.000
  5580, -9999.000
  5640, -9999.000
  5700, -9999.000
  5760, -9999.000
  5820, -9999.000
  5880, -9999.000
  5940, -9999.000
  6000, -9999.000
  6060, -9999.000
  6120, -9999.000
  6180, -9999.000
  6240, -9999.000
  6300, -9999.000
  6360, -9999.000
  6420, -9999.000
  6480, -9999.000
  6540, -9999.000
  6600, -9999.000
  6660, -9999.000
  6720, -9999.000
  6780, -9999.000
  6840, -9999.000
  6900, -9999.000
  6960, -9999.000
  7020, -9999.000
  7080, -9999.000
  7140, -9999.000
  7200, -9999.000
  7260, -9999.000
  7320, -9999.000
  7380, -9999.000
  7440, -9999.000
  7500, -9999.000
  7560, -9999.000
  7620, -9999.000
  7680, -9999.000
  7740, -9999.000
  7800,  0.790
  7860,  0.806
  7920,  0.708
  7980,  0.772
  8040,  0.972
  8100,  1.226
  8160,  1.291
  8220,  1.416
  8280,  1.843
  8340, -9999.000
  8400, -9999.000
  8460, -9999.000
  8520, -9999.000
  8580, -9999.000
  8640, -9999.000
  8700, -9999.000
  8760, -9999.000
  8820, -9999.000
  8880, -9999.000
  8940, -9999.000
  9000,  2.058
  9060,  1.696
  9120,  1.705
  9180,  1.944
  9240,  2.475
  9300,  1.908
  9360,  1.285
  9420,  1.398
  9480,  1.818
  9540,  2.306
  9600,  1.987
  9660,  1.001
  9720,  0.839
  9780,  0.541
  9840,  0.388
  9900,  0.535
  9960,  0.512
 10020,  0.429
 10080,  0.216
 10140,  0.410
 10200,  0.577
 10260,  0.728
 10320,  0.668
 10380,  0.659
 10440,  0.739
 10500,  1.182
 10560,  1.914
 10620,  1.885
 10680, -9999.000
 10740,  1.140
 10800,  0.945
 10860,  0.615
 10920,  0.461
 10980,  0.765
 11040,  0.788
 11100,  0.920
 11160,  0.997
 11220,  1.124
 11280,  0.936
 11340,  0.781
 11400,  0.774
 11460,  1.083
 11520,  0.985
 11580,  0.758
 11640,  0.600
 11700,  0.809
 11760,  0.776
 11820,  0.685
 11880,  0.830
 11940,  0.749
 12000,  0.583
 12060,  0.597
 12120,  0.741
 12180,  0.627
 12240,  0.747
 12300,  0.726
 12360,  0.618
 12420,  0.704
 12480,  0.690
 12540,  0.810
 12600,  1.168
 12660,  1.138
 12720,  0.886
 12780,  0.775
 12840,  1.105
 12900,  1.384
 12960,  1.201
 13020,  1.258
 13080,  1.735
 13140,  1.638
 13200,  1.571
 13260,  1.595
 13320,  2.120
 13380,  2.202
 13440,  2.027
 13500,  2.236
 13560,  2.086
 13620,  1.786
 13680,  1.826
 13740,  1.647
 13800,  1.363
 13860,  1.137
 13920,  1.800
 13980,  2.204
 14040,  1.876
 14100,  1.783
 14160,  1.724
 14220,  1.642
 14280,  1.688
 14340,  1.511
 14400,  1.679
 14460,  1.761
 14520,  1.732
 14580,  1.812
 14640,  2.321
 14700,  4.915
 14760,  6.730
 14820,  4.981
 14880,  4.942
 14940,  4.447
 15000,  7.521
 15060,  1.474
 15120,  3.447
 15180,  3.520
 15240,  4.232
 15300,  6.589
 15360,  3.390
 15420,  2.606
 15480,  2.048
 15540,  0.832
 15600,  0.820
 15660,  1.307
 15720,  0.736
 15780,  1.006
 15840,  1.156
 15900,  0.691
 15960,  0.601
 16020,  0.698
 16080,  0.501
 16140,  0.698
 16200,  0.742
 16260,  0.778
 16320,  0.635
 16380,  0.595
 16440,  0.561
 16500,  0.741
 16560,  0.604
 16620,  0.596
 16680,  0.592
 16740,  0.693
 16800,  0.598
 16860,  0.557
 16920,  0.496
 16980,  0.568
 17040,  0.593
 17100,  0.502
 17160,  0.655
 17220,  0.602
 17280,  0.612
 17340,  0.558
 17400,  0.571
 17460,  0.603
 17520,  0.571
 17580,  0.712
 17640,  0.862
 17700,  0.931
 17760,  0.667
 17820,  0.691
 17880,  0.591
 17940,  1.033
 18000,  0.985
 18060, -9999.000
 18120,  2.499
 18180,  2.125
 18240,  1.660
 18300,  1.916
 18360,  1.740
 18420,  1.765
 18480,  3.351
 18540,  5.549
 18600,  2.746
 18660,  2.324
 18720,  3.991
 18780,  1.851
 18840,  1.487
 18900,  2.028
 18960,  2.098
 19020,  2.246
 19080,  1.397
 19140,  4.219
 19200,  4.244
 19260,  2.789
 19320,  1.734
 19380,  2.259
 19440,  2.299
 19500,  3.419
 19560,  3.469
 19620,  6.098
 19680,  9.309
 19740, 15.225
 19800, 12.557
 19860,  6.804
 19920, -9999.000
 19980,  4.929
 20040,  9.568
 20100, 15.116
 20160, 11.157
 20220,  9.826
 20280,  7.709
 20340, 10.394
 20400,  6.612
 20460,  7.695
 20520,  7.012
 20580,  8.443
 20640, 11.202
 20700,  7.410
 20760,  4.880
 20820,  4.174
 20880,  2.229
 20940,  1.256
 21000,  1.708
 21060,  1.590
 21120,  1.055
 21180,  1.047
 21240,  1.045
 21300,  0.812
 21360,  1.128
 21420,  0.816
 21480,  0.744
 21540,  0.991
 21600,  0.805
 21660,  0.908
 21720,  0.898
 21780, -9999.000
 21840,  0.620
 21900,  1.056
 21960,  1.033
 22020,  0.926
 22080,  1.047
 22140,  1.087
 22200,  1.180
 22260,  2.644
 22320,  4.635
 22380,  3.555
 22440,  3.139
 22500,  3.298
 22560,  2.865
 22620,  4.044
 22680,  4.658
 22740,  9.227
 22800,  9.879
 22860,  5.800
 22920,  2.965
 22980,  2.800
 23040,  3.289
 23100,  5.926
 23160,  6.378
 23220,  4.643
 23280,  3.991
 23340,  3.093
 23400,  3.077
 23460,  3.327
 23520,  3.481
 23580,  4.344
 23640,  5.551
 23700, 12.159
 23760, 17.207
 23820, 17.903
 23880, 18.260
 23940, 25.159
 24000, 14.601
 24060,  8.067
 24120,  7.407
 24180,  2.293
 24240,  1.427
 24300,  1.166
 24360,  1.115
 24420,  0.992
 24480,  1.072
 24540,  0.856
 24600,  0.988
 24660,  0.810
 24720,  0.835
 24780,  0.834
 24840,  1.029
 24900,  0.977
 24960,  0.905
 25020,  0.858
 25080,  0.840
 25140,  0.847
 25200,  0.955
 25260,  1.035
 25320,  1.210
 25380,  1.099
 25440, -9999.000
 25500,  0.941
 25560,  0.886
 25620,  1.012
 25680,  0.897
 25740,  0.947
 25800,  0.866
 25860,  0.893
 25920,  0.934
 25980,  0.987
 26040,  0.906
 26100,  0.907
 26160,  0.901
 26220,  1.004
 26280,  1.120
 26340,  1.142
 26400,  1.202
 26460,  1.024
 26520,  0.758
 26580,  0.884
 26640,  1.053
 26700,  0.960
 26760,  1.104
 26820,  0.899
 26880,  0.921
 26940,  1.039
 27000,  1.235
 27060,  0.791
 27120,  1.064
 27180,  1.079
 27240,  0.817
 27300, -9999.000
 27360,  1.212
 27420,  1.000
 27480,  1.111
 27540,  1.315
 27600,  0.875
 27660,  1.030
 27720,  1.069
 27780,  1.128
 27840,  1.356
 27900,  1.292
 27960,  1.153
 28020,  1.150
 28080,  1.466
 28140,  1.396
 28200,  1.506
 28260,  1.327
 28320,  0.929
 28380,  1.007
 28440,  1.211
 28500,  1.017
 28560,  1.182
 28620,  1.339
 28680,  0.976
 28740,  1.197
 28800,  1.475
 28860,  1.313
 28920,  1.832
 28980,  1.901
 29040,  1.631
 29100,  1.322
 29160, -9999.000
 29220,  1.468
 29280,  1.263
 29340,  1.618
 29400,  1.278
 29460,  1.239
 29520,  1.335
 29580,  1.180
 29640,  1.208
 29700,  1.481
 29760,  1.463
 29820,  1.428
 29880,  1.808
 29940,  1.238
 30000,  1.376
 30060,  1.231
 30120,  1.263
 30180,  1.180
 30240,  1.129
 30300,  1.500
 30360,  1.499
 30420,  1.275
 30480,  1.283
 30540,  1.250
 30600,  1.445
 30660,  1.324
 30720,  1.443
 30780,  1.454
 30840,  1.426
 30900,  1.337
 30960,  1.439
 31020,  1.510
 31080,  1.630
 31140,  1.665
 31200,  1.288
 31260,  1.382
 31320,  1.419
 31380,  1.456
 31440,  1.593
 31500,  1.182
 31560,  1.301
 31620,  1.410
 31680,  1.589
 31740,  1.553
 31800,  1.004
 31860,  1.358
 31920,  1.367
 31980,  1.436
 32040,  1.419
 32100,  1.342
 32160,  1.251
 32220,  1.391
 32280,  1.328
 32340,  1.215
 32400,  1.561
 32460,  1.410
 32520,  1.421
 32580,  1.400
 32640,  1.427
 32700,  1.210
 32760,  1.594
 32820,  1.517
 32880,  1.349
 32940,  1.406
 33000,  1.531
 33060,  1.399
 33120,  1.534
 33180,  1.499
 33240,  1.217
 33300,  1.406
 33360,  1.348
 33420,  1.428
 33480,  1.582
 33540,  1.604
 33600,  1.369
 33660,  1.563
 33720,  1.609
 33780,  1.638
 33840,  1.466
 33900,  1.633
 33960,  1.497
 34020,  1.541
 34080,  1.707
 34140,  1.550
 34200,  1.390
 34260,  1.532
 34320,  1.538
 34380,  1.343
 34440,  1.392
 34500,  1.335
 34560,  1.179
 34620,  1.240
 34680,  1.431
 34740,  1.318
 34800,  1.527
 34860,  1.444
 34920,  1.328
 34980,  1.421
 35040,  1.421
 35100,  1.572
 35160,  1.235
 35220,  1.254
 35280,  1.318
 35340,  1.599
 35400,  1.624
 35460,  1.607
 35520,  1.573
 35580,  1.439
 35640,  1.541
 35700,  1.745
 35760,  1.973
 35820,  1.961
 35880,  1.576
 35940,  2.887
 36000,  4.958
 36060,  5.768
 36120,  4.033
 36180,  4.137
 36240,  2.507
 36300,  1.457
 36360,  1.721
 36420,  1.533
 36480,  1.173
 36540, -9999.000
 36600,  1.532
 36660,  1.483
 36720,  2.464
 36780,  2.112
 36840,  3.613
 36900,  4.460
 36960,  3.844
 37020,  2.315
 37080,  2.034
 37140,  1.918
 37200,  2.295
 37260,  2.468
 37320,  2.275
 37380,  2.154
 37440,  1.473
 37500,  1.549
 37560,  1.610
 37620,  1.563
 37680,  1.305
 37740,  1.585
 37800,  1.366
 37860,  1.303
 37920,  1.348
 37980,  1.362
 38040,  1.434
 38100,  1.427
 38160,  1.489
 38220,  1.166
 38280,  1.489
 38340,  1.561
 38400,  0.607
 38460,  1.516
 38520,  1.397
 38580,  1.381
 38640,  1.520
 38700,  1.433
 38760,  1.425
 38820,  1.486
 38880,  1.766
 38940,  1.571
 39000,  1.315
 39060,  1.417
 39120,  1.446
 39180,  1.487
 39240,  1.234
 39300,  1.420
 39360,  1.375
 39420,  1.383
 39480,  1.694
 39540,  1.455
 39600,  1.602
 39660,  1.492
 39720,  1.690
 39780,  1.480
 39840,  1.734
 39900,  1.886
 39960,  1.528
 40020,  1.256
 40080,  1.432
 40140,  1.339
 40200,  1.482
 40260,  1.130
 40320,  1.431
 40380,  1.370
 40440,  1.281
 40500,  1.641
 40560,  1.611
 40620,  1.671
 40680,  1.738
 40740,  1.537
 40800,  1.644
 40860,  1.965
 40920,  2.254
 40980,  2.967
 41040,  5.148
 41100,  6.966
 41160,  7.978
 41220,  8.970
 41280,  6.091
 41340,  9.371
 41400, 10.069
 41460, 11.374
 41520,  8.112
 41580,  7.296
 41640, 11.037
 41700, 13.990
 41760, 17.861
 41820, 19.075
 41880, 21.064
 41940, 18.887
 42000, 26.228
 42060, 25.693
 42120, 22.337
 42180, 17.849
 42240, 13.905
 42300, 14.456
 42360, 30.949
 42420, 31.948
 42480, 20.223
 42540, 26.346
 42600, 28.632
 42660, 30.980
 42720, 22.944
 42780, 33.265
 42840, 38.732
 42900, 21.941
 42960, 41.434
 43020, 17.590
 43080, 15.077
 43140, 40.514
 43200, 25.210
 43260, 19.408
 43320, 16.073
 43380, 20.332
 43440, 27.501
 43500, 21.001
 43560, 33.579
 43620, 40.796
 43680, 54.992
 43740, 51.395
 43800, 20.063
 43860, 17.753
 43920, -9999.000
 43980, 55.347
 44040, 55.891
 44100, 48.972
 44160, 50.654
 44220, 47.823
 44280, 14.636
 44340, 18.116
 44400, 28.485
 44460, 18.544
 44520, 11.118
 44580, 15.756
 44640, 18.281
 44700, -9999.000
 44760, -9999.000
 44820, -9999.000
 44880, -9999.000
 44940, -9999.000
 45000, -9999.000
 45060, -9999.000
 45120, -9999.000
 45180, -9999.000
 45240, -9999.000
 45300, -9999.000
 45360, -9999.000
 45420, -9999.000
 45480, -9999.000
 45540, -9999.000
 45600, -9999.000
 45660, -9999.000
 45720, -9999.000
 45780, -9999.000
 45840, -9999.000
 45900, -9999.000
 45960, -9999.000
 46020, -9999.000
 46080, -9999.000
 46140, -9999.000
 46200, -9999.000
 46260, -9999.000
 46320, -9999.000
 46380, -9999.000
 46440, -9999.000
 46500, -9999.000
 46560, -9999.000
 46620, -9999.000
 46680, -9999.000
 46740, -9999.000
 46800, -9999.000
 46860, -9999.000
 46920, -9999.000
 46980, -9999.000
 47040, -9999.000
 47100, -9999.000
 47160, -9999.000
 47220, -9999.000
 47280, -9999.000
 47340, -9999.000
 47400, -9999.000
 47460, -9999.000
 47520, -9999.000
 47580, -9999.000
 47640, -9999.000
 47700, -9999.000
 47760, -9999.000
 47820, -9999.000
 47880, -9999.000
 47940, -9999.000
 48000, -9999.000
 48060, -9999.000
 48120, -9999.000
 48180, -9999.000
 48240, -9999.000
 48300, -9999.000
 48360, -9999.000
 48420, -9999.000
 48480, -9999.000
 48540, -9999.000
 48600, -9999.000
 48660, -9999.000
 48720, -9999.000
 48780, -9999.000
 48840, -9999.000
 48900, -9999.000
 48960, -9999.000
 49020, -9999.000
 49080, -9999.000
 49140, -9999.000
 49200, -9999.000
 49260, -9999.000
 49320, -9999.000
 49380, -9999.000
 49440, -9999.000
 49500, -9999.000
 49560, -9999.000
 49620, -9999.000
 49680, -9999.000
 49740, -9999.000
 49800, -9999.000
 49860, -9999.000
 49920, -9999.000
 49980, -9999.000
 50040, -9999.000
 50100, -9999.000
 50160, -9999.000
 50220, -9999.000
 50280, -9999.000
 50340, -9999.000
 50400, -9999.000
 50460, -9999.000
 50520, -9999.000
 50580, -9999.000
 50640, -9999.000
 50700, -9999.000
 50760, -9999.000
 50820, -9999.000
 50880, -9999.000
 50940, -9999.000
 51000, -9999.000
 51060, -9999.000
 51120, -9999.000
 51180, -9999.000
 51240, -9999.000
 51300, -9999.000
 51360, -9999.000
 51420, -9999.000
 51480, -9999.000
 51540, -9999.000
 51600, -9999.000
 51660, -9999.000
 51720, -9999.000
 51780, -9999.000
 51840, -9999.000
 51900, -9999.000
 51960, -9999.000
 52020, -9999.000
 52080, -9999.000
 52140, -9999.000
 52200, -9999.000
 52260, -9999.000
 52320, -9999.000
 52380, -9999.000
 52440, -9999.000
 52500, -9999.000
 52560, -9999.000
 52620, -9999.000
 52680, -9999.000
 52740, -9999.000
 52800, -9999.000
 52860, -9999.000
 52920, -9999.000
 52980, -9999.000
 53040, -9999.000
 53100, -9999.000
 53160, -9999.000
 53220, -9999.000
 53280, -9999.000
 53340, -9999.000
 53400, -9999.000
 53460, -9999.000
 53520, -9999.000
 53580, -9999.000
 53640, -9999.000
 53700, -9999.000
 53760, -9999.000
 53820, -9999.000
 53880, -9999.000
 53940, -9999.000
 54000, -9999.000
 54060, -9999.000
 54120, -9999.000
 54180, -9999.000
 54240, -9999.000
 54300, -9999.000
 54360, -9999.000
 54420, -9999.000
 54480, -9999.000
 54540, -9999.000
 54600, -9999.000
 54660, -9999.000
 54720, -9999.000
 54780, -9999.000
 54840, -9999.000
 54900, -9999.000
 54960, -9999.000
 55020, -9999.000
 55080, -9999.000
 55140, -9999.000
 55200, -9999.000
 55260, -9999.000
 55320, -9999.000
 55380, -9999.000
 55440, -9999.000
 55500, -9999.000
 55560, -9999.000
 55620, -9999.000
 55680, -9999.000
 55740, -9999.000
 55800, -9999.000
 55860, -9999.000
 55920, -9999.000
 55980, -9999.000
 56040, -9999.000
 56100, -9999.000
 56160, -9999.000
 56220, -9999.000
 56280, -9999.000
 56340, -9999.000
 56400, -9999.000
 56460, -9999.000
 56520, -9999.000
 56580, -9999.000
 56640, -9999.000
 56700, -9999.000
 56760, -9999.000
 56820, -9999.000
 56880, -9999.000
 56940, -9999.000
 57000, -9999.000
 57060, -9999.000
 57120, -9999.000
 57180, -9999.000
 57240, -9999.000
 57300, -9999.000
 57360, -9999.000
 57420, -9999.000
 57480, -9999.000
 57540, -9999.000
 57600, -9999.000
 57660, -9999.000
 57720, -9999.000
 57780, -9999.000
 57840, -9999.000
 57900, -9999.000
 57960, -9999.000
 58020, -9999.000
 58080, -9999.000
 58140, -9999.000
 58200, -9999.000
 58260, -9999.000
 58320, -9999.000
 58380, -9999.000
 58440, -9999.000
 58500, -9999.000
 58560, -9999.000
 58620, -9999.000
 58680, -9999.000
 58740, -9999.000
 58800, -9999.000
 58860, -9999.000
 58920, -9999.000
 58980, -9999.000
 59040, -9999.000
 59100, -9999.000
 59160, -9999.000
 59220, -9999.000
