CampaignData_and_Merges/R0/CSL_MobileLab_Parked/raw/20240723/USOS-MetNav_MobileLabGround_20240723_R0.ict
44, 1001
Carrie Womack, Nate Howard, Mike Zucker
NOAA Chemical Sciences Laboratory
Mobile Lab MetNav Station
USOS
1, 1
2024, 07, 23, 2024, 12, 21
60
Time_Start, seconds_past_midnight, Seconds from midnight UTC
11
1, 1, 1, 1, 1, 1, 1, 1, 1, 1, 1
-9999, -9999, -9999, -9999, -9999, -9999, -9999, -9999, -9999, -9999, -9999
GPS_Alt_m, meters, Altitude from Differential GPS
GPS_Course_deg, degrees, Course from Differential GPS
GPS_GndSpd_m_s, m/s, Ground Speed from Differential GPS
GPS_Heading_deg, degrees, Heading from Differential GPS
GPS_Lat_deg, degrees, Latitude from Differential GPS
GPS_Lon_deg, degrees, Longitude from Differential GPS
AirTemp_C, Celsius, Air Temperature from Airmar
RelHumidity_pct, percent, Relative Humidity from Airmar
Pressure_mb, millibars, Pressure from Honeywell
WindDir_calc_deg, degrees, Wind Direction from Airmar corrected for van movement
WindSpd_calc_m_s, m/s, Wind Speed from Airmar corrected for van movement
1
SPECIAL COMMENTS:
18
PI_CONTACT_INFO: Address: 325 Broadway R/CSL7, Boulder, CO, 80305
PLATFORM: CSL Mobile Lab
LOCATION: Salt Lake City, UT
ASSOCIATED_DATA: N/A
INSTRUMENT_INFO: N/A
DATA_INFO: Units:
UNCERTAINTY: N/A
ULOD_FLAG: -7777
ULOD_VALUE: N/A
LLOD_FLAG: -8888
LLOD_VALUE: N/A
DM_CONTACT_INFO: Data Manager: Nate Howard
PROJECT_INFO: 
STIPULATIONS_ON_USE: Use of these data require prior ok from PI.
OTHER_COMMENTS: 
REVISION: R0
R0: Final data. Fixed bug in wind averaging code. RA: Preliminary Data. For in-field use only. 
Time_Start, GPS_Alt_m, GPS_Course_deg, GPS_GndSpd_m_s, GPS_Heading_deg, GPS_Lat_deg, GPS_Lon_deg, AirTemp_C, RelHumidity_pct, Pressure_mb, WindDir_calc_deg, WindSpd_calc_m_s
[from data line 819]
49140.0,1310.0,1.13,0.05,1.13,40.73434,-111.87212,27.9,24.7,877.5,124.85,2.0
49200.0,1310.0,0.83,0.05,0.83,40.73434,-111.87212,27.9,23.0,877.4,125.67,2.2
49260.0,1310.0,0.20,0.04,0.20,40.73434,-111.87212,27.9,23.0,877.5,119.77,1.2
49320.0,1310.0,359.75,0.04,359.75,40.73434,-111.87212,28.0,22.6,877.5,119.29,1.3
49380.0,1310.0,359.31,0.04,359.31,40.73434,-111.87212,27.9,22.2,877.5,116.91,1.6
49440.0,1309.9,359.73,0.04,359.73,40.73434,-111.87212,27.9,22.2,877.6,119.29,2.0
49500.0,1310.0,0.33,0.05,0.33,40.73434,-111.87212,27.8,22.1,877.6,131.08,2.9
49560.0,1310.0,0.04,0.05,0.04,40.73434,-111.87212,27.8,22.3,877.6,137.38,2.5
49620.0,1310.0,359.58,0.05,359.58,40.73434,-111.87212,27.8,21.9,877.6,166.54,1.8
49680.0,1309.9,359.43,0.05,359.43,40.73434,-111.87212,27.7,22.3,877.7,150.28,2.1
49740.0,1309.9,0.32,0.05,0.32,40.73434,-111.87212,27.6,22.4,877.7,157.78,3.0
49800.0,1310.0,0.80,0.04,0.80,40.73434,-111.87212,27.6,22.2,877.7,162.16,1.7
49860.0,1310.0,0.76,0.05,0.76,40.73434,-111.87212,27.6,22.4,877.7,166.76,2.6
49920.0,1310.0,0.17,0.05,0.17,40.73434,-111.87212,27.7,22.9,877.7,184.40,1.4
49980.0,1310.1,1.14,0.05,1.14,40.73434,-111.87212,27.8,22.4,877.7,191.88,1.5
50040.0,1309.9,1.56,0.05,1.56,40.73434,-111.87212,27.8,22.4,877.7,184.80,2.0
50100.0,1309.7,1.90,0.05,1.90,40.73434,-111.87212,27.8,21.5,877.7,165.74,2.3
50160.0,1309.7,1.45,0.05,1.45,40.73434,-111.87212,27.8,22.0,877.7,175.51,2.1
50220.0,1309.7,1.59,0.05,1.59,40.73434,-111.87212,27.6,22.9,877.7,157.96,2.3
50280.0,1309.8,0.90,0.05,0.90,40.73434,-111.87212,27.6,22.5,877.7,169.75,1.5
50340.0,1310.0,0.95,0.05,0.95,40.73434,-111.87212,27.5,22.8,877.7,192.11,1.8
50400.0,1309.5,0.69,0.05,0.69,40.73434,-111.87211,27.6,22.9,877.7,188.26,1.4
50460.0,1309.3,0.47,0.05,0.47,40.73434,-111.87212,27.7,23.3,877.7,178.80,1.1
50520.0,1309.3,0.67,0.05,0.67,40.73434,-111.87212,27.7,23.5,877.7,173.38,1.4
50580.0,1309.3,0.46,0.04,0.46,40.73434,-111.87212,27.6,23.9,877.7,176.41,2.1
50640.0,1309.0,0.69,0.05,0.69,40.73434,-111.87212,27.5,24.2,877.7,188.55,1.9
50700.0,1309.0,1.70,0.05,1.70,40.73434,-111.87212,27.5,24.2,877.8,178.74,1.1
50760.0,1309.0,1.94,0.04,1.94,40.73434,-111.87212,27.4,24.5,877.8,163.25,1.6
50820.0,1309.0,1.76,0.05,1.76,40.73434,-111.87212,27.3,24.9,877.8,135.36,1.1
50880.0,1308.9,1.51,0.05,1.51,40.73434,-111.87212,27.1,25.3,877.7,135.13,1.4
50940.0,1308.9,2.09,0.05,2.09,40.73434,-111.87212,27.1,25.8,877.7,144.74,1.6
51000.0,1309.0,2.18,0.05,2.18,40.73434,-111.87212,27.0,26.1,877.7,152.70,1.8
51060.0,1309.1,1.66,0.04,1.66,40.73434,-111.87212,26.8,26.4,877.7,151.64,2.2
51120.0,1309.2,1.64,0.05,1.64,40.73434,-111.87212,26.8,26.1,877.6,145.91,2.2
51180.0,1309.2,1.64,0.04,1.64,40.73434,-111.87212,26.7,26.6,877.5,168.31,2.1
51240.0,1309.1,1.00,0.05,1.00,40.73434,-111.87212,26.7,26.4,877.5,170.48,1.7
51300.0,1309.1,1.07,0.05,1.07,40.73434,-111.87212,26.7,26.1,877.5,174.25,1.6
51360.0,1309.0,1.38,0.05,1.38,40.73434,-111.87212,26.8,25.7,877.6,166.43,1.2
51420.0,1309.2,1.48,0.05,1.48,40.73434,-111.87212,26.8,25.3,877.6,179.29,1.5
51480.0,1309.3,1.59,0.05,1.59,40.73434,-111.87212,26.8,25.4,877.6,176.10,1.5
51540.0,1309.3,1.43,0.05,1.43,40.73434,-111.87212,26.8,25.6,877.6,153.06,1.0
51600.0,1309.3,0.82,0.05,0.82,40.73434,-111.87212,26.9,25.4,877.6,170.32,1.3
51660.0,1309.2,0.66,0.05,0.66,40.73434,-111.87212,27.0,24.5,877.6,178.70,1.4
51720.0,1309.2,0.64,0.05,0.64,40.73434,-111.87212,27.2,24.4,877.6,150.11,1.4
51780.0,1309.3,0.25,0.05,0.25,40.73434,-111.87212,27.4,24.3,877.7,151.98,1.5
51840.0,1309.3,359.48,0.05,359.48,40.73434,-111.87212,27.6,23.8,877.7,150.60,1.2
51900.0,1309.3,359.57,0.05,359.57,40.73434,-111.87212,27.7,24.1,877.7,148.72,1.4
51960.0,1309.3,359.95,0.05,359.95,40.73434,-111.87212,27.7,24.4,877.7,139.81,1.5
52020.0,1309.3,359.62,0.05,359.62,40.73434,-111.87212,27.7,24.1,877.7,157.72,1.8
52080.0,1309.2,359.36,0.06,359.36,40.73434,-111.87212,27.7,23.7,877.7,169.60,2.1
52140.0,1309.1,359.50,0.05,359.50,40.73434,-111.87212,27.6,24.0,877.8,167.01,1.9
52200.0,1309.0,359.29,0.05,359.29,40.73434,-111.87212,27.6,24.2,877.8,189.43,1.2
52260.0,1309.0,359.09,0.06,359.09,40.73434,-111.87212,27.6,24.4,877.8,197.21,1.7
52320.0,1309.0,359.03,0.05,359.03,40.73434,-111.87212,27.7,24.3,877.8,183.53,1.2
52380.0,1308.9,359.82,0.05,359.82,40.73434,-111.87212,27.8,24.4,877.8,191.70,1.6
52440.0,1308.9,0.48,0.06,0.48,40.73433,-111.87212,27.9,24.2,877.8,166.71,0.9
52500.0,1308.9,0.14,0.06,0.14,40.73433,-111.87212,28.1,24.3,877.7,177.22,1.9
52560.0,1309.1,359.76,0.07,359.76,40.73434,-111.87212,28.1,24.7,877.7,159.02,1.7
52620.0,1309.2,359.55,0.06,359.55,40.73434,-111.87212,28.1,25.1,877.7,151.30,2.1
52680.0,1309.1,359.32,0.06,359.32,40.73434,-111.87212,28.0,25.6,877.7,142.44,2.6
52740.0,1309.1,0.01,0.05,0.01,40.73434,-111.87212,27.9,25.1,877.8,154.93,2.2
52800.0,1308.8,359.74,0.07,359.74,40.73434,-111.87212,27.9,25.6,877.8,150.76,1.9
52860.0,1309.0,0.01,0.06,0.01,40.73434,-111.87212,28.0,25.8,877.8,125.69,1.5
52920.0,1309.4,1.03,0.05,1.03,40.73434,-111.87212,28.2,25.6,877.8,131.41,0.9
52980.0,1309.5,1.12,0.05,1.12,40.73434,-111.87212,28.3,25.0,877.8,113.07,0.8
53040.0,1309.6,0.94,0.06,0.94,40.73434,-111.87212,28.4,26.5,877.8,93.66,0.5
53100.0,1309.6,1.16,0.06,1.16,40.73434,-111.87212,28.2,26.1,877.9,65.38,0.3
53160.0,1308.9,1.28,0.05,1.28,40.73434,-111.87212,28.2,26.4,877.9,66.07,0.4
53220.0,1309.3,1.33,0.06,1.33,40.73434,-111.87212,28.2,27.0,877.9,105.36,0.5
53280.0,1310.8,1.49,0.06,1.49,40.73434,-111.87212,28.2,26.3,877.9,123.63,0.7
53340.0,1311.1,1.43,0.06,1.43,40.73434,-111.87212,28.3,26.7,877.9,110.21,0.5
53400.0,1311.2,1.82,0.05,1.82,40.73434,-111.87212,28.3,26.5,877.9,126.55,1.2
53460.0,1311.4,2.12,0.05,2.12,40.73434,-111.87212,28.2,25.6,877.9,114.99,1.4
53520.0,1310.9,1.97,0.06,1.97,40.73434,-111.87212,28.3,26.3,877.9,121.44,1.4
53580.0,1309.1,2.34,0.07,2.34,40.73434,-111.87212,28.5,26.1,877.9,132.71,1.4
53640.0,1309.4,2.66,0.06,2.66,40.73434,-111.87212,28.7,25.8,877.9,118.84,1.4
53700.0,1309.4,2.66,0.08,2.66,40.73434,-111.87212,28.9,25.8,877.9,131.29,1.5
53760.0,1311.2,2.57,0.05,2.57,40.73434,-111.87212,29.2,25.7,877.9,141.83,1.3
53820.0,1313.2,2.26,0.06,2.26,40.73434,-111.87212,29.3,25.5,877.9,121.02,1.4
53880.0,1313.4,2.12,0.05,2.12,40.73435,-111.87212,29.3,25.4,877.9,111.43,0.8
53940.0,1313.8,2.31,0.06,2.31,40.73435,-111.87212,29.3,26.1,877.9,120.94,0.9
54000.0,1313.7,2.40,0.05,2.40,40.73435,-111.87212,29.2,25.9,877.9,117.67,1.2
54060.0,1313.6,2.64,0.06,2.64,40.73434,-111.87212,28.9,25.6,878.0,111.50,1.4
54120.0,1313.3,2.22,0.06,2.22,40.73434,-111.87212,28.8,25.3,878.0,111.83,1.1
54180.0,1312.8,1.88,0.06,1.88,40.73434,-111.87212,28.7,24.6,877.9,113.26,1.2
54240.0,1312.0,1.57,0.06,1.57,40.73434,-111.87212,28.5,24.7,878.0,116.85,1.7
54300.0,1311.8,1.47,0.06,1.47,40.73434,-111.87212,28.4,24.9,877.9,119.95,1.6
54360.0,1311.7,0.55,0.06,0.55,40.73434,-111.87212,28.4,24.8,877.9,124.22,1.4
54420.0,1311.6,0.72,0.06,0.72,40.73434,-111.87212,28.4,24.8,877.9,145.94,1.9
54480.0,1311.5,1.18,0.06,1.18,40.73434,-111.87212,28.3,25.0,877.9,133.64,2.3
54540.0,1311.3,1.22,0.06,1.22,40.73434,-111.87212,28.3,24.9,877.9,140.32,2.4
54600.0,1310.8,1.01,0.06,1.01,40.73434,-111.87211,28.3,24.7,877.9,165.45,2.0
54660.0,1310.6,1.80,0.06,1.80,40.73434,-111.87211,28.4,24.8,877.9,152.97,2.6
54720.0,1310.8,1.90,0.06,1.90,40.73434,-111.87211,28.3,25.4,877.9,143.79,1.7
54780.0,1310.7,1.32,0.05,1.32,40.73434,-111.87211,28.4,24.7,877.9,163.80,1.8
54840.0,1310.6,0.99,0.06,0.99,40.73434,-111.87211,28.4,24.9,877.9,149.87,1.9
54900.0,1310.3,1.08,0.06,1.08,40.73434,-111.87211,28.4,25.4,877.9,147.52,2.0
54960.0,1310.1,1.39,0.05,1.39,40.73434,-111.87211,28.4,25.3,877.9,148.84,1.8
55020.0,1309.7,1.29,0.05,1.29,40.73434,-111.87211,28.4,26.0,877.9,147.37,1.7
55080.0,1309.8,0.85,0.06,0.85,40.73434,-111.87211,28.4,25.7,877.9,148.34,1.3
55140.0,1309.7,0.75,0.05,0.75,40.73434,-111.87211,28.5,26.4,877.8,140.23,1.4
55200.0,1309.4,1.08,0.06,1.08,40.73434,-111.87211,28.5,25.8,877.8,132.72,1.1
55260.0,1309.4,1.53,0.06,1.53,40.73434,-111.87211,28.6,25.8,877.8,135.73,1.1
55320.0,1309.5,1.61,0.05,1.61,40.73434,-111.87211,28.7,25.5,877.8,143.33,1.3
55380.0,1309.6,1.88,0.06,1.88,40.73434,-111.87211,28.6,25.8,877.8,134.60,1.3
55440.0,1309.5,1.98,0.06,1.98,40.73434,-111.87211,28.7,25.4,877.8,139.86,1.5
55500.0,1309.5,1.68,0.07,1.68,40.73434,-111.87211,28.7,25.6,877.8,134.94,1.2
55560.0,1309.4,1.43,0.05,1.43,40.73434,-111.87211,28.7,26.8,877.8,133.78,1.2
55620.0,1309.4,1.82,0.06,1.82,40.73434,-111.87211,28.7,26.9,877.9,131.60,1.5
55680.0,1309.4,2.31,0.05,2.31,40.73434,-111.87211,28.7,26.2,877.8,136.93,1.5
55740.0,1309.4,1.84,0.05,1.84,40.73434,-111.87211,28.7,26.0,877.8,127.12,1.5
55800.0,1309.4,1.78,0.05,1.78,40.73434,-111.87211,28.6,26.1,877.8,125.76,1.2
55860.0,1309.5,1.70,0.05,1.70,40.73434,-111.87211,28.7,25.7,877.8,148.74,1.7
55920.0,1309.6,1.50,0.05,1.50,40.73434,-111.87211,28.8,24.8,877.8,144.35,1.5
55980.0,1309.7,0.94,0.06,0.94,40.73434,-111.87211,28.8,25.7,877.8,144.05,1.9
56040.0,1309.6,1.16,0.04,1.16,40.73434,-111.87211,28.9,25.5,877.8,152.59,2.1
56100.0,1309.7,1.17,0.06,1.17,40.73434,-111.87211,28.9,25.5,877.8,155.84,2.6
56160.0,1309.5,1.03,0.05,1.03,40.73434,-111.87211,28.9,26.6,877.8,152.61,2.0
56220.0,1309.4,1.09,0.06,1.09,40.73434,-111.87211,29.0,25.7,877.8,176.65,2.1
56280.0,1309.6,1.25,0.06,1.25,40.73434,-111.87211,29.0,25.4,877.8,170.83,2.4
56340.0,1309.5,1.08,0.05,1.08,40.73434,-111.87211,29.0,25.4,877.8,166.01,2.4
56400.0,1309.4,1.34,0.05,1.34,40.73434,-111.87211,29.0,25.2,877.8,180.39,2.1
56460.0,1309.9,1.36,0.04,1.36,40.73434,-111.87211,29.1,25.6,877.8,173.63,2.3
56520.0,1310.0,1.66,0.05,1.66,40.73434,-111.87211,29.1,25.8,877.8,171.14,2.0
56580.0,1310.0,1.84,0.05,1.84,40.73434,-111.87211,29.0,26.1,877.8,183.51,1.7
56640.0,1310.1,1.87,0.05,1.87,40.73434,-111.87211,29.2,26.3,877.8,184.51,1.0
56700.0,1310.1,1.70,0.05,1.70,40.73434,-111.87211,29.3,26.6,877.8,181.90,1.1
56760.0,1309.8,2.10,0.05,2.10,40.73434,-111.87211,29.4,26.5,877.9,167.06,1.3
56820.0,1309.7,1.20,0.05,1.20,40.73434,-111.87211,29.5,26.6,877.9,162.98,1.9
56880.0,1309.8,0.95,0.06,0.95,40.73434,-111.87211,29.4,25.7,877.9,161.08,2.5
56940.0,1309.9,1.39,0.05,1.39,40.73434,-111.87211,29.4,26.4,877.9,152.24,2.2
57000.0,1310.2,1.40,0.06,1.40,40.73434,-111.87211,29.4,25.9,877.9,162.70,2.5
57060.0,1310.2,1.50,0.05,1.50,40.73434,-111.87211,29.4,26.1,877.9,163.87,2.2
57120.0,1310.2,1.44,0.05,1.44,40.73434,-111.87211,29.6,26.1,877.9,180.12,1.3
57180.0,1310.3,1.38,0.05,1.38,40.73434,-111.87211,29.9,25.7,878.0,184.53,1.3
57240.0,1310.3,1.97,0.04,1.97,40.73434,-111.87211,30.1,25.8,878.1,175.75,1.0
57300.0,1310.4,1.52,0.05,1.52,40.73433,-111.87211,30.3,25.7,878.1,177.97,1.5
57360.0,1310.4,1.21,0.04,1.21,40.73433,-111.87211,30.4,25.6,878.0,165.63,1.1
57420.0,1310.3,1.37,0.05,1.37,40.73433,-111.87211,30.6,25.3,878.1,169.02,1.4
57480.0,1310.3,1.10,0.05,1.10,40.73433,-111.87211,30.6,25.3,878.1,142.61,1.4
57540.0,1310.3,0.52,0.05,0.52,40.73434,-111.87211,30.8,25.1,878.1,153.65,1.0
57600.0,1310.3,0.75,0.04,0.75,40.73434,-111.87211,30.9,25.8,878.1,148.22,1.6
57660.0,1310.3,1.37,0.04,1.37,40.73434,-111.87211,31.1,24.9,878.1,128.86,1.1
57720.0,1310.3,1.31,0.04,1.31,40.73434,-111.87211,31.4,24.9,878.1,166.11,1.1
57780.0,1310.2,0.69,0.05,0.69,40.73434,-111.87211,31.8,24.3,878.1,134.82,0.6
57840.0,1310.1,0.58,0.04,0.58,40.73434,-111.87211,32.0,23.9,878.1,139.20,1.0
57900.0,1310.0,0.70,0.04,0.70,40.73434,-111.87211,32.4,23.6,878.1,130.55,0.7
57960.0,1309.8,1.08,0.05,1.08,40.73434,-111.87211,32.7,23.4,878.1,115.68,0.9
58020.0,1309.6,0.93,0.05,0.93,40.73434,-111.87211,32.8,23.0,878.1,151.19,1.9
58080.0,1309.6,0.87,0.05,0.87,40.73434,-111.87211,32.8,22.6,878.1,150.05,2.9
58140.0,1309.7,0.85,0.05,0.85,40.73434,-111.87211,32.8,23.0,878.1,143.12,1.6
58200.0,1309.6,1.10,0.05,1.10,40.73434,-111.87211,32.8,23.7,878.1,124.43,1.5
58260.0,1309.5,1.17,0.05,1.17,40.73434,-111.87211,33.0,22.6,878.1,127.69,1.4
58320.0,1309.4,1.11,0.05,1.11,40.73434,-111.87211,33.0,23.2,878.1,128.03,1.3
58380.0,1309.4,0.98,0.04,0.98,40.73434,-111.87211,33.2,22.5,878.1,124.91,1.0
58440.0,1309.4,1.15,0.04,1.15,40.73434,-111.87211,33.2,21.6,878.1,150.36,1.7
58500.0,1309.4,1.49,0.05,1.49,40.73434,-111.87211,33.3,22.1,878.1,114.34,0.8
58560.0,1309.3,1.35,0.06,1.35,40.73434,-111.87211,33.4,22.4,878.1,127.51,0.9
58620.0,1309.3,1.15,0.05,1.15,40.73434,-111.87211,33.4,21.3,878.2,173.57,2.0
58680.0,1309.1,1.15,0.05,1.15,40.73434,-111.87211,33.4,21.4,878.1,160.12,2.2
58740.0,1309.0,1.24,0.04,1.24,40.73434,-111.87211,33.3,21.5,878.2,179.12,1.9
58800.0,1308.9,1.74,0.04,1.74,40.73434,-111.87211,33.3,21.7,878.2,173.38,1.5
58860.0,1309.1,1.43,0.04,1.43,40.73433,-111.87211,33.5,21.5,878.2,160.69,0.8
58920.0,1308.9,1.31,0.05,1.31,40.73434,-111.87211,33.6,21.3,878.2,164.70,1.4
58980.0,1308.8,1.32,0.04,1.32,40.73434,-111.87211,33.7,21.3,878.2,167.41,1.3
59040.0,1308.9,2.07,0.04,2.07,40.73433,-111.87211,33.8,21.5,878.2,158.46,1.1
59100.0,1308.8,2.36,0.04,2.36,40.73433,-111.87211,33.8,21.0,878.2,176.43,1.4
59160.0,1308.8,2.69,0.05,2.69,40.73433,-111.87211,33.9,21.4,878.2,148.28,1.0
59220.0,1308.7,2.17,0.04,2.17,40.73433,-111.87211,33.8,21.6,878.2,145.59,1.9
59280.0,1308.7,1.40,0.05,1.40,40.73433,-111.87211,33.8,21.6,878.2,146.07,2.0
59340.0,1308.7,1.08,0.04,1.08,40.73433,-111.87211,33.8,21.2,878.2,148.32,2.0
59400.0,1308.7,1.36,0.04,1.36,40.73433,-111.87211,33.8,20.5,878.2,155.15,1.6
59460.0,1308.8,1.34,0.04,1.34,40.73433,-111.87211,33.7,21.2,878.2,135.94,1.5
59520.0,1308.9,1.61,0.06,1.61,40.73433,-111.87211,33.6,21.0,878.2,142.28,1.5
59580.0,1308.9,1.65,0.05,1.65,40.73433,-111.87211,33.4,21.2,878.2,144.97,2.1
59640.0,1309.0,1.33,0.04,1.33,40.73433,-111.87211,33.3,22.5,878.2,139.36,1.9
59700.0,1309.1,0.42,0.05,0.42,40.73433,-111.87211,33.2,24.2,878.2,125.53,1.4
59760.0,1309.1,0.55,0.05,0.55,40.73433,-111.87211,33.0,25.6,878.2,108.40,0.9
59820.0,1308.9,0.61,0.05,0.61,40.73433,-111.87211,32.8,26.3,878.2,101.43,0.7
59880.0,1308.9,0.94,0.05,0.94,40.73433,-111.87211,32.7,25.5,878.2,106.42,0.6
59940.0,1309.0,0.45,0.05,0.45,40.73433,-111.87211,32.5,25.4,878.2,97.31,0.5
60000.0,1309.2,0.26,0.05,0.26,40.73433,-111.87211,32.4,24.9,878.2,85.15,0.5
60060.0,1309.2,0.11,0.05,0.11,40.73433,-111.87211,32.2,25.1,878.2,74.04,0.4
60120.0,1309.2,0.32,0.04,0.32,40.73433,-111.87211,32.0,24.2,878.2,74.96,0.4
60180.0,1309.2,0.57,0.04,0.57,40.73433,-111.87211,31.9,24.1,878.3,65.13,0.5
60240.0,1309.5,0.58,0.04,0.58,40.73433,-111.87211,31.9,23.9,878.2,83.10,0.5
60300.0,1309.6,0.20,0.04,0.20,40.73433,-111.87211,31.8,23.6,878.2,68.05,0.4
60360.0,1309.8,0.99,0.04,0.99,40.73433,-111.87211,31.7,23.2,878.3,63.74,0.3
60420.0,1309.6,1.13,0.04,1.13,40.73434,-111.87211,31.7,23.0,878.3,59.97,0.3
60480.0,1309.3,1.03,0.04,1.03,40.73434,-111.87211,31.7,23.7,878.3,90.54,0.5
60540.0,1309.4,1.39,0.04,1.39,40.73434,-111.87211,31.7,23.9,878.3,78.06,0.5
60600.0,1309.3,1.45,0.04,1.45,40.73434,-111.87211,31.7,24.0,878.3,83.47,0.5
60660.0,1309.2,1.52,0.04,1.52,40.73434,-111.87211,31.7,24.3,878.3,98.41,0.6
60720.0,1309.1,1.52,0.04,1.52,40.73434,-111.87211,31.8,23.5,878.3,71.57,0.4
60780.0,1309.1,1.46,0.04,1.46,40.73434,-111.87211,31.8,23.5,878.3,81.23,0.5
60840.0,1309.0,1.74,0.04,1.74,40.73434,-111.87211,31.9,23.7,878.3,101.94,0.8
60900.0,1309.0,1.91,0.04,1.91,40.73434,-111.87211,31.9,24.3,878.3,116.04,1.2
60960.0,1308.9,1.64,0.04,1.64,40.73434,-111.87211,31.9,22.3,878.3,120.32,1.4
61020.0,1308.9,1.86,0.05,1.86,40.73434,-111.87211,32.0,22.3,878.3,127.50,1.3
61080.0,1308.8,2.18,0.04,2.18,40.73434,-111.87211,32.2,21.3,878.3,136.82,1.4
61140.0,1308.8,2.12,0.05,2.12,40.73434,-111.87211,32.3,20.5,878.3,146.45,1.7
61200.0,1308.8,2.30,0.05,2.30,40.73434,-111.87211,32.5,19.9,878.3,167.65,1.5
61260.0,1308.9,2.42,0.05,2.42,40.73434,-111.87211,32.7,19.5,878.3,146.25,1.4
61320.0,1308.9,2.21,0.04,2.21,40.73434,-111.87211,32.8,20.0,878.3,142.49,1.0
61380.0,1308.8,2.35,0.04,2.35,40.73434,-111.87211,32.9,19.9,878.3,140.04,1.3
61440.0,1308.9,2.03,0.04,2.03,40.73434,-111.87211,33.0,20.7,878.3,135.47,1.3
