CampaignData_and_Merges/R0/CSL_MobileLab_Parked/raw/20240723/USOS-POPS_MobileLabGround_20240723_R0.ict
78, 1001
Thornberry, T. D.
NOAA Chemical Sciences Laboratory
Portable Optical Particle Spectrometer (POPS)
USOS
1, 1
2024, 07, 23, 2025, 05, 08
60
Time_Start, seconds_past_midnight, Start time of measurement
45
1, 1, 1, 1, 1, 1, 1, 1, 1, 1, 1, 1, 1, 1, 1, 1, 1, 1, 1, 1, 1, 1, 1, 1, 1, 1, 1, 1, 1, 1, 1, 1, 1, 1, 1, 1, 1, 1, 1, 1, 1, 1, 1, 1, 1
-9999, -9999, -9999, -9999, -9999, -9999, -9999, -9999, -9999, -9999, -9999, -9999, -9999, -9999, -9999, -9999, -9999, -9999, -9999, -9999, -9999, -9999, -9999, -9999, -9999, -9999, -9999, -9999, -9999, -9999, -9999, -9999, -9999, -9999, -9999, -9999, -9999, -9999, -9999, -9999, -9999, -9999, -9999, -9999, -9999
Time_Stop, seconds_past_midnight, Stop time of measurement
Time_Mid, seconds_past_midnight, Mid time of measurement
Press_mb, mb, Pressure reported (mb)
Temp_C, degrees C, POPS temperature measurement
Aerosol_concentration, cm^-3, Aerosol concentration
Surface_Area_Conc, um^2 cm^-3, Surface area concentration
Volume_density, um^3 cm^-3, Volume density
Effective_radius, um, Effective radius
Extinction, km^-1, Extinction
Bin01, cm^-3, particle concentration in size range [1401 - 146.3 nm]
Bin02, cm^-3, particle concentration in size range [146.3 - 152.8 nm]
Bin03, cm^-3, particle concentration in size range [152.8 - 159.6 nm]
Bin04, cm^-3, particle concentration in size range [159.6 - 166.8 nm]
Bin05, cm^-3, particle concentration in size range [166.8 - 174.2 nm]
Bin06, cm^-3, particle concentration in size range [174.2 - 181.9 nm]
Bin07, cm^-3, particle concentration in size range [181.9 - 190.0 nm]
Bin08, cm^-3, particle concentration in size range [190.0 - 198.5 nm]
Bin09, cm^-3, particle concentration in size range [198.5 - 207.4 nm]
Bin10, cm^-3, particle concentration in size range [207.4 - 216.6 nm]
Bin11, cm^-3, particle concentration in size range [216.6 - 226.2 nm]
Bin12, cm^-3, particle concentration in size range [226.2 - 236.3 nm]
Bin13, cm^-3, particle concentration in size range [236.3 - 246.8 nm]
Bin14, cm^-3, particle concentration in size range [246.8 - 257.8 nm]
Bin15, cm^-3, particle concentration in size range [257.8 - 269.3 nm]
Bin16, cm^-3, particle concentration in size range [269.3 - 343.4 nm]
Bin17, cm^-3, particle concentration in size range [343.4 - 450.7 nm]
Bin18, cm^-3, particle concentration in size range [450.7 - 525.9 nm]
Bin19, cm^-3, particle concentration in size range [525.9 - 618.5 nm]
Bin20, cm^-3, particle concentration in size range [618.5 - 710.0 nm]
Bin21, cm^-3, particle concentration in size range [710.0 - 822.7 nm]
Bin22, cm^-3, particle concentration in size range [822.7 - 885.9 nm]
Bin23, cm^-3, particle concentration in size range [885.9 - 953.9 nm]
Bin24, cm^-3, particle concentration in size range [953.9 - 1027.2 nm]
Bin25, cm^-3, particle concentration in size range [1027.2 - 1106.1 nm]
Bin26, cm^-3, particle concentration in size range [1106.1 - 1191.0 nm]
Bin27, cm^-3, particle concentration in size range [1191.0 - 1282.5 nm]
Bin28, cm^-3, particle concentration in size range [1282.5 - 1381.0 nm]
Bin29, cm^-3, particle concentration in size range [1381.0 - 1487.1 nm]
Bin30, cm^-3, particle concentration in size range [1487.1 - 1601.3 nm]
Bin31, cm^-3, particle concentration in size range [1601.3 - 1724.3 nm]
[...]
PLATFORM: NOAA CSL Mobile Lab
LOCATION: USOS
ASSOCIATED_DATA: N/A
INSTRUMENT_INFO: Printed Optical Particle Spectrometer counts particles from 140 - 2500 nm in diameter 
DATA_INFO: Particle concentrations reported in number per cubic centimeter,1 Hz data
UNCERTAINTY: Counting uncertainty dominated by air flow, less than 5 percent. Measurement range is ~0 - 3000 per cm3 (varies depending on flow rate- manufacturer quotes 1250 per cm3 at 1.667 cc/s)
ULOD_FLAG: -7777
ULOD_VALUE: N/A
LLOD_FLAG: -8888
LLOD_VALUE: N/A
DM_CONTACT_INFO: Troy Thornberry, 325 Broadway R/CSL6, Boulder, CO 80305; troy.thornberry@noaa.gov; 303-497-3373
PROJECT_INFO: USOS, Utah POPS data from NOAA CSL Mobile Lab
STIPULATIONS_ON_USE: Please contact the PIs for questions regarding applications and uncertainties
OTHER_COMMENTS: POPS bin Edges (nm):  140.1, 146.3, 152.8, 159.6, 166.8, 174.2, 181.9, 190.0, 198.5, 207.4, 216.6, 226.2, 236.3, 246.8, 257.8, 269.3, 343.4, 450.7, 525.9, 618.5, 710.0, 822.7, 885.9, 953.9, 1027.2, 1106.1, 1191.0, 1282.5, 1381.0, 1487.1, 1601.3, 1724.3, 1856.7, 1999.3, 2152.8, 2318.2, 2496.2
Calculations assume organic aerosol refractive index of 1.52+0.00j and extinction wavelength = 532 nm
REVISION: R0
R0: Final data
Time_Start, Time_Stop, Time_Mid, Press_mb, Temp_C, Aerosol_concentration, Surface_Area_Conc, Volume_density, Effective_radius, Extinction, Bin01, Bin02, Bin03, Bin04, Bin05, Bin06, Bin07, Bin08, Bin09, Bin10, Bin11, Bin12, Bin13, Bin14, Bin15, Bin16, Bin17, Bin18, Bin19, Bin20, Bin21, Bin22, Bin23, Bin24, Bin25, Bin26, Bin27, Bin28, Bin29, Bin30, Bin31, Bin32, Bin33, Bin34, Bin35, Bin36
[from data line 107]
6420,6479,6450,869.933,37.858,481.270,106.882,6.141,0.172,0.042,19.427597,19.158684,19.046860,19.845976,20.011410,20.402033,20.226490,20.709013,19.899521,21.276369,23.266558,25.822630,29.548302,29.766386,26.401388,92.836708,36.686478,11.660315,4.186238,0.412238,0.244451,0.066949,0.072071,0.061167,0.027611,0.027963,0.016539,0.005593,0.038904,0.016804,0.044827,0.016379,0.005688,0.005411,0.011319,0.016560
6480,6539,6510,869.946,37.827,478.375,105.047,5.810,0.166,0.041,20.037535,19.890928,19.072985,19.725506,20.208532,20.079355,19.734606,20.525637,20.096186,21.195122,22.298363,25.567408,28.710176,30.563763,25.882660,92.128036,36.271297,11.149326,4.196370,0.404093,0.270860,0.094048,0.060593,0.055779,0.027697,0.016779,0.038593,0.010988,0.005612,0.016930,0.005688,0.011243,0.005593,0.005482,0.005394,0.005612
6540,6599,6570,869.938,37.790,480.904,105.427,5.887,0.167,0.041,19.909338,19.323439,19.503479,20.321106,19.774700,20.719786,19.840906,20.444120,20.575314,21.851648,23.036139,25.829231,28.878815,30.701929,25.971361,91.746635,36.181271,11.007234,4.204123,0.511088,0.155227,0.122022,0.066576,0.044196,0.028007,0.022364,0.011186,0.044974,0.021908,0.000000,0.011435,0.022236,0.011261,0.005650,0.000000,0.005650
6600,6659,6630,869.952,37.750,481.344,106.693,6.127,0.172,0.042,20.185642,19.284546,19.251987,19.956711,19.698492,20.525839,19.999640,20.459160,20.436583,21.851587,23.248470,26.146946,29.090912,29.864595,25.905565,92.177078,36.126453,11.477987,4.396614,0.477942,0.261218,0.133170,0.121671,0.055683,0.044407,0.027393,0.016401,0.005501,0.011075,0.011243,0.016931,0.022487,0.032352,0.005537,0.005593,0.010827
6660,6719,6690,869.946,37.722,481.435,106.060,5.922,0.167,0.041,19.803146,19.713953,19.149097,19.926386,20.374254,19.591499,20.542572,20.702051,19.805532,21.267014,22.722919,26.374559,28.909889,30.657440,26.835449,92.431122,35.702347,11.469749,4.361517,0.386162,0.287332,0.082927,0.077501,0.066433,0.055542,0.033320,0.016587,0.005359,0.005593,0.016559,0.027673,0.011223,0.005669,0.000000,0.011041,0.005429
6720,6779,6750,869.963,37.706,481.464,106.469,5.960,0.167,0.042,19.570898,19.188293,19.551439,19.139048,19.984982,20.646379,20.206160,20.914289,20.798498,20.866302,22.645506,26.134748,29.217339,30.307076,26.272409,92.289894,36.783741,11.586795,4.257823,0.520844,0.202742,0.068085,0.039126,0.078881,0.011609,0.039774,0.017102,0.016869,0.033913,0.022846,0.016716,0.000000,0.011511,0.000000,0.005467,0.016869
6780,6839,6810,869.967,37.672,483.300,106.390,5.983,0.169,0.042,19.695011,19.988871,19.618744,19.760231,20.309546,19.892036,20.217430,20.926846,20.643909,21.957542,23.086416,25.867985,28.761688,30.560089,26.145334,92.850113,36.332874,11.305499,4.293242,0.472600,0.220801,0.099725,0.044291,0.049953,0.011169,0.016874,0.027444,0.022052,0.016711,0.032891,0.027958,0.021971,0.011300,0.010650,0.000000,0.000000
6840,6899,6870,869.975,37.633,481.103,106.149,5.986,0.169,0.041,19.892387,19.415079,19.046448,19.785059,20.297073,20.048800,20.163193,20.006449,20.683611,21.798300,22.672401,26.262554,28.988834,30.913189,25.478117,92.147255,37.053879,11.167653,4.117150,0.476491,0.291312,0.111722,0.067290,0.039572,0.027816,0.028286,0.016850,0.027893,0.011136,0.000000,0.011397,0.016876,0.011165,0.005669,0.011301,0.011043
6900,6959,6930,869.982,37.589,479.322,106.300,6.068,0.171,0.042,19.699783,19.722372,19.151550,19.737688,20.488888,20.040777,19.590405,20.019844,20.408434,21.691057,22.531712,26.312319,28.384413,30.462610,26.337753,91.454430,36.316410,11.267301,4.426778,0.508728,0.316398,0.109613,0.088844,0.027446,0.032442,0.055149,0.005631,0.016691,0.027735,0.005593,0.021473,0.011093,0.010969,0.022485,0.005631,0.011174
6960,7019,6990,869.977,37.555,489.759,107.550,5.917,0.165,0.042,20.446281,20.208956,20.019390,20.556728,20.927517,20.505236,20.499102,20.390078,20.699146,21.756933,22.963024,26.651201,29.232584,30.452801,25.966238,94.187668,37.425251,11.437839,4.296169,0.485332,0.290135,0.127499,0.055386,0.039061,0.016746,0.033305,0.016882,0.016426,0.000000,0.005708,0.028017,0.000000,0.005519,0.000000,0.005650,0.011207
7020,7079,7050,869.980,37.517,489.227,108.205,6.047,0.167,0.042,21.053679,19.987041,19.411314,19.756752,20.095840,20.434532,19.953266,20.466125,21.085100,21.023758,22.553049,26.615736,29.428341,30.934607,27.139233,94.378189,38.053989,11.474135,4.201945,0.468442,0.211246,0.155395,0.100117,0.055536,0.044593,0.033313,0.011263,0.005612,0.016764,0.016572,0.022353,0.016816,0.011282,0.011357,0.000000,0.000000
7080,7139,7110,869.990,37.478,486.239,106.547,5.979,0.168,0.041,21.053942,19.724401,19.529024,20.086626,19.949074,20.750759,20.749102,21.129799,21.015463,20.880419,23.344511,26.678223,29.358391,30.363476,25.719946,92.528397,36.696468,11.572480,3.993936,0.461847,0.253916,0.105053,0.082742,0.049782,0.028154,0.022140,0.011169,0.022068,0.005747,0.010897,0.010912,0.027956,0.005574,0.005650,0.000000,0.011002
7140,7199,7170,869.986,37.396,484.313,106.631,5.972,0.168,0.042,20.609268,20.177839,20.003370,20.288824,20.179216,20.291046,19.443502,19.840916,20.901268,21.874891,23.335802,25.584478,28.741425,31.048044,25.739325,92.420052,36.741043,11.611966,4.365179,0.482806,0.277449,0.105990,0.055079,0.050050,0.033331,0.011149,0.005308,0.021994,0.005574,0.011167,0.010808,0.011005,0.005612,0.000000,0.011074,0.016689
7200,7259,7230,869.999,37.365,484.427,106.622,6.003,0.168,0.042,20.369711,19.987064,19.566141,20.292044,20.337826,20.449457,19.682135,20.363838,21.072294,21.622786,22.867247,26.213018,29.142143,30.570700,25.889309,92.422783,36.807648,11.248730,4.299198,0.553124,0.243081,0.111182,0.077881,0.049536,0.044641,0.027294,0.010992,0.038986,0.000000,0.005342,0.011186,0.027825,0.005708,0.005308,0.005519,0.005593
7260,7319,7290,869.995,37.296,490.405,107.969,6.147,0.171,0.042,21.029720,20.889769,20.294641,20.113394,20.516701,20.789675,20.333374,20.740702,21.055582,22.025082,22.859724,26.084780,28.680305,31.075850,26.598938,93.378242,37.061901,11.657986,4.070944,0.423054,0.254775,0.135646,0.085618,0.028092,0.022827,0.016932,0.022751,0.022332,0.011117,0.028557,0.040064,0.011265,0.011292,0.016858,0.005467,0.011433
7320,7379,7350,870.005,37.268,487.799,107.753,6.171,0.171,0.042,20.847261,20.474838,19.807878,20.195410,21.368597,20.647818,20.091063,20.981466,20.407969,21.134741,22.765446,26.316660,29.031883,30.022526,26.277830,93.511795,37.085064,11.458735,4.207639,0.394813,0.216095,0.116156,0.095040,0.076633,0.060943,0.022013,0.054629,0.022068,0.016709,0.005650,0.016638,0.011113,0.016970,0.016433,0.005394,0.016983
7380,7439,7410,870.013,37.196,485.703,107.066,6.123,0.171,0.042,20.521782,20.285688,19.423244,20.447630,20.138439,20.754375,20.430447,20.920555,20.500906,21.615580,22.770172,26.313305,28.932512,30.539501,25.616556,92.448273,37.320732,11.278226,4.366764,0.446467,0.236310,0.062220,0.084485,0.045737,0.028292,0.000000,0.011191,0.005805,0.050710,0.016804,0.022526,0.033591,0.022754,0.000000,0.005765,0.005398
7440,7499,7470,870.010,37.183,487.405,107.387,6.037,0.168,0.042,20.613216,20.423943,19.755512,20.270489,20.633560,21.163837,20.801437,20.544571,20.771767,21.970951,22.845675,25.596807,29.051929,30.207733,25.931036,92.581276,36.979591,11.534341,4.548674,0.493841,0.245879,0.116681,0.088599,0.055584,0.033362,0.022242,0.005631,0.011261,0.022433,0.028003,0.016838,0.011079,0.005342,0.005447,0.005593,0.011261
7500,7559,7530,870.010,37.154,492.240,108.481,6.345,0.175,0.043,22.052151,21.469721,21.130291,20.627424,21.110003,20.852198,20.762686,20.974464,20.221392,21.705715,23.124613,26.042309,29.443035,30.532835,25.739210,92.633888,36.676884,11.232581,4.649390,0.504140,0.239418,0.094259,0.105116,0.044272,0.039098,0.027025,0.022277,0.033639,0.011205,0.022028,0.021656,0.016668,0.039063,0.005688,0.005501,0.028030
7560,7619,7590,870.001,37.096,501.337,109.826,6.239,0.170,0.043,21.686590,21.527658,21.418896,21.937260,21.826887,21.525265,21.437378,21.680199,21.021437,22.385914,23.716551,26.232969,30.261482,30.123260,26.688784,92.550835,37.762600,11.852448,4.468774,0.433158,0.276450,0.144751,0.083209,0.072497,0.033735,0.038476,0.039087,0.005556,0.011020,0.016580,0.016742,0.005612,0.016311,0.005359,0.022177,0.011002
7620,7679,7650,870.016,37.049,503.422,110.420,6.601,0.179,0.043,21.748383,22.270889,21.276928,21.811920,22.035110,21.941359,21.845819,20.978521,21.581627,22.291052,23.902159,27.193525,29.955223,30.865139,25.640795,94.389015,36.811958,11.328468,4.412591,0.410321,0.216632,0.116369,0.033146,0.044236,0.049559,0.027956,0.016288,0.016414,0.027699,0.027572,0.033534,0.016329,0.021879,0.010911,0.033108,0.039097
7680,7739,7710,870.016,37.017,508.794,110.289,6.411,0.174,0.043,23.243038,22.466732,22.082767,22.211439,22.549923,22.454168,21.156845,22.742407,21.793407,22.641539,23.534809,26.493441,30.033104,31.474981,26.445934,93.632126,37.412849,10.916932,4.200676,0.455323,0.305792,0.138071,0.089303,0.056160,0.044295,0.027908,0.011301,0.033407,0.011244,0.028095,0.016436,0.033296,0.005464,0.022486,0.005574,0.022755
7740,7799,7770,870.017,36.978,506.390,109.390,6.303,0.172,0.042,23.183981,22.081657,21.614735,22.493708,22.491520,21.706882,21.815729,22.009480,22.468252,22.863604,24.156990,26.242636,29.316698,31.285053,26.636057,93.210342,36.778805,10.543118,4.199138,0.578850,0.239149,0.089070,0.050448,0.061205,0.056083,0.016594,0.033436,0.022169,0.011300,0.027419,0.022620,0.016510,0.016800,0.010983,0.016895,0.022358
7800,7859,7830,870.039,36.972,500.562,108.917,6.282,0.172,0.042,22.094835,21.349277,21.030838,21.587284,21.995548,21.968679,22.010681,21.847061,21.548143,22.353138,23.222027,26.385057,29.166784,30.993147,26.799417,92.751755,37.279266,10.728643,4.254105,0.500151,0.206134,0.078446,0.072896,0.072328,0.060562,0.038869,0.016800,0.000000,0.022448,0.011300,0.028046,0.016201,0.022466,0.022050,0.005612,0.022391
7860,7919,7890,870.040,37.078,498.405,108.256,6.119,0.169,0.042,21.790833,20.858208,21.069120,21.596863,21.256023,22.018703,21.654184,22.210039,21.511000,21.847557,23.445990,26.759651,29.298727,30.466927,26.144346,93.483444,36.351196,10.871833,4.635869,0.481432,0.231965,0.111165,0.083323,0.022224,0.039306,0.021843,0.016415,0.011149,0.021996,0.005464,0.027709,0.021956,0.016646,0.000000,0.010810,0.010736
7920,7979,7950,870.021,37.148,495.197,108.391,6.224,0.172,0.042,21.456987,20.798834,21.016783,21.535831,21.307781,21.167776,21.048815,21.541586,20.727627,22.386539,23.422447,26.141645,29.401869,30.386459,25.852144,93.587273,37.183048,10.806391,4.177962,0.480123,0.233783,0.144245,0.077978,0.061587,0.034096,0.022060,0.022190,0.016685,0.011338,0.027823,0.033442,0.011002,0.039437,0.016481,0.011168,0.005650
7980,8039,8010,870.026,37.280,496.243,107.894,6.125,0.170,0.042,21.318323,21.842970,20.904881,21.747141,21.848379,21.360474,21.224592,21.280338,21.381222,22.053474,23.343451,27.158222,28.772055,30.193176,26.361870,92.069450,36.781624,11.111839,4.365264,0.426582,0.309944,0.072555,0.066837,0.027261,0.060634,0.044342,0.016876,0.005593,0.000000,0.000000,0.021866,0.011243,0.016236,0.011061,0.011224,0.022190
8040,8099,8070,870.029,37.354,503.350,108.654,5.968,0.165,0.042,22.707853,21.269234,20.894798,21.711336,21.926411,22.201757,21.605570,22.070410,22.017954,22.518997,23.910667,26.638042,29.811657,31.160078,26.355536,93.455727,36.410294,11.455378,4.030921,0.468859,0.267399,0.116695,0.077579,0.039207,0.060931,0.027886,0.016605,0.027881,0.022045,0.011061,0.044125,0.000000,0.005869,0.005429,0.005708,0.000000
8100,8159,8130,870.044,37.477,515.035,108.204,5.926,0.164,0.040,22.834208,22.720867,22.057241,23.157135,23.288918,23.335964,22.293514,22.970072,23.055277,23.288540,24.725660,27.815466,30.365677,31.844683,26.672792,94.806297,35.508057,9.759391,3.527903,0.424190,0.175729,0.109844,0.082304,0.016673,0.039401,0.021814,0.033336,0.005519,0.010938,0.032950,0.005482,0.010966,0.011205,0.005708,0.005447,0.016119
8160,8219,8190,870.036,37.505,511.013,107.156,5.904,0.165,0.040,23.810848,22.830580,21.838528,22.855976,23.170908,22.494148,22.437544,22.994270,22.747112,22.902124,25.746132,26.897572,29.473249,32.109226,26.583246,93.606583,34.366203,9.347795,3.746734,0.390603,0.267277,0.094318,0.100902,0.022282,0.016604,0.011042,0.005450,0.021999,0.022417,0.011227,0.039411,0.005612,0.011263,0.011512,0.005450,0.016528
8220,8279,8250,870.046,37.535,517.191,108.566,5.999,0.165,0.040,23.082018,23.182543,22.184593,23.445360,23.594519,23.683941,22.754871,23.292330,23.262043,23.050711,24.947876,27.852604,30.711500,31.833900,27.215775,93.382729,34.998867,9.977993,3.645484,0.376323,0.258976,0.084654,0.078827,0.044793,0.050466,0.056382,0.017140,0.045277,0.005575,0.011300,0.000000,0.016875,0.021987,0.000000,0.011225,0.011472
8280,8339,8310,870.048,37.528,524.143,109.824,6.108,0.166,0.040,23.128798,22.933153,23.040056,23.713091,23.481190,23.087008,23.868948,24.423044,23.848330,24.108084,24.934725,29.018663,31.783113,31.896088,27.623203,93.818848,34.760067,10.053627,3.455525,0.387708,0.276830,0.066045,0.099310,0.055889,0.061488,0.038291,0.027689,0.032876,0.000000,0.044245,0.022336,0.010865,0.005376,0.021935,0.000000,0.016873
8340,8399,8370,870.049,37.518,531.903,109.878,6.003,0.163,0.040,24.453585,23.844078,22.939144,24.414907,24.444626,24.258245,24.397854,23.788263,24.327971,25.427870,25.828884,28.630066,32.086773,32.073994,27.628428,94.880844,34.551277,9.492790,3.373913,0.435783,0.239854,0.066615,0.050206,0.055496,0.022307,0.033396,0.027637,0.027527,0.011534,0.005308,0.027170,0.005708,0.011338,0.011263,0.011242,0.016667
8400,8459,8430,870.056,37.666,528.822,109.462,6.282,0.171,0.040,24.154594,23.219112,23.616289,24.433384,24.402277,24.945221,24.342716,24.127020,23.352934,24.660355,26.016565,29.263918,31.917051,32.670902,27.624496,93.198860,33.442799,9.011545,3.274218,0.416939,0.237728,0.099450,0.060788,0.061432,0.038809,0.022524,0.000000,0.010941,0.005631,0.049595,0.021928,0.016366,0.044461,0.011077,0.016816,0.033524
8460,8519,8490,870.062,37.905,532.900,110.049,6.215,0.169,0.040,24.783964,23.737921,23.873247,24.387753,24.534220,24.450054,24.014608,24.878729,24.841757,25.043116,26.597397,28.893967,30.984913,32.563431,27.859251,94.055740,34.042408,8.850388,3.254677,0.437711,0.271803,0.139140,0.060366,0.049235,0.055375,0.021902,0.022123,0.016468,0.027811,0.032809,0.039195,0.016846,0.011205,0.005411,0.023046,0.022188
8520,8579,8550,870.068,37.954,539.142,110.823,6.384,0.172,0.040,24.622803,25.532825,24.442389,25.123514,24.739578,24.750267,24.530848,25.134451,24.966042,25.159458,25.970043,29.069349,32.810680,33.156250,28.559511,93.453560,33.538128,9.101621,3.340587,0.454786,0.193105,0.094581,0.055741,0.032939,0.048903,0.022261,0.044170,0.016619,0.005411,0.016473,0.032867,0.039241,0.033754,0.000000,0.010844,0.038456
8580,8639,8610,870.081,38.122,539.720,111.031,6.397,0.172,0.040,25.380541,25.056833,23.743986,25.368458,24.874474,24.857819,23.986067,25.450766,24.566809,26.212154,26.614233,29.038906,31.659510,32.368961,28.391296,95.632225,33.236504,8.970534,3.136512,0.394704,0.259860,0.128131,0.022231,0.072123,0.016798,0.027843,0.000000,0.016401,0.016801,0.068053,0.033166,0.027711,0.022281,0.016913,0.027991,0.021974
8640,8699,8670,870.096,38.185,550.493,111.156,6.021,0.162,0.039,25.476723,25.191164,25.048788,25.629198,26.220383,25.963600,25.473824,25.304781,25.275417,25.925421,27.697779,29.526278,33.111145,33.980228,28.392225,96.509315,33.095863,8.613708,3.044357,0.395618,0.178500,0.066451,0.105481,0.039173,0.027626,0.011003,0.005556,0.016783,0.038946,0.027879,0.038447,0.011280,0.027687,0.005556,0.011095,0.005537
