CampaignData_and_Merges/R0/CSL_MobileLab_Parked/raw/20240723/USOS-Picarro-CO2-CH4-CO-H2O_MobileLabGround_20240723_R0.ict
38, 1001
Ilana Pollack, Nell Schafer, and Jeff Peischl
NOAA Chemical Sciences Laboratory
Picarro 2401-m CO2/CH4/CO/H2O Analyzer
USOS
1, 1
2024, 07, 23, 2024, 11, 20
0
StartTime_UTC, seconds_past_midnight, seconds past midnight
5
1, 1, 1, 1, 1
-9999, -9999, -9999, -9999, -9999
StopTime_UTC, seconds_past_midnight, seconds past midnight
CO2_ppm_1min, ppm, Gas_CO2_InSitu_S_DMF, carbon dioxide mixing ratio
CH4_ppb_1min, ppb, Gas_CH4_InSitu_S_DMF, methane mixing ratio
CO_ppb_1min, ppb, Gas_CO_InSitu_S_DMF, carbon monoxide mixing ratio
H2O_ppmv_1min, ppmv, Met_H2OMRV_InSitu_S_AVMR, water vapor mixing ratio
1
SPECIAL COMMENTS: N/A
18
PI_CONTACT_INFO: Address: NOAA Chemical Sciences Laboratory, Mail Stop CSL7, 325 Broadway, Boulder, CO 80305; Email: Ilana.Pollack@noaa.gov
PLATFORM: NOAA CSL Mobile Laboratory
LOCATION: The mobile lab was stationed in Salt Lake City, Utah.
ASSOCIATED_DATA: N/A
INSTRUMENT_INFO: CO2, CH4, and CO are reported as dry air mole fractions using a commercial wavelength-scanned cavity ring-down analyzer (Picarro 2401-m). An in-field calibration gas standard of 432±0.07 ppm CO2, 2095±1 ppb CH4, and 183±1 ppb CO, calibrated in the Boulder laboratories before and after the field project using primary CO2, CH4, and CO standard tanks tied to the WMO standard (X2019, X2004A, and X2014A, respectively) from the Global Monitoring Laboratory (GML), was delivered to the inlet every 2-3 days to evaluate instrument sensitivity. A H2O measurement was calibrated before the project with a Dew Point Mirror 373 hygrometer. The water correction calculated from these calibrations was applied to the H2O measurement for the entire campaign. Species are measured at 0.5 Hz and reported as 1-minute averages for stationary measurements.
DATA_INFO: Units: CO2, ppm, dry air mole fraction; CH4, ppb, dry air mole fraction; CO, ppb, dry air mole fraction; H2O, ppmv
UNCERTAINTY: Total uncertainties are estimated as ±0.1 ppm for CO2, ±1 ppb for CH4, ±5 ppb for CO, and ±(50 ppm + 4%) for H2O.
ULOD_FLAG: -7777
ULOD_VALUE: N/A
LLOD_FLAG: -8888
LLOD_VALUE: N/A
DM_CONTACT_INFO: Data Manager: Nathan Howard; nathan.h.howard@noaa.gov
PROJECT_INFO: USOS Dates of Study: July – August 2024
STIPULATIONS_ON_USE: Use of these data require prior ok from PI.
OTHER_COMMENTS: Data are averaged to 1 minute intervals. Stationary data collected from a 10 ft tower on top of the mobile van.
REVISION: R0
R0: Final Data
StartTime_UTC, StopTime_UTC, CO2_ppm_1min, CH4_ppb_1min, CO_ppb_1min, H2O_ppmv_1min
[from data line 389]
23340,23400,434.28,1989.3,225.1,9093.9580
23400,23460,430.93,1985.7,187.1,8701.0020
23460,23520,430.00,1984.4,182.1,8614.6328
23520,23580,430.41,1986.2,185.9,8732.3896
23580,23640,430.57,1985.2,195.2,8717.4590
23640,23700,440.13,2003.4,229.8,9798.5459
23700,23760,441.53,2003.9,227.0,10057.7471
23760,23820,440.81,2006.3,227.5,10056.0762
23820,23880,443.31,2004.5,239.3,10228.9229
23880,23940,443.05,2004.4,251.0,10238.7158
23940,24000,436.58,1996.8,213.0,9566.2705
24000,24060,433.62,1990.5,194.3,9031.0801
24060,24120,435.52,1994.9,199.3,9463.5996
24120,24180,431.21,1986.0,190.8,8785.2803
24180,24240,428.93,1982.7,180.0,8497.7764
24240,24300,428.79,1982.9,172.5,8435.1357
24300,24360,429.72,1981.5,170.9,8550.8857
24360,24420,428.95,1981.7,171.4,8393.2383
24420,24480,429.43,1982.9,172.9,8401.2920
24480,24540,428.45,1981.5,168.0,8364.9180
24540,24600,428.35,1979.8,167.8,8365.4150
24600,24660,427.98,1980.2,171.0,8289.6582
24660,24720,428.63,1980.7,224.2,8297.3174
24720,24780,427.20,1979.8,169.1,8203.3691
24780,24840,426.35,1978.6,168.1,8041.4116
24840,24900,426.07,1977.8,166.3,7990.3301
24900,24960,426.73,1979.1,166.3,8176.4653
24960,25020,425.73,1977.3,165.6,8004.3369
25020,25080,426.15,1977.7,168.4,8076.6255
25080,25140,426.84,1978.3,171.8,8133.5103
25140,25200,426.99,1979.1,170.3,8154.1387
25200,25260,426.88,1978.6,167.8,8125.0952
25260,25320,426.78,1978.3,167.4,8111.0547
25320,25380,426.83,1978.1,167.3,8084.3354
25380,25440,427.17,1978.8,168.1,8195.0127
25440,25500,428.51,1980.3,169.3,8391.5059
25500,25560,428.01,1979.6,180.0,8252.5459
25560,25620,426.86,1978.6,170.9,8140.3740
25620,25680,427.83,1978.5,168.9,8269.7676
25680,25740,427.24,1978.4,166.3,8204.7480
25740,25800,427.26,1978.8,166.7,8186.8945
25800,25860,427.74,1979.2,167.7,8265.5742
25860,25920,427.65,1979.6,167.8,8241.5059
25920,25980,427.32,1979.4,169.3,8197.1055
25980,26040,428.28,1979.6,167.3,8316.3301
26040,26100,427.52,1979.3,164.4,8231.4873
26100,26160,428.23,1979.3,166.1,8363.1377
26160,26220,427.00,1979.1,167.3,8193.4893
26220,26280,427.02,1979.6,166.5,8193.2490
26280,26340,428.15,1979.6,168.3,8287.3037
26340,26400,427.99,1980.1,166.7,8355.2021
26400,26460,427.40,1980.3,166.1,8274.0723
26460,26520,428.86,1980.8,166.9,8469.5234
26520,26580,427.88,1979.9,166.0,8370.5244
26580,26640,427.55,1980.3,165.4,8299.7910
26640,26700,427.22,1980.3,167.1,8284.9365
26700,26760,426.82,1979.3,166.5,8299.0449
26760,26820,426.83,1979.8,166.7,8257.9746
26820,26880,426.74,1979.7,165.4,8293.0947
26880,26940,427.03,1980.2,166.3,8343.7979
26940,27000,426.26,1979.3,165.8,8299.2480
27000,27060,427.04,1979.6,164.5,8441.8789
27060,27120,427.04,1979.2,166.3,8389.6074
27120,27180,427.22,1979.4,166.9,8429.8213
27180,27240,427.25,1979.8,166.9,8469.2988
27240,27300,428.95,1980.9,179.5,8553.6299
27300,27360,428.88,1980.8,173.1,8579.8379
27360,27420,427.42,1981.2,167.2,8516.2881
27420,27480,428.10,1981.3,167.7,8642.3564
27480,27540,428.24,1982.3,167.0,8581.3818
27540,27600,427.32,1981.4,167.1,8583.1025
27600,27660,427.71,1982.0,167.7,8657.1992
27660,27720,427.79,1981.9,166.3,8604.1768
27720,27780,427.85,1981.9,166.3,8643.3242
27780,27840,427.63,1982.2,167.1,8653.8799
27840,27900,427.97,1983.4,167.9,8723.7305
27900,27960,429.16,1983.8,169.6,8877.3057
27960,28020,427.97,1983.1,169.8,8738.2920
28020,28080,427.48,1982.9,169.7,8706.5850
28080,28140,428.73,1983.0,168.0,8818.1904
28140,28200,430.40,1983.1,166.7,8953.0322
28200,28260,429.38,1982.8,167.0,8903.3604
28260,28320,428.54,1983.1,167.4,8892.0557
28320,28380,428.79,1983.6,166.2,8916.1299
28380,28440,427.97,1982.9,166.8,8930.0879
28440,28500,428.64,1983.4,167.2,8982.3750
28500,28560,427.80,1983.1,167.5,8881.4951
28560,28620,427.76,1984.0,166.2,8900.2266
28620,28680,428.13,1983.7,169.2,8956.1475
28680,28740,427.86,1983.8,166.3,8908.5088
28740,28800,427.65,1983.7,169.2,8933.0820
28800,28860,427.66,1984.0,168.7,8903.1943
28860,28920,427.51,1983.8,168.5,8919.6084
28920,28980,427.58,1984.8,169.3,8878.7100
28980,29040,426.62,1983.2,169.9,8844.9785
29040,29100,427.97,1984.6,169.8,8917.2930
29100,29160,429.59,1984.8,169.1,9087.7441
29160,29220,427.61,1983.5,170.7,8930.0527
29220,29280,426.96,1983.3,169.3,8895.4912
29280,29340,428.00,1985.0,168.4,9003.9121
29340,29400,428.83,1986.2,168.1,9107.6191
29400,29460,429.54,1986.3,167.4,9142.5928
29460,29520,427.56,1984.7,167.6,8985.0947
29520,29580,427.82,1985.1,168.4,9011.5527
29580,29640,428.28,1985.4,167.4,9056.3164
29640,29700,428.23,1985.6,177.0,9027.8936
29700,29760,428.78,1984.8,168.6,9132.7197
29760,29820,427.97,1984.1,167.5,9116.2383
29820,29880,427.80,1984.7,167.6,9053.8652
29880,29940,427.64,1983.7,166.5,9009.1650
29940,30000,428.07,1984.3,167.5,9048.6836
30000,30060,429.01,1985.0,168.8,9105.1182
30060,30120,428.74,1984.7,184.4,9101.1865
30120,30180,428.57,1984.2,168.2,9081.7852
30180,30240,427.99,1983.8,168.3,9015.0713
30240,30300,428.03,1983.6,167.6,9011.9658
30300,30360,427.71,1983.8,168.1,8993.6221
30360,30420,427.96,1984.0,169.2,9030.9844
30420,30480,428.34,1984.2,168.5,9078.5693
30480,30540,427.88,1983.5,167.7,9006.3613
30540,30600,427.66,1983.9,167.1,9010.4824
30600,30660,427.42,1984.1,167.7,8985.6504
30660,30720,427.87,1983.4,168.5,9013.3740
30720,30780,427.01,1983.6,167.3,8979.0547
30780,30840,426.86,1983.2,167.2,8947.0117
30840,30900,427.05,1983.4,167.8,8956.5313
30900,30960,428.30,1985.3,169.7,9057.2998
30960,31020,427.79,1985.2,168.7,9006.0156
31020,31080,428.11,1984.3,166.7,9066.7393
31080,31140,427.81,1984.8,166.2,9029.2061
31140,31200,429.45,1984.6,169.3,9135.1895
31200,31260,429.53,1984.6,170.2,9172.5791
31260,31320,427.64,1984.7,168.0,9037.0557
31320,31380,427.74,1985.1,168.1,9044.5283
31380,31440,427.49,1984.4,168.2,9038.1563
31440,31500,428.67,1985.9,168.7,9167.3311
31500,31560,429.54,1986.7,173.5,9259.3760
31560,31620,428.09,1986.1,168.4,9144.2832
31620,31680,428.42,1986.3,171.3,9197.1719
31680,31740,428.33,1987.3,179.4,9194.1104
31740,31800,429.81,1986.5,171.5,9276.8350
31800,31860,428.43,1987.1,167.3,9209.8115
31860,31920,428.53,1986.3,169.2,9261.5234
31920,31980,428.31,1985.4,168.8,9294.3076
31980,32040,428.06,1985.7,168.8,9232.3955
32040,32100,427.91,1986.0,169.8,9251.5967
32100,32160,427.75,1985.6,169.9,9218.6523
32160,32220,428.17,1986.5,171.3,9270.0322
32220,32280,429.65,1987.5,169.3,9355.3584
32280,32340,429.09,1987.0,169.4,9329.6426
32340,32400,429.00,1986.4,170.2,9376.8008
32400,32460,428.62,1986.6,168.0,9363.3281
32460,32520,428.93,1986.5,169.8,9379.6670
32520,32580,429.14,1986.9,171.7,9388.6455
32580,32640,428.59,1986.4,170.2,9365.4971
32640,32700,428.95,1986.3,170.6,9422.4922
32700,32760,428.28,1986.3,169.9,9384.7012
32760,32820,428.25,1986.2,169.6,9391.6201
32820,32880,428.38,1986.4,171.8,9403.6563
32880,32940,428.17,1986.4,170.3,9385.1396
32940,33000,429.03,1987.2,170.0,9462.0322
33000,33060,428.75,1987.5,170.2,9442.8428
33060,33120,428.48,1987.1,170.3,9445.6123
33120,33180,428.45,1986.8,170.7,9480.7637
33180,33240,428.28,1986.4,168.5,9470.6006
33240,33300,428.43,1986.6,171.9,9444.8965
33300,33360,428.61,1987.6,182.3,9463.4580
33360,33420,428.60,1987.3,171.7,9466.4189
33420,33480,427.89,1986.4,170.2,9393.8184
33480,33540,428.87,1987.9,170.2,9466.1816
33540,33600,427.77,1986.7,169.5,9377.1768
33600,33660,427.26,1986.5,170.0,9332.2168
33660,33720,428.53,1990.1,173.3,9392.0293
33720,33780,431.94,1988.3,170.0,9641.2637
33780,33840,430.34,1989.2,169.8,9556.9287
33840,33900,428.24,1989.6,170.5,9433.5752
33900,33960,429.00,1988.3,171.5,9491.5439
33960,34020,428.78,1989.1,170.5,9482.2930
34020,34080,429.44,1988.0,172.2,9517.3975
34080,34140,430.79,1988.5,172.9,9656.5967
34140,34200,428.70,1990.7,173.6,9515.2520
34200,34260,428.71,1989.2,172.8,9530.5313
34260,34320,428.60,1988.8,171.6,9515.6768
34320,34380,428.56,1987.8,170.2,9517.8613
34380,34440,429.36,1987.9,170.1,9601.2461
34440,34500,429.24,1988.1,170.2,9610.2637
34500,34560,429.01,1989.4,172.1,9598.4229
34560,34620,429.52,1991.1,173.2,9618.9629
34620,34680,428.73,1989.0,171.3,9538.6123
34680,34740,427.98,1987.4,170.7,9499.8232
34740,34800,428.42,1987.9,171.5,9495.9570
34800,34860,428.39,1989.5,171.5,9506.9834
34860,34920,429.93,1989.2,171.4,9623.9990
34920,34980,428.85,1989.2,172.6,9555.3057
34980,35040,430.81,1990.8,171.0,9715.9707
35040,35100,428.16,1989.0,171.7,9555.4756
35100,35160,428.64,1988.5,170.0,9639.8340
35160,35220,428.01,1987.9,170.9,9574.8867
35220,35280,429.05,1988.4,169.5,9654.4492
35280,35340,428.59,1988.3,171.9,9607.3076
35340,35400,429.53,1991.4,177.4,9665.9941
35400,35460,428.66,1991.8,174.1,9620.2520
35460,35520,429.31,1990.6,173.9,9628.1533
35520,35580,429.15,1989.2,177.2,9638.8525
35580,35640,430.46,1989.3,176.6,9657.5430
35640,35700,429.11,1989.5,172.6,9655.0381
35700,35760,429.88,1990.2,173.2,9723.4385
35760,35820,429.41,1991.7,173.8,9676.1543
35820,35880,429.51,1990.4,172.9,9653.9580
35880,35940,430.57,1997.1,174.8,9678.3965
35940,36000,431.84,2000.2,176.1,9710.2256
36000,36060,433.17,2002.8,183.4,9760.2617
36060,36120,434.32,2003.6,212.8,9842.7012
36120,36180,435.76,2005.3,259.5,9914.4893
36180,36240,432.08,1997.9,196.2,9767.7559
36240,36300,432.71,1992.7,193.0,9825.2705
36300,36360,428.96,1990.6,177.9,9634.8799
36360,36420,429.28,1990.8,174.5,9663.6611
36420,36480,428.85,1990.3,174.8,9637.8506
36480,36540,429.00,1989.7,173.7,9632.7598
36540,36600,428.65,1990.4,174.5,9571.6641
36600,36660,429.50,1990.9,174.0,9647.0098
36660,36720,430.60,1992.7,178.9,9758.2090
36720,36780,431.31,1992.9,177.1,9658.8535
36780,36840,432.75,1996.6,178.6,9685.8027
36840,36900,432.99,1999.9,180.0,9683.9844
36900,36960,433.64,1999.3,181.0,9694.0918
36960,37020,430.70,1993.0,174.0,9670.4609
37020,37080,430.30,1992.9,174.3,9674.0391
37080,37140,431.69,1993.0,182.8,9709.5371
37140,37200,431.62,1993.0,180.1,9686.6328
37200,37260,433.09,1993.7,174.9,9783.6064
37260,37320,429.52,1990.9,178.2,9608.1367
37320,37380,430.30,1991.8,179.8,9707.4756
37380,37440,430.84,1991.8,187.7,9768.8135
37440,37500,429.90,1991.2,185.6,9701.3174
37500,37560,429.98,1991.5,183.4,9686.3281
37560,37620,429.53,1993.4,178.7,9689.5811
37620,37680,429.98,1992.4,178.1,9745.6689
37680,37740,430.44,1992.5,219.4,9747.8604
37740,37800,430.08,1991.7,232.2,9708.4404
37800,37860,430.45,1992.2,193.4,9772.6494
37860,37920,430.75,1992.2,183.3,9786.3877
37920,37980,429.64,1990.7,179.8,9704.3730
37980,38040,429.69,1989.9,178.6,9663.7773
38040,38100,429.93,1990.4,176.7,9679.8789
38100,38160,429.50,1990.1,174.2,9615.3730
38160,38220,429.04,1990.1,174.9,9596.9355
38220,38280,428.63,1988.8,172.2,9587.6934
38280,38340,429.16,1989.0,174.1,9629.1904
38340,38400,429.13,1989.9,173.8,9597.0049
38400,38460,430.28,1989.8,173.3,9701.7715
38460,38520,430.20,1990.2,172.8,9706.4492
38520,38580,431.45,1990.5,179.0,9733.2207
38580,38640,430.07,1990.1,179.1,9652.1973
38640,38700,428.95,1989.6,175.1,9582.3232
38700,38760,429.21,1989.5,191.0,9577.5605
38760,38820,429.05,1989.4,202.2,9539.0303
38820,38880,428.99,1988.8,179.2,9550.7129
38880,38940,429.54,1988.7,175.1,9571.0352
38940,39000,429.28,1989.3,175.6,9599.8809
39000,39060,428.40,1989.0,175.6,9519.7480
39060,39120,428.53,1988.9,174.5,9533.8984
39120,39180,428.99,1988.9,174.5,9590.1377
39180,39240,428.79,1988.9,174.6,9547.1670
39240,39300,429.16,1988.9,175.7,9549.3271
39300,39360,428.46,1989.0,174.6,9516.2715
39360,39420,428.72,1988.9,175.8,9538.9951
39420,39480,428.12,1988.5,174.0,9475.1465
39480,39540,428.36,1988.6,174.3,9504.6484
39540,39600,428.40,1988.9,174.0,9542.5488
39600,39660,427.82,1988.9,174.9,9472.7900
39660,39720,427.35,1988.6,173.8,9424.1973
39720,39780,429.44,1989.0,174.4,9542.0674
39780,39840,428.91,1989.0,175.9,9587.8369
39840,39900,428.32,1989.0,175.7,9503.4150
39900,39960,428.11,1988.3,176.5,9451.6357
39960,40020,429.09,1988.2,175.9,9511.8037
40020,40080,429.71,1988.7,175.0,9595.6367
40080,40140,431.07,1989.5,176.7,9671.9600
40140,40200,428.73,1988.3,174.2,9506.1348
40200,40260,428.82,1988.8,178.5,9500.4385
40260,40320,427.56,1988.1,176.0,9393.5635
40320,40380,429.15,1988.7,175.3,9551.4170
40380,40440,428.77,1988.4,175.1,9501.3770
40440,40500,428.10,1988.5,175.1,9442.6387
40500,40560,428.32,1988.6,175.4,9466.1191
40560,40620,428.39,1988.2,176.6,9437.0957
40620,40680,429.31,1988.5,177.4,9434.0576
40680,40740,430.52,1989.3,176.3,9665.7070
40740,40800,430.87,1989.3,177.4,9579.9746
40800,40860,429.89,1989.6,180.8,9471.1240
40860,40920,429.71,1991.0,179.3,9533.5986
40920,40980,432.37,1995.2,184.3,9674.0586
40980,41040,436.88,2003.1,195.6,9898.3105
41040,41100,437.73,2003.6,199.5,9916.1572
41100,41160,440.62,2008.4,205.2,10028.7568
41160,41220,440.29,2008.6,207.6,9987.1172
41220,41280,441.36,2009.8,224.6,10058.0381
41280,41340,439.59,2008.2,204.5,9951.3486
41340,41400,438.42,2006.4,204.1,9875.3613
41400,41460,439.46,2006.9,202.7,10010.8350
41460,41520,439.62,2007.6,234.7,9918.0596
41520,41580,443.25,2011.4,284.2,10216.1133
41580,41640,440.10,2007.1,234.0,9951.1631
41640,41700,438.13,2005.7,215.7,9766.5176
41700,41760,438.11,2005.7,211.1,9752.6982
41760,41820,441.45,2011.5,218.3,9992.9482
41820,41880,440.24,2008.4,206.5,9832.5938
41880,41940,439.94,2008.2,209.6,9821.1416
41940,42000,445.28,2016.2,219.6,10147.3350
42000,42060,438.92,2006.6,199.9,9736.6826
42060,42120,441.51,2011.2,205.4,9836.7930
42120,42180,440.61,2010.7,202.4,9842.8662
42180,42240,438.13,2005.7,202.5,9666.9697
42240,42300,443.57,2011.4,210.9,9855.8301
42300,42360,443.40,2016.7,213.1,10009.8467
42360,42420,447.48,2022.8,217.7,10175.6680
42420,42480,446.39,2020.4,216.1,10099.2588
42480,42540,447.09,2022.4,234.5,10113.4229
42540,42600,448.00,2023.1,220.7,10210.3662
42600,42660,448.22,2024.2,230.8,10199.3340
42660,42720,445.17,2018.2,234.5,10005.7988
42720,42780,451.16,2029.7,245.1,10320.0449
42780,42840,451.07,2029.8,243.4,10276.5439
42840,42900,452.00,2024.7,245.7,10185.6563
42900,42960,450.28,2027.1,233.0,10266.6016
42960,43020,447.13,2022.2,236.8,10127.9092
43020,43080,440.52,2009.8,213.5,9825.7500
43080,43140,449.69,2030.5,226.1,10261.5078
43140,43200,439.74,2012.1,207.8,9704.1299
43200,43260,440.05,2012.4,210.1,9815.1260
43260,43320,451.95,2024.0,262.5,10364.8770
43320,43380,458.15,2028.2,249.7,10823.2227
43380,43440,457.41,2032.0,254.6,10647.7373
43440,43500,460.32,2039.4,280.6,10482.1191
43500,43560,456.13,2045.2,255.0,10394.5117
43560,43620,455.96,2040.8,256.0,10457.5137
43620,43680,459.73,2049.0,251.3,10766.8916
43680,43740,462.96,2051.3,264.6,11041.0859
43740,43800,456.20,2031.2,244.9,10475.0439
43800,43860,449.21,2024.0,239.5,10176.0684
43860,43920,456.52,2044.3,287.0,10427.5078
43920,43980,456.15,2044.2,276.8,10465.2451
43980,44040,457.28,2046.5,273.2,10541.9443
44040,44100,461.53,2052.5,283.9,10796.3496
44100,44160,463.17,2056.4,290.5,11064.6230
44160,44220,466.84,2067.5,294.5,11214.8740
44220,44280,472.86,2118.0,335.7,11195.7471
44280,44340,477.76,2084.7,396.4,11078.7803
44340,44400,480.91,2077.9,406.8,11160.6563
44400,44460,485.96,2075.5,426.1,11277.4111
44460,44520,465.09,2052.0,344.6,10741.7744
44520,44580,455.94,2038.6,296.8,10420.9424
44580,44640,452.64,2032.4,271.5,10308.9023
44640,44700,448.91,2027.8,297.9,10040.1338
44700,44760,456.90,2033.1,365.6,10320.1143
44760,44820,454.74,2029.2,280.3,10236.3535
44820,44880,456.79,2028.2,276.3,10388.9600
44880,44940,451.24,2027.6,273.0,10162.2695
44940,45000,450.55,2029.4,288.1,10230.8525
45000,45060,455.14,2031.8,296.6,10309.6172
45060,45120,451.10,2028.5,314.4,10136.3281
45120,45180,460.10,2033.5,350.6,10434.3164
45180,45240,455.19,2030.5,328.6,10145.3359
45240,45300,464.14,2028.6,358.4,10192.8037
45300,45360,462.02,2025.6,344.7,10264.6572
45360,45420,458.77,2028.5,349.8,10597.1152
45420,45480,461.95,2028.6,348.6,10575.0127
45480,45540,457.03,2047.0,291.7,10842.5566
45540,45600,457.44,2059.6,273.9,11034.0850
45600,45660,459.16,2066.9,274.8,11226.1191
45660,45720,459.75,2071.4,276.5,11270.6650
45720,45780,459.76,2070.4,273.3,11252.2324
45780,45840,460.46,2068.8,270.3,11288.6475
45840,45900,460.67,2069.2,271.6,11374.0215
45900,45960,461.95,2073.8,557.6,11362.5547
45960,46020,461.03,2070.2,430.1,11195.8203
