CampaignData_and_Merges/R0/CSL_MobileLab_Parked/raw/20240723/USOS-POPS_MobileLabGround_20240723_R0.ict
78, 1001
Thornberry, T. D.
NOAA Chemical Sciences Laboratory
Portable Optical Particle Spectrometer (POPS)
USOS
1, 1
2024, 07, 23, 2025, 05, 08
60
Time_Start, seconds_past_midnight, Start time of measurement
45
1, 1, 1, 1, 1, 1, 1, 1, 1, 1, 1, 1, 1, 1, 1, 1, 1, 1, 1, 1, 1, 1, 1, 1, 1, 1, 1, 1, 1, 1, 1, 1, 1, 1, 1, 1, 1, 1, 1, 1, 1, 1, 1, 1, 1
-9999, -9999, -9999, -9999, -9999, -9999, -9999, -9999, -9999, -9999, -9999, -9999, -9999, -9999, -9999, -9999, -9999, -9999, -9999, -9999, -9999, -9999, -9999, -9999, -9999, -9999, -9999, -9999, -9999, -9999, -9999, -9999, -9999, -9999, -9999, -9999, -9999, -9999, -9999, -9999, -9999, -9999, -9999, -9999, -9999
Time_Stop, seconds_past_midnight, Stop time of measurement
Time_Mid, seconds_past_midnight, Mid time of measurement
Press_mb, mb, Pressure reported (mb)
Temp_C, degrees C, POPS temperature measurement
Aerosol_concentration, cm^-3, Aerosol concentration
Surface_Area_Conc, um^2 cm^-3, Surface area concentration
Volume_density, um^3 cm^-3, Volume density
Effective_radius, um, Effective radius
Extinction, km^-1, Extinction
Bin01, cm^-3, particle concentration in size range [1401 - 146.3 nm]
Bin02, cm^-3, particle concentration in size range [146.3 - 152.8 nm]
Bin03, cm^-3, particle concentration in size range [152.8 - 159.6 nm]
Bin04, cm^-3, particle concentration in size range [159.6 - 166.8 nm]
Bin05, cm^-3, particle concentration in size range [166.8 - 174.2 nm]
Bin06, cm^-3, particle concentration in size range [174.2 - 181.9 nm]
Bin07, cm^-3, particle concentration in size range [181.9 - 190.0 nm]
Bin08, cm^-3, particle concentration in size range [190.0 - 198.5 nm]
Bin09, cm^-3, particle concentration in size range [198.5 - 207.4 nm]
Bin10, cm^-3, particle concentration in size range [207.4 - 216.6 nm]
Bin11, cm^-3, particle concentration in size range [216.6 - 226.2 nm]
Bin12, cm^-3, particle concentration in size range [226.2 - 236.3 nm]
Bin13, cm^-3, particle concentration in size range [236.3 - 246.8 nm]
Bin14, cm^-3, particle concentration in size range [246.8 - 257.8 nm]
Bin15, cm^-3, particle concentration in size range [257.8 - 269.3 nm]
Bin16, cm^-3, particle concentration in size range [269.3 - 343.4 nm]
Bin17, cm^-3, particle concentration in size range [343.4 - 450.7 nm]
Bin18, cm^-3, particle concentration in size range [450.7 - 525.9 nm]
Bin19, cm^-3, particle concentration in size range [525.9 - 618.5 nm]
Bin20, cm^-3, particle concentration in size range [618.5 - 710.0 nm]
Bin21, cm^-3, particle concentration in size range [710.0 - 822.7 nm]
Bin22, cm^-3, particle concentration in size range [822.7 - 885.9 nm]
Bin23, cm^-3, particle concentration in size range [885.9 - 953.9 nm]
Bin24, cm^-3, particle concentration in size range [953.9 - 1027.2 nm]
Bin25, cm^-3, particle concentration in size range [1027.2 - 1106.1 nm]
Bin26, cm^-3, particle concentration in size range [1106.1 - 1191.0 nm]
Bin27, cm^-3, particle concentration in size range [1191.0 - 1282.5 nm]
Bin28, cm^-3, particle concentration in size range [1282.5 - 1381.0 nm]
Bin29, cm^-3, particle concentration in size range [1381.0 - 1487.1 nm]
Bin30, cm^-3, particle concentration in size range [1487.1 - 1601.3 nm]
Bin31, cm^-3, particle concentration in size range [1601.3 - 1724.3 nm]
[...]
PLATFORM: NOAA CSL Mobile Lab
LOCATION: USOS
ASSOCIATED_DATA: N/A
INSTRUMENT_INFO: Printed Optical Particle Spectrometer counts particles from 140 - 2500 nm in diameter 
DATA_INFO: Particle concentrations reported in number per cubic centimeter,1 Hz data
UNCERTAINTY: Counting uncertainty dominated by air flow, less than 5 percent. Measurement range is ~0 - 3000 per cm3 (varies depending on flow rate- manufacturer quotes 1250 per cm3 at 1.667 cc/s)
ULOD_FLAG: -7777
ULOD_VALUE: N/A
LLOD_FLAG: -8888
LLOD_VALUE: N/A
DM_CONTACT_INFO: Troy Thornberry, 325 Broadway R/CSL6, Boulder, CO 80305; troy.thornberry@noaa.gov; 303-497-3373
PROJECT_INFO: USOS, Utah POPS data from NOAA CSL Mobile Lab
STIPULATIONS_ON_USE: Please contact the PIs for questions regarding applications and uncertainties
OTHER_COMMENTS: POPS bin Edges (nm):  140.1, 146.3, 152.8, 159.6, 166.8, 174.2, 181.9, 190.0, 198.5, 207.4, 216.6, 226.2, 236.3, 246.8, 257.8, 269.3, 343.4, 450.7, 525.9, 618.5, 710.0, 822.7, 885.9, 953.9, 1027.2, 1106.1, 1191.0, 1282.5, 1381.0, 1487.1, 1601.3, 1724.3, 1856.7, 1999.3, 2152.8, 2318.2, 2496.2
Calculations assume organic aerosol refractive index of 1.52+0.00j and extinction wavelength = 532 nm
REVISION: R0
R0: Final data
Time_Start, Time_Stop, Time_Mid, Press_mb, Temp_C, Aerosol_concentration, Surface_Area_Conc, Volume_density, Effective_radius, Extinction, Bin01, Bin02, Bin03, Bin04, Bin05, Bin06, Bin07, Bin08, Bin09, Bin10, Bin11, Bin12, Bin13, Bin14, Bin15, Bin16, Bin17, Bin18, Bin19, Bin20, Bin21, Bin22, Bin23, Bin24, Bin25, Bin26, Bin27, Bin28, Bin29, Bin30, Bin31, Bin32, Bin33, Bin34, Bin35, Bin36
[from data line 185]
11100,11159,11130,870.305,36.856,490.077,110.555,6.438,0.174,0.044,19.709793,19.310541,19.311691,20.272512,20.493647,20.741705,20.197746,20.727047,21.370750,21.760878,23.128326,25.466232,27.958303,28.862133,26.546408,95.730339,40.810432,11.944237,4.476359,0.490767,0.288469,0.113260,0.073099,0.022682,0.073736,0.028483,0.010814,0.033294,0.005726,0.022225,0.022379,0.016826,0.016952,0.005432,0.005805,0.028238
11160,11219,11190,870.298,36.816,490.704,110.527,6.450,0.175,0.044,19.643774,19.500301,19.499083,19.868931,20.177050,19.943924,20.228100,21.428673,21.436220,21.892855,23.346397,26.118731,28.194353,29.539364,25.729399,97.059273,39.405056,11.902361,4.307203,0.573520,0.366504,0.134027,0.120525,0.044014,0.038845,0.011168,0.027735,0.028098,0.005650,0.033355,0.022316,0.033219,0.016676,0.011150,0.011130,0.005376
11220,11279,11250,870.305,36.853,490.796,110.943,6.527,0.176,0.044,19.515196,19.563498,19.355650,20.128372,19.902454,20.165674,20.934864,21.106371,21.258743,21.382193,23.638277,25.741840,28.179205,28.653664,26.128706,97.509193,40.333855,11.664098,4.292556,0.477914,0.273009,0.150335,0.082845,0.055884,0.056054,0.028011,0.050522,0.028010,0.005429,0.027960,0.016384,0.005464,0.016663,0.022066,0.016639,0.027914
11280,11339,11310,870.294,36.817,486.546,110.351,6.464,0.175,0.044,19.214014,19.768177,19.482651,19.920765,20.228468,19.896744,20.846285,19.811930,20.362152,21.466909,22.650677,25.002731,27.696436,28.584265,26.349035,97.526657,39.862438,11.758335,4.755771,0.517412,0.272405,0.127079,0.105602,0.077866,0.022178,0.033278,0.044219,0.022177,0.016457,0.022580,0.038784,0.027985,0.000000,0.005631,0.016620,0.011186
11340,11399,11370,870.302,36.794,489.058,110.666,6.474,0.175,0.044,19.501591,19.100517,19.268755,20.308990,20.276197,20.139442,20.450880,20.238373,20.664001,21.967159,22.781315,25.307274,28.303307,29.543791,25.549372,97.580673,40.852989,11.531864,4.362239,0.520878,0.320879,0.077982,0.087961,0.044470,0.032753,0.027632,0.016685,0.049758,0.016528,0.027711,0.033191,0.016761,0.011262,0.005631,0.027966,0.010930
11400,11459,11430,870.307,36.774,488.513,110.846,6.508,0.176,0.045,19.849140,19.597303,19.021656,19.583399,19.736444,20.720497,20.513485,20.842270,20.406433,21.452034,23.061785,25.074577,28.565989,28.577339,25.265379,98.303123,40.147690,12.000083,4.385785,0.610442,0.222252,0.120997,0.082991,0.033526,0.055530,0.066787,0.033019,0.022312,0.016599,0.027690,0.038575,0.021862,0.022324,0.016724,0.011494,0.005593
11460,11519,11490,870.324,36.730,489.088,111.937,6.697,0.179,0.046,19.558630,18.976521,18.739950,19.549751,19.938406,21.021603,20.321754,20.986414,20.691521,21.921465,22.662451,24.986567,27.734726,28.864935,25.728992,97.322296,41.304523,12.766421,4.616325,0.527709,0.322179,0.128254,0.077297,0.099519,0.050116,0.000000,0.016217,0.016836,0.016472,0.005727,0.033795,0.039103,0.022335,0.000000,0.011300,0.027596
11520,11579,11550,870.336,36.615,488.802,111.022,6.446,0.174,0.045,19.579887,18.995304,19.234316,19.654371,20.230078,20.511156,20.460106,21.096773,20.133215,21.295666,22.597597,25.050362,27.787552,29.354805,25.947203,97.417061,41.760456,11.985997,4.447952,0.444199,0.300281,0.122878,0.099898,0.021773,0.050497,0.038608,0.016953,0.022431,0.028045,0.010913,0.049780,0.016543,0.005612,0.005574,0.016950,0.011013
11580,11639,11610,870.347,36.578,486.449,110.675,6.551,0.177,0.044,19.076511,18.701191,19.229605,19.744993,19.789537,20.404398,20.128805,20.281935,20.939447,21.780613,22.977205,25.570185,27.314745,28.962608,25.775066,96.847824,41.091923,12.398562,4.202570,0.450762,0.245842,0.083243,0.105504,0.055387,0.083455,0.028024,0.011079,0.011357,0.016782,0.022151,0.028154,0.027762,0.000000,0.016892,0.033416,0.011319
11640,11699,11670,870.353,36.511,488.322,110.909,6.320,0.171,0.045,18.921021,19.187269,18.995422,19.091063,20.748335,20.427574,20.328573,20.612188,20.434776,21.400274,22.249290,25.033751,27.450275,29.716692,26.080284,97.947853,41.942913,12.179792,4.325253,0.453929,0.272167,0.133477,0.099684,0.072879,0.022047,0.027690,0.033335,0.027803,0.022282,0.028252,0.005482,0.005376,0.010793,0.017182,0.016583,0.000000
11700,11759,11730,870.370,36.503,488.322,111.877,6.615,0.177,0.046,19.189322,19.263157,19.421562,19.939993,20.426504,19.827866,19.803652,19.761360,20.501812,21.235069,22.461208,25.354733,28.164616,28.723238,25.865704,98.552803,41.483906,12.107449,4.839226,0.514766,0.347040,0.122005,0.066634,0.089281,0.038232,0.033584,0.016597,0.000000,0.032956,0.021967,0.032726,0.022342,0.016146,0.022098,0.000000,0.022096
11760,11819,11790,870.379,36.420,488.702,111.024,6.351,0.171,0.045,19.452461,18.712870,19.281050,19.197748,20.599432,19.652363,20.176762,21.092402,20.592024,21.256058,22.759727,25.343582,27.422194,29.116610,25.950012,98.150742,41.601017,12.702518,4.541293,0.445288,0.215628,0.112538,0.067619,0.039288,0.045327,0.033892,0.022571,0.011435,0.016867,0.022328,0.017534,0.016849,0.005707,0.005726,0.017239,0.005669
11820,11879,11850,870.405,36.373,486.490,110.813,6.406,0.173,0.045,18.507923,19.482206,19.148689,19.480787,19.384390,20.035793,20.130968,20.439882,20.622299,21.320694,23.176611,25.186838,27.676668,28.975014,25.942879,97.525673,41.530750,11.962783,4.727515,0.462792,0.338657,0.095708,0.045236,0.044814,0.057018,0.039714,0.034321,0.011337,0.000000,0.011375,0.022172,0.005745,0.011395,0.017299,0.016950,0.016839
11880,11939,11910,870.424,36.337,484.593,111.443,6.716,0.180,0.045,18.513491,18.790976,18.393925,20.334555,20.327534,19.935621,19.768595,19.959339,20.678301,21.232622,22.310186,24.478823,27.532330,27.942488,25.605083,98.990723,41.697849,12.316801,4.437124,0.577345,0.254891,0.089649,0.078342,0.016954,0.062570,0.039534,0.022659,0.005845,0.039595,0.040012,0.016884,0.034347,0.017414,0.005688,0.011318,0.033620
11940,11999,11970,870.442,36.338,489.370,110.834,6.269,0.170,0.045,19.521627,19.476595,19.500450,19.485283,20.745113,20.065220,20.386740,20.463087,20.878716,20.657383,23.038025,25.380608,28.052315,28.616455,25.890074,97.597054,41.216015,12.478996,4.668770,0.507222,0.311539,0.099955,0.089155,0.044469,0.033156,0.027567,0.005650,0.016858,0.011224,0.038253,0.038745,0.010992,0.011204,0.000000,0.005519,0.000000
12000,12059,12030,870.459,36.394,484.822,110.089,6.345,0.172,0.044,19.598076,19.084953,18.612076,19.044359,20.133432,20.053347,20.031351,20.432125,20.489737,21.648298,22.873503,25.217672,26.934772,28.851574,25.379511,97.493111,41.178699,12.236470,4.298724,0.509619,0.266655,0.116316,0.055515,0.061203,0.016859,0.038479,0.005631,0.022119,0.033439,0.010899,0.021805,0.010891,0.038423,0.005574,0.005650,0.011205
12060,12119,12090,870.456,36.357,485.321,110.629,6.494,0.176,0.045,18.884411,19.097992,18.895351,19.406973,19.894318,20.263256,19.669485,20.788294,20.219091,21.118753,22.529503,24.923033,27.655621,28.900476,25.152365,99.179337,41.353333,11.738617,4.325783,0.501922,0.283158,0.122341,0.099983,0.055956,0.044793,0.027533,0.022413,0.016680,0.005519,0.044061,0.016817,0.028098,0.022234,0.011077,0.011112,0.011319
12120,12179,12150,870.477,36.304,484.910,110.884,6.548,0.177,0.045,18.901134,19.112991,18.575331,19.002333,19.777330,19.625463,19.881706,20.370762,20.917032,21.954182,23.063383,25.402370,27.163944,28.727077,25.262260,97.865913,41.417591,12.061608,4.529627,0.561225,0.232512,0.138637,0.060920,0.050073,0.044033,0.022505,0.016857,0.011261,0.022115,0.033229,0.005556,0.016595,0.038606,0.000000,0.022154,0.022026
12180,12239,12210,870.485,36.193,485.274,110.219,6.199,0.169,0.044,18.768126,18.428759,19.199131,19.277554,20.054285,19.582172,19.947552,20.493216,20.610250,21.083317,23.120882,25.576077,26.437172,28.374598,25.279312,98.925644,42.172604,12.495792,4.411336,0.442219,0.199306,0.083720,0.088393,0.044502,0.055175,0.027770,0.005631,0.005612,0.022212,0.005669,0.016638,0.011167,0.011074,0.005669,0.005574,0.005708
12240,12299,12270,870.490,36.124,484.591,111.368,6.502,0.175,0.046,19.393991,19.204561,18.463346,19.139271,19.899443,19.870436,20.100685,20.537943,20.544352,21.468069,21.986107,24.701973,26.760361,27.827360,25.887602,98.457207,41.574299,12.758335,4.522912,0.601687,0.356948,0.138978,0.105655,0.039192,0.033674,0.016350,0.027922,0.027587,0.028135,0.011223,0.050111,0.011338,0.011095,0.011111,0.010990,0.011002
12300,12359,12330,870.489,36.121,484.716,111.667,6.555,0.176,0.046,18.418707,18.928230,18.744419,18.735386,19.604416,21.089354,20.213106,19.843922,20.616293,21.307940,22.476549,25.233416,26.923931,28.163494,24.881308,99.055016,42.076790,12.408305,4.525397,0.546458,0.330728,0.132756,0.082821,0.067289,0.033029,0.038872,0.033066,0.010863,0.016817,0.077335,0.061085,0.016434,0.000000,0.005556,0.011038,0.005574
12360,12419,12390,870.505,36.057,481.973,110.459,6.321,0.171,0.045,18.204132,18.461552,18.119884,19.177826,20.094774,19.346201,20.053957,19.902040,20.538828,20.928892,22.003017,25.260696,27.387833,28.429924,24.957142,98.927521,42.075123,12.474372,4.364806,0.504773,0.221220,0.138514,0.094379,0.077243,0.044559,0.022523,0.032803,0.016394,0.016761,0.033525,0.016668,0.016336,0.022508,0.000000,0.000000,0.005727
12420,12479,12450,870.514,36.007,484.691,111.349,6.518,0.175,0.045,19.076656,18.356451,18.367645,19.293884,19.850138,19.666748,20.014839,20.326141,20.168734,21.312559,22.335772,24.878155,28.061661,28.345259,25.366568,98.851158,42.166862,12.454766,4.524741,0.500774,0.244544,0.116309,0.122730,0.033012,0.033652,0.028041,0.016798,0.011227,0.021999,0.038808,0.038859,0.021903,0.011023,0.011094,0.016468,0.005411
12480,12539,12510,870.524,35.981,483.926,110.762,6.451,0.174,0.045,19.073784,18.781954,19.087595,19.778126,19.343410,19.975252,20.744202,20.004910,20.181282,20.741972,21.715034,24.719759,26.864691,29.027912,25.460024,98.294380,41.931087,12.135984,4.804573,0.547425,0.248616,0.082651,0.083013,0.088011,0.011243,0.027711,0.032929,0.022042,0.033514,0.005612,0.021954,0.022039,0.000000,0.000000,0.005688,0.027953
12540,12599,12570,870.529,35.966,480.041,109.728,6.342,0.173,0.045,19.082214,18.531008,18.600889,18.798552,19.561441,20.043995,19.511192,20.815571,20.339043,21.133368,22.072588,25.192341,26.930407,27.548962,24.495516,97.872124,41.653633,12.131871,4.440530,0.496605,0.292402,0.132285,0.115462,0.022391,0.027294,0.032673,0.027571,0.016506,0.005537,0.016368,0.027634,0.016403,0.033899,0.017027,0.005537,0.000000
12600,12659,12630,870.532,35.982,481.088,110.581,6.426,0.174,0.045,18.503344,19.199347,19.043362,19.290606,19.895195,19.603296,19.524511,20.253782,19.771477,20.825890,21.974154,24.253153,27.105303,27.865499,25.489225,97.671631,42.452522,12.438199,4.586254,0.574055,0.328590,0.095868,0.061994,0.039178,0.061625,0.005765,0.022602,0.000000,0.056118,0.017045,0.022470,0.010993,0.011281,0.011283,0.000000,0.022489
12660,12719,12690,870.541,36.176,483.608,110.893,6.409,0.173,0.045,18.692978,18.686781,18.490648,19.139658,19.798401,19.740805,19.828949,20.768940,20.456213,21.685776,22.354204,24.754211,26.481989,29.047640,25.142746,98.171242,42.048557,12.283906,4.769135,0.488405,0.287428,0.145542,0.099435,0.039182,0.016835,0.016365,0.033025,0.022397,0.016379,0.016911,0.027217,0.005631,0.005464,0.016673,0.016744,0.011378
12720,12779,12750,870.553,36.466,479.478,110.210,6.404,0.174,0.045,18.684790,18.424397,18.369970,19.155813,19.215223,20.208254,19.907459,20.139311,20.003374,20.699049,22.375343,24.059641,26.911966,28.241474,25.015337,97.697800,41.892555,12.626315,4.511522,0.613369,0.249593,0.105410,0.082955,0.060446,0.005650,0.044546,0.027168,0.011131,0.033081,0.027931,0.022156,0.022068,0.011300,0.005537,0.005308,0.011056
12780,12839,12810,870.552,36.561,483.191,111.877,6.536,0.175,0.046,18.683300,18.260031,18.291958,19.606028,19.384079,20.267395,19.181684,20.745756,19.940996,21.262434,22.477657,24.869112,27.143696,28.252102,25.033209,97.828438,42.874317,13.033217,4.641042,0.531981,0.277338,0.176312,0.093756,0.071459,0.049781,0.026992,0.033262,0.011041,0.032869,0.021774,0.027478,0.005429,0.027440,0.005631,0.005376,0.016487
12840,12899,12870,870.553,36.529,485.766,111.403,6.518,0.175,0.045,18.470707,18.864527,18.587097,18.888952,19.806316,20.218069,19.625895,20.241804,21.275867,21.073362,22.072737,25.336731,27.699337,28.412275,25.635399,100.125130,41.176353,12.315182,4.739437,0.392154,0.311799,0.114725,0.063932,0.040575,0.087352,0.011459,0.023038,0.005825,0.017153,0.034900,0.022747,0.017456,0.017383,0.011791,0.017283,0.011552
12900,12959,12930,870.561,36.561,483.273,111.781,6.559,0.176,0.046,19.012304,17.883482,19.048620,19.605236,19.068289,19.594820,19.913425,20.426899,20.491222,21.102247,22.333344,24.838161,26.335398,28.477947,25.123241,98.264915,42.948128,12.863771,4.566842,0.536526,0.295043,0.121797,0.071580,0.077457,0.050007,0.021989,0.011113,0.016912,0.038952,0.027398,0.039189,0.011205,0.027945,0.011113,0.005669,0.011002
12960,13019,12990,870.567,36.499,482.616,110.965,6.531,0.176,0.045,18.557421,19.622908,18.394619,19.336504,20.070057,20.297548,20.643345,20.159891,19.980843,21.368832,21.593895,24.452326,26.596178,28.417433,24.537411,98.225830,41.953682,12.547599,4.434980,0.557372,0.288655,0.144754,0.072470,0.072436,0.044688,0.044280,0.022294,0.038832,0.005308,0.010967,0.044536,0.016873,0.033151,0.011130,0.005631,0.011057
13020,13079,13050,870.581,36.355,487.772,113.198,6.832,0.180,0.046,18.525511,18.538120,18.717443,19.519461,19.939356,19.690969,20.288191,20.565672,19.835501,21.155888,22.748713,25.264469,27.467157,28.884445,25.506514,99.475342,43.114361,12.284107,4.851010,0.522452,0.311650,0.067077,0.082527,0.065839,0.055575,0.027918,0.033672,0.033201,0.044339,0.022392,0.039064,0.022048,0.016649,0.021959,0.000000,0.033348
13080,13139,13110,870.586,36.219,485.237,112.449,6.690,0.178,0.046,18.669159,19.544239,18.989561,18.995970,19.740414,19.735039,19.622583,20.513372,20.286949,21.375500,22.512695,24.882496,26.897463,28.108814,25.267189,99.041031,42.027050,12.556144,4.911437,0.588145,0.334244,0.155042,0.093465,0.050037,0.060706,0.044764,0.033297,0.038934,0.038625,0.027889,0.016348,0.011319,0.016692,0.022285,0.011148,0.016727
13140,13199,13170,870.608,36.145,484.721,112.177,6.590,0.176,0.046,18.844170,19.118185,18.877752,19.323385,19.365999,19.670115,19.092983,20.550972,20.404501,21.202181,22.002350,24.708988,26.962305,28.434141,25.530806,98.599602,43.533726,12.521781,4.590711,0.531969,0.299104,0.089658,0.071845,0.049072,0.060908,0.022012,0.055653,0.049193,0.039452,0.028087,0.033398,0.011131,0.016473,0.011280,0.000000,0.016697
13200,13259,13230,870.622,36.091,479.975,110.918,6.508,0.176,0.045,18.164351,18.437927,17.959082,18.822441,19.580194,19.814669,20.328094,20.353657,20.338957,20.750944,22.579504,24.150976,27.311874,27.939865,24.433556,97.741409,42.421101,13.054171,4.464944,0.530532,0.292771,0.166216,0.055430,0.038050,0.038305,0.039417,0.039561,0.005394,0.016351,0.005727,0.016817,0.010971,0.021951,0.016334,0.016796,0.016594
13260,13319,13290,870.629,35.968,489.192,113.601,6.870,0.181,0.047,20.145306,18.791624,18.532076,19.433928,19.213816,20.015942,19.607027,20.326521,20.731016,21.186392,22.335754,25.115015,27.474987,29.202181,25.465910,99.618927,42.868374,12.801584,5.017846,0.540368,0.233141,0.121430,0.050363,0.044466,0.067184,0.033499,0.022658,0.021988,0.033383,0.011243,0.011019,0.005556,0.005519,0.027533,0.056397,0.022451
13320,13379,13350,870.654,35.975,487.651,113.938,7.025,0.184,0.047,19.087330,19.633610,19.415911,19.673946,19.983908,19.942480,20.045286,20.706863,20.264385,20.250154,22.037683,24.970640,26.571590,28.407564,24.974409,99.289452,42.475899,13.303460,4.930718,0.655766,0.381417,0.122291,0.087992,0.055472,0.077433,0.022152,0.016836,0.033466,0.033198,0.044273,0.044532,0.039046,0.016859,0.016234,0.022033,0.016526
