CampaignData_and_Merges/R0/CSL_MobileLab_Parked/raw/20240723/USOS-POPS_MobileLabGround_20240723_R0.ict
78, 1001
Thornberry, T. D.
NOAA Chemical Sciences Laboratory
Portable Optical Particle Spectrometer (POPS)
USOS
1, 1
2024, 07, 23, 2025, 05, 08
60
Time_Start, seconds_past_midnight, Start time of measurement
45
1, 1, 1, 1, 1, 1, 1, 1, 1, 1, 1, 1, 1, 1, 1, 1, 1, 1, 1, 1, 1, 1, 1, 1, 1, 1, 1, 1, 1, 1, 1, 1, 1, 1, 1, 1, 1, 1, 1, 1, 1, 1, 1, 1, 1
-9999, -9999, -9999, -9999, -9999, -9999, -9999, -9999, -9999, -9999, -9999, -9999, -9999, -9999, -9999, -9999, -9999, -9999, -9999, -9999, -9999, -9999, -9999, -9999, -9999, -9999, -9999, -9999, -9999, -9999, -9999, -9999, -9999, -9999, -9999, -9999, -9999, -9999, -9999, -9999, -9999, -9999, -9999, -9999, -9999
Time_Stop, seconds_past_midnight, Stop time of measurement
Time_Mid, seconds_past_midnight, Mid time of measurement
Press_mb, mb, Pressure reported (mb)
Temp_C, degrees C, POPS temperature measurement
Aerosol_concentration, cm^-3, Aerosol concentration
Surface_Area_Conc, um^2 cm^-3, Surface area concentration
Volume_density, um^3 cm^-3, Volume density
Effective_radius, um, Effective radius
Extinction, km^-1, Extinction
Bin01, cm^-3, particle concentration in size range [1401 - 146.3 nm]
Bin02, cm^-3, particle concentration in size range [146.3 - 152.8 nm]
Bin03, cm^-3, particle concentration in size range [152.8 - 159.6 nm]
Bin04, cm^-3, particle concentration in size range [159.6 - 166.8 nm]
Bin05, cm^-3, particle concentration in size range [166.8 - 174.2 nm]
Bin06, cm^-3, particle concentration in size range [174.2 - 181.9 nm]
Bin07, cm^-3, particle concentration in size range [181.9 - 190.0 nm]
Bin08, cm^-3, particle concentration in size range [190.0 - 198.5 nm]
Bin09, cm^-3, particle concentration in size range [198.5 - 207.4 nm]
Bin10, cm^-3, particle concentration in size range [207.4 - 216.6 nm]
Bin11, cm^-3, particle concentration in size range [216.6 - 226.2 nm]
Bin12, cm^-3, particle concentration in size range [226.2 - 236.3 nm]
Bin13, cm^-3, particle concentration in size range [236.3 - 246.8 nm]
Bin14, cm^-3, particle concentration in size range [246.8 - 257.8 nm]
Bin15, cm^-3, particle concentration in size range [257.8 - 269.3 nm]
Bin16, cm^-3, particle concentration in size range [269.3 - 343.4 nm]
Bin17, cm^-3, particle concentration in size range [343.4 - 450.7 nm]
Bin18, cm^-3, particle concentration in size range [450.7 - 525.9 nm]
Bin19, cm^-3, particle concentration in size range [525.9 - 618.5 nm]
Bin20, cm^-3, particle concentration in size range [618.5 - 710.0 nm]
Bin21, cm^-3, particle concentration in size range [710.0 - 822.7 nm]
Bin22, cm^-3, particle concentration in size range [822.7 - 885.9 nm]
Bin23, cm^-3, particle concentration in size range [885.9 - 953.9 nm]
Bin24, cm^-3, particle concentration in size range [953.9 - 1027.2 nm]
Bin25, cm^-3, particle concentration in size range [1027.2 - 1106.1 nm]
Bin26, cm^-3, particle concentration in size range [1106.1 - 1191.0 nm]
Bin27, cm^-3, particle concentration in size range [1191.0 - 1282.5 nm]
Bin28, cm^-3, particle concentration in size range [1282.5 - 1381.0 nm]
Bin29, cm^-3, particle concentration in size range [1381.0 - 1487.1 nm]
Bin30, cm^-3, particle concentration in size range [1487.1 - 1601.3 nm]
Bin31, cm^-3, particle concentration in size range [1601.3 - 1724.3 nm]
[...]
PLATFORM: NOAA CSL Mobile Lab
LOCATION: USOS
ASSOCIATED_DATA: N/A
INSTRUMENT_INFO: Printed Optical Particle Spectrometer counts particles from 140 - 2500 nm in diameter 
DATA_INFO: Particle concentrations reported in number per cubic centimeter,1 Hz data
UNCERTAINTY: Counting uncertainty dominated by air flow, less than 5 percent. Measurement range is ~0 - 3000 per cm3 (varies depending on flow rate- manufacturer quotes 1250 per cm3 at 1.667 cc/s)
ULOD_FLAG: -7777
ULOD_VALUE: N/A
LLOD_FLAG: -8888
LLOD_VALUE: N/A
DM_CONTACT_INFO: Troy Thornberry, 325 Broadway R/CSL6, Boulder, CO 80305; troy.thornberry@noaa.gov; 303-497-3373
PROJECT_INFO: USOS, Utah POPS data from NOAA CSL Mobile Lab
STIPULATIONS_ON_USE: Please contact the PIs for questions regarding applications and uncertainties
OTHER_COMMENTS: POPS bin Edges (nm):  140.1, 146.3, 152.8, 159.6, 166.8, 174.2, 181.9, 190.0, 198.5, 207.4, 216.6, 226.2, 236.3, 246.8, 257.8, 269.3, 343.4, 450.7, 525.9, 618.5, 710.0, 822.7, 885.9, 953.9, 1027.2, 1106.1, 1191.0, 1282.5, 1381.0, 1487.1, 1601.3, 1724.3, 1856.7, 1999.3, 2152.8, 2318.2, 2496.2
Calculations assume organic aerosol refractive index of 1.52+0.00j and extinction wavelength = 532 nm
REVISION: R0
R0: Final data
Time_Start, Time_Stop, Time_Mid, Press_mb, Temp_C, Aerosol_concentration, Surface_Area_Conc, Volume_density, Effective_radius, Extinction, Bin01, Bin02, Bin03, Bin04, Bin05, Bin06, Bin07, Bin08, Bin09, Bin10, Bin11, Bin12, Bin13, Bin14, Bin15, Bin16, Bin17, Bin18, Bin19, Bin20, Bin21, Bin22, Bin23, Bin24, Bin25, Bin26, Bin27, Bin28, Bin29, Bin30, Bin31, Bin32, Bin33, Bin34, Bin35, Bin36
[from data line 263]
15780,15839,15810,870.995,36.231,497.881,119.706,7.002,0.175,0.051,17.795488,17.510748,17.254898,18.221277,19.375582,19.697531,19.249804,20.160788,20.274736,20.954639,22.683395,25.366461,27.852064,28.609978,25.909069,106.190903,48.394737,15.227036,5.587707,0.643738,0.435045,0.139137,0.056218,0.050018,0.044251,0.028337,0.017028,0.022546,0.044282,0.011112,0.027416,0.005593,0.011261,0.016769,0.005650,0.005631
15840,15899,15870,871.003,36.320,492.400,117.362,6.836,0.175,0.050,17.894527,17.532948,17.377375,18.720800,19.123489,19.325357,19.612274,20.631861,20.100834,21.337423,22.470997,24.989130,26.747494,27.865841,25.230234,104.222672,47.354382,14.956772,5.593888,0.553297,0.267320,0.139284,0.101162,0.050491,0.055711,0.021920,0.011148,0.016931,0.010924,0.022347,0.011280,0.016874,0.016649,0.000000,0.005708,0.010930
15900,15959,15930,871.012,36.232,491.770,118.445,7.140,0.180,0.051,16.972944,18.054796,17.195948,17.978947,18.797419,18.618160,19.266293,19.908350,20.351803,21.056627,22.914877,25.487810,27.711113,28.619394,25.708719,103.623589,47.333248,14.984728,5.809985,0.489664,0.328808,0.122800,0.094563,0.060865,0.044286,0.027332,0.033456,0.022505,0.005429,0.033472,0.028246,0.027967,0.016723,0.016632,0.000000,0.022337
15960,16019,15990,871.015,36.178,490.978,118.781,7.274,0.183,0.051,17.604296,17.141676,17.236115,18.183512,18.786774,19.169455,18.743013,20.464241,20.337132,21.173508,22.328957,25.559328,26.936234,27.789379,25.844959,104.879913,46.378906,15.013318,5.754858,0.634666,0.360055,0.161360,0.139234,0.067162,0.022117,0.039326,0.022279,0.010880,0.028031,0.028046,0.044730,0.028199,0.021978,0.005631,0.016892,0.021775
16020,16079,16050,871.038,36.112,493.087,118.590,6.977,0.176,0.051,17.853607,17.989380,16.843956,18.385189,18.832081,19.406069,19.572393,20.158438,20.129164,20.677488,21.875917,24.361864,27.432262,28.751995,26.115191,105.101303,46.926250,15.282507,5.794590,0.647325,0.383071,0.155099,0.105771,0.089400,0.033020,0.044668,0.032934,0.022219,0.016465,0.005556,0.011396,0.011089,0.011093,0.000000,0.011242,0.016709
16080,16139,16110,871.024,36.030,499.623,120.198,7.003,0.175,0.051,17.486988,17.342121,17.541035,18.441677,19.293308,18.779102,19.403749,20.312185,19.872801,21.126173,22.218943,25.405695,27.267971,29.540199,26.576803,108.038925,48.371353,15.574244,5.511681,0.620853,0.385653,0.133417,0.149966,0.061185,0.027897,0.016582,0.022337,0.016781,0.016804,0.010789,0.016541,0.016605,0.000000,0.005650,0.000000,0.016651
16140,16199,16170,871.019,35.876,495.222,119.449,7.047,0.177,0.051,17.305775,17.105339,17.892132,18.211584,18.884121,19.061819,19.914740,19.688828,20.317713,21.060171,22.353161,24.820826,27.535105,28.271339,26.098824,106.089455,47.849335,15.599943,5.696220,0.494505,0.413228,0.144466,0.117273,0.050205,0.067017,0.039437,0.033142,0.000000,0.033961,0.005631,0.011283,0.010915,0.005708,0.005556,0.022421,0.011223
16200,16259,16230,871.000,35.982,497.425,121.067,7.317,0.181,0.052,17.682894,17.808470,17.460091,18.614235,18.797543,19.190300,19.113466,19.470358,20.118103,20.991028,22.335848,25.307507,27.758324,28.318172,26.254858,106.462479,48.207619,15.980565,5.941324,0.653708,0.372121,0.144021,0.083191,0.077506,0.055585,0.022147,0.021980,0.016423,0.010841,0.027469,0.044726,0.011074,0.027367,0.010950,0.016619,0.016503
16260,16319,16290,871.000,36.188,495.940,119.733,7.052,0.176,0.051,17.363382,17.232771,18.202312,18.508139,19.304665,19.317659,19.296503,19.601698,19.796160,20.733782,22.272175,24.753716,27.724724,29.025215,26.602238,104.949486,48.550331,15.195517,6.006953,0.556852,0.430977,0.133053,0.072873,0.054895,0.049101,0.038926,0.033167,0.022335,0.011074,0.021892,0.027835,0.005612,0.016438,0.005519,0.010920,0.010949
16320,16379,16350,871.009,36.328,494.741,119.244,7.139,0.179,0.051,17.545361,16.731300,17.771114,18.054359,18.996286,18.974611,20.101000,20.055355,20.257458,21.285250,23.068001,25.218334,27.646305,28.013756,25.920433,105.441399,47.133221,15.295802,5.680374,0.551367,0.400101,0.155025,0.117000,0.093974,0.044798,0.011022,0.021919,0.022282,0.011358,0.022067,0.027714,0.016873,0.011167,0.011242,0.016855,0.016912
16380,16439,16410,871.016,36.229,488.362,117.517,6.790,0.173,0.050,16.980318,16.999931,17.252993,17.988922,19.032867,18.353773,19.377148,19.145144,20.003094,21.224806,23.069023,24.644815,26.612513,28.570290,25.337429,103.647400,47.669022,15.315888,5.617968,0.669614,0.310466,0.160326,0.111243,0.071788,0.038734,0.027859,0.022323,0.011338,0.027191,0.016952,0.022601,0.005688,0.016705,0.005464,0.000000,0.000000
16440,16499,16470,870.998,36.239,493.941,119.212,6.963,0.175,0.051,17.371622,16.854040,17.651648,18.303785,18.498928,19.065491,19.531870,20.382734,20.189739,20.345482,22.291842,25.098602,27.757872,28.500101,25.514969,105.015335,48.742863,15.724861,5.631221,0.609095,0.355777,0.112701,0.118604,0.045096,0.056946,0.039383,0.017026,0.028596,0.011433,0.005688,0.011395,0.011103,0.033918,0.005707,0.000000,0.005726
16500,16559,16530,871.022,36.177,493.960,119.323,6.981,0.175,0.051,17.974102,16.936289,17.078840,17.388847,18.981039,19.034079,19.302553,19.796597,20.485527,21.257984,22.564198,24.653149,27.479784,28.756153,25.486958,105.474907,48.385441,15.758661,5.648476,0.622895,0.339910,0.198466,0.055827,0.072050,0.066526,0.016742,0.033289,0.016497,0.022410,0.005501,0.021751,0.011020,0.016630,0.000000,0.011455,0.005556
16560,16619,16590,871.014,36.100,490.675,119.226,7.077,0.178,0.052,17.562166,17.464384,17.444769,17.880014,18.763979,19.068947,19.138491,19.866867,19.887461,20.244640,21.610367,25.142300,26.952839,28.684353,25.288483,104.711548,47.590981,15.842459,5.889451,0.621002,0.326646,0.220501,0.144570,0.027755,0.066677,0.044338,0.038968,0.033372,0.011280,0.016780,0.032910,0.005593,0.016873,0.027715,0.005464,0.000000
16620,16679,16650,871.010,35.978,494.287,120.125,7.088,0.177,0.052,17.165886,16.673138,16.953917,17.972542,18.341433,19.744852,19.058157,19.324364,20.114004,21.160843,21.970024,24.837019,27.686485,28.577637,26.207239,106.318001,48.990685,15.715288,6.084732,0.538156,0.331516,0.138686,0.111142,0.044362,0.044183,0.027253,0.038870,0.011167,0.016408,0.010912,0.016206,0.016533,0.016779,0.016932,0.005501,0.005727
16680,16739,16710,871.018,35.945,493.824,119.732,7.011,0.176,0.052,17.347786,16.829046,17.504522,18.145470,18.603107,18.902571,19.616150,19.857609,20.067474,21.261663,22.146742,25.436478,27.224911,27.507517,26.174505,105.071999,48.822311,15.686307,5.962861,0.700072,0.412742,0.160356,0.099646,0.050040,0.038913,0.054905,0.022454,0.022268,0.022100,0.011224,0.033158,0.016522,0.000000,0.005325,0.000000,0.005464
16740,16799,16770,871.023,36.098,502.712,122.230,7.231,0.177,0.053,16.901651,18.084234,17.343981,18.298552,19.313549,18.576445,19.937933,20.477488,20.456650,20.777309,22.309523,25.383020,28.260366,29.146952,26.611502,107.524261,49.724689,15.944135,6.008928,0.648978,0.386257,0.157543,0.095351,0.106436,0.044667,0.039399,0.033939,0.022600,0.005650,0.000000,0.039115,0.011245,0.011416,0.005501,0.011301,0.011190
16800,16859,16830,871.036,36.310,495.164,119.811,7.086,0.177,0.052,17.279810,17.396910,17.524616,18.441799,18.892342,19.273479,19.458956,19.762798,20.272121,20.839195,22.253063,24.939198,27.088608,28.863916,25.907278,105.425926,48.656265,15.515869,5.857684,0.518541,0.383753,0.172609,0.116617,0.083845,0.061193,0.022413,0.022153,0.005556,0.022355,0.027772,0.033104,0.016417,0.005612,0.005612,0.005447,0.011303
16860,16919,16890,871.034,36.382,493.604,119.764,7.133,0.178,0.052,17.520561,16.842693,17.249401,18.162840,18.939447,19.316332,18.804169,19.497040,20.094797,20.847464,22.174391,25.106995,27.522030,29.245123,26.134073,104.926750,48.210678,15.263280,6.193967,0.613124,0.338892,0.194614,0.077902,0.089738,0.011433,0.045222,0.039914,0.033967,0.000000,0.027802,0.022677,0.016646,0.000000,0.022647,0.000000,0.017064
16920,16979,16950,871.036,36.245,494.723,120.316,7.088,0.177,0.052,17.196646,17.333200,17.244257,18.188299,18.922291,19.213869,18.839146,19.567169,19.708532,20.939739,22.783781,25.200420,27.117800,29.110628,26.641798,105.189842,47.699173,15.937407,6.208449,0.627091,0.379909,0.195503,0.116839,0.094016,0.060916,0.050249,0.027627,0.033200,0.011320,0.011190,0.027846,0.005631,0.022078,0.011262,0.005447,0.000000
16980,17039,17010,871.044,36.168,495.921,120.479,7.021,0.175,0.052,17.174244,16.843937,17.553305,18.924810,17.905809,19.039301,18.578148,19.748327,20.084444,21.040447,22.567402,25.215879,27.349695,28.313246,26.311560,106.817406,48.709171,16.015141,6.173942,0.682272,0.345229,0.155683,0.099783,0.077872,0.066307,0.027865,0.005447,0.011262,0.017026,0.016612,0.016763,0.010861,0.005291,0.005464,0.005556,0.005519
17040,17099,17070,871.052,36.048,492.698,120.701,7.114,0.177,0.053,17.349491,16.628788,17.132977,18.396057,18.013319,18.675865,18.960463,19.989296,20.066402,20.978367,21.970320,24.481503,26.844425,28.541109,25.622574,104.809326,50.074780,16.672453,5.857003,0.683483,0.425414,0.136112,0.084115,0.056615,0.066915,0.033674,0.022812,0.011129,0.011394,0.016911,0.045187,0.000000,0.022386,0.000000,0.011414,0.005745
17100,17159,17130,871.065,35.885,495.534,121.668,7.258,0.179,0.053,17.239857,16.724718,16.959044,17.809549,18.216127,19.024567,18.455193,19.594738,20.218946,21.019297,21.786638,25.769558,27.028374,28.938704,25.600792,107.531525,49.290600,16.627737,6.069998,0.560110,0.443151,0.186418,0.102074,0.084750,0.033543,0.062110,0.022427,0.011158,0.022265,0.039618,0.011231,0.021915,0.005745,0.005503,0.005575,0.010882
17160,17219,17190,871.058,35.937,499.321,123.058,7.478,0.182,0.054,17.713879,16.631821,17.659113,17.824982,18.402742,18.996977,19.598413,18.918737,20.584143,21.271503,22.249355,26.110611,26.771805,29.112602,25.561560,107.436462,50.436928,16.025858,5.962882,0.794634,0.541891,0.168330,0.114265,0.097023,0.052850,0.052776,0.052343,0.017723,0.026493,0.035629,0.043638,0.026437,0.000000,0.000000,0.017815,0.008772
17220,17279,17250,871.065,36.145,-9999.000,-9999.000,-9999.000,-9999.000,-9999.000,-9999.000000,-9999.000000,-9999.000000,-9999.000000,-9999.000000,-9999.000000,-9999.000000,-9999.000000,-9999.000000,-9999.000000,-9999.000000,-9999.000000,-9999.000000,-9999.000000,-9999.000000,-9999.000000,-9999.000000,-9999.000000,-9999.000000,-9999.000000,-9999.000000,-9999.000000,-9999.000000,-9999.000000,-9999.000000,-9999.000000,-9999.000000,-9999.000000,-9999.000000,-9999.000000,-9999.000000,-9999.000000,-9999.000000,-9999.000000,-9999.000000,-9999.000000
17280,17339,17310,871.085,36.344,-9999.000,-9999.000,-9999.000,-9999.000,-9999.000,-9999.000000,-9999.000000,-9999.000000,-9999.000000,-9999.000000,-9999.000000,-9999.000000,-9999.000000,-9999.000000,-9999.000000,-9999.000000,-9999.000000,-9999.000000,-9999.000000,-9999.000000,-9999.000000,-9999.000000,-9999.000000,-9999.000000,-9999.000000,-9999.000000,-9999.000000,-9999.000000,-9999.000000,-9999.000000,-9999.000000,-9999.000000,-9999.000000,-9999.000000,-9999.000000,-9999.000000,-9999.000000,-9999.000000,-9999.000000,-9999.000000,-9999.000000
17340,17399,17370,871.079,36.398,-9999.000,-9999.000,-9999.000,-9999.000,-9999.000,-9999.000000,-9999.000000,-9999.000000,-9999.000000,-9999.000000,-9999.000000,-9999.000000,-9999.000000,-9999.000000,-9999.000000,-9999.000000,-9999.000000,-9999.000000,-9999.000000,-9999.000000,-9999.000000,-9999.000000,-9999.000000,-9999.000000,-9999.000000,-9999.000000,-9999.000000,-9999.000000,-9999.000000,-9999.000000,-9999.000000,-9999.000000,-9999.000000,-9999.000000,-9999.000000,-9999.000000,-9999.000000,-9999.000000,-9999.000000,-9999.000000,-9999.000000
17400,17459,17430,871.067,36.278,-9999.000,-9999.000,-9999.000,-9999.000,-9999.000,-9999.000000,-9999.000000,-9999.000000,-9999.000000,-9999.000000,-9999.000000,-9999.000000,-9999.000000,-9999.000000,-9999.000000,-9999.000000,-9999.000000,-9999.000000,-9999.000000,-9999.000000,-9999.000000,-9999.000000,-9999.000000,-9999.000000,-9999.000000,-9999.000000,-9999.000000,-9999.000000,-9999.000000,-9999.000000,-9999.000000,-9999.000000,-9999.000000,-9999.000000,-9999.000000,-9999.000000,-9999.000000,-9999.000000,-9999.000000,-9999.000000,-9999.000000
17460,17519,17490,871.074,36.144,-9999.000,-9999.000,-9999.000,-9999.000,-9999.000,-9999.000000,-9999.000000,-9999.000000,-9999.000000,-9999.000000,-9999.000000,-9999.000000,-9999.000000,-9999.000000,-9999.000000,-9999.000000,-9999.000000,-9999.000000,-9999.000000,-9999.000000,-9999.000000,-9999.000000,-9999.000000,-9999.000000,-9999.000000,-9999.000000,-9999.000000,-9999.000000,-9999.000000,-9999.000000,-9999.000000,-9999.000000,-9999.000000,-9999.000000,-9999.000000,-9999.000000,-9999.000000,-9999.000000,-9999.000000,-9999.000000,-9999.000000
17520,17579,17550,871.072,35.914,-9999.000,-9999.000,-9999.000,-9999.000,-9999.000,-9999.000000,-9999.000000,-9999.000000,-9999.000000,-9999.000000,-9999.000000,-9999.000000,-9999.000000,-9999.000000,-9999.000000,-9999.000000,-9999.000000,-9999.000000,-9999.000000,-9999.000000,-9999.000000,-9999.000000,-9999.000000,-9999.000000,-9999.000000,-9999.000000,-9999.000000,-9999.000000,-9999.000000,-9999.000000,-9999.000000,-9999.000000,-9999.000000,-9999.000000,-9999.000000,-9999.000000,-9999.000000,-9999.000000,-9999.000000,-9999.000000,-9999.000000
17580,17639,17610,871.060,35.817,-9999.000,-9999.000,-9999.000,-9999.000,-9999.000,-9999.000000,-9999.000000,-9999.000000,-9999.000000,-9999.000000,-9999.000000,-9999.000000,-9999.000000,-9999.000000,-9999.000000,-9999.000000,-9999.000000,-9999.000000,-9999.000000,-9999.000000,-9999.000000,-9999.000000,-9999.000000,-9999.000000,-9999.000000,-9999.000000,-9999.000000,-9999.000000,-9999.000000,-9999.000000,-9999.000000,-9999.000000,-9999.000000,-9999.000000,-9999.000000,-9999.000000,-9999.000000,-9999.000000,-9999.000000,-9999.000000,-9999.000000
17640,17699,17670,871.039,35.773,-9999.000,-9999.000,-9999.000,-9999.000,-9999.000,-9999.000000,-9999.000000,-9999.000000,-9999.000000,-9999.000000,-9999.000000,-9999.000000,-9999.000000,-9999.000000,-9999.000000,-9999.000000,-9999.000000,-9999.000000,-9999.000000,-9999.000000,-9999.000000,-9999.000000,-9999.000000,-9999.000000,-9999.000000,-9999.000000,-9999.000000,-9999.000000,-9999.000000,-9999.000000,-9999.000000,-9999.000000,-9999.000000,-9999.000000,-9999.000000,-9999.000000,-9999.000000,-9999.000000,-9999.000000,-9999.000000,-9999.000000
17700,17759,17730,871.045,36.001,-9999.000,-9999.000,-9999.000,-9999.000,-9999.000,-9999.000000,-9999.000000,-9999.000000,-9999.000000,-9999.000000,-9999.000000,-9999.000000,-9999.000000,-9999.000000,-9999.000000,-9999.000000,-9999.000000,-9999.000000,-9999.000000,-9999.000000,-9999.000000,-9999.000000,-9999.000000,-9999.000000,-9999.000000,-9999.000000,-9999.000000,-9999.000000,-9999.000000,-9999.000000,-9999.000000,-9999.000000,-9999.000000,-9999.000000,-9999.000000,-9999.000000,-9999.000000,-9999.000000,-9999.000000,-9999.000000,-9999.000000
17760,17819,17790,871.054,36.233,-9999.000,-9999.000,-9999.000,-9999.000,-9999.000,-9999.000000,-9999.000000,-9999.000000,-9999.000000,-9999.000000,-9999.000000,-9999.000000,-9999.000000,-9999.000000,-9999.000000,-9999.000000,-9999.000000,-9999.000000,-9999.000000,-9999.000000,-9999.000000,-9999.000000,-9999.000000,-9999.000000,-9999.000000,-9999.000000,-9999.000000,-9999.000000,-9999.000000,-9999.000000,-9999.000000,-9999.000000,-9999.000000,-9999.000000,-9999.000000,-9999.000000,-9999.000000,-9999.000000,-9999.000000,-9999.000000,-9999.000000
17820,17879,17850,871.040,36.355,-9999.000,-9999.000,-9999.000,-9999.000,-9999.000,-9999.000000,-9999.000000,-9999.000000,-9999.000000,-9999.000000,-9999.000000,-9999.000000,-9999.000000,-9999.000000,-9999.000000,-9999.000000,-9999.000000,-9999.000000,-9999.000000,-9999.000000,-9999.000000,-9999.000000,-9999.000000,-9999.000000,-9999.000000,-9999.000000,-9999.000000,-9999.000000,-9999.000000,-9999.000000,-9999.000000,-9999.000000,-9999.000000,-9999.000000,-9999.000000,-9999.000000,-9999.000000,-9999.000000,-9999.000000,-9999.000000,-9999.000000
