CampaignData_and_Merges/R0/CSL_MobileLab_Parked/raw/20240723/USOS-POPS_MobileLabGround_20240723_R0.ict
78, 1001
Thornberry, T. D.
NOAA Chemical Sciences Laboratory
Portable Optical Particle Spectrometer (POPS)
USOS
1, 1
2024, 07, 23, 2025, 05, 08
60
Time_Start, seconds_past_midnight, Start time of measurement
45
1, 1, 1, 1, 1, 1, 1, 1, 1, 1, 1, 1, 1, 1, 1, 1, 1, 1, 1, 1, 1, 1, 1, 1, 1, 1, 1, 1, 1, 1, 1, 1, 1, 1, 1, 1, 1, 1, 1, 1, 1, 1, 1, 1, 1
-9999, -9999, -9999, -9999, -9999, -9999, -9999, -9999, -9999, -9999, -9999, -9999, -9999, -9999, -9999, -9999, -9999, -9999, -9999, -9999, -9999, -9999, -9999, -9999, -9999, -9999, -9999, -9999, -9999, -9999, -9999, -9999, -9999, -9999, -9999, -9999, -9999, -9999, -9999, -9999, -9999, -9999, -9999, -9999, -9999
Time_Stop, seconds_past_midnight, Stop time of measurement
Time_Mid, seconds_past_midnight, Mid time of measurement
Press_mb, mb, Pressure reported (mb)
Temp_C, degrees C, POPS temperature measurement
Aerosol_concentration, cm^-3, Aerosol concentration
Surface_Area_Conc, um^2 cm^-3, Surface area concentration
Volume_density, um^3 cm^-3, Volume density
Effective_radius, um, Effective radius
Extinction, km^-1, Extinction
Bin01, cm^-3, particle concentration in size range [1401 - 146.3 nm]
Bin02, cm^-3, particle concentration in size range [146.3 - 152.8 nm]
Bin03, cm^-3, particle concentration in size range [152.8 - 159.6 nm]
Bin04, cm^-3, particle concentration in size range [159.6 - 166.8 nm]
Bin05, cm^-3, particle concentration in size range [166.8 - 174.2 nm]
Bin06, cm^-3, particle concentration in size range [174.2 - 181.9 nm]
Bin07, cm^-3, particle concentration in size range [181.9 - 190.0 nm]
Bin08, cm^-3, particle concentration in size range [190.0 - 198.5 nm]
Bin09, cm^-3, particle concentration in size range [198.5 - 207.4 nm]
Bin10, cm^-3, particle concentration in size range [207.4 - 216.6 nm]
Bin11, cm^-3, particle concentration in size range [216.6 - 226.2 nm]
Bin12, cm^-3, particle concentration in size range [226.2 - 236.3 nm]
Bin13, cm^-3, particle concentration in size range [236.3 - 246.8 nm]
Bin14, cm^-3, particle concentration in size range [246.8 - 257.8 nm]
Bin15, cm^-3, particle concentration in size range [257.8 - 269.3 nm]
Bin16, cm^-3, particle concentration in size range [269.3 - 343.4 nm]
Bin17, cm^-3, particle concentration in size range [343.4 - 450.7 nm]
Bin18, cm^-3, particle concentration in size range [450.7 - 525.9 nm]
Bin19, cm^-3, particle concentration in size range [525.9 - 618.5 nm]
Bin20, cm^-3, particle concentration in size range [618.5 - 710.0 nm]
Bin21, cm^-3, particle concentration in size range [710.0 - 822.7 nm]
Bin22, cm^-3, particle concentration in size range [822.7 - 885.9 nm]
Bin23, cm^-3, particle concentration in size range [885.9 - 953.9 nm]
Bin24, cm^-3, particle concentration in size range [953.9 - 1027.2 nm]
Bin25, cm^-3, particle concentration in size range [1027.2 - 1106.1 nm]
Bin26, cm^-3, particle concentration in size range [1106.1 - 1191.0 nm]
Bin27, cm^-3, particle concentration in size range [1191.0 - 1282.5 nm]
Bin28, cm^-3, particle concentration in size range [1282.5 - 1381.0 nm]
Bin29, cm^-3, particle concentration in size range [1381.0 - 1487.1 nm]
Bin30, cm^-3, particle concentration in size range [1487.1 - 1601.3 nm]
Bin31, cm^-3, particle concentration in size range [1601.3 - 1724.3 nm]
[...]
PLATFORM: NOAA CSL Mobile Lab
LOCATION: USOS
ASSOCIATED_DATA: N/A
INSTRUMENT_INFO: Printed Optical Particle Spectrometer counts particles from 140 - 2500 nm in diameter 
DATA_INFO: Particle concentrations reported in number per cubic centimeter,1 Hz data
UNCERTAINTY: Counting uncertainty dominated by air flow, less than 5 percent. Measurement range is ~0 - 3000 per cm3 (varies depending on flow rate- manufacturer quotes 1250 per cm3 at 1.667 cc/s)
ULOD_FLAG: -7777
ULOD_VALUE: N/A
LLOD_FLAG: -8888
LLOD_VALUE: N/A
DM_CONTACT_INFO: Troy Thornberry, 325 Broadway R/CSL6, Boulder, CO 80305; troy.thornberry@noaa.gov; 303-497-3373
PROJECT_INFO: USOS, Utah POPS data from NOAA CSL Mobile Lab
STIPULATIONS_ON_USE: Please contact the PIs for questions regarding applications and uncertainties
OTHER_COMMENTS: POPS bin Edges (nm):  140.1, 146.3, 152.8, 159.6, 166.8, 174.2, 181.9, 190.0, 198.5, 207.4, 216.6, 226.2, 236.3, 246.8, 257.8, 269.3, 343.4, 450.7, 525.9, 618.5, 710.0, 822.7, 885.9, 953.9, 1027.2, 1106.1, 1191.0, 1282.5, 1381.0, 1487.1, 1601.3, 1724.3, 1856.7, 1999.3, 2152.8, 2318.2, 2496.2
Calculations assume organic aerosol refractive index of 1.52+0.00j and extinction wavelength = 532 nm
REVISION: R0
R0: Final data
Time_Start, Time_Stop, Time_Mid, Press_mb, Temp_C, Aerosol_concentration, Surface_Area_Conc, Volume_density, Effective_radius, Extinction, Bin01, Bin02, Bin03, Bin04, Bin05, Bin06, Bin07, Bin08, Bin09, Bin10, Bin11, Bin12, Bin13, Bin14, Bin15, Bin16, Bin17, Bin18, Bin19, Bin20, Bin21, Bin22, Bin23, Bin24, Bin25, Bin26, Bin27, Bin28, Bin29, Bin30, Bin31, Bin32, Bin33, Bin34, Bin35, Bin36
[from data line 68]
4080,4139,4110,-9999.000,-9999.000,-9999.000,-9999.000,-9999.000,-9999.000,-9999.000,-9999.000000,-9999.000000,-9999.000000,-9999.000000,-9999.000000,-9999.000000,-9999.000000,-9999.000000,-9999.000000,-9999.000000,-9999.000000,-9999.000000,-9999.000000,-9999.000000,-9999.000000,-9999.000000,-9999.000000,-9999.000000,-9999.000000,-9999.000000,-9999.000000,-9999.000000,-9999.000000,-9999.000000,-9999.000000,-9999.000000,-9999.000000,-9999.000000,-9999.000000,-9999.000000,-9999.000000,-9999.000000,-9999.000000,-9999.000000,-9999.000000,-9999.000000
4140,4199,4170,869.856,40.187,266.844,61.544,3.515,0.169,0.025,10.565597,10.754572,9.366118,11.282708,11.119869,10.250832,10.534049,11.150355,10.807609,11.867468,12.771453,12.705812,16.053177,15.717107,14.189149,53.974594,22.919233,7.162460,2.839025,0.271310,0.339120,0.067117,0.000000,0.000000,0.034247,0.033784,0.000000,0.000000,0.033784,0.000000,0.000000,0.000000,0.033784,0.000000,0.000000,0.000000
4200,4259,4230,869.855,40.015,482.320,110.036,6.376,0.173,0.044,18.268805,18.764439,18.459787,19.600471,19.376379,19.608076,19.673559,19.882698,20.398031,20.891520,22.815035,26.129229,27.924669,29.585749,25.611794,96.605850,40.479153,12.420274,4.525172,0.505070,0.282838,0.138875,0.094406,0.082990,0.039076,0.016930,0.016892,0.022430,0.011148,0.011148,0.011112,0.016547,0.010985,0.000000,0.022325,0.016211
4260,4319,4290,869.851,39.824,484.572,109.179,6.093,0.167,0.044,19.094513,18.955172,18.988159,19.260838,20.010412,20.344147,19.579510,19.997089,20.917625,21.250299,22.887787,25.815710,28.947577,30.312098,25.755131,94.593590,39.284897,12.682926,4.668800,0.497762,0.275829,0.141474,0.078855,0.039857,0.022594,0.028241,0.050556,0.011474,0.022756,0.022912,0.022445,0.011068,0.000000,0.000000,0.000000,0.000000
4320,4379,4350,869.851,39.710,483.444,108.264,5.996,0.166,0.043,18.604727,18.676159,18.863794,19.162407,19.641537,19.894674,20.251837,20.569525,20.583492,21.437933,23.115913,26.251673,28.529797,29.872707,26.191187,95.206245,38.608791,12.154757,4.761521,0.504808,0.266437,0.071431,0.056007,0.033359,0.027804,0.027937,0.011176,0.005631,0.000000,0.011111,0.027477,0.011266,0.005650,0.000000,0.000000,0.005519
4380,4439,4410,869.852,39.489,479.729,107.571,6.081,0.169,0.043,18.314137,18.400986,18.773596,18.796082,19.623854,19.862076,20.131243,20.237232,20.455482,21.408798,22.577118,26.451853,29.219549,30.070400,25.339708,94.972946,37.408314,11.987162,4.587778,0.444429,0.277501,0.111033,0.083491,0.032814,0.022224,0.011021,0.005593,0.016655,0.016762,0.011065,0.022042,0.016697,0.022524,0.011204,0.005767,0.000000
4440,4499,4470,869.845,39.378,482.044,108.711,6.232,0.171,0.043,18.259411,18.444036,18.546432,19.652166,19.303858,19.509556,20.350033,20.370913,20.699820,21.012239,23.327274,26.719934,28.593761,30.812288,26.101656,93.976410,38.297169,12.415736,4.487277,0.465272,0.276623,0.088695,0.044195,0.060499,0.032978,0.027995,0.022525,0.010950,0.022376,0.016542,0.039240,0.011377,0.011057,0.016743,0.011093,0.005376
4500,4559,4530,869.842,39.289,478.737,107.146,6.093,0.170,0.042,18.134647,18.070755,18.863878,19.236492,19.764458,19.733166,19.096781,20.371632,21.104538,21.807190,22.875420,26.031942,28.881279,31.477694,25.776445,92.800835,37.322578,11.719905,4.525539,0.427692,0.286619,0.132839,0.055503,0.066512,0.022412,0.028139,0.022230,0.022263,0.011167,0.005708,0.010823,0.011100,0.005708,0.000000,0.005359,0.027873
4560,4619,4590,869.849,39.290,480.138,107.083,5.985,0.167,0.042,18.566000,18.703543,18.391235,19.115549,19.345488,20.460619,19.991590,20.558706,20.592287,21.875477,23.230513,26.551861,28.648348,30.337688,25.681376,93.360138,37.154881,11.792348,4.586166,0.506654,0.267529,0.100558,0.062153,0.095109,0.028078,0.033122,0.011079,0.027740,0.005631,0.011261,0.011205,0.017053,0.010938,0.000000,0.000000,0.005631
4620,4679,4650,869.851,39.312,485.005,107.983,6.143,0.170,0.043,18.721577,19.400499,19.572943,19.447063,20.192314,20.081766,19.952206,20.997128,20.647429,21.706270,22.820522,25.926458,29.076040,31.465746,25.983738,94.016571,37.491249,12.016004,4.321682,0.434427,0.285472,0.089952,0.096485,0.051601,0.039625,0.022851,0.040049,0.005539,0.028519,0.005415,0.017002,0.039289,0.005381,0.000000,0.000000,0.005688
4680,4739,4710,869.843,39.347,482.610,107.270,5.945,0.166,0.042,18.703106,18.459433,18.776443,19.515007,19.779459,20.062950,19.762112,20.664482,21.351572,21.654657,23.527760,25.954077,28.398426,31.012432,26.393078,94.318909,37.072632,11.799908,4.190085,0.476662,0.305827,0.130373,0.073604,0.045556,0.056192,0.022869,0.022578,0.005824,0.017124,0.022856,0.005845,0.005594,0.011330,0.005865,0.000000,0.005521
4740,4799,4770,869.851,39.397,478.808,106.162,5.936,0.168,0.042,19.046749,18.687626,18.040071,19.275831,19.873976,19.116337,19.427790,20.837961,20.973686,21.793962,22.692701,26.200094,29.582899,31.227291,26.240669,92.805496,35.800388,11.771186,4.308479,0.461039,0.261333,0.121893,0.055278,0.044686,0.022512,0.028036,0.016489,0.016564,0.005631,0.011148,0.021940,0.011204,0.005342,0.005291,0.005556,0.010842
4800,4859,4830,869.852,39.287,480.475,107.355,6.343,0.176,0.042,18.682137,18.510124,18.341494,18.824499,19.888659,19.677387,20.471212,20.712126,20.447784,22.181885,23.459034,26.900763,29.163469,30.524055,25.807447,93.039215,36.947617,11.195535,4.551589,0.456989,0.277788,0.068245,0.051596,0.051097,0.051313,0.022717,0.011395,0.011358,0.016847,0.011337,0.005485,0.056382,0.022798,0.011134,0.005650,0.017016
4860,4919,4890,869.870,39.237,484.727,107.608,6.133,0.171,0.042,19.588385,18.955648,19.816971,19.558464,20.351885,19.881603,20.418457,20.492702,20.862196,22.068048,22.731251,25.992960,29.848930,30.860701,26.784967,92.462746,37.020771,11.385795,4.392485,0.483827,0.283825,0.083668,0.083505,0.066647,0.066525,0.010968,0.022298,0.022599,0.027937,0.044079,0.011357,0.016548,0.005593,0.000000,0.011042,0.011319
4920,4979,4950,869.859,39.172,494.410,108.337,5.994,0.166,0.042,21.251287,20.485723,19.677835,20.846792,20.775240,21.037754,20.608074,20.431976,20.942774,22.446966,23.737616,26.443584,30.253613,30.828466,26.702990,94.008965,36.567329,12.029055,4.205863,0.466742,0.272017,0.083820,0.072192,0.060935,0.038681,0.028035,0.027856,0.005593,0.011039,0.005376,0.028038,0.000000,0.005708,0.005631,0.000000,0.016287
4980,5039,5010,869.874,39.041,486.097,107.206,6.065,0.169,0.042,20.039429,19.551342,19.361454,20.385277,20.364271,21.129786,19.956167,20.083675,21.152197,21.446175,23.054451,26.686653,28.869318,30.517183,26.266661,93.699295,37.061069,11.028368,4.340556,0.420901,0.287109,0.044849,0.096534,0.062530,0.016606,0.045737,0.011244,0.021917,0.017085,0.000000,0.016969,0.011452,0.022441,0.005745,0.005467,0.016990
5040,5099,5070,869.868,38.951,485.927,106.980,5.957,0.167,0.042,19.649914,18.676949,19.508869,20.110529,20.740099,20.170473,20.273952,21.130890,21.375057,21.475571,22.966061,25.605410,29.754347,31.087772,26.316549,94.106956,36.111370,11.358189,4.396584,0.438288,0.259374,0.098890,0.083488,0.082793,0.005447,0.033012,0.011149,0.010899,0.010933,0.033086,0.010984,0.016931,0.005612,0.000000,0.005359,0.005447
5100,5159,5130,869.869,38.976,496.817,108.204,5.933,0.164,0.042,21.181948,20.615131,20.485861,20.757750,20.654160,21.131582,21.039362,21.240236,21.416193,21.968643,23.892899,27.231287,29.485292,31.728512,26.717014,93.592125,36.834240,11.291069,4.501580,0.466353,0.207020,0.094527,0.072404,0.050264,0.027680,0.044492,0.022018,0.000000,0.016854,0.011005,0.011455,0.005650,0.011093,0.000000,0.005593,0.005593
5160,5219,5190,869.876,38.896,492.365,107.543,5.935,0.165,0.042,20.520313,20.562273,20.502766,20.816799,21.073011,19.771412,20.497461,21.028761,21.185608,21.993990,23.524696,26.926006,29.720257,31.101576,26.286552,93.835098,36.272057,11.062887,4.440501,0.565521,0.260847,0.155402,0.066707,0.066870,0.010948,0.027970,0.011168,0.016818,0.011300,0.000000,0.010948,0.011038,0.005308,0.016432,0.005669,0.000000
5220,5279,5250,869.882,38.810,493.865,108.102,5.949,0.165,0.042,21.049017,20.663790,19.692123,20.201391,21.787838,20.125021,20.935713,20.743866,20.592945,22.129816,23.295521,27.195274,30.070385,31.173012,26.457500,94.090981,36.467945,11.723228,4.315121,0.522087,0.227545,0.111178,0.044249,0.088075,0.022390,0.022261,0.028097,0.005612,0.027856,0.011242,0.016576,0.005464,0.016542,0.000000,0.005612,0.000000
5280,5339,5310,869.895,38.737,494.778,108.314,6.098,0.168,0.042,20.823851,21.088022,20.423748,21.040449,21.105206,20.670326,21.301649,21.049328,20.797791,21.775616,23.282789,26.731224,30.108837,31.540308,26.390116,93.038963,36.623470,11.381171,4.454933,0.443490,0.271827,0.105558,0.072577,0.049568,0.027868,0.044624,0.022753,0.011300,0.000000,0.010990,0.033598,0.011169,0.022206,0.005612,0.011300,0.005308
5340,5399,5370,869.900,38.597,489.035,107.119,5.923,0.166,0.042,20.544067,19.900890,19.619503,19.857813,20.930746,20.582754,20.621014,20.475803,21.587418,21.885542,23.503483,26.207977,30.057243,31.323530,26.300880,92.681145,36.095440,11.217348,4.418220,0.573609,0.224087,0.122016,0.066480,0.110551,0.016402,0.033691,0.011075,0.000000,0.011020,0.005612,0.011077,0.000000,0.016837,0.005394,0.005708,0.011021
5400,5459,5430,869.904,38.487,482.814,105.501,5.805,0.165,0.041,20.151781,20.006645,19.152149,19.820501,20.340624,20.478399,20.382338,20.644472,20.612122,21.794760,22.412239,26.796736,29.534294,30.262764,25.592875,92.448380,35.882698,10.939457,4.474268,0.563636,0.225259,0.081822,0.060736,0.038817,0.032848,0.011223,0.005574,0.005556,0.000000,0.010911,0.011186,0.016818,0.011249,0.005767,0.005447,0.000000
5460,5519,5490,869.904,38.406,489.475,107.960,6.145,0.170,0.042,20.336149,20.080105,19.773291,20.470608,20.425077,20.740192,20.400101,20.683279,21.631611,22.318687,23.699230,26.164135,29.318565,30.433622,26.520460,92.737000,36.802425,11.472991,4.283914,0.416654,0.272310,0.094760,0.083213,0.082807,0.050265,0.027780,0.033363,0.016377,0.005612,0.011227,0.027793,0.000000,0.022657,0.005411,0.016726,0.016931
5520,5579,5550,869.902,38.384,489.602,106.366,5.774,0.163,0.041,21.365328,20.692915,20.075132,20.230762,20.533211,20.288351,20.344902,21.083296,20.855431,21.850401,23.831879,25.948021,30.052343,31.020348,26.066109,93.044197,36.069038,10.798429,4.334167,0.457911,0.338024,0.083276,0.055201,0.050474,0.005688,0.022156,0.011246,0.022101,0.038431,0.011223,0.010984,0.000000,0.005612,0.000000,0.000000,0.005501
5580,5639,5610,869.893,38.350,489.872,106.683,6.030,0.169,0.041,20.916201,21.219236,20.103550,21.053745,21.210621,21.156322,20.497410,20.431932,21.537783,21.849199,23.453148,26.365927,29.278854,31.245018,25.466127,91.500908,35.869728,11.473700,4.143244,0.462861,0.194006,0.093268,0.094287,0.027816,0.022206,0.038479,0.033768,0.022297,0.022092,0.005501,0.033032,0.027394,0.000000,0.010848,0.005376,0.005650
5640,5699,5670,869.904,38.306,494.641,107.645,6.120,0.170,0.041,22.048990,20.685436,20.995832,20.957273,21.293924,21.596577,21.141823,21.022320,20.889828,21.992512,22.705597,26.460899,30.105494,30.897041,26.454414,92.274567,37.066574,10.985774,3.891126,0.473159,0.262466,0.072032,0.049693,0.055615,0.061483,0.039022,0.044579,0.011225,0.005556,0.011224,0.028023,0.016578,0.000000,0.016673,0.011263,0.016485
5700,5759,5730,869.897,38.294,492.391,106.844,5.890,0.165,0.041,21.498774,20.534651,20.865335,20.921848,21.537550,20.890177,20.502344,20.843611,20.674410,21.889126,23.684984,26.298758,30.101496,31.344118,25.945707,92.571472,35.487415,11.223944,4.452143,0.468433,0.249749,0.105209,0.104797,0.060895,0.016603,0.016894,0.011009,0.011045,0.005325,0.022347,0.028062,0.016742,0.000000,0.000000,0.000000,0.005612
5760,5819,5790,869.880,38.308,489.085,106.686,6.003,0.169,0.041,21.931684,20.903465,19.864347,20.973207,20.688631,21.279331,20.882801,20.696083,20.821016,22.043028,22.748119,26.414522,29.972082,30.580099,25.977612,90.613380,35.809719,11.583201,4.087069,0.449875,0.271965,0.127346,0.077637,0.050011,0.055674,0.033588,0.027430,0.022468,0.022371,0.000000,0.033453,0.005708,0.016461,0.000000,0.010948,0.011057
5820,5879,5850,869.878,38.275,488.896,106.888,5.888,0.165,0.042,20.896410,20.335487,20.142654,20.206987,20.637957,20.051062,21.002094,20.833693,21.168238,21.603018,23.529217,26.429850,29.018536,30.459164,26.006912,93.093323,36.619720,11.585132,4.240115,0.463440,0.207695,0.095811,0.050749,0.067483,0.039249,0.011312,0.010990,0.011173,0.000000,0.011153,0.039080,0.005503,0.011491,0.000000,0.011008,0.000000
5880,5939,5910,869.886,38.258,486.938,106.586,5.916,0.166,0.041,20.287054,20.074909,19.528866,19.700848,20.651779,21.024717,20.766148,20.671146,21.156231,21.661661,23.258825,26.245287,29.837425,31.194889,26.129747,92.024055,36.020893,11.338026,4.269138,0.377157,0.256960,0.128631,0.066473,0.044693,0.039118,0.050326,0.021580,0.022396,0.022209,0.022379,0.022224,0.011150,0.000000,0.005612,0.000000,0.005501
5940,5999,5970,869.880,38.210,488.895,106.639,5.963,0.168,0.041,21.778992,20.813799,20.607433,21.160896,20.169113,20.566578,20.388180,20.960152,20.758823,21.445089,22.853020,26.096258,29.758911,30.780436,26.079668,91.397652,36.543991,11.386522,4.294055,0.453921,0.231332,0.071568,0.076628,0.027845,0.027873,0.016521,0.028081,0.010947,0.033767,0.021765,0.005593,0.016732,0.016762,0.010789,0.000000,0.005501
6000,6059,6030,869.873,38.175,478.859,105.066,5.879,0.167,0.041,20.467026,20.178122,19.425276,20.190399,19.788509,19.413815,19.546427,20.113298,20.185055,21.611303,23.812675,26.244240,28.724283,30.346882,25.447807,91.401833,35.431080,11.348919,4.099409,0.427102,0.225868,0.117451,0.072406,0.033539,0.050701,0.039029,0.021962,0.016607,0.016733,0.005650,0.011096,0.000000,0.011301,0.010882,0.000000,0.022721
6060,6119,6090,869.891,38.070,482.240,105.948,5.988,0.169,0.041,21.077778,19.544548,18.975374,20.204275,20.703138,20.686701,20.216536,20.486336,20.004545,21.822300,23.323271,26.285616,29.153486,30.220367,25.254723,91.528999,35.825680,11.420114,4.365195,0.440730,0.281309,0.093305,0.077142,0.066740,0.033447,0.027094,0.011020,0.033095,0.010775,0.010935,0.011003,0.016578,0.000000,0.000000,0.000000,0.027491
6120,6179,6150,869.886,38.061,483.215,106.043,5.952,0.168,0.041,20.648441,19.641323,19.843843,20.132505,20.149851,20.222616,19.821987,20.779512,20.705362,21.314514,23.596090,25.935925,29.245073,29.762428,25.521425,92.407677,37.448990,10.801167,4.147742,0.470041,0.233869,0.105964,0.072125,0.072806,0.005593,0.000000,0.011205,0.005631,0.022222,0.011130,0.022054,0.022047,0.022376,0.000000,0.005537,0.005556
6180,6239,6210,869.899,38.004,484.493,106.346,5.987,0.168,0.041,20.781216,19.899719,20.224819,19.253702,19.787951,20.486820,20.008974,20.991898,21.039204,21.732763,23.227415,25.701900,29.372561,30.681564,26.173941,92.195465,36.029160,11.524540,4.297810,0.441233,0.244350,0.089269,0.061455,0.044262,0.039197,0.033653,0.033694,0.016632,0.016673,0.005519,0.000000,0.027920,0.011047,0.005574,0.000000,0.010808
6240,6299,6270,869.906,37.981,479.145,105.461,5.934,0.168,0.041,19.381447,19.512871,18.903688,20.255079,20.311022,20.199368,19.641432,20.220503,20.649990,21.328505,22.955351,26.359655,28.715012,30.809755,25.974957,91.349335,36.766010,10.545258,4.127195,0.414747,0.277198,0.122038,0.087910,0.027720,0.038145,0.005464,0.027970,0.027516,0.021670,0.010990,0.033599,0.005519,0.016240,0.000000,0.011016,0.011067
6300,6359,6330,869.919,37.905,477.918,105.217,5.772,0.164,0.041,19.433867,18.911070,19.363123,19.641600,20.586935,19.733814,19.990118,20.308670,20.317987,21.355532,22.396023,25.947859,28.980604,30.981886,25.717535,90.726028,37.035015,11.093621,4.313021,0.466970,0.199744,0.110857,0.072094,0.067029,0.027763,0.016798,0.039169,0.022475,0.022323,0.010834,0.011077,0.005447,0.005593,0.005429,0.000000,0.000000
