CampaignData_and_Merges/R0/CSL_MobileLab_Parked/raw/20240723/USOS-NOAAIodideCIMS-Halogens_MobileLabGround_20240723_RA.ict
38, 1001
Michael A Robinson, Chris Jernigan, Subi Thakali
NOAA ESRL Chemical Sciences Laboratory and CIRES, U. of Colorado
NOAA Iodide CIMS Instrument
USOS
1, 1
2024, 07, 23, 2024, 07, 25
1
starttime_UTC, seconds_past_midnight, seconds_of_day_since_00:00:00_UTC
6
1, 1, 1, 1, 1, 1
-9999, -9999, -9999, -9999, -9999, -9999
Br2_NOAACIMS, pptv, Gas_Br2_InSitu_S_AVMR, 
BrO_NOAACIMS, pptv, Gas_BrO_InSitu_S_AVMR, 
Cl2_NOAACIMS, pptv, Gas_Cl2_InSitu_S_AVMR, 
ClNO2_NOAACIMS, pptv, Gas_ClNO2_InSitu_S_AVMR, 
BrCl_NOAACIMS, pptv, Gas_BrCl_InSitu_S_AVMR, 
NCl3_NOAACIMS, pptv, Gas_NCl3_InSitu_S_AVMR, 
0
18
PI_CONTACT_INFO: 325 Broadway, R/CSD 7, Boulder, Colorado 80305; michael.a.robinson@noaa.gov; chris.jernigan@noaa.gov;
PLATFORM: NOAA CSL Mobile Lab
LOCATION: SLC, Utah
ASSOCIATED_DATA: 1Hz data also available on request.
INSTRUMENT_INFO: NOAA I- ToF CIMS
DATA_INFO: All data in parts per trillion by volume (pptv). 1 Hz data is available upon request.
UNCERTAINTY: TBD
ULOD_FLAG: -7777
ULOD_VALUE: N/A
LLOD_FLAG: -8888
LLOD_VALUE: N/A
DM_CONTACT_INFO: Nathan Howard; nathan.h.howard@noaa.gov
PROJECT_INFO: USOS, summer 2024. https://csl.noaa.gov/groups/csl7/measurements/2024usos/
STIPULATIONS_ON_USE: Users are strongly encouraged to contact the PI for proper data usage.
OTHER_COMMENTS: 
REVISION: RA
RA: Preliminary Data; For in-field use only
starttime_UTC, Br2_NOAACIMS, BrO_NOAACIMS, Cl2_NOAACIMS, ClNO2_NOAACIMS, BrCl_NOAACIMS, NCl3_NOAACIMS
[from data line 1307]
 78420, -9999.000, -9999.000, -9999.000, -9999.000, -9999.000, -9999.000
 78480, -9999.000, -9999.000, -9999.000, -9999.000, -9999.000, -9999.000
 78540, -9999.000, -9999.000, -9999.000, -9999.000, -9999.000, -9999.000
 78600, -9999.000, -9999.000, -9999.000, -9999.000, -9999.000, -9999.000
 78660, -9999.000, -9999.000, -9999.000, -9999.000, -9999.000, -9999.000
 78720, -9999.000, -9999.000, -9999.000, -9999.000, -9999.000, -9999.000
 78780, -9999.000, -9999.000, -9999.000, -9999.000, -9999.000, -9999.000
 78840, -9999.000, -9999.000, -9999.000, -9999.000, -9999.000, -9999.000
 78900, -9999.000, -9999.000, -9999.000, -9999.000, -9999.000, -9999.000
 78960, -9999.000, -9999.000, -9999.000, -9999.000, -9999.000, -9999.000
 79020, -9999.000, -9999.000, -9999.000, -9999.000, -9999.000, -9999.000
 79080, -9999.000, -9999.000, -9999.000, -9999.000, -9999.000, -9999.000
 79140, -9999.000, -9999.000, -9999.000, -9999.000, -9999.000, -9999.000
 79200, -9999.000, -9999.000, -9999.000, -9999.000, -9999.000, -9999.000
 79260, -9999.000, -9999.000, -9999.000, -9999.000, -9999.000, -9999.000
 79320, -9999.000, -9999.000, -9999.000, -9999.000, -9999.000, -9999.000
 79380, -9999.000, -9999.000, -9999.000, -9999.000, -9999.000, -9999.000
 79440, -9999.000, -9999.000, -9999.000, -9999.000, -9999.000, -9999.000
 79500, -9999.000, -9999.000, -9999.000, -9999.000, -9999.000, -9999.000
 79560, -9999.000, -9999.000, -9999.000, -9999.000, -9999.000, -9999.000
 79620, -9999.000, -9999.000, -9999.000, -9999.000, -9999.000, -9999.000
 79680, -9999.000, -9999.000, -9999.000, -9999.000, -9999.000, -9999.000
 79740, -9999.000, -9999.000, -9999.000, -9999.000, -9999.000, -9999.000
 79800, -9999.000, -9999.000, -9999.000, -9999.000, -9999.000, -9999.000
 79860, -9999.000, -9999.000, -9999.000, -9999.000, -9999.000, -9999.000
 79920, -9999.000, -9999.000, -9999.000, -9999.000, -9999.000, -9999.000
 79980, -9999.000, -9999.000, -9999.000, -9999.000, -9999.000, -9999.000
 80040, -9999.000, -9999.000, -9999.000, -9999.000, -9999.000, -9999.000
 80100, -9999.000, -9999.000, -9999.000, -9999.000, -9999.000, -9999.000
 80160, -9999.000, -9999.000, -9999.000, -9999.000, -9999.000, -9999.000
 80220, -9999.000, -9999.000, -9999.000, -9999.000, -9999.000, -9999.000
 80280, -9999.000, -9999.000, -9999.000, -9999.000, -9999.000, -9999.000
 80340, -9999.000, -9999.000, -9999.000, -9999.000, -9999.000, -9999.000
 80400, -9999.000, -9999.000, -9999.000, -9999.000, -9999.000, -9999.000
 80460, -9999.000, -9999.000, -9999.000, -9999.000, -9999.000, -9999.000
 80520, -9999.000, -9999.000, -9999.000, -9999.000, -9999.000, -9999.000
 80580, -9999.000, -9999.000, -9999.000, -9999.000, -9999.000, -9999.000
 80640, -9999.000, -9999.000, -9999.000, -9999.000, -9999.000, -9999.000
 80700, -9999.000, -9999.000, -9999.000, -9999.000, -9999.000, -9999.000
 80760, -9999.000, -9999.000, -9999.000, -9999.000, -9999.000, -9999.000
 80820, -9999.000, -9999.000, -9999.000, -9999.000, -9999.000, -9999.000
 80880, -9999.000, -9999.000, -9999.000, -9999.000, -9999.000, -9999.000
 80940, -9999.000, -9999.000, -9999.000, -9999.000, -9999.000, -9999.000
 81000, -9999.000, -9999.000, -9999.000, -9999.000, -9999.000, -9999.000
 81060, -9999.000, -9999.000, -9999.000, -9999.000, -9999.000, -9999.000
 81120, -9999.000, -9999.000, -9999.000, -9999.000, -9999.000, -9999.000
 81180, -9999.000, -9999.000, -9999.000, -9999.000, -9999.000, -9999.000
 81240, -9999.000, -9999.000, -9999.000, -9999.000, -9999.000, -9999.000
 81300, -9999.000, -9999.000, -9999.000, -9999.000, -9999.000, -9999.000
 81360, -9999.000, -9999.000, -9999.000, -9999.000, -9999.000, -9999.000
 81420, -9999.000, -9999.000, -9999.000, -9999.000, -9999.000, -9999.000
 81480, -9999.000, -9999.000, -9999.000, -9999.000, -9999.000, -9999.000
 81540, -9999.000, -9999.000, -9999.000, -9999.000, -9999.000, -9999.000
 81600, -9999.000, -9999.000, -9999.000, -9999.000, -9999.000, -9999.000
 81660, -9999.000, -9999.000, -9999.000, -9999.000, -9999.000, -9999.000
 81720, -9999.000, -9999.000, -9999.000, -9999.000, -9999.000, -9999.000
 81780, -9999.000, -9999.000, -9999.000, -9999.000, -9999.000, -9999.000
 81840, -9999.000, -9999.000, -9999.000, -9999.000, -9999.000, -9999.000
 81900, -9999.000, -9999.000, -9999.000, -9999.000, -9999.000, -9999.000
 81960, -9999.000, -9999.000, -9999.000, -9999.000, -9999.000, -9999.000
 82020, -9999.000, -9999.000, -9999.000, -9999.000, -9999.000, -9999.000
 82080, -9999.000, -9999.000, -9999.000, -9999.000, -9999.000, -9999.000
 82140, -9999.000, -9999.000, -9999.000, -9999.000, -9999.000, -9999.000
 82200, -9999.000, -9999.000, -9999.000, -9999.000, -9999.000, -9999.000
 82260, -9999.000, -9999.000, -9999.000, -9999.000, -9999.000, -9999.000
 82320, -9999.000, -9999.000, -9999.000, -9999.000, -9999.000, -9999.000
 82380, -9999.000, -9999.000, -9999.000, -9999.000, -9999.000, -9999.000
 82440, -9999.000, -9999.000, -9999.000, -9999.000, -9999.000, -9999.000
 82500, -9999.000, -9999.000, -9999.000, -9999.000, -9999.000, -9999.000
 82560, -9999.000, -9999.000, -9999.000, -9999.000, -9999.000, -9999.000
 82620, -9999.000, -9999.000, -9999.000, -9999.000, -9999.000, -9999.000
 82680, -9999.000, -9999.000, -9999.000, -9999.000, -9999.000, -9999.000
 82740, -9999.000, -9999.000, -9999.000, -9999.000, -9999.000, -9999.000
 82800, -9999.000, -9999.000, -9999.000, -9999.000, -9999.000, -9999.000
 82860,  0.142, -0.260,  1.614,  0.003, -0.034, -0.249
 82920,  0.169, -0.252,  1.455, -0.009, -0.060, -0.251
 82980, -0.157, -0.293,  1.155, -0.003, -0.044, -0.284
 83040,  0.877, -0.018,  1.336,  0.060,  0.037, -0.028
 83100,  0.598,  0.104,  1.832,  0.052,  0.107, -0.020
 83160, -0.324, -0.112,  1.559,  0.048,  0.029, -0.074
 83220,  0.304, -0.052,  1.663,  0.024,  0.230,  0.076
 83280, -0.142,  0.191,  1.457,  0.083,  0.081, -0.027
 83340,  0.227,  0.209,  1.528,  0.070,  0.141,  0.043
 83400,  0.241,  0.125,  1.610,  0.043,  0.132,  0.105
 83460,  0.386,  0.137,  1.459,  0.050,  0.188, -0.005
 83520, -0.264,  0.162,  1.394,  0.063,  0.067,  0.044
 83580,  0.454,  0.082,  1.374,  0.066,  0.083,  0.015
 83640, -0.166, -0.034,  1.444,  0.015,  0.053, -0.073
 83700, -0.520,  0.010,  1.164,  0.038,  0.018, -0.084
 83760,  0.168,  0.200,  1.505,  0.046,  0.077,  0.054
 83820,  0.758,  0.389,  1.739,  0.069,  0.202,  0.226
 83880,  1.071,  0.377,  1.677,  0.054,  0.183,  0.208
 83940,  0.918,  0.311,  1.367,  0.081,  0.122,  0.200
 84000,  0.490,  0.275,  1.370,  0.040,  0.072,  0.120
 84060,  0.670,  0.255,  1.658,  0.089,  0.138,  0.171
 84120,  1.099,  0.559,  1.598,  0.056,  0.140,  0.145
 84180,  0.832,  0.313,  1.459,  0.031,  0.107,  0.109
 84240,  1.066,  0.303,  1.518,  0.060,  0.160,  0.153
 84300,  0.944,  0.203,  1.363,  0.045,  0.146,  0.178
 84360,  1.254,  0.266,  1.615,  0.043,  0.094,  0.141
 84420,  0.572,  0.117,  1.701,  0.027,  0.076, -0.003
 84480,  1.377,  0.367,  1.746,  0.061,  0.129,  0.296
 84540,  0.439,  0.181,  1.509,  0.044,  0.041,  0.000
 84600, -1.004, -0.087,  1.419, -0.009, -0.031, -0.089
 84660,  0.618,  0.136,  1.457,  0.003,  0.055,  0.039
 84720,  0.207, -0.011,  1.303,  0.058,  0.012, -0.033
 84780, -0.521, -0.058,  1.224,  0.002, -0.026, -0.062
 84840,  0.236,  0.004,  1.330, -0.014, -0.007,  0.023
 84900, -0.234, -0.038,  1.252,  0.009, -0.005, -0.035
 84960,  0.877,  0.107,  1.465,  0.005,  0.059,  0.062
 85020, -0.321, -0.010,  1.461, -0.012, -0.007, -0.010
 85080, -9999.000, -9999.000, -9999.000, -9999.000, -9999.000, -9999.000
 85140,  1.598,  0.305,  1.192,  0.018,  0.095,  0.110
 85200,  1.978,  0.228,  1.390,  0.036,  0.196,  0.183
 85260,  0.772,  0.073,  1.281, -0.016,  0.022,  0.062
 85320,  1.731,  0.267,  1.495,  0.057,  0.134,  0.248
 85380,  2.192,  0.215,  1.656,  0.093,  0.180,  0.284
 85440,  2.248,  0.415,  1.466,  0.062,  0.175,  0.320
 85500,  2.005,  0.394,  1.668,  0.069,  0.144,  0.216
 85560,  2.170,  0.378,  1.577,  0.092,  0.154,  0.294
 85620,  1.868,  0.265,  1.231,  0.056,  0.224,  0.211
 85680,  1.966,  0.379,  1.369,  0.033,  0.184,  0.252
 85740,  1.059,  0.128,  1.342,  0.027,  0.043,  0.066
 85800,  1.437,  0.096,  1.509, -0.015,  0.057,  0.092
 85860,  0.868,  0.038,  1.232, -0.004,  0.013,  0.042
 85920,  1.279,  0.123,  1.416,  0.010,  0.053,  0.053
 85980,  1.018,  0.067,  1.236, -0.006,  0.031,  0.050
 86040,  1.124,  0.081,  1.183,  0.020,  0.075,  0.030
 86100,  1.043,  0.026,  1.128, -0.031,  0.049,  0.009
 86160,  0.995,  0.107,  1.058,  0.001,  0.033,  0.076
 86220,  1.341,  0.112,  1.288, -0.001,  0.067,  0.083
 86280,  0.743,  0.054,  1.020, -0.019,  0.024,  0.067
 86340,  0.699,  0.047,  1.051, -0.033,  0.055,  0.051
