CampaignData_and_Merges/R0/CSL_MobileLab_Parked/raw/20240723/USOS-jNO2_MobileLabGround_20240723_R0.ict
52,1001
Waxman, E.; Rollins, A.; Zuraski, K.; Chace, W.
NOAA Chemical Sciences Laboratory
jNO2 filter radiometer on CSL Mobile Lab
AMMBEC / USOS
1, 1
2024,07,23, 2025,04,01
60
Time_Start, seconds, number_of_seconds_since_0000_UTC
20
1, 1, 1, 1, 1, 1, 1, 1, 1, 1, 1, 1, 1, 1, 1, 1, 1, 1, 1, 1
-9999, -9999, -9999, -9999, -9999, -9999, -9999, -9999, -9999, -9999, -9999, -9999, -9999, -9999, -9999, -9999, -9999, -9999, -9999, -9999
Time_Stop, seconds, number_of_seconds_since_0000_UTC
jNO2_meas, per second, photolysis rate of NO2 measured using a filter radiometer.
jBrCl, per second, photolysis rate of BrCl -> Br + Cl calculated in TUV for cloud-free sky with local AOD
jBr2, per second, photolysis rate of Br2 -> Br + Br calculated in TUV for cloud-free sky with local AOD
jCCl4, per second, photolysis rate of CCl4 -> Products calcualted in TUV for cloud-free sky with local AOD
jCH2Oa, per second, photolysis rate of CH2O -> H + HCO calculated in TUV for cloud-free sky with local AOD
jCH2Ob, per second, photolysis rate of CH2O -> H2 + CO calculated in TUV for cloud-free sky with local AOD
jClNO2, per second, photolysis rate of ClNO2 -> Cl + NO2 calculated in TUV for cloud-free sky with local AOD
jClOa, per second, photolysis rate of ClO -> Cl + O(1D) calculated in TUV for cloud-free sky with local AOD
jClOb, per second, photolysis rate of ClO -> Cl + O(3P) calculated in TUV for cloud-free sky with local AOD
jCl2, per second, photolysis rate of Cl2 -> Cl + Cl calculated in TUV for cloud-free sky with local AOD
jHNO2, per second, photolysis rate of HNO2 -> OH + NO calculated in TUV for cloud-free sky with local AOD
jHNO3, per second, photolysis rate of HNO3 -> OH + NO2 calculated in TUV for cloud-free sky with local AOD
jI2, per second, photolysis rate of I2 -> I + I calculated in TUV for cloud-free sky with local AOD
jNO2, per second, photolysis rate of NO2 -> NO + O(3P) calculated in TUV for cloud-free sky with local AOD
jNO3a, per second, photolysis rate of NO3 -> NO + O2 calculated in TUV for cloud-free sky with local AOD
jNO3b, per second, photolysis rate of NO3 -> NO2 + O(3P) calculated in TUV for cloud-free sky with local AOD
jN2O5, per second, photolysis rate of N2O5 -> NO3 + NO + O(3P) calculated in TUV for cloud-free sky with local AOD
jO3, per second, photolysis rate of O3 -> O2 + O(1D) calculated in TUV for cloud-free sky with local AOD
AOD_500nm, unitless, UTC daily mean AOD at 500 nm from an AERONET station located at 40.178 N, -112.452 E
0
18
PI_CONTACT_INFO: eleanor.waxman@noaa.gov
PLATFORM: CSL Mobile Lab, at ground site
LOCATION: Salt Lake City, UT
ASSOCIATED_DATA:
INSTRUMENT_INFO: jNO2 filter radiometer.  TUV calculations are for mobile van lat/lon/altitude assuming clear sky (cloud AOD = 0) and daily mean AOD.
DATA_INFO:
UNCERTAINTY: Data uncertainties are +/- 20%.  These come from uncertainties in radiometer angular response, radiometer thermal response, local interferences from clouds/aerosols/shadows etc.
ULOD_FLAG: -7777
ULOD_VALUE: N/A
LLOD_FLAG: -8888
LLOD_VALUE: N/A
DM_CONTACT_INFO: eleanor.waxman@noaa.gov
PROJECT_INFO: USOS Project, July - August 2024
STIPULATIONS_ON_USE: Users are strongly encouraged to contact the PI for proper data usage.
OTHER_COMMENTS: 
REVISION: R0
R0: final data
Time_Start, Time_Stop, jNO2_meas, jBrCl, jBr2, jCCl4, jCH2Oa, jCH2Ob, jClNO2, jClOa, jClOb, jCl2, jHNO2, jHNO3, jI2, jNO2, jNO3a, jNO3b, jN2O5, jO3, AOD_500nm
[from data line 1212]
   72720,   72780,-9999,0.01061,0.03241,7.332e-22,3.145e-05,4.649e-05,0.00046,3.629e-22,4.796e-05,0.00225,0.001465,5.766e-07,0.1168,0.009023,0.02276,0.1815,4.138e-05,3.164e-05,0.487
   72780,   72840,-9999,0.0106,0.0324,7.175e-22,3.142e-05,4.646e-05,0.0004597,3.551e-22,4.789e-05,0.002249,0.001464,5.76e-07,0.1168,0.009019,0.02275,0.1815,4.135e-05,3.159e-05,0.487
   72840,   72900,-9999,0.0106,0.03239,7.028e-22,3.14e-05,4.643e-05,0.0004595,3.478e-22,4.783e-05,0.002248,0.001464,5.753e-07,0.1168,0.009016,0.02275,0.1814,4.132e-05,3.154e-05,0.487
   72900,   72960,-9999,0.01059,0.03238,6.871e-22,3.137e-05,4.64e-05,0.0004592,3.399e-22,4.775e-05,0.002247,0.001463,5.747e-07,0.1168,0.009011,0.02274,0.1814,4.129e-05,3.149e-05,0.487
   72960,   73020,-9999,0.01059,0.03237,6.715e-22,3.134e-05,4.637e-05,0.0004588,3.321e-22,4.768e-05,0.002246,0.001462,5.74e-07,0.1167,0.009007,0.02274,0.1814,4.126e-05,3.144e-05,0.487
   73020,   73080,-9999,0.01059,0.03236,6.567e-22,3.131e-05,4.634e-05,0.0004585,3.248e-22,4.761e-05,0.002244,0.001461,5.733e-07,0.1167,0.009003,0.02274,0.1813,4.123e-05,3.139e-05,0.487
   73080,   73140,-9999,0.01058,0.03235,6.41e-22,3.128e-05,4.63e-05,0.0004582,3.169e-22,4.753e-05,0.002243,0.001461,5.726e-07,0.1167,0.008998,0.02273,0.1813,4.12e-05,3.134e-05,0.487
   73140,   73200,-9999,0.01058,0.03234,6.254e-22,3.126e-05,4.627e-05,0.0004579,3.092e-22,4.745e-05,0.002242,0.00146,5.719e-07,0.1167,0.008994,0.02273,0.1812,4.116e-05,3.129e-05,0.487
   73200,   73260,-9999,0.01057,0.03233,6.108e-22,3.123e-05,4.624e-05,0.0004576,3.019e-22,4.738e-05,0.00224,0.001459,5.712e-07,0.1166,0.008989,0.02272,0.1812,4.113e-05,3.123e-05,0.487
   73260,   73320,-9999,0.01057,0.03232,5.954e-22,3.12e-05,4.62e-05,0.0004572,2.942e-22,4.729e-05,0.002239,0.001458,5.705e-07,0.1166,0.008984,0.02272,0.1812,4.11e-05,3.118e-05,0.487
   73320,   73380,-9999,0.01056,0.03231,5.8e-22,3.116e-05,4.617e-05,0.0004569,2.865e-22,4.721e-05,0.002237,0.001457,5.697e-07,0.1166,0.00898,0.02271,0.1811,4.106e-05,3.112e-05,0.487
   73380,   73440,-9999,0.01056,0.03229,5.656e-22,3.113e-05,4.613e-05,0.0004565,2.794e-22,4.713e-05,0.002236,0.001457,5.69e-07,0.1165,0.008975,0.02271,0.1811,4.103e-05,3.106e-05,0.487
   73440,   73500,-9999,0.01055,0.03228,5.504e-22,3.11e-05,4.609e-05,0.0004561,2.717e-22,4.704e-05,0.002235,0.001456,5.682e-07,0.1165,0.00897,0.0227,0.181,4.099e-05,3.101e-05,0.487
   73500,   73560,-9999,0.01055,0.03227,5.353e-22,3.107e-05,4.606e-05,0.0004558,2.643e-22,4.695e-05,0.002233,0.001455,5.673e-07,0.1165,0.008964,0.0227,0.181,4.095e-05,3.094e-05,0.487
   73560,   73620,-9999,0.01055,0.03226,5.213e-22,3.104e-05,4.602e-05,0.0004554,2.573e-22,4.687e-05,0.002231,0.001454,5.666e-07,0.1164,0.008959,0.02269,0.1809,4.091e-05,3.089e-05,0.487
   73620,   73680,-9999,0.01054,0.03225,5.065e-22,3.1e-05,4.598e-05,0.000455,2.499e-22,4.678e-05,0.00223,0.001453,5.657e-07,0.1164,0.008954,0.02269,0.1809,4.087e-05,3.082e-05,0.487
   73680,   73740,-9999,0.01053,0.03223,4.919e-22,3.097e-05,4.594e-05,0.0004546,2.426e-22,4.668e-05,0.002228,0.001452,5.649e-07,0.1164,0.008949,0.02268,0.1808,4.083e-05,3.076e-05,0.487
   73740,   73800,-9999,0.01053,0.03222,4.783e-22,3.093e-05,4.59e-05,0.0004542,2.359e-22,4.659e-05,0.002227,0.001451,5.64e-07,0.1163,0.008943,0.02268,0.1808,4.08e-05,3.07e-05,0.487
   73800,   73860,-9999,0.01052,0.03221,4.64e-22,3.09e-05,4.586e-05,0.0004538,2.287e-22,4.65e-05,0.002225,0.00145,5.632e-07,0.1163,0.008937,0.02267,0.1807,4.075e-05,3.063e-05,0.487
   73860,   73920,-9999,0.01052,0.0322,4.499e-22,3.086e-05,4.582e-05,0.0004534,2.217e-22,4.64e-05,0.002223,0.001449,5.623e-07,0.1163,0.008932,0.02267,0.1807,4.071e-05,3.057e-05,0.487
   73920,   73980,-9999,0.01051,0.03218,4.368e-22,3.082e-05,4.578e-05,0.000453,2.152e-22,4.631e-05,0.002222,0.001448,5.614e-07,0.1162,0.008926,0.02266,0.1806,4.067e-05,3.05e-05,0.487
   73980,   74040,-9999,0.01051,0.03217,4.232e-22,3.078e-05,4.573e-05,0.0004526,2.084e-22,4.62e-05,0.00222,0.001447,5.605e-07,0.1162,0.00892,0.02266,0.1806,4.063e-05,3.043e-05,0.487
   74040,   74100,-9999,0.0105,0.03215,4.097e-22,3.075e-05,4.569e-05,0.0004521,2.017e-22,4.61e-05,0.002218,0.001446,5.595e-07,0.1162,0.008914,0.02265,0.1805,4.058e-05,3.036e-05,0.487
   74100,   74160,-9999,0.0105,0.03214,3.972e-22,3.071e-05,4.564e-05,0.0004517,1.955e-22,4.6e-05,0.002216,0.001445,5.586e-07,0.1161,0.008908,0.02265,0.1805,4.054e-05,3.03e-05,0.487
   74160,   74220,-9999,0.01049,0.03213,3.841e-22,3.067e-05,4.56e-05,0.0004513,1.89e-22,4.59e-05,0.002214,0.001444,5.577e-07,0.1161,0.008902,0.02264,0.1804,4.049e-05,3.022e-05,0.487
   74220,   74280,-9999,0.01048,0.03211,3.713e-22,3.063e-05,4.555e-05,0.0004508,1.826e-22,4.579e-05,0.002213,0.001443,5.567e-07,0.116,0.008895,0.02263,0.1804,4.045e-05,3.015e-05,0.487
   74280,   74340,-9999,0.01048,0.0321,3.595e-22,3.059e-05,4.551e-05,0.0004504,1.768e-22,4.569e-05,0.002211,0.001442,5.557e-07,0.116,0.008889,0.02263,0.1803,4.04e-05,3.008e-05,0.487
   74340,   74400,-9999,0.01047,0.03208,3.472e-22,3.055e-05,4.546e-05,0.0004499,1.706e-22,4.558e-05,0.002209,0.00144,5.547e-07,0.116,0.008882,0.02262,0.1802,4.035e-05,3.001e-05,0.487
   74400,   74460,-9999,0.01047,0.03207,3.351e-22,3.05e-05,4.541e-05,0.0004494,1.646e-22,4.547e-05,0.002207,0.001439,5.537e-07,0.1159,0.008875,0.02261,0.1802,4.031e-05,2.993e-05,0.487
   74460,   74520,-9999,0.01046,0.03205,3.239e-22,3.046e-05,4.536e-05,0.0004489,1.591e-22,4.536e-05,0.002205,0.001438,5.527e-07,0.1159,0.008869,0.02261,0.1801,4.026e-05,2.986e-05,0.487
   74520,   74580,-9999,0.01045,0.03203,3.123e-22,3.042e-05,4.531e-05,0.0004484,1.533e-22,4.525e-05,0.002203,0.001437,5.516e-07,0.1158,0.008862,0.0226,0.18,4.021e-05,2.978e-05,0.487
   74580,   74640,-9999,0.01045,0.03202,3.009e-22,3.037e-05,4.526e-05,0.0004479,1.476e-22,4.513e-05,0.002201,0.001436,5.506e-07,0.1158,0.008855,0.02259,0.18,4.016e-05,2.97e-05,0.487
   74640,   74700,-9999,0.01044,0.032,2.907e-22,3.033e-05,4.521e-05,0.0004475,1.427e-22,4.502e-05,0.002199,0.001434,5.496e-07,0.1157,0.008848,0.02259,0.1799,4.011e-05,2.963e-05,0.487
   74700,   74760,-9999,0.01043,0.03198,2.798e-22,3.029e-05,4.516e-05,0.0004469,1.372e-22,4.49e-05,0.002197,0.001433,5.485e-07,0.1157,0.008841,0.02258,0.1799,4.006e-05,2.954e-05,0.487
   74760,   74820,-9999,0.01043,0.03197,2.692e-22,3.024e-05,4.511e-05,0.0004464,1.319e-22,4.478e-05,0.002194,0.001432,5.473e-07,0.1156,0.008833,0.02257,0.1798,4e-05,2.946e-05,0.487
   74820,   74880,-9999,0.01042,0.03195,2.595e-22,3.02e-05,4.505e-05,0.0004459,1.271e-22,4.467e-05,0.002192,0.001431,5.463e-07,0.1156,0.008826,0.02256,0.1797,3.995e-05,2.938e-05,0.487
   74880,   74940,-9999,0.01041,0.03193,2.495e-22,3.015e-05,4.5e-05,0.0004454,1.222e-22,4.455e-05,0.00219,0.001429,5.451e-07,0.1155,0.008818,0.02256,0.1796,3.99e-05,2.93e-05,0.487
   74940,   75000,-9999,0.0104,0.03191,2.397e-22,3.01e-05,4.494e-05,0.0004448,1.173e-22,4.442e-05,0.002188,0.001428,5.44e-07,0.1155,0.008811,0.02255,0.1796,3.984e-05,2.922e-05,0.487
   75000,   75060,-9999,0.0104,0.0319,2.306e-22,3.005e-05,4.489e-05,0.0004443,1.128e-22,4.431e-05,0.002186,0.001427,5.429e-07,0.1154,0.008803,0.02254,0.1795,3.979e-05,2.914e-05,0.487
   75060,   75120,-9999,0.01039,0.03188,2.216e-22,3e-05,4.483e-05,0.0004437,1.084e-22,4.418e-05,0.002183,0.001425,5.417e-07,0.1154,0.008795,0.02253,0.1794,3.973e-05,2.905e-05,0.487
   75120,   75180,-9999,0.01038,0.03186,2.125e-22,2.995e-05,4.478e-05,0.0004432,1.039e-22,4.405e-05,0.002181,0.001424,5.405e-07,0.1153,0.008787,0.02252,0.1793,3.968e-05,2.896e-05,0.487
   75180,   75240,-9999,0.01037,0.03184,2.043e-22,2.991e-05,4.472e-05,0.0004426,9.979e-23,4.393e-05,0.002179,0.001423,5.394e-07,0.1153,0.008779,0.02252,0.1793,3.962e-05,2.888e-05,0.487
   75240,   75300,-9999,0.01037,0.03182,1.955e-22,2.986e-05,4.466e-05,0.000442,9.546e-23,4.38e-05,0.002176,0.001421,5.382e-07,0.1152,0.008771,0.02251,0.1792,3.956e-05,2.879e-05,0.487
   75300,   75360,-9999,0.01036,0.0318,1.877e-22,2.98e-05,4.46e-05,0.0004414,9.157e-23,4.367e-05,0.002174,0.00142,5.369e-07,0.1152,0.008763,0.0225,0.1791,3.95e-05,2.87e-05,0.487
   75360,   75420,-9999,0.01035,0.03178,1.799e-22,2.975e-05,4.454e-05,0.0004409,8.778e-23,4.354e-05,0.002172,0.001418,5.357e-07,0.1151,0.008755,0.02249,0.179,3.945e-05,2.861e-05,0.487
   75420,   75480,-9999,0.01034,0.03176,1.726e-22,2.97e-05,4.448e-05,0.0004403,8.408e-23,4.34e-05,0.002169,0.001417,5.345e-07,0.1151,0.008746,0.02248,0.179,3.939e-05,2.852e-05,0.487
   75480,   75540,-9999,0.01033,0.03174,1.649e-22,2.965e-05,4.442e-05,0.0004396,8.032e-23,4.327e-05,0.002166,0.001415,5.332e-07,0.115,0.008737,0.02247,0.1789,3.932e-05,2.843e-05,0.487
   75540,   75600,-9999,0.01033,0.03172,1.581e-22,2.96e-05,4.436e-05,0.0004391,7.696e-23,4.314e-05,0.002164,0.001414,5.32e-07,0.1149,0.008729,0.02246,0.1788,3.926e-05,2.834e-05,0.487
   75600,   75660,-9999,0.01032,0.0317,1.512e-22,2.954e-05,4.43e-05,0.0004384,7.353e-23,4.3e-05,0.002161,0.001412,5.307e-07,0.1149,0.00872,0.02246,0.1787,3.92e-05,2.824e-05,0.487
   75660,   75720,-9999,0.01031,0.03168,1.444e-22,2.949e-05,4.423e-05,0.0004378,7.02e-23,4.286e-05,0.002159,0.001411,5.294e-07,0.1148,0.008711,0.02245,0.1786,3.914e-05,2.815e-05,0.487
   75720,   75780,-9999,0.0103,0.03166,1.383e-22,2.943e-05,4.417e-05,0.0004372,6.718e-23,4.273e-05,0.002156,0.001409,5.281e-07,0.1148,0.008702,0.02244,0.1785,3.908e-05,2.806e-05,0.487
   75780,   75840,-9999,0.01029,0.03164,1.32e-22,2.938e-05,4.41e-05,0.0004365,6.407e-23,4.258e-05,0.002153,0.001407,5.268e-07,0.1147,0.008693,0.02243,0.1784,3.901e-05,2.796e-05,0.487
   75840,   75900,-9999,0.01028,0.03161,1.259e-22,2.932e-05,4.404e-05,0.0004359,6.109e-23,4.244e-05,0.002151,0.001406,5.254e-07,0.1146,0.008683,0.02242,0.1783,3.894e-05,2.786e-05,0.487
   75900,   75960,-9999,0.01027,0.03159,1.204e-22,2.926e-05,4.397e-05,0.0004352,5.838e-23,4.23e-05,0.002148,0.001404,5.241e-07,0.1146,0.008674,0.02241,0.1783,3.888e-05,2.777e-05,0.487
   75960,   76020,-9999,0.01026,0.03157,1.148e-22,2.92e-05,4.39e-05,0.0004346,5.561e-23,4.215e-05,0.002145,0.001403,5.227e-07,0.1145,0.008665,0.0224,0.1782,3.881e-05,2.767e-05,0.487
   76020,   76080,-9999,0.01026,0.03154,1.094e-22,2.915e-05,4.383e-05,0.0004339,5.295e-23,4.201e-05,0.002142,0.001401,5.214e-07,0.1144,0.008655,0.02239,0.1781,3.875e-05,2.757e-05,0.487
   76080,   76140,-9999,0.01025,0.03152,1.045e-22,2.909e-05,4.377e-05,0.0004332,5.054e-23,4.187e-05,0.00214,0.001399,5.2e-07,0.1144,0.008645,0.02238,0.178,3.868e-05,2.747e-05,0.487
   76140,   76200,-9999,0.01024,0.0315,9.95e-23,2.903e-05,4.37e-05,0.0004325,4.808e-23,4.172e-05,0.002137,0.001398,5.186e-07,0.1143,0.008635,0.02237,0.1779,3.861e-05,2.737e-05,0.487
   76200,   76260,-9999,0.01023,0.03147,9.47e-23,2.897e-05,4.363e-05,0.0004318,4.572e-23,4.156e-05,0.002134,0.001396,5.172e-07,0.1142,0.008625,0.02235,0.1778,3.854e-05,2.727e-05,0.487
   76260,   76320,-9999,0.01022,0.03145,9.037e-23,2.891e-05,4.356e-05,0.0004312,4.359e-23,4.142e-05,0.002131,0.001394,5.158e-07,0.1142,0.008615,0.02234,0.1777,3.847e-05,2.717e-05,0.487
   76320,   76380,-9999,0.01021,0.03142,8.597e-23,2.885e-05,4.348e-05,0.0004305,4.145e-23,4.127e-05,0.002128,0.001392,5.143e-07,0.1141,0.008605,0.02233,0.1776,3.84e-05,2.706e-05,0.487
   76380,   76440,-9999,0.0102,0.0314,8.171e-23,2.878e-05,4.341e-05,0.0004297,3.933e-23,4.111e-05,0.002125,0.00139,5.129e-07,0.114,0.008595,0.02232,0.1775,3.833e-05,2.696e-05,0.487
   76440,   76500,-9999,0.01019,0.03137,7.789e-23,2.872e-05,4.334e-05,0.000429,3.746e-23,4.096e-05,0.002122,0.001389,5.115e-07,0.1139,0.008584,0.02231,0.1774,3.826e-05,2.686e-05,0.487
   76500,   76560,-9999,0.01018,0.03135,7.394e-23,2.866e-05,4.326e-05,0.0004283,3.551e-23,4.081e-05,0.002119,0.001387,5.1e-07,0.1139,0.008574,0.0223,0.1773,3.819e-05,2.675e-05,0.487
   76560,   76620,-9999,0.01017,0.03132,7.026e-23,2.86e-05,4.319e-05,0.0004275,3.371e-23,4.065e-05,0.002116,0.001385,5.085e-07,0.1138,0.008563,0.02229,0.1771,3.811e-05,2.664e-05,0.487
   76620,   76680,-9999,0.01016,0.0313,6.699e-23,2.853e-05,4.312e-05,0.0004268,3.211e-23,4.05e-05,0.002113,0.001383,5.07e-07,0.1137,0.008552,0.02227,0.177,3.804e-05,2.654e-05,0.487
   76680,   76740,-9999,0.01015,0.03127,6.358e-23,2.847e-05,4.304e-05,0.0004261,3.042e-23,4.034e-05,0.00211,0.001381,5.055e-07,0.1136,0.008541,0.02226,0.1769,3.796e-05,2.643e-05,0.487
   76740,   76800,-9999,0.01014,0.03124,6.024e-23,2.84e-05,4.296e-05,0.0004253,2.881e-23,4.018e-05,0.002106,0.001379,5.04e-07,0.1136,0.00853,0.02225,0.1768,3.789e-05,2.632e-05,0.487
   76800,   76860,-9999,0.01012,0.03122,5.732e-23,2.834e-05,4.288e-05,0.0004246,2.737e-23,4.002e-05,0.002103,0.001377,5.025e-07,0.1135,0.008519,0.02224,0.1767,3.781e-05,2.622e-05,0.487
   76860,   76920,-9999,0.01011,0.03119,5.434e-23,2.827e-05,4.28e-05,0.0004238,2.592e-23,3.986e-05,0.0021,0.001375,5.009e-07,0.1134,0.008508,0.02223,0.1766,3.774e-05,2.61e-05,0.487
   76920,   76980,-9999,0.0101,0.03116,5.153e-23,2.82e-05,4.272e-05,0.000423,2.456e-23,3.969e-05,0.002097,0.001373,4.993e-07,0.1133,0.008496,0.02221,0.1765,3.766e-05,2.599e-05,0.487
   76980,   77040,-9999,0.01009,0.03113,4.898e-23,2.814e-05,4.265e-05,0.0004222,2.33e-23,3.953e-05,0.002094,0.001372,4.978e-07,0.1132,0.008485,0.0222,0.1764,3.758e-05,2.588e-05,0.487
   77040,   77100,-9999,0.01008,0.0311,4.638e-23,2.807e-05,4.256e-05,0.0004214,2.203e-23,3.937e-05,0.00209,0.001369,4.962e-07,0.1132,0.008473,0.02219,0.1762,3.75e-05,2.577e-05,0.487
   77100,   77160,-9999,0.01007,0.03107,4.392e-23,2.8e-05,4.248e-05,0.0004206,2.083e-23,3.92e-05,0.002087,0.001367,4.946e-07,0.1131,0.008461,0.02217,0.1761,3.742e-05,2.566e-05,0.487
   77160,   77220,-9999,0.01006,0.03104,4.181e-23,2.793e-05,4.24e-05,0.0004198,1.98e-23,3.904e-05,0.002083,0.001365,4.93e-07,0.113,0.00845,0.02216,0.176,3.734e-05,2.555e-05,0.487
   77220,   77280,-9999,0.01005,0.03101,3.953e-23,2.786e-05,4.232e-05,0.000419,1.868e-23,3.887e-05,0.00208,0.001363,4.914e-07,0.1129,0.008437,0.02215,0.1759,3.726e-05,2.543e-05,0.487
   77280,   77340,-9999,0.01003,0.03098,3.739e-23,2.779e-05,4.223e-05,0.0004181,1.766e-23,3.869e-05,0.002076,0.001361,4.897e-07,0.1128,0.008425,0.02213,0.1757,3.718e-05,2.531e-05,0.487
   77340,   77400,-9999,0.01002,0.03095,3.554e-23,2.772e-05,4.215e-05,0.0004173,1.676e-23,3.853e-05,0.002073,0.001359,4.882e-07,0.1127,0.008413,0.02212,0.1756,3.71e-05,2.52e-05,0.487
   77400,   77460,-9999,0.01001,0.03092,3.37e-23,2.765e-05,4.206e-05,0.0004165,1.585e-23,3.836e-05,0.002069,0.001357,4.865e-07,0.1126,0.008401,0.0221,0.1755,3.701e-05,2.509e-05,0.487
   77460,   77520,-9999,0.009997,0.03089,3.183e-23,2.757e-05,4.198e-05,0.0004156,1.495e-23,3.818e-05,0.002066,0.001355,4.848e-07,0.1125,0.008388,0.02209,0.1753,3.693e-05,2.497e-05,0.487
   77520,   77580,-9999,0.009985,0.03086,3.02e-23,2.75e-05,4.189e-05,0.0004148,1.416e-23,3.802e-05,0.002062,0.001353,4.832e-07,0.1125,0.008376,0.02207,0.1752,3.685e-05,2.485e-05,0.487
   77580,   77640,-9999,0.009972,0.03083,2.857e-23,2.743e-05,4.18e-05,0.0004139,1.337e-23,3.784e-05,0.002058,0.00135,4.815e-07,0.1124,0.008363,0.02206,0.1751,3.676e-05,2.473e-05,0.487
   77640,   77700,-9999,0.009959,0.0308,2.703e-23,2.735e-05,4.171e-05,0.000413,1.263e-23,3.766e-05,0.002055,0.001348,4.798e-07,0.1123,0.008349,0.02204,0.1749,3.667e-05,2.461e-05,0.487
   77700,   77760,-9999,0.009947,0.03076,2.564e-23,2.728e-05,4.163e-05,0.0004122,1.196e-23,3.75e-05,0.002051,0.001346,4.781e-07,0.1122,0.008337,0.02203,0.1748,3.659e-05,2.45e-05,0.487
   77760,   77820,-9999,0.009934,0.03073,2.425e-23,2.72e-05,4.153e-05,0.0004113,1.129e-23,3.732e-05,0.002047,0.001344,4.764e-07,0.1121,0.008324,0.02201,0.1747,3.65e-05,2.438e-05,0.487
   77820,   77880,-9999,0.00992,0.0307,2.294e-23,2.713e-05,4.144e-05,0.0004104,1.065e-23,3.714e-05,0.002043,0.001341,4.746e-07,0.112,0.00831,0.022,0.1745,3.641e-05,2.426e-05,0.487
