CampaignData_and_Merges/R0/CSL_MobileLab_Parked/raw/20240723/USOS-NOy-LIF_MobileLabGround_20240723_R0.ict
39,1001
Rollins, A.; Waxman, E.; Zuraski, K.; Chace, W.
NOAA Chemical Sciences Laboratory
LIF NO/NOx/NOy on CSL Mobile Lab
AMMBEC / USOS
1, 1
2024,07,23, 2025,01,03
1
Time_Start, seconds, number_of_seconds_since_0000_UTC
7
1, 1, 1, 1, 1, 1, 1
-9999, -9999, -9999, -9999, -9999, -9999, -9999
Time_Stop, seconds, number_of_seconds_since_0000_UTC
NO_LIF, pptv, Gas_NO_InSitu_S_AVMR, volume mixing ratio of nitric oxide in air
NO2_LIF, pptv, Gas_NO2_InSitu_S_AVMR, volume mixing ratio of nitrogen dioxide in air
NOy_LIF, pptv, Gas_NOy_InSitu_S_AVMR, volume mixing ratio of total oxidized nitrogen in air
NO_LIF_1SigmaAccuracy, pptv, Gas_NO_InSitu_S_AVMR, volume mixing ratio of nitric oxide in air
NO2_LIF_1SigmaAccuracy, pptv, Gas_NO2_InSitu_S_AVMR, volume mixing ratio of nitrogen dioxide in air
NOy_LIF_1SigmaAccuracy, pptv, Gas_NOy_InSitu_S_AVMR, volume mixing ratio of total oxidized nitrogen in air
0
18
PI_CONTACT_INFO: andrew.rollins@noaa.gov
PLATFORM: CSL Mobile Lab
LOCATION: Salt Lake City, UT
ASSOCIATED_DATA:
INSTRUMENT_INFO: NO detection by laser induced fluorescence. NO2 detection by photolytic conversion to NO. NOy detection by catalytic conversion to NO on gold surface
DATA_INFO:
UNCERTAINTY: Included 1 Sigma Accuracy waves represent the combined calibration uncertainties (±6%, ±9%, ±10%) and zero uncertainties (3 ppt, 20 ppt, 100 ppt) for NO, NO2, and NOy, respectively.
ULOD_FLAG: -7777
ULOD_VALUE: N/A
LLOD_FLAG: -8888
LLOD_VALUE: N/A
DM_CONTACT_INFO: andrew.rollins@noaa.gov
PROJECT_INFO: USOS Project, July - August 2024
STIPULATIONS_ON_USE: Users are strongly encouraged to contact the PI for proper data usage.
OTHER_COMMENTS:
REVISION: R0
R0: final data
Time_Start, Time_Stop, NO_LIF, NO2_LIF, NOy_LIF, NO_LIF_1SigmaAccuracy, NO2_LIF_1SigmaAccuracy, NOy_LIF_1SigmaAccuracy
       0,      60,-9999,-9999,-9999,-9999, -9999, -9999
      60,     120,-9999,-9999,-9999,-9999, -9999, -9999
     120,     180,-9999,-9999,-9999,-9999, -9999, -9999
     180,     240,-9999,-9999,-9999,-9999, -9999, -9999
     240,     300,-9999,-9999,-9999,-9999, -9999, -9999
     300,     360,-9999,-9999,-9999,-9999, -9999, -9999
     360,     420,-9999,-9999,-9999,-9999, -9999, -9999
     420,     480,-9999,-9999,-9999,-9999, -9999, -9999
     480,     540,-9999,-9999,-9999,-9999, -9999, -9999
     540,     600,-9999,-9999,-9999,-9999, -9999, -9999
     600,     660,-9999,-9999,-9999,-9999, -9999, -9999
     660,     720,-9999,-9999,-9999,-9999, -9999, -9999
     720,     780,-9999,-9999,-9999,-9999, -9999, -9999
     780,     840,-9999,-9999,-9999,-9999, -9999, -9999
     840,     900,-9999,-9999,-9999,-9999, -9999, -9999
     900,     960,-9999,-9999,-9999,-9999, -9999, -9999
     960,    1020,-9999,-9999,-9999,-9999, -9999, -9999
    1020,    1080,-9999,-9999,-9999,-9999, -9999, -9999
    1080,    1140,-9999,-9999,-9999,-9999, -9999, -9999
    1140,    1200,-9999,-9999,-9999,-9999, -9999, -9999
    1200,    1260,-9999,-9999,-9999,-9999, -9999, -9999
    1260,    1320,-9999,-9999,-9999,-9999, -9999, -9999
    1320,    1380,-9999,-9999,-9999,-9999, -9999, -9999
    1380,    1440,-9999,-9999,-9999,-9999, -9999, -9999
    1440,    1500,-9999,-9999,-9999,-9999, -9999, -9999
    1500,    1560,-9999,-9999,-9999,-9999, -9999, -9999
    1560,    1620,-9999,-9999,-9999,-9999, -9999, -9999
    1620,    1680,-9999,-9999,-9999,-9999, -9999, -9999
    1680,    1740,-9999,-9999,-9999,-9999, -9999, -9999
    1740,    1800,-9999,-9999,-9999,-9999, -9999, -9999
    1800,    1860,-9999,-9999,-9999,-9999, -9999, -9999
    1860,    1920,228.14,2682,4651.2,16.688, 261.38, 565.12
    1920,    1980,194.91,2337.4,4176,14.695, 230.36, 517.6
    1980,    2040,165.26,2133.2,3778.9,12.916, 211.99, 477.89
    2040,    2100,148.97,1738,3168.9,11.938, 176.42, 416.89
    2100,    2160,112.98,1352.2,2580.5,9.7788, 141.69, 358.05
    2160,    2220,93.839,1200.4,2521.5,8.6304, 128.03, 352.15
    2220,    2280,96.255,1158.7,2461.8,8.7753, 124.29, 346.18
    2280,    2340,91.004,1149.4,2445.7,8.4602, 123.45, 344.57
    2340,    2400,109.57,1185.4,2423.6,9.5742, 126.68, 342.36
    2400,    2460,-9999,-9999,-9999,-9999, -9999, -9999
    2460,    2520,-9999,-9999,-9999,-9999, -9999, -9999
    2520,    2580,-9999,-9999,-9999,-9999, -9999, -9999
    2580,    2640,-9999,-9999,-9999,-9999, -9999, -9999
    2640,    2700,-9999,-9999,-9999,-9999, -9999, -9999
    2700,    2760,-9999,-9999,-9999,-9999, -9999, -9999
    2760,    2820,-9999,-9999,-9999,-9999, -9999, -9999
    2820,    2880,192.45,2355.4,4369.3,14.547, 231.99, 536.93
    2880,    2940,177.39,2135.4,3975.6,13.643, 212.19, 497.56
    2940,    3000,164.19,2245.7,3955.7,12.852, 222.11, 495.57
    3000,    3060,154.43,1810,3557.6,12.266, 182.9, 455.76
    3060,    3120,129.79,1498.2,3035.4,10.788, 154.84, 403.54
    3120,    3180,116.74,1633.1,3088.4,10.004, 166.98, 408.84
    3180,    3240,124.86,1814.5,3295.7,10.492, 183.31, 429.57
    3240,    3300,114.24,1579.1,3213.7,9.8545, 162.12, 421.37
    3300,    3360,133.91,1442.4,2726.7,11.035, 149.82, 372.67
    3360,    3420,151.63,1627.8,3075.1,12.098, 166.5, 407.51
    3420,    3480,148.92,1596.4,3153.9,11.935, 163.67, 415.39
    3480,    3540,102.33,1161.5,2425.2,9.1399, 124.54, 342.52
    3540,    3600,636.18,2574,3540.5,41.171, 251.66, 454.05
    3600,    3660,175.98,1626.3,3479.6,13.559, 166.37, 447.96
    3660,    3720,147.08,1825.1,2957.2,11.825, 184.26, 395.72
    3720,    3780,240.49,2682.9,3880.4,17.429, 261.47, 488.04
    3780,    3840,259.95,2003.3,3402.5,18.597, 200.3, 440.25
    3840,    3900,593.89,3853.9,4915.4,38.634, 366.85, 591.54
    3900,    3960,617.98,5426.3,11941,40.079, 508.37, 1294.1
    3960,    4020,356.43,4178.1,7248.2,24.386, 396.03, 824.82
    4020,    4080,177.87,2307.7,3884.1,13.672, 227.69, 488.41
    4080,    4140,288.3,2370.1,4660.7,20.298, 233.31, 566.07
    4140,    4200,153.49,1936.1,3329.6,12.21, 194.25, 432.96
    4200,    4260,250.58,3099.4,4991.3,18.035, 298.95, 599.13
    4260,    4320,114.38,1630.1,4255.1,9.8631, 166.71, 525.51
    4320,    4380,110.72,1361.9,3026.3,9.6432, 142.57, 402.63
    4380,    4440,258.09,2215.1,3301.8,18.486, 219.36, 430.18
    4440,    4500,321.43,3266.1,4766.8,22.286, 313.95, 576.68
    4500,    4560,140.68,2103.7,3472.2,11.441, 209.33, 447.22
    4560,    4620,277.75,3432.3,4441.6,19.665, 328.9, 544.16
    4620,    4680,248.54,3249.9,5612.4,17.913, 312.49, 661.24
    4680,    4740,113.69,1891,4138.8,9.8214, 190.19, 513.88
    4740,    4800,121.73,1725.8,3003.4,10.304, 175.32, 400.34
    4800,    4860,136.96,1812.9,3466.9,11.218, 183.16, 446.69
    4860,    4920,86.587,1478.3,2761.6,8.1952, 153.05, 376.16
    4920,    4980,118.16,1881.9,2939.3,10.089, 189.37, 393.93
    4980,    5040,114.13,1688.7,3906.3,9.848, 171.98, 490.63
    5040,    5100,178.08,2714.3,3828.5,13.685, 264.28, 482.85
    5100,    5160,207.74,2619.8,4058.5,15.464, 255.79, 505.85
    5160,    5220,84.967,1518.6,2960.4,8.098, 156.68, 396.04
    5220,    5280,245.87,2948,4018.2,17.752, 285.32, 501.82
    5280,    5340,242.16,2697,4357.5,17.53, 262.73, 535.75
    5340,    5400,714.48,6059.8,7462.1,45.869, 565.38, 846.21
    5400,    5460,248.3,4078.7,6412.8,17.898, 387.08, 741.28
    5460,    5520,141.37,2876.9,5061.2,11.482, 278.92, 606.12
    5520,    5580,97.923,2105.4,3784.9,8.8754, 209.48, 478.49
    5580,    5640,56.416,1259.5,2683.9,6.385, 133.35, 368.39
    5640,    5700,83.987,1489.4,2824.5,8.0392, 154.05, 382.45
    5700,    5760,96.747,1619.9,3599,8.8048, 165.79, 459.9
    5760,    5820,105.62,1952.5,3547.9,9.3374, 195.73, 454.79
    5820,    5880,154.74,3002.6,4033.2,12.284, 290.24, 503.32
    5880,    5940,177.51,3586.5,4355.9,13.65, 342.79, 535.59
    5940,    6000,183.78,3666.7,4630.6,14.027, 350, 563.06
    6000,    6060,106.91,2379.8,3943.8,9.4147, 234.19, 494.38
    6060,    6120,296.01,3174.7,4143.1,20.761, 305.72, 514.31
    6120,    6180,153.15,2946.8,4411.3,12.189, 285.21, 541.13
    6180,    6240,95.924,2378.1,4185.1,8.7554, 234.03, 518.51
    6240,    6300,72.663,1533.2,2748,7.3598, 157.99, 374.8
    6300,    6360,103.88,2045.9,3220.3,9.2329, 204.13, 422.03
    6360,    6420,68.998,1747.7,2789.7,7.1399, 177.3, 378.97
    6420,    6480,99.59,2234.9,2898,8.9754, 221.14, 389.8
    6480,    6540,94.999,2544,3425.8,8.7, 248.96, 442.58
    6540,    6600,164.4,3497.1,4272.9,12.864, 334.73, 527.29
    6600,    6660,129.57,3413.3,5320.3,10.774, 327.2, 632.03
    6660,    6720,107.44,3114.3,4773.5,9.4465, 300.29, 577.35
    6720,    6780,109.44,3532.6,4924.2,9.5665, 337.94, 592.42
    6780,    6840,116.07,3638.1,5236.6,9.9642, 347.43, 623.66
    6840,    6900,151.81,3506.8,5270.1,12.109, 335.62, 627.01
    6900,    6960,159.28,4151.8,5478,12.557, 393.66, 647.8
    6960,    7020,154.56,3836.6,6799.8,12.273, 365.29, 779.98
    7020,    7080,101.7,3184.4,4685,9.1017, 306.6, 568.5
    7080,    7140,85.405,2859.4,4716.1,8.1243, 277.35, 571.61
    7140,    7200,70.92,2514.1,4059.9,7.2552, 246.27, 505.99
    7200,    7260,122.69,3569.6,5330.3,10.362, 341.26, 633.03
    7260,    7320,121.59,3824.8,5283.9,10.295, 364.23, 628.39
    7320,    7380,125.66,4122.1,5665.7,10.54, 390.99, 666.57
    7380,    7440,101.73,3800.4,5329.4,9.1036, 362.04, 632.94
    7440,    7500,107.45,4223.8,5495.7,9.447, 400.14, 649.57
    7500,    7560,128.17,4893,6731.5,10.69, 460.37, 773.15
    7560,    7620,128.44,4768.1,6092.5,10.706, 449.13, 709.25
    7620,    7680,103.6,4294.6,6047.4,9.2161, 406.51, 704.74
    7680,    7740,82.269,4022.2,5508.5,7.9361, 382, 650.85
    7740,    7800,83.267,3743.6,5703.2,7.996, 356.93, 670.32
    7800,    7860,96.376,3990.1,5513.9,8.7826, 379.11, 651.39
    7860,    7920,97.567,4125.5,5968.6,8.854, 391.3, 696.86
    7920,    7980,78.836,3899.1,5649.6,7.7302, 370.92, 664.96
    7980,    8040,82.835,4008.5,5599.2,7.9701, 380.76, 659.92
    8040,    8100,80.866,3816.4,5663.5,7.852, 363.47, 666.35
    8100,    8160,64.857,3311.4,5059.3,6.8914, 318.03, 605.93
    8160,    8220,61.928,3656.3,5081.7,6.7157, 349.07, 608.17
    8220,    8280,68.83,3726.6,5242.3,7.1298, 355.4, 624.23
    8280,    8340,69.643,3924.1,5592.8,7.1786, 373.17, 659.28
    8340,    8400,66.094,3640.4,5210.7,6.9657, 347.64, 621.07
    8400,    8460,74.432,3968.7,5678.9,7.4659, 377.18, 667.89
    8460,    8520,57.128,3956.8,5506.8,6.4277, 376.12, 650.68
    8520,    8580,69.836,4357.7,5977.9,7.1902, 412.2, 697.79
    8580,    8640,52.919,4092.8,5821.3,6.1751, 388.36, 682.13
    8640,    8700,51.658,3524.5,5302.7,6.0995, 337.21, 630.27
    8700,    8760,48.658,3375.1,4964.6,5.9195, 323.76, 596.46
    8760,    8820,45.862,3021.6,4821.8,5.7517, 291.94, 582.18
    8820,    8880,47.095,2857.5,4474.9,5.8257, 277.17, 547.49
    8880,    8940,47.107,2645.4,4323.3,5.8264, 258.09, 532.33
    8940,    9000,36.643,2797.3,4378.3,5.1986, 271.76, 537.83
    9000,    9060,36.179,2906.5,4325.7,5.1707, 281.58, 532.57
    9060,    9120,32.647,3046.5,4425.1,4.9588, 294.18, 542.51
    9120,    9180,45.509,3673.3,5044.8,5.7306, 350.6, 604.48
    9180,    9240,40.309,4055.1,5391.6,5.4185, 384.96, 639.16
    9240,    9300,38.27,4167,5528.3,5.2962, 395.03, 652.83
    9300,    9360,37.128,3173.5,4977.9,5.2277, 305.62, 597.79
    9360,    9420,37.15,2934,4877.6,5.229, 284.06, 587.76
    9420,    9480,30.19,3241.4,4723.5,4.8114, 311.72, 572.35
    9480,    9540,59.737,3901.9,5629.4,6.5842, 371.17, 662.94
    9540,    9600,37.508,4038.1,7337.8,5.2505, 383.43, 833.78
    9600,    9660,37.557,3752.6,5931.8,5.2534, 357.74, 693.18
    9660,    9720,30.405,3165.2,5105.4,4.8243, 304.86, 610.54
    9720,    9780,69.578,3417.1,4622.5,7.1747, 327.54, 562.25
    9780,    9840,91.672,2699.5,4217.4,8.5003, 262.96, 521.74
    9840,    9900,98.917,2783.1,4454.7,8.935, 270.48, 545.47
    9900,    9960,35.323,2702.9,4244.9,5.1194, 263.27, 524.49
    9960,   10020,27.979,2447.9,3779.1,4.6787, 240.31, 477.91
   10020,   10080,24.831,2659.1,3804.3,4.4898, 259.32, 480.43
   10080,   10140,20.883,2613.7,3772.3,4.253, 255.23, 477.23
   10140,   10200,23.3,2724,3853.1,4.398, 265.16, 485.31
   10200,   10260,21.018,2907.9,4012.5,4.2611, 281.71, 501.25
   10260,   10320,21.818,3193.8,4374,4.3091, 307.44, 537.4
   10320,   10380,25.11,3359.7,4607.2,4.5066, 322.38, 560.72
   10380,   10440,-9999,-9999,-9999,-9999, -9999, -9999
   10440,   10500,-9999,-9999,-9999,-9999, -9999, -9999
   10500,   10560,-9999,-9999,-9999,-9999, -9999, -9999
   10560,   10620,-9999,-9999,-9999,-9999, -9999, -9999
   10620,   10680,-9999,-9999,-9999,-9999, -9999, -9999
   10680,   10740,-9999,-9999,-9999,-9999, -9999, -9999
   10740,   10800,-9999,-9999,-9999,-9999, -9999, -9999
   10800,   10860,18.26,2512.3,4381.5,4.0956, 246.11, 538.15
   10860,   10920,15.323,2387.9,3899.9,3.9194, 234.92, 489.99
   10920,   10980,75.353,2650.4,3798.9,7.5212, 258.54, 479.89
   10980,   11040,66.049,3357.1,4505,6.9629, 322.14, 550.5
   11040,   11100,22.69,3209.1,4448.3,4.3614, 308.82, 544.83
   11100,   11160,20.128,3498.6,4635.9,4.2077, 334.88, 563.59
   11160,   11220,21.719,3744.9,4890.6,4.3032, 357.04, 589.06
   11220,   11280,17.636,3601.2,4828.6,4.0582, 344.11, 582.86
   11280,   11340,18.982,3204.2,4393.7,4.1389, 308.38, 539.37
   11340,   11400,18.545,3237.3,4532.2,4.1127, 311.36, 553.22
   11400,   11460,19.122,3289.3,4521.8,4.1473, 316.04, 552.18
   11460,   11520,12.73,3400.9,4664.5,3.7638, 326.08, 566.45
   11520,   11580,11.615,3163.9,4423.1,3.6969, 304.76, 542.31
   11580,   11640,14.069,2509.1,3775.1,3.8442, 245.82, 477.51
   11640,   11700,15.101,2693.4,3869.9,3.9061, 262.4, 486.99
   11700,   11760,10.773,2661.2,3952.9,3.6464, 259.51, 495.29
   11760,   11820,14.5,2537.5,3784,3.87, 248.37, 478.4
   11820,   11880,14.214,2660.4,3797.4,3.8528, 259.44, 479.74
   11880,   11940,24.636,2694.9,3833.9,4.4781, 262.54, 483.39
   11940,   12000,18.759,2599.3,3908.1,4.1256, 253.94, 490.81
   12000,   12060,22.562,2384.4,3576.5,4.3537, 234.59, 457.65
   12060,   12120,16.32,2493.6,3622.5,3.9792, 244.42, 462.25
   12120,   12180,18.743,2653,3799.2,4.1246, 258.77, 479.92
   12180,   12240,20.731,2716.2,3800.7,4.2439, 264.45, 480.07
   12240,   12300,13.327,2779.8,4002,3.7996, 270.18, 500.2
   12300,   12360,11.626,2554.8,3931.3,3.6976, 249.94, 493.13
   12360,   12420,12.822,2590.1,3710.8,3.7693, 253.11, 471.08
   12420,   12480,12.475,2527.5,3656.6,3.7485, 247.47, 465.66
   12480,   12540,28.664,2800.2,3922.1,4.7199, 272.01, 492.21
   12540,   12600,52.308,2946.9,4020.1,6.1385, 285.22, 502.01
   12600,   12660,66.819,3840.7,5117.7,7.0091, 365.66, 611.77
   12660,   12720,22.433,3402.5,5730.1,4.346, 326.23, 673.01
   12720,   12780,13.615,2815.7,4148.6,3.8169, 273.41, 514.86
   12780,   12840,10.926,2770.9,4212.8,3.6556, 269.38, 521.28
   12840,   12900,37.479,3293.7,4597.2,5.2487, 316.43, 559.72
   12900,   12960,29.675,3896.8,4963.6,4.7805, 370.71, 596.36
   12960,   13020,12.182,3401.5,4907.2,3.7309, 326.13, 590.72
   13020,   13080,27.379,3494.5,4703.5,4.6427, 334.51, 570.35
   13080,   13140,23.5,3784.8,5331.7,4.41, 360.63, 633.17
   13140,   13200,12.718,3867.6,5172.5,3.7631, 368.08, 617.25
   13200,   13260,9.1205,2784.8,4547,3.5472, 270.63, 554.7
   13260,   13320,16.197,3176.6,4153.6,3.9718, 305.9, 515.36
   13320,   13380,34.51,4301.7,4858.4,5.0706, 407.16, 585.84
   13380,   13440,13.456,3702,5125,3.8074, 353.18, 612.5
   13440,   13500,12.213,3951.6,5195.6,3.7328, 375.65, 619.56
   13500,   13560,11.846,3706.8,4911.5,3.7108, 353.61, 591.15
   13560,   13620,34.422,4336.5,5814.4,5.0653, 410.29, 681.44
   13620,   13680,10.17,3512.2,4907.9,3.6102, 336.1, 590.79
   13680,   13740,14.889,3548.8,4801.1,3.8933, 339.39, 580.11
   13740,   13800,1506.6,6579.9,7617,93.395, 612.19, 861.7
   13800,   13860,1627.7,6654.1,17620,100.66, 618.87, 1862
   13860,   13920,5378.4,20114,26909,325.7, 1830.2, 2790.9
   13920,   13980,760.24,10760,16226,48.614, 988.42, 1722.6
   13980,   14040,24.003,3995.4,5625.6,4.4402, 379.59, 662.56
   14040,   14100,23.597,3804.5,5267.1,4.4158, 362.41, 626.71
   14100,   14160,29.688,3535.1,5945.5,4.7813, 338.16, 694.55
   14160,   14220,14.885,3828.9,5801.8,3.8931, 364.6, 680.18
   14220,   14280,11.762,3755.3,5181.1,3.7057, 357.98, 618.11
   14280,   14340,12.008,3445,5126.3,3.7205, 330.05, 612.63
   14340,   14400,15.559,3642.8,5403.2,3.9335, 347.85, 640.32
   14400,   14460,10.648,3110.5,4353.2,3.6389, 299.95, 535.32
   14460,   14520,9.2296,3225.9,4643,3.5538, 310.33, 564.3
   14520,   14580,10.788,3484.5,4792.3,3.6473, 333.6, 579.23
   14580,   14640,12.697,3754.8,5028.6,3.7618, 357.93, 602.86
   14640,   14700,18.729,4805.8,5850.8,4.1237, 452.52, 685.08
   14700,   14760,52.819,7017.3,8636.6,6.1692, 651.56, 963.66
   14760,   14820,75.527,6644.5,11323,7.5316, 618, 1232.3
   14820,   14880,170.08,7834.6,10593,13.205, 725.11, 1159.3
   14880,   14940,16.284,5447.3,9968.6,3.977, 510.26, 1096.9
   14940,   15000,25.031,7136.5,8585,4.5019, 662.28, 958.5
   15000,   15060,14.656,5147.1,5403.3,3.8794, 483.24, 640.33
   15060,   15120,18.102,3329.5,4910.1,4.0861, 319.66, 591.01
   15120,   15180,69.737,4229.7,7185,7.1842, 400.68, 818.5
   15180,   15240,128.05,6360.3,7437.1,10.683, 592.43, 843.71
   15240,   15300,104.21,8139.9,8221.1,9.2525, 752.59, 922.11
   15300,   15360,91.553,6818.7,8824.3,8.4932, 633.68, 982.43
   15360,   15420,254.81,6438.6,8318,18.289, 599.48, 931.8
   15420,   15480,50.62,3853.1,7363.1,6.0372, 366.78, 836.31
   15480,   15540,138.31,3828.3,6670.2,11.298, 364.55, 767.02
   15540,   15600,159.58,2836.9,4740.2,12.575, 275.32, 574.02
   15600,   15660,152.42,3402.4,4868.4,12.145, 326.22, 586.84
   15660,   15720,291.58,3466,4935.6,20.495, 331.94, 593.56
   15720,   15780,243.79,2730.4,5372.7,17.627, 265.73, 637.27
   15780,   15840,108.68,3274.1,4666,9.5206, 314.67, 566.6
   15840,   15900,18.499,2311.9,4516.9,4.1099, 228.07, 551.69
