CampaignData_and_Merges/R0/CSL_MobileLab_Parked/raw/20240723/USOS-jNO2_MobileLabGround_20240723_R0.ict
52,1001
Waxman, E.; Rollins, A.; Zuraski, K.; Chace, W.
NOAA Chemical Sciences Laboratory
jNO2 filter radiometer on CSL Mobile Lab
AMMBEC / USOS
1, 1
2024,07,23, 2025,04,01
60
Time_Start, seconds, number_of_seconds_since_0000_UTC
20
1, 1, 1, 1, 1, 1, 1, 1, 1, 1, 1, 1, 1, 1, 1, 1, 1, 1, 1, 1
-9999, -9999, -9999, -9999, -9999, -9999, -9999, -9999, -9999, -9999, -9999, -9999, -9999, -9999, -9999, -9999, -9999, -9999, -9999, -9999
Time_Stop, seconds, number_of_seconds_since_0000_UTC
jNO2_meas, per second, photolysis rate of NO2 measured using a filter radiometer.
jBrCl, per second, photolysis rate of BrCl -> Br + Cl calculated in TUV for cloud-free sky with local AOD
jBr2, per second, photolysis rate of Br2 -> Br + Br calculated in TUV for cloud-free sky with local AOD
jCCl4, per second, photolysis rate of CCl4 -> Products calcualted in TUV for cloud-free sky with local AOD
jCH2Oa, per second, photolysis rate of CH2O -> H + HCO calculated in TUV for cloud-free sky with local AOD
jCH2Ob, per second, photolysis rate of CH2O -> H2 + CO calculated in TUV for cloud-free sky with local AOD
jClNO2, per second, photolysis rate of ClNO2 -> Cl + NO2 calculated in TUV for cloud-free sky with local AOD
jClOa, per second, photolysis rate of ClO -> Cl + O(1D) calculated in TUV for cloud-free sky with local AOD
jClOb, per second, photolysis rate of ClO -> Cl + O(3P) calculated in TUV for cloud-free sky with local AOD
jCl2, per second, photolysis rate of Cl2 -> Cl + Cl calculated in TUV for cloud-free sky with local AOD
jHNO2, per second, photolysis rate of HNO2 -> OH + NO calculated in TUV for cloud-free sky with local AOD
jHNO3, per second, photolysis rate of HNO3 -> OH + NO2 calculated in TUV for cloud-free sky with local AOD
jI2, per second, photolysis rate of I2 -> I + I calculated in TUV for cloud-free sky with local AOD
jNO2, per second, photolysis rate of NO2 -> NO + O(3P) calculated in TUV for cloud-free sky with local AOD
jNO3a, per second, photolysis rate of NO3 -> NO + O2 calculated in TUV for cloud-free sky with local AOD
jNO3b, per second, photolysis rate of NO3 -> NO2 + O(3P) calculated in TUV for cloud-free sky with local AOD
jN2O5, per second, photolysis rate of N2O5 -> NO3 + NO + O(3P) calculated in TUV for cloud-free sky with local AOD
jO3, per second, photolysis rate of O3 -> O2 + O(1D) calculated in TUV for cloud-free sky with local AOD
AOD_500nm, unitless, UTC daily mean AOD at 500 nm from an AERONET station located at 40.178 N, -112.452 E
0
18
PI_CONTACT_INFO: eleanor.waxman@noaa.gov
PLATFORM: CSL Mobile Lab, at ground site
LOCATION: Salt Lake City, UT
ASSOCIATED_DATA:
INSTRUMENT_INFO: jNO2 filter radiometer.  TUV calculations are for mobile van lat/lon/altitude assuming clear sky (cloud AOD = 0) and daily mean AOD.
DATA_INFO:
UNCERTAINTY: Data uncertainties are +/- 20%.  These come from uncertainties in radiometer angular response, radiometer thermal response, local interferences from clouds/aerosols/shadows etc.
ULOD_FLAG: -7777
ULOD_VALUE: N/A
LLOD_FLAG: -8888
LLOD_VALUE: N/A
DM_CONTACT_INFO: eleanor.waxman@noaa.gov
PROJECT_INFO: USOS Project, July - August 2024
STIPULATIONS_ON_USE: Users are strongly encouraged to contact the PI for proper data usage.
OTHER_COMMENTS: 
REVISION: R0
R0: final data
Time_Start, Time_Stop, jNO2_meas, jBrCl, jBr2, jCCl4, jCH2Oa, jCH2Ob, jClNO2, jClOa, jClOb, jCl2, jHNO2, jHNO3, jI2, jNO2, jNO3a, jNO3b, jN2O5, jO3, AOD_500nm
       0,      60,0.0056659,0.006315,0.02074,1.519e-25,1.18e-05,2.104e-05,0.0002105,5.361e-26,9.8e-06,0.001134,0.0007692,1.696e-07,0.08015,0.004904,0.01648,0.127,1.768e-05,6.106e-06,0.487
      60,     120,0.0057065,0.006275,0.02063,1.489e-25,1.167e-05,2.085e-05,0.0002087,5.259e-26,9.643e-06,0.001125,0.0007634,1.675e-07,0.07975,0.004868,0.0164,0.1264,1.752e-05,6.006e-06,0.487
     120,     180,0.0056326,0.006236,0.02051,1.462e-25,1.156e-05,2.068e-05,0.0002069,5.165e-26,9.497e-06,0.001116,0.0007579,1.655e-07,0.07937,0.004835,0.01634,0.1258,1.736e-05,5.912e-06,0.487
     180,     240,0.0055848,0.006196,0.02039,1.433e-25,1.143e-05,2.049e-05,0.0002051,5.067e-26,9.342e-06,0.001108,0.000752,1.634e-07,0.07896,0.004799,0.01626,0.1252,1.72e-05,5.813e-06,0.487
     240,     300,0.0055422,0.006155,0.02027,1.406e-25,1.131e-05,2.031e-05,0.0002033,4.973e-26,9.19e-06,0.001099,0.0007462,1.613e-07,0.07855,0.004763,0.01619,0.1246,1.704e-05,5.715e-06,0.487
     300,     360,0.0054847,0.006116,0.02016,1.381e-25,1.119e-05,2.013e-05,0.0002015,4.885e-26,9.047e-06,0.00109,0.0007406,1.593e-07,0.07816,0.004729,0.01611,0.124,1.688e-05,5.624e-06,0.487
     360,     420,0.0052903,0.006075,0.02004,1.355e-25,1.107e-05,1.994e-05,0.0001997,4.795e-26,8.897e-06,0.001081,0.0007347,1.573e-07,0.07774,0.004693,0.01604,0.1233,1.672e-05,5.528e-06,0.487
     420,     480,0.0052864,0.006033,0.01991,1.329e-25,1.094e-05,1.976e-05,0.0001979,4.707e-26,8.748e-06,0.001072,0.0007288,1.552e-07,0.07732,0.004657,0.01596,0.1227,1.656e-05,5.433e-06,0.487
     480,     540,0.0054248,0.005994,0.0198,1.306e-25,1.083e-05,1.958e-05,0.0001961,4.627e-26,8.608e-06,0.001063,0.0007232,1.533e-07,0.07692,0.004622,0.01589,0.1221,1.64e-05,5.345e-06,0.487
     540,     600,0.005378,0.005952,0.01967,1.281e-25,1.07e-05,1.939e-05,0.0001943,4.543e-26,8.462e-06,0.001054,0.0007172,1.512e-07,0.0765,0.004586,0.01581,0.1214,1.624e-05,5.251e-06,0.487
     600,     660,0.0052189,0.00591,0.01955,1.257e-25,1.058e-05,1.92e-05,0.0001925,4.461e-26,8.317e-06,0.001045,0.0007113,1.492e-07,0.07607,0.004549,0.01573,0.1208,1.608e-05,5.159e-06,0.487
     660,     720,0.005112,0.00587,0.01943,1.236e-25,1.047e-05,1.903e-05,0.0001907,4.386e-26,8.181e-06,0.001037,0.0007056,1.473e-07,0.07566,0.004515,0.01566,0.1202,1.593e-05,5.072e-06,0.487
     720,     780,0.0045912,0.005828,0.0193,1.213e-25,1.034e-05,1.884e-05,0.0001889,4.308e-26,8.039e-06,0.001028,0.0006996,1.452e-07,0.07522,0.004478,0.01557,0.1195,1.576e-05,4.982e-06,0.487
     780,     840,0.0050143,0.005785,0.01918,1.191e-25,1.022e-05,1.865e-05,0.000187,4.232e-26,7.898e-06,0.001018,0.0006936,1.432e-07,0.07478,0.004441,0.01549,0.1188,1.56e-05,4.892e-06,0.487
     840,     900,0.0049816,0.005744,0.01906,1.171e-25,1.011e-05,1.848e-05,0.0001853,4.162e-26,7.766e-06,0.00101,0.000688,1.413e-07,0.07437,0.004406,0.01542,0.1182,1.545e-05,4.809e-06,0.487
     900,     960,0.0038907,0.005701,0.01893,1.15e-25,9.986e-06,1.829e-05,0.0001834,4.089e-26,7.627e-06,0.001001,0.0006819,1.394e-07,0.07392,0.004369,0.01533,0.1175,1.528e-05,4.721e-06,0.487
     960,    1020,0.0038764,0.005658,0.0188,1.129e-25,9.865e-06,1.81e-05,0.0001816,4.018e-26,7.49e-06,0.0009914,0.0006759,1.374e-07,0.07347,0.004331,0.01525,0.1168,1.512e-05,4.634e-06,0.487
    1020,    1080,0.0038359,0.005617,0.01867,1.11e-25,9.752e-06,1.792e-05,0.0001799,3.952e-26,7.362e-06,0.0009827,0.0006701,1.355e-07,0.07304,0.004296,0.01517,0.1162,1.497e-05,4.553e-06,0.487
    1080,    1140,0.0038019,0.005573,0.01854,1.09e-25,9.632e-06,1.774e-05,0.000178,3.884e-26,7.228e-06,0.0009735,0.0006641,1.336e-07,0.07259,0.004259,0.01509,0.1155,1.481e-05,4.468e-06,0.487
    1140,    1200,0.0042732,0.00553,0.01841,1.071e-25,9.512e-06,1.755e-05,0.0001762,3.818e-26,7.095e-06,0.0009643,0.000658,1.316e-07,0.07213,0.004221,0.015,0.1148,1.465e-05,4.384e-06,0.487
    1200,    1260,0.004852,0.005488,0.01829,1.053e-25,9.399e-06,1.737e-05,0.0001744,3.757e-26,6.971e-06,0.0009556,0.0006522,1.298e-07,0.07169,0.004185,0.01492,0.1141,1.45e-05,4.305e-06,0.487
    1260,    1320,0.0047858,0.005444,0.01815,1.035e-25,9.28e-06,1.719e-05,0.0001726,3.693e-26,6.84e-06,0.0009463,0.0006461,1.279e-07,0.07122,0.004148,0.01483,0.1134,1.433e-05,4.223e-06,0.487
    1320,    1380,0.0045754,0.005399,0.01802,1.017e-25,9.161e-06,1.7e-05,0.0001708,3.631e-26,6.712e-06,0.0009371,0.00064,1.26e-07,0.07076,0.00411,0.01475,0.1127,1.417e-05,4.142e-06,0.487
    1380,    1440,0.0043249,0.005358,0.01789,1.001e-25,9.05e-06,1.682e-05,0.000169,3.573e-26,6.592e-06,0.0009284,0.0006342,1.242e-07,0.07031,0.004074,0.01466,0.112,1.402e-05,4.066e-06,0.487
    1440,    1500,0.0039661,0.005313,0.01776,9.833e-26,8.932e-06,1.664e-05,0.0001672,3.514e-26,6.465e-06,0.0009191,0.0006281,1.223e-07,0.06984,0.004036,0.01457,0.1112,1.386e-05,3.987e-06,0.487
    1500,    1560,0.0023369,0.005268,0.01762,9.664e-26,8.814e-06,1.645e-05,0.0001653,3.455e-26,6.341e-06,0.0009098,0.000622,1.205e-07,0.06936,0.003998,0.01448,0.1105,1.37e-05,3.908e-06,0.487
    1560,    1620,0.0041026,0.005225,0.01749,9.508e-26,8.704e-06,1.628e-05,0.0001636,3.401e-26,6.224e-06,0.0009011,0.0006161,1.187e-07,0.0689,0.003962,0.0144,0.1098,1.355e-05,3.835e-06,0.487
    1620,    1680,0.0041405,0.00518,0.01735,9.346e-26,8.587e-06,1.609e-05,0.0001618,3.345e-26,6.103e-06,0.0008918,0.00061,1.169e-07,0.06842,0.003924,0.01431,0.1091,1.339e-05,3.759e-06,0.487
    1680,    1740,0.0043847,0.005135,0.01721,9.188e-26,8.471e-06,1.591e-05,0.00016,3.291e-26,5.982e-06,0.0008825,0.0006038,1.151e-07,0.06793,0.003885,0.01422,0.1083,1.323e-05,3.683e-06,0.487
    1740,    1800,0.0044355,0.005092,0.01708,9.042e-26,8.362e-06,1.573e-05,0.0001582,3.24e-26,5.87e-06,0.0008738,0.000598,1.133e-07,0.06746,0.003849,0.01413,0.1076,1.308e-05,3.613e-06,0.487
    1800,    1860,0.0042614,0.005046,0.01694,8.89e-26,8.247e-06,1.555e-05,0.0001564,3.187e-26,5.752e-06,0.0008645,0.0005918,1.115e-07,0.06697,0.003811,0.01404,0.1068,1.293e-05,3.539e-06,0.487
    1860,    1920,0.0042229,0.005,0.0168,8.74e-26,8.132e-06,1.536e-05,0.0001546,3.135e-26,5.636e-06,0.0008552,0.0005856,1.098e-07,0.06647,0.003772,0.01394,0.1061,1.277e-05,3.466e-06,0.487
    1920,    1980,0.0041834,0.004957,0.01667,8.603e-26,8.025e-06,1.519e-05,0.0001529,3.088e-26,5.528e-06,0.0008464,0.0005798,1.081e-07,0.06599,0.003736,0.01385,0.1053,1.262e-05,3.399e-06,0.487
    1980,    2040,0.0041209,0.00491,0.01653,8.46e-26,7.911e-06,1.501e-05,0.000151,3.038e-26,5.414e-06,0.0008371,0.0005736,1.063e-07,0.06549,0.003697,0.01376,0.1045,1.246e-05,3.328e-06,0.487
    2040,    2100,0.0040917,0.004864,0.01638,8.319e-26,7.798e-06,1.482e-05,0.0001492,2.99e-26,5.303e-06,0.0008278,0.0005674,1.046e-07,0.06498,0.003659,0.01366,0.1038,1.231e-05,3.258e-06,0.487
    2100,    2160,0.0040545,0.00482,0.01625,8.19e-26,7.693e-06,1.465e-05,0.0001475,2.945e-26,5.198e-06,0.0008191,0.0005616,1.029e-07,0.0645,0.003622,0.01357,0.103,1.216e-05,3.193e-06,0.487
    2160,    2220,0.0040204,0.004774,0.0161,8.055e-26,7.581e-06,1.447e-05,0.0001457,2.898e-26,5.089e-06,0.0008098,0.0005554,1.012e-07,0.06398,0.003583,0.01347,0.1022,1.2e-05,3.125e-06,0.487
    2220,    2280,0.0039829,0.004727,0.01596,7.923e-26,7.469e-06,1.428e-05,0.0001439,2.852e-26,4.981e-06,0.0008005,0.0005492,9.951e-08,0.06346,0.003544,0.01337,0.1014,1.185e-05,3.058e-06,0.487
    2280,    2340,0.0039577,0.004683,0.01582,7.801e-26,7.365e-06,1.411e-05,0.0001422,2.809e-26,4.881e-06,0.0007918,0.0005433,9.792e-08,0.06297,0.003508,0.01328,0.1007,1.17e-05,2.996e-06,0.487
    2340,    2400,0.0039158,0.004635,0.01567,7.674e-26,7.255e-06,1.393e-05,0.0001404,2.765e-26,4.776e-06,0.0007825,0.0005371,9.624e-08,0.06244,0.003469,0.01318,0.09984,1.155e-05,2.93e-06,0.487
    2400,    2460,0.003882,0.004588,0.01553,7.549e-26,7.145e-06,1.375e-05,0.0001386,2.722e-26,4.673e-06,0.0007733,0.0005309,9.458e-08,0.06191,0.00343,0.01308,0.09902,1.139e-05,2.866e-06,0.487
    2460,    2520,0.0038471,0.004544,0.01539,7.434e-26,7.043e-06,1.358e-05,0.0001369,2.682e-26,4.577e-06,0.0007645,0.0005251,9.303e-08,0.06141,0.003393,0.01298,0.09825,1.125e-05,2.807e-06,0.487
    2520,    2580,0.0037933,0.004496,0.01524,7.314e-26,6.935e-06,1.34e-05,0.0001352,2.64e-26,4.476e-06,0.0007553,0.0005189,9.139e-08,0.06088,0.003355,0.01288,0.09742,1.11e-05,2.744e-06,0.487
    2580,    2640,0.0037532,0.004449,0.01509,7.196e-26,6.827e-06,1.322e-05,0.0001334,2.599e-26,4.377e-06,0.000746,0.0005127,8.977e-08,0.06034,0.003315,0.01278,0.09658,1.095e-05,2.683e-06,0.487
    2640,    2700,0.003714,0.004404,0.01495,7.087e-26,6.726e-06,1.306e-05,0.0001317,2.561e-26,4.285e-06,0.0007374,0.0005069,8.826e-08,0.05982,0.003279,0.01268,0.09579,1.08e-05,2.626e-06,0.487
    2700,    2760,0.0036656,0.004356,0.0148,6.973e-26,6.62e-06,1.288e-05,0.00013,2.521e-26,4.188e-06,0.0007282,0.0005007,8.667e-08,0.05928,0.00324,0.01257,0.09494,1.065e-05,2.566e-06,0.487
    2760,    2820,0.0036282,0.004308,0.01465,6.862e-26,6.514e-06,1.27e-05,0.0001282,2.482e-26,4.093e-06,0.000719,0.0004945,8.51e-08,0.05873,0.003201,0.01247,0.09409,1.05e-05,2.507e-06,0.487
    2820,    2880,0.0035911,0.004263,0.01451,6.759e-26,6.415e-06,1.254e-05,0.0001265,2.446e-26,4.005e-06,0.0007103,0.0004887,8.363e-08,0.05821,0.003164,0.01237,0.09328,1.036e-05,2.453e-06,0.487
    2880,    2940,0.003551,0.004215,0.01436,6.651e-26,6.311e-06,1.236e-05,0.0001248,2.409e-26,3.913e-06,0.0007011,0.0004825,8.209e-08,0.05765,0.003125,0.01226,0.09241,1.021e-05,2.396e-06,0.487
    2940,    3000,0.0035108,0.004167,0.0142,6.545e-26,6.208e-06,1.218e-05,0.000123,2.372e-26,3.822e-06,0.000692,0.0004763,8.056e-08,0.0571,0.003086,0.01215,0.09155,1.006e-05,2.34e-06,0.487
    3000,    3060,0.0034764,0.004121,0.01406,6.447e-26,6.111e-06,1.202e-05,0.0001214,2.337e-26,3.738e-06,0.0006834,0.0004705,7.914e-08,0.05657,0.00305,0.01205,0.09072,9.924e-06,2.288e-06,0.487
    3060,    3120,0.0034442,0.004073,0.01391,6.345e-26,6.009e-06,1.185e-05,0.0001197,2.302e-26,3.65e-06,0.0006743,0.0004644,7.764e-08,0.056,0.003011,0.01194,0.08984,9.778e-06,2.234e-06,0.487
    3120,    3180,0.0034141,0.004024,0.01375,6.244e-26,5.908e-06,1.167e-05,0.000118,2.267e-26,3.563e-06,0.0006652,0.0004583,7.616e-08,0.05543,0.002972,0.01183,0.08896,9.631e-06,2.181e-06,0.487
    3180,    3240,0.0033872,0.003979,0.01361,6.151e-26,5.813e-06,1.151e-05,0.0001163,2.234e-26,3.483e-06,0.0006567,0.0004525,7.478e-08,0.0549,0.002935,0.01172,0.08812,9.495e-06,2.132e-06,0.487
    3240,    3300,0.0033597,0.00393,0.01345,6.054e-26,5.713e-06,1.134e-05,0.0001146,2.2e-26,3.399e-06,0.0006476,0.0004464,7.333e-08,0.05432,0.002896,0.01161,0.08722,9.35e-06,2.08e-06,0.487
    3300,    3360,0.0033174,0.003881,0.01329,5.958e-26,5.614e-06,1.117e-05,0.0001129,2.167e-26,3.316e-06,0.0006386,0.0004403,7.189e-08,0.05372,0.002858,0.01151,0.08636,9.206e-06,2.029e-06,0.487
    3360,    3420,0.0032809,0.003836,0.01315,5.87e-26,5.521e-06,1.101e-05,0.0001113,2.136e-26,3.24e-06,0.0006301,0.0004345,7.056e-08,0.05319,0.00282,0.0114,0.08546,9.071e-06,1.983e-06,0.487
    3420,    3480,0.0032473,0.003787,0.01299,5.778e-26,5.424e-06,1.083e-05,0.0001097,2.104e-26,3.16e-06,0.0006212,0.0004286,6.915e-08,0.05261,0.002783,0.01128,0.08455,8.929e-06,1.934e-06,0.487
    3480,    3540,0.0032046,0.003738,0.01283,5.688e-26,5.329e-06,1.067e-05,0.000108,2.072e-26,3.083e-06,0.0006122,0.0004223,6.781e-08,0.05203,0.002744,0.01116,0.08364,8.79e-06,1.887e-06,0.487
    3540,    3600,0.0031648,0.003693,0.01269,5.604e-26,5.237e-06,1.051e-05,0.0001064,2.043e-26,3.009e-06,0.0006037,0.0004168,6.647e-08,0.05147,0.002708,0.01105,0.08277,8.653e-06,1.841e-06,0.487
    3600,    3660,0.0031184,0.003644,0.01253,5.516e-26,5.144e-06,1.035e-05,0.0001047,2.012e-26,2.933e-06,0.0005949,0.0004107,6.513e-08,0.05089,0.002669,0.01094,0.08185,8.515e-06,1.795e-06,0.487
    3660,    3720,0.0030798,0.003594,0.01237,5.43e-26,5.048e-06,1.018e-05,0.0001031,1.981e-26,2.858e-06,0.0005859,0.0004046,6.378e-08,0.05028,0.00263,0.01082,0.08091,8.374e-06,1.75e-06,0.487
    3720,    3780,0.0030507,0.003548,0.01222,5.35e-26,4.963e-06,1.003e-05,0.0001015,1.953e-26,2.79e-06,0.0005775,0.0003988,6.256e-08,0.04972,0.002594,0.01071,0.08002,8.244e-06,1.708e-06,0.487
    3780,    3840,0.0030062,0.0035,0.01206,5.266e-26,4.873e-06,9.872e-06,9.992e-05,1.924e-26,2.719e-06,0.000569,0.0003931,6.128e-08,0.04912,0.002557,0.01059,0.07908,8.11e-06,1.665e-06,0.487
    3840,    3900,0.0029597,0.003451,0.0119,5.184e-26,4.776e-06,9.707e-06,9.828e-05,1.895e-26,2.646e-06,0.0005602,0.0003872,5.993e-08,0.04852,0.002519,0.01047,0.07813,7.972e-06,1.62e-06,0.487
    3900,    3960,0.0029305,0.003405,0.01175,5.108e-26,4.691e-06,9.555e-06,9.677e-05,1.868e-26,2.582e-06,0.000552,0.0003816,5.876e-08,0.04795,0.002483,0.01035,0.07724,7.846e-06,1.581e-06,0.487
    3960,    4020,0.0029002,0.003356,0.01159,5.028e-26,4.6e-06,9.394e-06,9.516e-05,1.84e-26,2.514e-06,0.0005433,0.0003757,5.75e-08,0.04734,0.002445,0.01023,0.07628,7.711e-06,1.54e-06,0.487
    4020,    4080,0.0028615,0.003308,0.01143,4.949e-26,4.51e-06,9.235e-06,9.355e-05,1.812e-26,2.446e-06,0.0005347,0.0003698,5.624e-08,0.04673,0.002407,0.01011,0.07532,7.577e-06,1.499e-06,0.487
    4080,    4140,0.0028334,0.003262,0.01128,4.877e-26,4.428e-06,9.088e-06,9.207e-05,1.787e-26,2.385e-06,0.0005266,0.0003643,5.511e-08,0.04615,0.002372,0.009993,0.07441,7.453e-06,1.462e-06,0.487
    4140,    4200,0.0028,0.003213,0.01112,4.8e-26,4.341e-06,8.932e-06,9.05e-05,1.76e-26,2.32e-06,0.000518,0.0003585,5.389e-08,0.04553,0.002335,0.009869,0.07344,7.322e-06,1.423e-06,0.487
    4200,    4260,0.0027688,0.003164,0.01096,4.725e-26,4.255e-06,8.776e-06,8.894e-05,1.734e-26,2.258e-06,0.0005095,0.0003527,5.27e-08,0.04492,0.002297,0.009745,0.07246,7.191e-06,1.385e-06,0.487
    4260,    4320,0.0027304,0.003118,0.01081,4.656e-26,4.174e-06,8.63e-06,8.747e-05,1.709e-26,2.199e-06,0.0005015,0.0003473,5.159e-08,0.04433,0.002262,0.009626,0.07154,7.069e-06,1.349e-06,0.487
    4320,    4380,0.0026937,0.00307,0.01065,4.583e-26,4.09e-06,8.477e-06,8.593e-05,1.683e-26,2.139e-06,0.0004931,0.0003415,5.044e-08,0.04371,0.002225,0.0095,0.07055,6.941e-06,1.313e-06,0.487
    4380,    4440,0.0026564,0.003021,0.01048,4.512e-26,4.005e-06,8.325e-06,8.44e-05,1.658e-26,2.079e-06,0.0004847,0.0003358,4.928e-08,0.04309,0.002188,0.009374,0.06956,6.813e-06,1.277e-06,0.487
    4440,    4500,0.0026173,0.002976,0.01033,4.445e-26,3.928e-06,8.183e-06,8.297e-05,1.635e-26,2.024e-06,0.0004769,0.0003305,4.823e-08,0.0425,0.002154,0.009254,0.06863,6.695e-06,1.244e-06,0.487
    4500,    4560,0.0025919,0.002928,0.01017,4.376e-26,3.846e-06,8.034e-06,8.147e-05,1.61e-26,1.967e-06,0.0004686,0.0003248,4.712e-08,0.04187,0.002117,0.009126,0.06764,6.57e-06,1.209e-06,0.487
    4560,    4620,0.0025631,0.002879,0.01001,4.307e-26,3.765e-06,7.886e-06,7.997e-05,1.586e-26,1.911e-06,0.0004604,0.0003192,4.602e-08,0.04124,0.002081,0.008997,0.06664,6.446e-06,1.175e-06,0.487
    4620,    4680,0.002525,0.002834,0.009858,4.243e-26,3.689e-06,7.747e-06,7.857e-05,1.563e-26,1.859e-06,0.0004527,0.0003139,4.5e-08,0.04064,0.002047,0.008875,0.06569,6.33e-06,1.144e-06,0.487
    4680,    4740,0.0024804,0.002786,0.009697,4.177e-26,3.611e-06,7.602e-06,7.71e-05,1.54e-26,1.806e-06,0.0004446,0.0003084,4.394e-08,0.04001,0.002011,0.008746,0.06469,6.208e-06,1.112e-06,0.487
    4740,    4800,0.0024106,0.002738,0.009535,4.111e-26,3.533e-06,7.457e-06,7.564e-05,1.516e-26,1.753e-06,0.0004365,0.0003029,4.289e-08,0.03938,0.001975,0.008615,0.06368,6.087e-06,1.08e-06,0.487
    4800,    4860,0.002354,0.002694,0.009384,4.05e-26,3.46e-06,7.323e-06,7.428e-05,1.495e-26,1.705e-06,0.000429,0.0002977,4.192e-08,0.03878,0.001941,0.008492,0.06273,5.975e-06,1.051e-06,0.487
    4860,    4920,0.002352,0.002646,0.009223,3.986e-26,3.383e-06,7.181e-06,7.285e-05,1.472e-26,1.655e-06,0.000421,0.0002923,4.091e-08,0.03814,0.001906,0.00836,0.06171,5.856e-06,1.021e-06,0.487
    4920,    4980,0.0023399,0.002599,0.009062,3.923e-26,3.308e-06,7.04e-06,7.143e-05,1.45e-26,1.605e-06,0.0004131,0.0002869,3.991e-08,0.0375,0.001871,0.008227,0.06069,5.739e-06,9.912e-07,0.487
