CampaignData_and_Merges/R0/CSL_MobileLab_Parked/raw/20240723/USOS-MetNav_MobileLabGround_20240723_R0.ict
44, 1001
Carrie Womack, Nate Howard, Mike Zucker
NOAA Chemical Sciences Laboratory
Mobile Lab MetNav Station
USOS
1, 1
2024, 07, 23, 2024, 12, 21
60
Time_Start, seconds_past_midnight, Seconds from midnight UTC
11
1, 1, 1, 1, 1, 1, 1, 1, 1, 1, 1
-9999, -9999, -9999, -9999, -9999, -9999, -9999, -9999, -9999, -9999, -9999
GPS_Alt_m, meters, Altitude from Differential GPS
GPS_Course_deg, degrees, Course from Differential GPS
GPS_GndSpd_m_s, m/s, Ground Speed from Differential GPS
GPS_Heading_deg, degrees, Heading from Differential GPS
GPS_Lat_deg, degrees, Latitude from Differential GPS
GPS_Lon_deg, degrees, Longitude from Differential GPS
AirTemp_C, Celsius, Air Temperature from Airmar
RelHumidity_pct, percent, Relative Humidity from Airmar
Pressure_mb, millibars, Pressure from Honeywell
WindDir_calc_deg, degrees, Wind Direction from Airmar corrected for van movement
WindSpd_calc_m_s, m/s, Wind Speed from Airmar corrected for van movement
1
SPECIAL COMMENTS:
18
PI_CONTACT_INFO: Address: 325 Broadway R/CSL7, Boulder, CO, 80305
PLATFORM: CSL Mobile Lab
LOCATION: Salt Lake City, UT
ASSOCIATED_DATA: N/A
INSTRUMENT_INFO: N/A
DATA_INFO: Units:
UNCERTAINTY: N/A
ULOD_FLAG: -7777
ULOD_VALUE: N/A
LLOD_FLAG: -8888
LLOD_VALUE: N/A
DM_CONTACT_INFO: Data Manager: Nate Howard
PROJECT_INFO: 
STIPULATIONS_ON_USE: Use of these data require prior ok from PI.
OTHER_COMMENTS: 
REVISION: R0
R0: Final data. Fixed bug in wind averaging code. RA: Preliminary Data. For in-field use only. 
Time_Start, GPS_Alt_m, GPS_Course_deg, GPS_GndSpd_m_s, GPS_Heading_deg, GPS_Lat_deg, GPS_Lon_deg, AirTemp_C, RelHumidity_pct, Pressure_mb, WindDir_calc_deg, WindSpd_calc_m_s
[from data line 612]
36720.0,1309.2,0.58,0.04,0.58,40.73434,-111.87212,25.4,22.6,876.1,133.76,2.4
36780.0,1309.3,0.05,0.04,0.05,40.73434,-111.87212,25.4,22.6,876.1,139.48,2.6
36840.0,1309.5,0.45,0.05,0.45,40.73434,-111.87212,25.4,22.4,876.1,150.65,2.8
36900.0,1309.6,0.93,0.05,0.93,40.73434,-111.87212,25.3,22.7,876.1,132.57,2.4
36960.0,1309.5,0.32,0.05,0.32,40.73434,-111.87212,25.2,22.8,876.2,126.51,3.5
37020.0,1309.5,0.48,0.05,0.48,40.73434,-111.87212,25.2,22.5,876.2,126.97,3.4
37080.0,1309.5,0.60,0.05,0.60,40.73434,-111.87212,25.2,22.7,876.1,130.66,2.6
37140.0,1309.3,0.95,0.06,0.95,40.73434,-111.87212,25.2,22.7,876.1,129.77,1.8
37200.0,1309.3,1.31,0.04,1.31,40.73434,-111.87212,25.2,22.8,876.1,130.71,2.4
37260.0,1309.4,1.48,0.05,1.48,40.73434,-111.87212,25.2,22.6,876.1,116.13,2.6
37320.0,1309.4,1.29,0.05,1.29,40.73434,-111.87211,25.2,22.4,876.1,123.08,3.2
37380.0,1309.4,1.20,0.06,1.20,40.73434,-111.87211,25.2,22.5,876.1,126.28,2.3
37440.0,1309.4,1.26,0.05,1.26,40.73434,-111.87211,25.2,22.8,876.1,133.99,2.3
37500.0,1310.0,1.45,0.04,1.45,40.73433,-111.87211,25.2,22.6,876.1,126.25,1.9
37560.0,1310.5,1.51,0.05,1.51,40.73433,-111.87212,25.2,22.5,876.1,124.18,2.4
37620.0,1309.8,1.28,0.06,1.28,40.73433,-111.87211,25.2,22.6,876.1,121.63,2.8
37680.0,1309.8,1.34,0.05,1.34,40.73433,-111.87211,25.2,22.5,876.1,120.19,2.0
37740.0,1309.9,1.33,0.05,1.33,40.73433,-111.87211,25.2,22.7,876.1,129.00,2.5
37800.0,1309.8,0.42,0.05,0.42,40.73433,-111.87211,25.1,22.8,876.1,124.32,2.4
37860.0,1309.9,0.36,0.05,0.36,40.73433,-111.87211,25.1,22.8,876.1,127.74,2.0
37920.0,1310.6,0.69,0.06,0.69,40.73433,-111.87211,25.1,22.9,876.1,118.04,1.9
37980.0,1310.8,0.64,0.05,0.64,40.73433,-111.87211,25.1,22.8,876.0,118.56,1.8
38040.0,1311.0,0.59,0.06,0.59,40.73433,-111.87212,25.1,22.5,876.1,117.09,1.9
38100.0,1310.9,0.63,0.06,0.63,40.73433,-111.87212,25.1,22.7,876.1,120.65,2.0
38160.0,1311.0,0.23,0.05,0.23,40.73433,-111.87211,25.1,22.6,876.1,114.35,1.9
38220.0,1311.1,0.47,0.05,0.47,40.73433,-111.87211,25.1,22.5,876.1,112.29,2.3
38280.0,1311.1,359.91,0.06,359.91,40.73433,-111.87212,25.1,22.6,876.0,118.26,2.4
38340.0,1311.1,359.39,0.06,359.39,40.73433,-111.87211,25.1,22.4,876.0,126.89,2.8
38400.0,1311.2,359.66,0.07,359.66,40.73433,-111.87211,25.1,22.7,876.0,124.41,2.8
38460.0,1310.7,359.80,0.05,359.80,40.73433,-111.87212,25.1,22.7,876.0,124.73,2.7
38520.0,1310.7,359.69,0.06,359.69,40.73433,-111.87212,25.1,22.5,876.0,119.36,2.5
38580.0,1310.4,359.77,0.07,359.77,40.73433,-111.87212,25.1,22.8,876.0,121.07,1.9
38640.0,1310.3,0.04,0.06,0.04,40.73433,-111.87212,25.1,22.5,876.0,119.16,2.9
38700.0,1310.3,0.09,0.05,0.09,40.73433,-111.87212,25.1,22.5,876.0,118.49,2.4
38760.0,1310.6,0.49,0.06,0.49,40.73433,-111.87212,25.1,22.5,876.0,115.57,2.1
38820.0,1310.4,0.73,0.06,0.73,40.73433,-111.87212,25.1,22.3,876.0,117.25,2.6
38880.0,1310.0,1.09,0.05,1.09,40.73434,-111.87212,25.1,22.3,876.0,122.11,2.6
38940.0,1309.9,0.96,0.06,0.96,40.73434,-111.87211,25.2,22.5,876.0,115.79,2.2
39000.0,1309.9,0.81,0.06,0.81,40.73434,-111.87211,25.2,22.2,876.1,113.38,2.2
39060.0,1310.2,1.24,0.06,1.24,40.73434,-111.87211,25.3,22.1,876.1,115.47,2.2
39120.0,1309.9,1.15,0.06,1.15,40.73434,-111.87211,25.3,22.2,876.1,116.73,1.3
39180.0,1309.7,1.08,0.05,1.08,40.73434,-111.87211,25.3,22.1,876.1,129.40,1.6
39240.0,1310.0,0.30,0.05,0.30,40.73434,-111.87211,25.3,22.0,876.1,112.59,2.1
39300.0,1310.2,359.55,0.06,359.55,40.73434,-111.87211,25.3,22.3,876.1,114.26,1.6
39360.0,1310.2,359.92,0.07,359.92,40.73434,-111.87211,25.3,21.9,876.1,119.39,2.3
39420.0,1310.0,0.50,0.06,0.50,40.73434,-111.87211,25.4,22.0,876.1,117.40,2.3
39480.0,1309.4,0.64,0.06,0.64,40.73434,-111.87211,25.4,22.1,876.1,117.20,2.3
39540.0,1309.8,0.60,0.06,0.60,40.73434,-111.87211,25.4,22.0,876.1,106.98,2.4
39600.0,1309.5,0.61,0.06,0.61,40.73434,-111.87211,25.4,22.1,876.1,112.63,2.0
39660.0,1309.2,1.39,0.06,1.39,40.73434,-111.87211,25.5,21.9,876.1,114.15,2.1
39720.0,1309.0,1.34,0.05,1.34,40.73434,-111.87211,25.5,21.8,876.2,122.13,2.7
39780.0,1308.7,1.30,0.05,1.30,40.73434,-111.87211,25.5,22.2,876.2,115.09,2.3
39840.0,1308.6,1.10,0.05,1.10,40.73434,-111.87211,25.5,22.0,876.1,121.02,1.6
39900.0,1308.8,1.09,0.05,1.09,40.73434,-111.87211,25.5,21.9,876.1,113.64,1.9
39960.0,1309.0,1.01,0.04,1.01,40.73434,-111.87211,25.5,21.8,876.1,124.93,2.3
40020.0,1308.6,0.73,0.05,0.73,40.73434,-111.87211,25.5,22.0,876.1,117.47,2.2
40080.0,1308.6,0.62,0.04,0.62,40.73434,-111.87211,25.5,22.2,876.2,123.37,1.4
40140.0,1308.7,0.93,0.05,0.93,40.73434,-111.87211,25.5,22.0,876.1,118.20,3.0
40200.0,1309.0,1.52,0.05,1.52,40.73434,-111.87211,25.5,21.8,876.1,127.18,2.6
40260.0,1309.0,0.96,0.05,0.96,40.73434,-111.87211,25.4,21.8,876.1,108.50,2.4
40320.0,1308.8,0.64,0.05,0.64,40.73434,-111.87211,25.5,21.8,876.1,122.97,2.3
40380.0,1308.7,0.54,0.05,0.54,40.73434,-111.87211,25.5,22.1,876.1,115.46,2.3
40440.0,1308.6,0.30,0.05,0.30,40.73434,-111.87211,25.5,21.9,876.1,118.44,2.2
40500.0,1308.6,0.73,0.04,0.73,40.73434,-111.87211,25.5,21.8,876.2,119.29,1.9
40560.0,1308.7,0.71,0.05,0.71,40.73434,-111.87211,25.5,21.7,876.2,116.64,1.9
40620.0,1308.9,0.41,0.05,0.41,40.73434,-111.87211,25.5,21.9,876.2,129.31,2.7
40680.0,1309.2,0.72,0.05,0.72,40.73434,-111.87211,25.4,22.0,876.2,124.91,2.4
40740.0,1309.4,0.92,0.05,0.92,40.73434,-111.87211,25.4,22.3,876.2,153.98,2.1
40800.0,1309.4,0.92,0.04,0.92,40.73434,-111.87211,25.4,22.0,876.2,135.29,2.9
40860.0,1309.4,0.86,0.05,0.86,40.73434,-111.87211,25.5,21.9,876.2,157.93,2.3
40920.0,1309.5,0.70,0.04,0.70,40.73434,-111.87211,25.4,22.1,876.2,156.69,2.5
40980.0,1309.3,0.66,0.05,0.66,40.73434,-111.87211,25.4,22.5,876.3,165.31,2.2
41040.0,1309.5,0.47,0.04,0.47,40.73434,-111.87211,25.4,22.8,876.3,179.90,2.3
41100.0,1309.6,0.33,0.05,0.33,40.73434,-111.87211,25.4,22.9,876.3,161.04,2.0
41160.0,1309.7,359.82,0.05,359.82,40.73434,-111.87211,25.4,23.0,876.3,178.71,1.9
41220.0,1309.6,359.61,0.05,359.61,40.73434,-111.87211,25.3,23.1,876.3,173.99,2.1
41280.0,1309.5,359.61,0.05,359.61,40.73434,-111.87211,25.2,23.2,876.3,167.69,2.3
41340.0,1309.5,359.80,0.05,359.80,40.73434,-111.87211,25.2,23.1,876.3,159.35,2.1
41400.0,1309.7,359.46,0.05,359.46,40.73434,-111.87211,25.2,23.4,876.4,154.16,2.2
41460.0,1309.5,359.91,0.05,359.91,40.73434,-111.87211,25.1,23.2,876.4,153.24,2.1
41520.0,1309.4,0.27,0.05,0.27,40.73434,-111.87211,25.0,23.8,876.4,153.02,2.1
41580.0,1309.4,0.07,0.05,0.07,40.73434,-111.87211,25.0,23.8,876.4,156.35,2.1
41640.0,1309.4,0.09,0.05,0.09,40.73434,-111.87211,25.0,23.4,876.4,167.08,2.1
41700.0,1309.2,359.94,0.05,359.94,40.73434,-111.87211,25.0,23.3,876.5,172.12,2.0
41760.0,1309.0,359.91,0.05,359.91,40.73434,-111.87211,24.9,23.4,876.4,163.45,1.8
41820.0,1309.1,0.05,0.05,0.05,40.73434,-111.87211,24.9,23.4,876.5,159.27,2.3
41880.0,1309.3,0.08,0.04,0.08,40.73434,-111.87211,25.0,23.0,876.5,172.75,1.3
41940.0,1309.4,0.21,0.05,0.21,40.73434,-111.87211,25.0,23.5,876.5,159.05,2.6
42000.0,1309.7,359.94,0.05,359.94,40.73434,-111.87211,24.9,23.9,876.5,186.92,2.3
42060.0,1309.5,0.43,0.05,0.43,40.73434,-111.87211,24.9,23.1,876.5,193.79,1.8
42120.0,1309.4,0.95,0.06,0.95,40.73434,-111.87211,24.9,23.4,876.5,174.38,1.9
42180.0,1309.4,1.30,0.06,1.30,40.73434,-111.87211,24.8,23.2,876.6,150.30,2.6
42240.0,1309.2,0.82,0.05,0.82,40.73434,-111.87211,24.8,23.5,876.6,145.05,2.8
42300.0,1309.1,0.82,0.04,0.82,40.73434,-111.87211,24.8,24.2,876.6,166.90,1.9
42360.0,1309.1,1.22,0.06,1.22,40.73434,-111.87212,24.7,24.0,876.6,165.54,1.4
42420.0,1309.2,1.31,0.05,1.31,40.73434,-111.87212,24.7,24.1,876.6,161.26,1.4
42480.0,1309.1,1.17,0.05,1.17,40.73434,-111.87211,24.6,24.2,876.6,160.57,1.8
42540.0,1309.2,1.30,0.05,1.30,40.73434,-111.87211,24.6,24.6,876.6,187.87,2.4
42600.0,1309.2,1.43,0.05,1.43,40.73434,-111.87211,24.6,24.6,876.6,179.16,2.1
42660.0,1309.1,1.28,0.06,1.28,40.73434,-111.87211,24.5,24.7,876.6,182.65,2.4
42720.0,1309.0,1.47,0.06,1.47,40.73434,-111.87211,24.4,24.5,876.7,148.71,2.0
42780.0,1309.0,1.35,0.06,1.35,40.73434,-111.87211,24.4,25.0,876.7,159.04,1.9
42840.0,1309.1,1.38,0.05,1.38,40.73434,-111.87211,24.4,24.8,876.7,156.95,1.1
42900.0,1309.5,1.46,0.05,1.46,40.73434,-111.87211,24.3,25.2,876.7,140.55,2.1
42960.0,1309.6,1.22,0.05,1.22,40.73434,-111.87211,24.3,25.0,876.7,158.49,1.7
43020.0,1309.7,1.03,0.05,1.03,40.73434,-111.87211,24.3,24.2,876.7,165.28,1.8
43080.0,1309.4,1.51,0.05,1.51,40.73434,-111.87211,24.4,24.8,876.7,170.97,1.8
43140.0,1309.3,1.16,0.05,1.16,40.73434,-111.87211,24.5,24.4,876.7,179.79,1.2
43200.0,1309.3,0.57,0.05,0.57,40.73434,-111.87211,24.6,23.5,876.7,155.19,1.5
43260.0,1309.5,1.00,0.05,1.00,40.73434,-111.87211,24.6,24.2,876.7,143.28,1.2
43320.0,1309.6,1.35,0.05,1.35,40.73434,-111.87211,24.6,25.1,876.7,123.97,0.9
43380.0,1309.4,1.82,0.06,1.82,40.73434,-111.87211,24.6,25.3,876.8,123.59,1.3
43440.0,1309.4,2.55,0.04,2.55,40.73434,-111.87211,24.5,25.0,876.8,124.61,1.7
43500.0,1309.4,1.84,0.05,1.84,40.73435,-111.87211,24.5,25.0,876.8,149.83,1.8
43560.0,1309.3,1.85,0.05,1.85,40.73435,-111.87211,24.4,25.1,876.8,182.16,1.9
43620.0,1309.9,2.14,0.05,2.14,40.73434,-111.87211,24.4,25.2,876.8,193.89,1.9
43680.0,1310.0,2.08,0.04,2.08,40.73434,-111.87211,24.3,26.2,876.8,130.42,2.0
43740.0,1310.0,1.92,0.05,1.92,40.73434,-111.87211,24.3,26.4,876.8,166.66,1.8
43800.0,1310.1,2.31,0.05,2.31,40.73434,-111.87211,24.4,24.1,876.8,137.91,1.8
43860.0,1310.1,2.13,0.04,2.13,40.73434,-111.87211,24.4,25.3,876.8,173.89,1.8
43920.0,1310.0,1.76,0.04,1.76,40.73434,-111.87211,24.4,25.3,876.8,183.50,1.2
43980.0,1309.9,1.85,0.04,1.85,40.73434,-111.87211,24.5,25.0,876.8,164.98,1.1
44040.0,1310.0,1.72,0.05,1.72,40.73434,-111.87211,24.5,25.6,876.8,149.32,1.3
44100.0,1309.7,2.05,0.05,2.05,40.73434,-111.87211,24.5,26.4,876.8,167.98,2.0
44160.0,1309.7,2.16,0.05,2.16,40.73434,-111.87211,24.4,26.4,876.8,173.39,0.8
44220.0,1309.6,1.56,0.05,1.56,40.73434,-111.87211,24.4,27.0,876.8,124.25,1.3
44280.0,1309.1,1.88,0.05,1.88,40.73434,-111.87211,24.2,26.7,876.9,115.03,1.7
44340.0,1309.2,1.40,0.06,1.40,40.73434,-111.87211,24.0,26.7,876.9,123.49,1.7
44400.0,1309.1,1.12,0.06,1.12,40.73434,-111.87211,24.0,27.0,876.9,127.45,1.8
44460.0,1309.4,0.87,0.05,0.87,40.73434,-111.87211,23.9,27.3,876.9,143.35,1.5
44520.0,1309.4,0.78,0.06,0.78,40.73434,-111.87211,23.9,26.3,876.9,146.57,2.3
44580.0,1309.3,0.89,0.05,0.89,40.73434,-111.87211,23.9,25.7,876.9,141.02,2.7
44640.0,1309.0,0.89,0.04,0.89,40.73434,-111.87211,23.9,25.6,876.9,140.63,2.4
44700.0,1309.2,1.00,0.06,1.00,40.73434,-111.87211,23.8,25.4,876.9,124.52,2.3
44760.0,1309.4,1.26,0.06,1.26,40.73434,-111.87211,23.9,25.7,876.9,138.95,2.2
44820.0,1309.3,1.56,0.05,1.56,40.73434,-111.87211,23.9,26.2,876.9,140.47,1.9
44880.0,1309.1,1.54,0.04,1.54,40.73434,-111.87211,23.9,25.6,876.9,141.18,2.3
44940.0,1308.8,1.35,0.04,1.35,40.73434,-111.87211,23.9,25.8,877.0,136.57,1.9
45000.0,1309.0,0.86,0.04,0.86,40.73434,-111.87211,23.9,25.4,877.0,146.61,2.3
45060.0,1309.0,1.15,0.05,1.15,40.73434,-111.87211,23.9,25.8,877.0,140.61,2.5
45120.0,1309.0,1.54,0.04,1.54,40.73434,-111.87211,23.9,25.6,877.0,138.98,2.1
45180.0,1309.0,1.39,0.05,1.39,40.73434,-111.87212,23.9,25.9,877.0,133.86,1.6
45240.0,1309.0,1.49,0.04,1.49,40.73434,-111.87211,23.9,25.7,877.0,128.20,2.0
45300.0,1308.9,1.50,0.05,1.50,40.73434,-111.87211,24.0,26.0,877.0,136.62,1.4
45360.0,1308.9,1.62,0.04,1.62,40.73434,-111.87211,24.0,26.0,877.0,138.44,1.4
45420.0,1309.0,1.91,0.03,1.91,40.73434,-111.87211,24.1,26.0,877.0,133.83,0.8
45480.0,1309.1,1.90,0.05,1.90,40.73434,-111.87211,24.1,25.9,877.1,59.68,0.2
45540.0,1309.3,1.61,0.04,1.61,40.73434,-111.87211,24.4,26.1,877.1,265.58,0.1
45600.0,1309.5,1.67,0.05,1.67,40.73434,-111.87211,24.4,26.1,877.1,102.15,0.2
45660.0,1309.3,1.15,0.04,1.15,40.73434,-111.87211,24.5,26.2,877.1,123.47,0.2
45720.0,1309.5,1.60,0.04,1.60,40.73434,-111.87211,24.5,26.2,877.1,237.74,0.1
45780.0,1309.5,1.77,0.05,1.77,40.73434,-111.87211,24.6,26.2,877.1,89.12,0.2
45840.0,1309.4,1.43,0.05,1.43,40.73434,-111.87211,24.6,26.3,877.1,113.80,0.8
45900.0,1309.5,1.58,0.05,1.58,40.73434,-111.87211,24.6,26.6,877.1,181.33,1.1
45960.0,1309.5,1.02,0.05,1.02,40.73434,-111.87211,24.6,26.0,877.1,185.85,1.1
46020.0,1309.4,1.27,0.05,1.27,40.73434,-111.87211,24.6,26.0,877.2,101.22,0.2
46080.0,1309.3,1.35,0.04,1.35,40.73434,-111.87211,24.6,26.1,877.2,130.88,0.0
46140.0,1309.3,1.08,0.04,1.08,40.73434,-111.87211,24.7,25.6,877.2,173.53,0.8
46200.0,1309.2,1.09,0.05,1.09,40.73434,-111.87211,24.8,25.1,877.3,172.17,0.4
46260.0,1309.2,0.83,0.05,0.83,40.73434,-111.87211,24.8,25.3,877.3,193.99,1.6
46320.0,1309.0,1.38,0.04,1.38,40.73434,-111.87211,24.8,25.4,877.3,185.16,1.4
46380.0,1308.9,1.17,0.04,1.17,40.73434,-111.87211,24.9,25.6,877.3,183.87,1.6
46440.0,1308.8,0.61,0.04,0.61,40.73434,-111.87211,25.0,25.6,877.3,166.13,1.3
46500.0,1308.3,0.09,0.04,0.09,40.73434,-111.87212,25.0,25.5,877.3,167.42,0.7
46560.0,1308.3,0.14,0.03,0.14,40.73434,-111.87212,25.0,25.5,877.3,165.03,0.8
46620.0,1308.5,0.25,0.04,0.25,40.73434,-111.87212,25.1,25.6,877.3,150.46,1.1
46680.0,1308.5,0.41,0.04,0.41,40.73434,-111.87212,25.1,26.1,877.3,150.65,1.7
46740.0,1308.4,0.14,0.04,0.14,40.73434,-111.87212,25.0,25.6,877.3,135.00,1.9
46800.0,1308.4,0.32,0.04,0.32,40.73434,-111.87212,25.0,26.5,877.3,143.91,1.4
46860.0,1308.5,0.45,0.04,0.45,40.73434,-111.87212,25.1,25.9,877.3,143.54,1.7
46920.0,1308.6,0.73,0.05,0.73,40.73434,-111.87212,25.1,25.8,877.3,147.75,1.6
46980.0,1308.7,0.53,0.04,0.53,40.73434,-111.87212,25.2,25.3,877.3,169.81,1.8
47040.0,1308.7,0.67,0.04,0.67,40.73434,-111.87212,25.2,25.8,877.3,155.94,1.8
47100.0,1308.7,1.02,0.05,1.02,40.73434,-111.87212,25.2,25.5,877.3,156.81,2.2
47160.0,1308.7,0.91,0.04,0.91,40.73434,-111.87212,25.3,25.4,877.3,146.95,1.3
47220.0,1308.7,0.94,0.04,0.94,40.73434,-111.87212,25.4,25.6,877.3,135.25,1.3
47280.0,1308.9,0.99,0.04,0.99,40.73434,-111.87212,25.4,25.7,877.4,125.97,0.9
47340.0,1308.8,0.96,0.04,0.96,40.73434,-111.87212,25.5,26.2,877.4,112.73,0.7
47400.0,1308.9,1.61,0.04,1.61,40.73434,-111.87212,25.5,27.0,877.4,104.45,0.6
47460.0,1308.8,1.63,0.05,1.63,40.73434,-111.87212,25.5,27.0,877.4,116.19,0.6
47520.0,1308.8,1.69,0.05,1.69,40.73434,-111.87212,25.6,26.8,877.5,107.66,0.8
47580.0,1309.0,1.24,0.05,1.24,40.73433,-111.87212,25.7,26.4,877.4,126.38,0.5
47640.0,1309.1,1.10,0.04,1.10,40.73433,-111.87212,25.7,26.2,877.5,121.29,1.2
47700.0,1309.1,1.18,0.05,1.18,40.73433,-111.87211,25.9,26.8,877.4,113.75,0.8
47760.0,1309.2,1.18,0.05,1.18,40.73433,-111.87212,26.0,26.5,877.4,120.75,0.8
47820.0,1309.2,0.84,0.05,0.84,40.73434,-111.87212,26.1,27.0,877.4,113.89,0.9
47880.0,1309.2,1.15,0.05,1.15,40.73434,-111.87212,26.1,26.8,877.4,114.12,1.4
47940.0,1309.0,0.76,0.05,0.76,40.73434,-111.87211,26.2,27.3,877.4,110.99,0.9
48000.0,1309.0,0.71,0.06,0.71,40.73434,-111.87211,26.4,27.2,877.4,110.00,0.6
48060.0,1309.0,0.93,0.06,0.93,40.73433,-111.87211,26.5,26.6,877.4,123.10,0.9
48120.0,1309.0,1.43,0.06,1.43,40.73433,-111.87212,26.5,26.3,877.4,116.56,1.2
48180.0,1309.3,1.98,0.06,1.98,40.73434,-111.87212,26.7,26.2,877.4,122.77,1.0
48240.0,1309.2,1.43,0.06,1.43,40.73434,-111.87211,26.8,26.2,877.4,118.59,0.9
48300.0,1309.2,1.24,0.06,1.24,40.73434,-111.87211,26.8,26.3,877.4,121.63,1.1
48360.0,1309.0,1.41,0.06,1.41,40.73434,-111.87211,26.9,27.2,877.3,115.49,0.9
48420.0,1309.3,1.79,0.06,1.79,40.73434,-111.87211,27.1,26.4,877.3,122.37,1.2
48480.0,1309.3,1.54,0.05,1.54,40.73434,-111.87211,27.1,26.7,877.4,124.65,1.2
48540.0,1309.4,1.50,0.05,1.50,40.73434,-111.87211,27.2,27.5,877.4,117.83,1.2
48600.0,1309.5,1.50,0.05,1.50,40.73434,-111.87211,27.2,27.1,877.4,107.98,0.8
48660.0,1309.6,2.12,0.05,2.12,40.73434,-111.87211,27.3,26.2,877.3,122.43,0.7
48720.0,1309.5,2.06,0.05,2.06,40.73434,-111.87212,27.4,26.0,877.4,119.02,1.2
48780.0,1309.7,1.54,0.05,1.54,40.73434,-111.87212,27.5,26.2,877.4,118.55,1.1
48840.0,1309.7,1.18,0.05,1.18,40.73434,-111.87212,27.6,25.9,877.4,121.25,1.2
48900.0,1309.7,0.99,0.05,0.99,40.73434,-111.87212,27.6,25.5,877.4,114.86,1.1
48960.0,1309.8,1.09,0.06,1.09,40.73434,-111.87212,27.7,26.1,877.4,122.97,1.3
49020.0,1309.9,0.98,0.04,0.98,40.73434,-111.87212,27.9,25.4,877.4,120.43,1.0
