CampaignData_and_Merges/R0/CSL_MobileLab_Parked/raw/20240723/USOS-Picarro-CO2-CH4-CO-H2O_MobileLabGround_20240723_R0.ict
38, 1001
Ilana Pollack, Nell Schafer, and Jeff Peischl
NOAA Chemical Sciences Laboratory
Picarro 2401-m CO2/CH4/CO/H2O Analyzer
USOS
1, 1
2024, 07, 23, 2024, 11, 20
0
StartTime_UTC, seconds_past_midnight, seconds past midnight
5
1, 1, 1, 1, 1
-9999, -9999, -9999, -9999, -9999
StopTime_UTC, seconds_past_midnight, seconds past midnight
CO2_ppm_1min, ppm, Gas_CO2_InSitu_S_DMF, carbon dioxide mixing ratio
CH4_ppb_1min, ppb, Gas_CH4_InSitu_S_DMF, methane mixing ratio
CO_ppb_1min, ppb, Gas_CO_InSitu_S_DMF, carbon monoxide mixing ratio
H2O_ppmv_1min, ppmv, Met_H2OMRV_InSitu_S_AVMR, water vapor mixing ratio
1
SPECIAL COMMENTS: N/A
18
PI_CONTACT_INFO: Address: NOAA Chemical Sciences Laboratory, Mail Stop CSL7, 325 Broadway, Boulder, CO 80305; Email: Ilana.Pollack@noaa.gov
PLATFORM: NOAA CSL Mobile Laboratory
LOCATION: The mobile lab was stationed in Salt Lake City, Utah.
ASSOCIATED_DATA: N/A
INSTRUMENT_INFO: CO2, CH4, and CO are reported as dry air mole fractions using a commercial wavelength-scanned cavity ring-down analyzer (Picarro 2401-m). An in-field calibration gas standard of 432±0.07 ppm CO2, 2095±1 ppb CH4, and 183±1 ppb CO, calibrated in the Boulder laboratories before and after the field project using primary CO2, CH4, and CO standard tanks tied to the WMO standard (X2019, X2004A, and X2014A, respectively) from the Global Monitoring Laboratory (GML), was delivered to the inlet every 2-3 days to evaluate instrument sensitivity. A H2O measurement was calibrated before the project with a Dew Point Mirror 373 hygrometer. The water correction calculated from these calibrations was applied to the H2O measurement for the entire campaign. Species are measured at 0.5 Hz and reported as 1-minute averages for stationary measurements.
DATA_INFO: Units: CO2, ppm, dry air mole fraction; CH4, ppb, dry air mole fraction; CO, ppb, dry air mole fraction; H2O, ppmv
UNCERTAINTY: Total uncertainties are estimated as ±0.1 ppm for CO2, ±1 ppb for CH4, ±5 ppb for CO, and ±(50 ppm + 4%) for H2O.
ULOD_FLAG: -7777
ULOD_VALUE: N/A
LLOD_FLAG: -8888
LLOD_VALUE: N/A
DM_CONTACT_INFO: Data Manager: Nathan Howard; nathan.h.howard@noaa.gov
PROJECT_INFO: USOS Dates of Study: July – August 2024
STIPULATIONS_ON_USE: Use of these data require prior ok from PI.
OTHER_COMMENTS: Data are averaged to 1 minute intervals. Stationary data collected from a 10 ft tower on top of the mobile van.
REVISION: R0
R0: Final Data
StartTime_UTC, StopTime_UTC, CO2_ppm_1min, CH4_ppb_1min, CO_ppb_1min, H2O_ppmv_1min
[from data line 768]
46080,46140,462.33,2063.5,372.7,11203.7344
46140,46200,460.30,2050.6,330.2,10943.4824
46200,46260,460.97,2046.1,327.6,10936.8809
46260,46320,462.51,2044.0,334.0,10935.4219
46320,46380,463.99,2045.5,340.8,11030.7900
46380,46440,464.26,2047.5,338.0,11080.5342
46440,46500,463.45,2049.2,327.4,11058.5811
46500,46560,463.92,2053.8,321.9,11076.9209
46560,46620,464.36,2056.9,321.4,11137.2383
46620,46680,465.40,2057.7,322.6,11285.3789
46680,46740,461.76,2056.2,304.3,11016.2881
46740,46800,461.78,2057.1,297.4,11216.2949
46800,46860,463.09,2058.1,315.3,11356.0137
46860,46920,457.93,2056.7,297.4,11043.4971
46920,46980,456.56,2056.5,288.6,11058.8457
46980,47040,453.92,2061.7,296.6,10887.4834
47040,47100,455.47,2066.8,320.5,11082.8691
47100,47160,453.26,2065.7,263.7,10927.5547
47160,47220,455.55,2069.9,281.4,11095.9199
47220,47280,456.06,2065.8,286.0,11069.2803
47280,47340,458.39,2066.9,293.3,11200.9971
47340,47400,459.50,2067.5,301.1,11592.1875
47400,47460,458.90,2068.6,301.7,12210.6943
47460,47520,452.83,2058.1,286.0,11649.4521
47520,47580,457.59,2065.3,306.2,12078.6025
47580,47640,457.47,2065.5,318.9,11930.2275
47640,47700,458.45,2067.0,336.6,12262.7178
47700,47760,457.44,2072.9,325.8,12232.9961
47760,47820,460.18,2072.3,339.2,12738.3359
47820,47880,458.14,2076.5,331.5,12474.5410
47880,47940,458.27,2081.3,338.7,12670.7813
47940,48000,456.95,2084.3,338.0,12775.2227
48000,48060,457.13,2084.8,341.5,12672.3018
48060,48120,458.28,2086.7,343.7,12361.4844
48120,48180,459.65,2084.9,344.8,12277.0391
48180,48240,460.73,2085.0,349.5,12342.7090
48240,48300,461.80,2086.4,363.5,12645.1025
48300,48360,460.67,2087.5,353.8,12883.7832
48360,48420,457.71,2083.9,327.5,12465.9922
48420,48480,459.32,2084.4,336.7,12805.7305
48480,48540,458.80,2082.7,309.1,12747.4668
48540,48600,458.93,2081.6,320.9,12980.9014
48600,48660,453.47,2080.6,311.6,12681.0244
48660,48720,457.02,2083.7,326.2,12759.1494
48720,48780,458.74,2088.1,337.5,12826.4092
48780,48840,463.15,2090.5,347.0,13154.4023
48840,48900,458.33,2095.0,308.7,12540.1875
48900,48960,464.21,2095.9,316.9,12813.0693
48960,49020,460.19,2100.7,297.0,12673.9238
49020,49080,460.48,2102.7,296.1,12771.9941
49080,49140,454.48,2084.9,280.8,12491.1699
49140,49200,441.14,2036.3,242.1,11466.7207
49200,49260,438.26,2019.1,249.7,11082.6719
49260,49320,437.05,2012.7,248.6,10997.3447
49320,49380,433.91,2003.9,227.6,10704.4072
49380,49440,433.63,2000.9,224.4,10652.7744
49440,49500,435.78,1997.1,232.1,10500.1670
49500,49560,440.47,1999.0,257.5,10381.7988
49560,49620,437.95,2002.8,253.1,10617.2275
49620,49680,444.15,2003.4,277.0,10582.5576
49680,49740,440.99,2004.7,266.7,10538.4688
49740,49800,440.72,2011.0,289.9,10644.4580
49800,49860,439.46,2011.3,265.9,10593.3086
49860,49920,445.43,2021.6,289.1,10895.3857
49920,49980,449.26,2028.8,334.2,11185.9434
49980,50040,442.86,2016.4,298.1,10646.4961
50040,50100,440.75,2011.2,284.4,10427.7803
50100,50160,444.16,2014.2,308.5,10562.8232
50160,50220,450.91,2021.4,347.4,10858.8730
50220,50280,450.00,2021.1,341.6,10874.2158
50280,50340,450.33,2022.8,336.8,10948.6357
50340,50400,445.75,2019.3,311.0,10714.8027
50400,50460,450.99,2030.5,341.0,11268.3770
50460,50520,453.91,2037.5,352.4,11441.1670
50520,50580,455.02,2046.5,352.6,11657.3838
50580,50640,456.23,2051.7,354.8,11793.6934
50640,50700,455.74,2053.1,358.1,11778.0518
50700,50760,456.39,2056.9,363.4,11860.6123
50760,50820,458.91,2063.4,384.1,12005.5293
50820,50880,463.24,2068.5,408.5,12178.0039
50880,50940,469.35,2076.9,460.4,12388.0518
50940,51000,468.06,2087.9,473.7,12452.4463
51000,51060,471.15,2091.1,451.1,12619.2627
51060,51120,468.70,2091.3,433.0,12334.0586
51120,51180,467.34,2092.6,417.9,12341.7344
51180,51240,467.46,2096.6,424.7,12436.3086
51240,51300,465.99,2095.8,430.4,12268.4316
51300,51360,462.95,2085.4,410.0,12105.3232
51360,51420,462.07,2082.2,398.6,11924.4043
51420,51480,462.73,2078.6,399.2,11846.0449
51480,51540,467.60,2087.1,422.8,12023.7158
51540,51600,466.86,2086.3,423.3,12036.1377
51600,51660,460.07,2063.3,392.3,11551.8857
51660,51720,458.01,2057.1,386.0,11417.8125
51720,51780,458.11,2058.2,386.0,11509.2676
51780,51840,455.28,2050.8,372.5,11364.1250
51840,51900,454.75,2040.1,369.4,11148.4014
51900,51960,456.86,2041.9,392.9,11315.4561
51960,52020,457.96,2039.9,390.6,11391.2500
52020,52080,452.94,2034.6,365.1,11218.3193
52080,52140,450.98,2036.2,356.5,11215.0313
52140,52200,453.85,2043.0,424.1,11432.0938
52200,52260,458.17,2051.2,407.3,11595.1191
52260,52320,460.46,2057.7,407.2,11639.6484
52320,52380,461.69,2061.7,408.1,11685.2090
52380,52440,463.09,2064.4,411.1,11717.3740
52440,52500,463.73,2067.0,417.1,11867.7695
52500,52560,465.29,2071.8,418.2,11971.7949
52560,52620,467.19,2073.9,425.1,12327.5293
52620,52680,467.04,2081.4,427.6,12466.4590
52680,52740,473.25,2081.5,456.9,12387.7441
52740,52800,472.51,2078.7,448.3,12281.9238
52800,52860,473.19,2076.3,457.1,12630.3662
52860,52920,472.65,2074.9,459.4,12752.7305
52920,52980,470.33,2073.5,460.2,12657.0137
52980,53040,467.84,2075.2,454.3,13047.3164
53040,53100,467.64,2077.0,467.3,13711.8115
53100,53160,463.63,2079.4,445.4,13556.8428
53160,53220,464.20,2087.8,448.5,14161.6553
53220,53280,463.98,2082.1,438.7,13759.4727
53280,53340,464.21,2081.9,451.1,14150.1152
53340,53400,463.97,2081.0,445.0,14153.7510
53400,53460,464.41,2082.4,447.1,13971.0225
53460,53520,464.11,2082.5,440.4,13774.4805
53520,53580,464.42,2083.4,448.2,13700.0215
53580,53640,465.60,2084.2,493.7,13955.6455
53640,53700,462.17,2082.7,472.2,13904.7305
53700,53760,462.63,2082.1,453.2,13718.5254
53760,53820,467.11,2084.3,477.5,14096.8770
53820,53880,464.10,2083.0,458.7,13413.4980
53880,53940,468.23,2084.3,470.8,13988.8877
53940,54000,471.20,2085.0,500.9,13962.9014
54000,54060,464.83,2082.9,474.7,14200.7764
54060,54120,456.80,2067.0,436.7,13814.1934
54120,54180,451.67,2045.2,413.9,13164.5439
54180,54240,452.55,2047.4,418.3,13265.9131
54240,54300,452.42,2045.1,429.3,13257.3994
54300,54360,453.69,2041.2,421.9,13114.8291
54360,54420,459.50,2048.6,432.5,13622.8096
54420,54480,458.19,2054.8,404.2,13390.5898
54480,54540,457.18,2057.5,379.5,13014.8701
54540,54600,456.57,2061.9,384.3,12940.5303
54600,54660,457.77,2062.3,388.8,13032.6621
54660,54720,456.98,2058.5,385.4,12839.6904
54720,54780,456.49,2057.2,409.4,12793.6396
54780,54840,454.37,2053.4,416.2,12794.2295
54840,54900,453.48,2051.4,435.6,12907.6807
54900,54960,454.00,2047.0,423.8,12854.4912
54960,55020,455.59,2048.9,415.5,12878.5518
55020,55080,457.57,2051.7,434.2,13124.8408
55080,55140,458.18,2054.9,453.1,13586.2637
55140,55200,459.18,2051.8,478.8,13431.0166
55200,55260,458.80,2049.8,480.4,13378.1445
55260,55320,457.02,2045.7,453.8,12887.5215
55320,55380,461.61,2044.9,451.1,13425.5166
55380,55440,461.95,2042.2,433.5,13304.6475
55440,55500,457.44,2045.1,408.8,12723.4434
55500,55560,463.19,2050.1,555.8,13683.7227
55560,55620,461.25,2049.2,523.0,13425.1533
55620,55680,461.53,2051.2,491.5,13633.6143
55680,55740,458.51,2053.6,476.1,13345.4922
55740,55800,455.66,2051.0,436.6,13513.5850
55800,55860,455.35,2054.7,439.2,13675.8320
55860,55920,452.36,2046.6,422.9,12891.4717
55920,55980,455.18,2050.3,445.2,13131.5303
55980,56040,454.38,2050.5,493.1,13441.2490
56040,56100,454.00,2044.1,477.2,13290.4746
56100,56160,456.44,2043.5,484.1,13522.8232
56160,56220,452.96,2043.8,452.9,13840.0811
56220,56280,450.49,2040.1,430.1,13289.8027
56280,56340,448.80,2036.2,409.9,13178.5225
56340,56400,447.74,2034.8,398.5,13151.3066
56400,56460,447.70,2035.1,522.1,13300.3066
56460,56520,448.82,2037.9,449.0,13470.4248
56520,56580,450.44,2040.5,404.5,13630.2939
56580,56640,450.96,2043.1,400.6,13861.7314
56640,56700,452.36,2046.7,409.0,14122.0039
56700,56760,453.92,2050.5,409.5,14303.6553
56760,56820,454.71,2062.5,439.1,14532.3877
56820,56880,453.24,2046.6,397.8,13904.1504
56880,56940,453.82,2046.1,399.7,13926.8994
56940,57000,453.94,2048.2,407.9,14036.5381
57000,57060,453.30,2043.0,398.0,13628.2070
57060,57120,454.88,2047.7,405.5,14023.9570
57120,57180,455.04,2047.6,405.5,14053.6768
57180,57240,454.40,2047.0,409.3,13979.9492
57240,57300,455.12,2049.1,421.8,14301.4180
57300,57360,454.03,2048.2,419.3,14150.2051
57360,57420,453.10,2048.5,417.0,14366.0342
57420,57480,451.12,2044.2,408.0,14042.5293
57480,57540,452.53,2045.5,417.3,14364.8086
57540,57600,452.95,2043.9,418.2,14357.2705
57600,57660,449.79,2041.6,415.3,14416.1563
57660,57720,450.89,2043.8,419.4,14585.7412
57720,57780,451.62,2044.7,417.4,14315.0938
57780,57840,451.22,2042.2,413.1,14254.4434
57840,57900,448.50,2039.7,414.5,14372.0342
57900,57960,446.66,2037.2,405.0,14265.0713
57960,58020,446.61,2036.3,408.7,14737.8789
58020,58080,442.83,2032.0,394.6,14002.6982
58080,58140,440.05,2029.7,377.1,14163.0967
58140,58200,438.55,2030.4,375.4,14936.8623
58200,58260,436.73,2027.5,342.2,13716.4277
58260,58320,437.93,2029.2,359.2,14085.0186
58320,58380,435.31,2023.4,352.3,14259.0586
58380,58440,432.78,2017.8,328.9,13853.1797
58440,58500,431.09,2009.4,306.8,13479.7646
58500,58560,426.94,2008.8,298.0,14124.9268
58560,58620,431.09,2012.2,335.3,13611.0215
58620,58680,434.49,2018.6,357.0,13462.7070
58680,58740,436.03,2020.4,361.4,13496.5586
58740,58800,433.47,2016.6,344.8,13299.2012
58800,58860,434.01,2017.2,347.6,13483.7842
58860,58920,433.69,2016.2,349.8,13328.8037
58920,58980,432.56,2014.8,339.4,13323.3770
58980,59040,432.32,2014.3,335.7,13379.7803
59040,59100,433.05,2014.9,340.1,13499.5586
59100,59160,433.49,2013.8,343.7,13208.3193
59160,59220,434.05,2015.7,350.1,13483.7598
59220,59280,433.89,2015.8,349.4,13593.6631
59280,59340,432.08,2013.6,349.5,13408.6094
59340,59400,433.42,2013.0,397.9,12901.5684
59400,59460,433.39,2012.6,445.5,12907.0479
59460,59520,435.04,2015.3,1400.7,12878.2305
59520,59580,435.28,2014.0,1354.8,13087.6084
59580,59640,435.27,2013.3,500.2,13437.0908
59640,59700,441.85,2029.5,475.6,15022.7393
59700,59760,441.46,2039.5,1217.3,15906.0322
59760,59820,438.78,2042.4,2086.7,17915.5391
59820,59880,435.75,2034.4,437.6,17355.1152
59880,59940,437.34,2034.4,416.2,17173.7617
59940,60000,437.49,2036.8,397.0,16460.6445
60000,60060,436.16,2037.4,392.3,17081.0938
60060,60120,436.54,2037.5,391.6,16786.0078
60120,60180,438.33,2037.7,387.3,15953.1094
60180,60240,437.72,2037.1,385.2,16045.5654
60240,60300,437.79,2036.9,380.5,16487.3770
60300,60360,438.06,2035.7,373.5,15663.9609
60360,60420,437.11,2034.8,372.2,15459.7959
60420,60480,436.42,-9999,-9999,15289.5938
60480,60540,-9999,-9999,-9999,-9999
60540,60600,-9999,-9999,-9999,-9999
60600,60660,434.94,2037.2,348.3,16456.4473
60660,60720,436.40,2036.7,350.6,16434.9336
60720,60780,435.41,2034.8,361.4,15894.2441
60780,60840,437.34,2035.3,366.3,15980.3125
60840,60900,445.87,2040.4,1129.2,16871.4863
60900,60960,441.77,2043.7,3293.1,15691.5898
60960,61020,436.08,2031.1,1262.7,14792.6816
61020,61080,437.86,2025.9,1817.0,14512.2344
61080,61140,434.81,2013.7,1748.9,13275.1807
61140,61200,432.48,2007.0,369.8,12982.3223
61200,61260,431.54,2002.3,314.7,12204.7979
61260,61320,431.11,2001.7,308.8,12111.2168
61320,61380,431.47,2002.8,317.6,12737.5400
61380,61440,431.04,2002.7,815.6,12576.7275
61440,61500,429.69,2003.2,1420.3,13324.5889
61500,61560,433.12,2006.7,1789.2,12789.4365
61560,61620,430.72,2004.3,472.7,11213.9961
61620,61680,433.46,2005.3,287.3,11089.7686
61680,61740,-9999,-9999,-9999,-9999
61740,61800,-9999,-9999,-9999,-9999
61800,61860,-9999,-9999,-9999,-9999
61860,61920,-9999,-9999,-9999,-9999
61920,61980,-9999,-9999,-9999,-9999
61980,62040,-9999,-9999,-9999,-9999
62040,62100,-9999,-9999,-9999,-9999
62100,62160,-9999,-9999,-9999,-9999
62160,62220,-9999,-9999,-9999,-9999
62220,62280,-9999,-9999,-9999,-9999
62280,62340,-9999,-9999,-9999,-9999
62340,62400,-9999,-9999,-9999,-9999
62400,62460,-9999,-9999,-9999,-9999
62460,62520,-9999,-9999,-9999,-9999
62520,62580,-9999,-9999,-9999,-9999
62580,62640,-9999,-9999,-9999,-9999
62640,62700,-9999,-9999,-9999,-9999
62700,62760,-9999,-9999,-9999,-9999
62760,62820,-9999,-9999,-9999,-9999
62820,62880,-9999,-9999,-9999,-9999
62880,62940,-9999,-9999,-9999,-9999
62940,63000,-9999,-9999,-9999,-9999
63000,63060,-9999,-9999,-9999,-9999
63060,63120,-9999,-9999,-9999,-9999
63120,63180,-9999,-9999,-9999,-9999
63180,63240,-9999,-9999,-9999,-9999
63240,63300,-9999,-9999,-9999,-9999
63300,63360,-9999,-9999,-9999,-9999
63360,63420,-9999,-9999,-9999,-9999
63420,63480,-9999,-9999,-9999,-9999
63480,63540,-9999,-9999,-9999,-9999
63540,63600,-9999,-9999,-9999,-9999
63600,63660,-9999,-9999,-9999,-9999
63660,63720,-9999,-9999,-9999,-9999
63720,63780,-9999,-9999,-9999,-9999
63780,63840,-9999,-9999,-9999,-9999
63840,63900,-9999,-9999,-9999,-9999
63900,63960,-9999,-9999,-9999,-9999
63960,64020,-9999,-9999,-9999,-9999
64020,64080,-9999,-9999,-9999,-9999
64080,64140,-9999,-9999,-9999,-9999
64140,64200,-9999,-9999,-9999,-9999
64200,64260,-9999,-9999,-9999,-9999
64260,64320,-9999,-9999,-9999,-9999
64320,64380,-9999,-9999,-9999,-9999
64380,64440,-9999,-9999,-9999,-9999
64440,64500,-9999,-9999,-9999,-9999
64500,64560,-9999,-9999,-9999,-9999
64560,64620,-9999,-9999,-9999,-9999
64620,64680,-9999,-9999,-9999,-9999
64680,64740,-9999,-9999,-9999,-9999
64740,64800,-9999,-9999,-9999,-9999
64800,64860,-9999,-9999,-9999,-9999
64860,64920,-9999,-9999,-9999,-9999
64920,64980,-9999,-9999,-9999,-9999
64980,65040,-9999,-9999,-9999,-9999
65040,65100,-9999,-9999,-9999,-9999
65100,65160,-9999,-9999,-9999,-9999
65160,65220,-9999,-9999,-9999,-9999
65220,65280,-9999,-9999,-9999,-9999
65280,65340,-9999,-9999,-9999,-9999
65340,65400,-9999,-9999,-9999,-9999
65400,65460,-9999,-9999,-9999,-9999
65460,65520,-9999,-9999,-9999,-9999
65520,65580,-9999,-9999,-9999,-9999
65580,65640,-9999,-9999,-9999,-9999
65640,65700,-9999,-9999,-9999,-9999
65700,65760,-9999,-9999,-9999,-9999
65760,65820,-9999,-9999,-9999,-9999
65820,65880,-9999,-9999,-9999,-9999
65880,65940,-9999,-9999,-9999,-9999
65940,66000,-9999,-9999,-9999,-9999
66000,66060,-9999,-9999,-9999,-9999
66060,66120,-9999,-9999,-9999,-9999
66120,66180,-9999,-9999,-9999,-9999
66180,66240,-9999,-9999,-9999,-9999
66240,66300,-9999,-9999,-9999,-9999
66300,66360,-9999,-9999,-9999,-9999
66360,66420,-9999,-9999,-9999,-9999
66420,66480,-9999,-9999,-9999,-9999
66480,66540,-9999,-9999,-9999,-9999
66540,66600,-9999,-9999,-9999,-9999
66600,66660,-9999,-9999,-9999,-9999
66660,66720,-9999,-9999,-9999,-9999
66720,66780,-9999,-9999,-9999,-9999
66780,66840,-9999,-9999,-9999,-9999
66840,66900,-9999,-9999,-9999,-9999
66900,66960,-9999,-9999,-9999,-9999
66960,67020,-9999,-9999,-9999,-9999
67020,67080,-9999,-9999,-9999,-9999
67080,67140,-9999,-9999,-9999,-9999
67140,67200,-9999,-9999,-9999,-9999
67200,67260,-9999,-9999,-9999,-9999
67260,67320,-9999,-9999,-9999,-9999
67320,67380,-9999,-9999,-9999,-9999
67380,67440,-9999,-9999,-9999,-9999
67440,67500,-9999,-9999,-9999,-9999
67500,67560,-9999,-9999,-9999,-9999
67560,67620,-9999,-9999,-9999,-9999
67620,67680,-9999,-9999,-9999,-9999
67680,67740,-9999,-9999,-9999,-9999
67740,67800,-9999,-9999,-9999,-9999
67800,67860,-9999,-9999,-9999,-9999
67860,67920,-9999,-9999,-9999,-9999
67920,67980,-9999,-9999,-9999,-9999
67980,68040,-9999,-9999,-9999,-9999
68040,68100,-9999,-9999,-9999,-9999
68100,68160,-9999,-9999,-9999,-9999
68160,68220,-9999,-9999,-9999,-9999
68220,68280,-9999,-9999,-9999,-9999
68280,68340,-9999,-9999,-9999,-9999
68340,68400,-9999,-9999,-9999,-9999
68400,68460,-9999,-9999,-9999,-9999
68460,68520,-9999,-9999,-9999,-9999
68520,68580,-9999,-9999,-9999,-9999
68580,68640,-9999,-9999,-9999,-9999
68640,68700,-9999,-9999,-9999,-9999
68700,68760,-9999,-9999,-9999,-9999
68760,68820,-9999,-9999,-9999,-9999
68820,68880,-9999,-9999,-9999,-9999
68880,68940,-9999,-9999,-9999,-9999
68940,69000,-9999,-9999,-9999,-9999
69000,69060,-9999,-9999,-9999,-9999
69060,69120,-9999,-9999,-9999,-9999
69120,69180,-9999,-9999,-9999,-9999
69180,69240,-9999,-9999,-9999,-9999
69240,69300,-9999,-9999,-9999,-9999
69300,69360,-9999,-9999,-9999,-9999
69360,69420,-9999,-9999,-9999,-9999
69420,69480,-9999,-9999,-9999,-9999
69480,69540,-9999,-9999,-9999,-9999
69540,69600,-9999,-9999,-9999,-9999
69600,69660,-9999,-9999,-9999,-9999
