CampaignData_and_Merges/R0/CSL_MobileLab_Parked/raw/20240723/USOS-Picarro-CO2-CH4-CO-H2O_MobileLabGround_20240723_R0.ict
38, 1001
Ilana Pollack, Nell Schafer, and Jeff Peischl
NOAA Chemical Sciences Laboratory
Picarro 2401-m CO2/CH4/CO/H2O Analyzer
USOS
1, 1
2024, 07, 23, 2024, 11, 20
0
StartTime_UTC, seconds_past_midnight, seconds past midnight
5
1, 1, 1, 1, 1
-9999, -9999, -9999, -9999, -9999
StopTime_UTC, seconds_past_midnight, seconds past midnight
CO2_ppm_1min, ppm, Gas_CO2_InSitu_S_DMF, carbon dioxide mixing ratio
CH4_ppb_1min, ppb, Gas_CH4_InSitu_S_DMF, methane mixing ratio
CO_ppb_1min, ppb, Gas_CO_InSitu_S_DMF, carbon monoxide mixing ratio
H2O_ppmv_1min, ppmv, Met_H2OMRV_InSitu_S_AVMR, water vapor mixing ratio
1
SPECIAL COMMENTS: N/A
18
PI_CONTACT_INFO: Address: NOAA Chemical Sciences Laboratory, Mail Stop CSL7, 325 Broadway, Boulder, CO 80305; Email: Ilana.Pollack@noaa.gov
PLATFORM: NOAA CSL Mobile Laboratory
LOCATION: The mobile lab was stationed in Salt Lake City, Utah.
ASSOCIATED_DATA: N/A
INSTRUMENT_INFO: CO2, CH4, and CO are reported as dry air mole fractions using a commercial wavelength-scanned cavity ring-down analyzer (Picarro 2401-m). An in-field calibration gas standard of 432±0.07 ppm CO2, 2095±1 ppb CH4, and 183±1 ppb CO, calibrated in the Boulder laboratories before and after the field project using primary CO2, CH4, and CO standard tanks tied to the WMO standard (X2019, X2004A, and X2014A, respectively) from the Global Monitoring Laboratory (GML), was delivered to the inlet every 2-3 days to evaluate instrument sensitivity. A H2O measurement was calibrated before the project with a Dew Point Mirror 373 hygrometer. The water correction calculated from these calibrations was applied to the H2O measurement for the entire campaign. Species are measured at 0.5 Hz and reported as 1-minute averages for stationary measurements.
DATA_INFO: Units: CO2, ppm, dry air mole fraction; CH4, ppb, dry air mole fraction; CO, ppb, dry air mole fraction; H2O, ppmv
UNCERTAINTY: Total uncertainties are estimated as ±0.1 ppm for CO2, ±1 ppb for CH4, ±5 ppb for CO, and ±(50 ppm + 4%) for H2O.
ULOD_FLAG: -7777
ULOD_VALUE: N/A
LLOD_FLAG: -8888
LLOD_VALUE: N/A
DM_CONTACT_INFO: Data Manager: Nathan Howard; nathan.h.howard@noaa.gov
PROJECT_INFO: USOS Dates of Study: July – August 2024
STIPULATIONS_ON_USE: Use of these data require prior ok from PI.
OTHER_COMMENTS: Data are averaged to 1 minute intervals. Stationary data collected from a 10 ft tower on top of the mobile van.
REVISION: R0
R0: Final Data
StartTime_UTC, StopTime_UTC, CO2_ppm_1min, CH4_ppb_1min, CO_ppb_1min, H2O_ppmv_1min
0,60,-9999,-9999,-9999,-9999
60,120,-9999,-9999,-9999,-9999
120,180,-9999,-9999,-9999,-9999
180,240,-9999,-9999,-9999,-9999
240,300,-9999,-9999,-9999,-9999
300,360,-9999,-9999,-9999,-9999
360,420,-9999,-9999,-9999,-9999
420,480,-9999,-9999,-9999,-9999
480,540,-9999,-9999,-9999,-9999
540,600,-9999,-9999,-9999,-9999
600,660,-9999,-9999,-9999,-9999
660,720,-9999,-9999,-9999,-9999
720,780,-9999,-9999,-9999,-9999
780,840,-9999,-9999,-9999,-9999
840,900,-9999,-9999,-9999,-9999
900,960,-9999,-9999,-9999,-9999
960,1020,-9999,-9999,-9999,-9999
1020,1080,-9999,-9999,-9999,-9999
1080,1140,-9999,-9999,-9999,-9999
1140,1200,-9999,-9999,-9999,-9999
1200,1260,-9999,-9999,-9999,-9999
1260,1320,-9999,-9999,-9999,-9999
1320,1380,-9999,-9999,-9999,-9999
1380,1440,-9999,-9999,-9999,-9999
1440,1500,-9999,-9999,-9999,-9999
1500,1560,-9999,-9999,-9999,-9999
1560,1620,-9999,-9999,-9999,-9999
1620,1680,432.47,1988.0,189.4,11013.6309
1680,1740,426.77,1988.8,192.0,11491.5098
1740,1800,431.06,1987.4,208.9,10910.7568
1800,1860,426.63,1986.9,191.0,11609.1504
1860,1920,423.10,1987.8,187.2,11131.5137
1920,1980,424.17,1986.9,185.2,10516.2773
1980,2040,422.15,1983.6,184.9,10226.4980
2040,2100,420.73,1978.9,177.2,10073.3662
2100,2160,426.71,1976.4,175.4,10002.0938
2160,2220,426.68,1974.5,171.8,10507.6484
2220,2280,420.35,1972.1,170.9,10232.9902
2280,2340,419.95,1973.2,173.9,9750.4111
2340,2400,419.85,1974.1,177.2,10649.7070
2400,2460,420.14,1974.3,176.5,10348.9375
2460,2520,420.23,1973.0,173.4,10213.9473
2520,2580,420.29,1972.1,170.8,9947.8779
2580,2640,420.12,1971.9,172.8,9818.0889
2640,2700,421.12,1979.6,180.8,10145.8838
2700,2760,421.77,1983.8,184.4,10401.5020
2760,2820,421.90,1983.0,184.7,10754.8135
2820,2880,421.53,1980.5,183.7,10884.3584
2880,2940,421.72,1979.3,183.8,10948.1113
2940,3000,422.07,1977.1,184.0,10824.5781
3000,3060,421.80,1970.2,179.5,9439.7334
3060,3120,422.24,1969.8,178.4,9773.2568
3120,3180,422.71,1970.4,182.9,10066.5615
3180,3240,422.62,1970.6,182.6,10020.0898
3240,3300,421.25,1968.2,181.3,9377.2832
3300,3360,422.91,1966.5,188.1,8947.1230
3360,3420,423.51,1967.3,192.4,9419.8027
3420,3480,420.98,1966.1,179.1,9338.7197
3480,3540,421.46,1966.2,180.7,9088.6055
3540,3600,423.14,1965.6,192.1,8772.7207
3600,3660,420.71,1965.8,174.3,9071.2402
3660,3720,421.41,1967.1,180.6,9352.2109
3720,3780,421.16,1966.7,187.8,9114.9131
3780,3840,421.98,1966.8,199.7,9244.7080
3840,3900,421.79,1967.0,205.2,9558.8887
3900,3960,422.16,1966.8,195.8,9644.8486
3960,4020,421.22,1966.4,189.1,9275.7012
4020,4080,421.68,1966.3,186.1,9600.2100
4080,4140,420.89,1966.0,182.2,9283.0518
4140,4200,423.12,1966.9,200.6,10140.6738
4200,4260,424.22,1967.3,197.7,9992.7207
4260,4320,421.98,1967.9,186.7,9497.2783
4320,4380,421.07,1967.2,184.8,9273.7139
4380,4440,422.31,1967.9,204.8,9616.7617
4440,4500,422.91,1967.8,204.7,9689.3936
4500,4560,422.81,1968.0,204.1,9537.0518
4560,4620,423.66,1968.2,208.9,9725.2588
4620,4680,422.09,1968.4,194.7,9483.7773
4680,4740,423.55,1967.9,227.5,9479.6641
4740,4800,423.67,1967.4,207.0,9745.1855
4800,4860,422.25,1967.4,192.3,9457.5938
4860,4920,422.60,1967.9,200.7,9480.3496
4920,4980,421.41,1967.3,185.8,9224.6553
4980,5040,423.04,1968.0,196.6,9375.6523
5040,5100,422.94,1968.9,201.7,9754.5459
5100,5160,422.11,1968.2,187.7,9670.1924
5160,5220,423.88,1968.6,188.6,10052.2412
5220,5280,422.98,1969.1,182.8,10001.4395
5280,5340,423.50,1969.3,195.5,9846.3516
5340,5400,423.18,1969.7,195.1,9950.6865
5400,5460,421.74,1969.5,191.5,9754.2266
5460,5520,421.99,1969.2,189.7,9670.4072
5520,5580,420.72,1969.0,185.2,9691.3164
5580,5640,421.25,1969.0,186.5,9681.9443
5640,5700,421.54,1969.5,187.8,9933.7256
5700,5760,422.84,1970.3,196.2,9951.8916
5760,5820,422.98,1970.6,211.9,9840.7705
5820,5880,423.26,1971.2,200.5,10150.9531
5880,5940,425.31,1971.4,217.2,10549.8584
5940,6000,421.79,1971.0,197.3,9975.2012
6000,6060,422.55,1971.6,195.8,10183.7080
6060,6120,423.27,1971.6,195.1,10211.5869
6120,6180,422.45,1972.0,192.4,10402.6650
6180,6240,420.92,1971.2,183.8,9905.6680
6240,6300,423.04,1972.4,193.5,10185.1631
6300,6360,423.37,1972.5,191.4,10464.9785
6360,6420,421.81,1972.3,191.3,10323.4863
6420,6480,422.40,1972.8,202.9,10555.3154
6480,6540,423.15,1973.7,212.2,10484.6836
6540,6600,423.50,1974.1,224.5,10595.0439
6600,6660,422.11,1973.3,206.5,10527.8008
6660,6720,423.62,1974.4,218.9,10829.7109
6720,6780,423.99,1975.1,209.5,10841.1445
6780,6840,425.20,1975.9,226.0,10853.4258
6840,6900,423.84,1975.7,207.1,10761.7734
6900,6960,428.23,1979.5,220.7,11226.4238
6960,7020,423.60,1976.4,196.7,10845.9805
7020,7080,425.23,1979.6,202.7,11324.8066
7080,7140,422.85,1975.6,191.6,10584.8076
7140,7200,425.26,1980.1,194.9,11245.6035
7200,7260,426.15,1982.6,196.7,11694.4756
7260,7320,426.95,1983.5,198.6,12127.5869
7320,7380,427.09,1983.3,200.6,11796.4844
7380,7440,426.90,1983.9,200.2,11890.9668
7440,7500,426.72,1988.5,202.3,11647.5752
7500,7560,427.38,1988.8,206.3,11954.5820
7560,7620,427.58,1986.4,202.0,11625.0068
7620,7680,427.62,1988.2,203.7,11736.4863
7680,7740,426.33,1991.1,202.6,11681.9697
7740,7800,427.60,1991.7,204.7,11963.5615
7800,7860,428.39,1992.2,208.3,12048.6924
7860,7920,428.78,1992.2,209.5,11950.9883
7920,7980,431.20,1994.4,211.7,12127.9541
7980,8040,429.19,1994.3,213.9,11812.1182
8040,8100,427.48,1994.9,211.6,11478.8262
8100,8160,428.44,1995.2,213.3,11534.0479
8160,8220,430.77,1995.6,213.1,11562.7441
8220,8280,429.43,1997.6,216.2,11609.4932
8280,8340,427.91,1999.1,213.2,11669.0752
8340,8400,429.76,2001.5,215.4,11923.6865
8400,8460,430.33,2003.1,223.8,11994.6006
8460,8520,430.17,2005.4,227.4,11986.0498
8520,8580,431.05,2006.9,228.0,12133.4619
8580,8640,430.37,2007.9,224.7,12073.7266
8640,8700,429.24,2009.2,220.5,11981.8545
8700,8760,429.09,2010.6,218.4,11981.5957
8760,8820,427.81,2013.3,210.5,11901.0029
8820,8880,428.00,2016.9,209.7,11956.3867
8880,8940,427.01,2019.1,207.3,11888.3076
8940,9000,426.93,2020.4,212.2,11837.8477
9000,9060,427.93,2022.1,214.3,11986.9443
9060,9120,428.89,2024.8,217.0,12068.3213
9120,9180,429.58,2025.4,222.8,12094.5947
9180,9240,429.59,2027.1,227.8,12073.3330
9240,9300,428.88,2031.3,221.9,12106.9277
9300,9360,426.84,2032.1,213.5,11954.1895
9360,9420,429.55,2032.1,215.2,12194.4941
9420,9480,430.02,2033.9,222.5,12093.5293
9480,9540,431.02,2033.2,245.2,12125.5498
9540,9600,434.58,2022.5,248.6,12349.4629
9600,9660,431.25,2004.1,232.1,12269.1982
9660,9720,431.28,1999.2,225.9,12308.0508
9720,9780,431.53,1993.6,218.5,12400.8564
9780,9840,427.45,1987.4,206.6,12226.1943
9840,9900,428.31,1987.9,212.0,12251.4873
9900,9960,428.52,1986.7,213.3,12298.9893
9960,10020,428.81,1986.3,222.5,12206.1670
10020,10080,428.98,1986.7,217.6,12256.0557
10080,10140,428.88,1985.9,222.8,12218.8711
10140,10200,429.60,1985.9,224.3,12274.0107
10200,10260,430.90,1984.3,230.3,12253.1201
10260,10320,429.37,1983.5,227.4,12097.0381
10320,10380,428.90,1982.1,218.4,12051.9590
10380,10440,432.12,1983.3,218.7,12140.5176
10440,10500,430.46,1982.8,227.4,12000.9316
10500,10560,431.47,1983.1,227.0,12036.9150
10560,10620,430.34,1982.6,223.6,11995.2041
10620,10680,429.12,1982.3,216.6,11952.1113
10680,10740,431.17,1982.9,223.4,12056.1104
10740,10800,429.67,1981.6,212.6,11949.5176
10800,10860,427.66,1980.9,205.8,11851.2480
10860,10920,427.71,1980.6,216.2,11843.8916
10920,10980,429.56,1980.6,227.8,11907.2539
10980,11040,428.56,1980.1,222.6,11893.6416
11040,11100,431.05,1980.7,223.4,12005.1279
11100,11160,431.33,1981.0,223.7,12043.0586
11160,11220,431.08,1981.1,226.6,12021.9023
11220,11280,430.29,1980.1,218.0,12028.6152
11280,11340,432.18,1981.9,229.0,12107.2227
11340,11400,430.70,1980.8,217.7,12042.3330
11400,11460,431.68,1980.7,217.9,12105.7959
11460,11520,431.66,1980.8,219.1,12120.3555
11520,11580,429.68,1980.9,221.5,11965.3174
11580,11640,431.11,1981.3,232.9,11997.2031
11640,11700,432.62,1982.0,227.0,12059.7129
11700,11760,432.80,1981.9,223.3,12007.8779
11760,11820,432.65,1981.8,220.1,11978.2568
11820,11880,432.30,1981.3,216.9,11905.2578
11880,11940,433.45,1981.1,212.9,11937.0703
11940,12000,432.36,1980.7,207.6,11866.4443
12000,12060,432.94,1981.0,210.0,11918.2695
12060,12120,432.54,1980.6,211.7,11877.8350
12120,12180,431.94,1980.2,212.1,11808.0068
12180,12240,433.56,1980.6,219.9,11892.8154
12240,12300,432.61,1979.7,226.1,11776.4189
12300,12360,432.87,1979.6,219.1,11748.9141
12360,12420,433.51,1980.0,219.2,11798.8672
12420,12480,435.68,1979.9,217.2,11877.5781
12480,12540,437.08,1979.8,216.5,11968.8164
12540,12600,434.41,1979.5,220.1,11755.3027
12600,12660,435.43,1979.9,223.7,11792.4990
12660,12720,432.16,1978.7,219.0,11520.1211
12720,12780,432.20,1978.8,219.2,11471.9209
12780,12840,432.80,1978.7,224.5,11432.1943
12840,12900,435.72,1979.4,229.0,11639.8545
12900,12960,438.19,1979.2,226.6,12037.1611
12960,13020,434.67,1979.2,218.2,11624.6660
13020,13080,436.82,1980.5,236.2,12076.7861
13080,13140,436.98,1980.2,234.3,12000.0947
13140,13200,433.53,1979.4,220.8,11335.7813
13200,13260,434.32,1979.9,211.2,11586.3965
13260,13320,439.96,1981.0,233.5,11719.0547
13320,13380,435.94,1980.1,224.1,11273.7295
13380,13440,435.44,1979.9,212.2,11201.6436
13440,13500,437.60,1984.3,218.7,11501.6406
13500,13560,444.70,1984.1,241.7,11774.3857
13560,13620,441.75,1984.7,223.5,11686.7588
13620,13680,434.98,1983.0,214.5,11350.8975
13680,13740,435.62,1985.7,212.7,11570.5225
13740,13800,436.38,1985.9,215.2,11566.5225
13800,13860,437.89,1985.6,219.8,11492.6299
13860,13920,437.47,1985.3,216.1,11444.3311
13920,13980,436.73,1986.8,219.4,11533.9229
13980,14040,439.14,1988.1,222.0,11700.2178
14040,14100,450.81,1986.7,210.7,12241.2285
14100,14160,441.67,1987.9,208.3,11818.7246
14160,14220,442.15,1990.7,227.9,11876.6699
14220,14280,439.74,1985.4,215.9,11431.9941
14280,14340,443.61,1990.7,209.5,11992.1582
14340,14400,440.44,1988.4,206.2,11849.4238
14400,14460,435.61,1981.7,207.7,10909.8721
14460,14520,439.35,1984.0,212.5,11466.8525
14520,14580,440.49,1984.9,209.4,11577.1719
14580,14640,441.81,1985.9,209.9,11448.3740
14640,14700,441.65,1987.9,209.5,11406.1084
14700,14760,440.79,1988.2,208.4,11284.6035
14760,14820,439.44,1987.6,206.5,11149.1748
14820,14880,439.22,1985.3,205.4,11103.9961
14880,14940,441.19,1986.4,205.7,11276.9561
14940,15000,441.00,1985.7,206.1,11366.1230
15000,15060,434.96,1977.4,191.0,10622.6357
15060,15120,436.31,1980.5,196.5,10813.8447
15120,15180,438.78,1982.2,202.0,10977.8721
15180,15240,437.26,1980.9,204.5,10606.5830
15240,15300,439.25,1983.7,210.4,10550.7324
15300,15360,438.50,1982.8,215.0,10699.0098
15360,15420,436.97,1982.4,209.7,10762.4434
15420,15480,439.59,1981.7,212.0,11038.2158
15480,15540,433.48,1977.2,194.1,10408.8887
15540,15600,434.19,1977.4,195.9,10572.9189
15600,15660,432.93,1976.4,249.7,10371.5059
15660,15720,432.05,1975.1,213.0,10287.4434
15720,15780,432.93,1974.6,201.3,10215.2051
15780,15840,432.14,1974.8,200.1,10139.0088
15840,15900,433.30,1975.1,208.2,10214.1260
15900,15960,431.76,1974.7,194.1,10540.3525
15960,16020,433.14,1974.6,195.4,10467.2441
16020,16080,430.22,1974.2,187.5,10121.8467
16080,16140,430.63,1975.1,188.7,10131.9316
16140,16200,432.04,1975.2,192.8,10319.4092
16200,16260,429.68,1974.2,186.8,10029.5156
16260,16320,430.18,1974.3,185.6,10074.9756
16320,16380,430.51,1974.7,194.4,10041.7158
16380,16440,430.84,1975.4,202.1,10086.7871
16440,16500,430.50,1975.4,193.3,9972.1406
16500,16560,431.25,1975.9,190.3,9995.5615
16560,16620,431.45,1975.6,186.2,9995.0527
16620,16680,432.77,1977.2,186.8,10027.6162
16680,16740,432.09,1976.6,187.4,10006.7998
16740,16800,434.38,1979.8,191.2,10150.0625
16800,16860,432.91,1978.9,189.0,10061.9844
16860,16920,433.30,1978.2,186.6,10023.7656
16920,16980,432.73,1976.4,188.3,9950.5723
16980,17040,432.75,1976.5,189.7,9921.6348
17040,17100,432.78,1976.6,185.3,9886.9658
17100,17160,433.15,1976.7,184.0,9882.0684
17160,17220,432.67,1976.3,182.4,9839.3652
17220,17280,432.23,1975.9,186.1,9772.1494
17280,17340,432.21,1975.6,183.4,9722.6914
17340,17400,432.20,1975.0,184.4,9698.9990
17400,17460,432.57,1975.1,184.1,9670.4248
17460,17520,433.29,1975.5,187.6,9861.3760
17520,17580,433.95,1975.9,193.3,9720.7461
17580,17640,434.98,1976.2,189.4,9911.2246
17640,17700,433.05,1975.8,184.8,9724.1377
17700,17760,434.07,1976.8,185.5,9813.5215
17760,17820,434.57,1976.4,183.4,9741.9619
17820,17880,435.24,1975.9,184.3,9829.7002
17880,17940,434.37,1976.3,182.8,9846.0010
17940,18000,434.51,1976.9,186.9,9765.5928
18000,18060,435.91,1977.8,195.2,9810.4199
18060,18120,436.67,1978.0,198.2,9902.0332
18120,18180,435.57,1977.7,190.1,9865.5664
18180,18240,436.64,1977.4,190.1,9910.6348
18240,18300,435.70,1977.2,190.6,9786.1689
18300,18360,435.38,1977.2,188.8,9758.4375
18360,18420,438.40,1978.0,190.2,10643.4072
18420,18480,439.83,1981.7,197.8,10365.4629
18480,18540,437.10,1980.8,215.7,9954.3018
18540,18600,438.88,1980.9,205.5,10478.5156
18600,18660,442.74,1983.5,206.0,10967.8721
18660,18720,439.51,1981.2,206.7,10793.8164
18720,18780,435.31,1980.8,192.6,10097.9404
18780,18840,431.89,1979.8,182.1,9797.0518
18840,18900,432.86,1981.5,188.3,9743.9092
18900,18960,432.73,1981.4,186.4,9542.5723
18960,19020,433.52,1982.3,187.9,9585.6055
19020,19080,430.16,1977.7,177.6,9196.7754
19080,19140,433.03,1979.9,186.6,9496.4785
19140,19200,433.12,1979.1,183.8,9505.1709
19200,19260,436.20,1981.3,185.8,9932.5537
19260,19320,436.26,1982.9,198.6,10015.8477
19320,19380,435.29,1980.9,207.6,9938.5771
19380,19440,440.89,1985.6,312.5,9923.6768
19440,19500,434.83,1982.4,197.6,9751.6230
19500,19560,432.88,1981.3,191.9,9508.1475
19560,19620,436.95,1983.6,223.4,9871.0479
19620,19680,444.07,1986.0,263.6,10161.4014
19680,19740,447.29,1988.0,262.8,10503.7422
19740,19800,450.74,1998.6,239.5,10562.7451
19800,19860,452.18,2012.6,225.3,10566.8789
19860,19920,451.01,2013.8,222.1,10460.1123
19920,19980,454.95,2006.9,228.1,10550.6025
19980,20040,454.09,2007.3,232.5,10772.4414
20040,20100,453.14,2013.5,241.2,10631.7764
20100,20160,453.78,2014.1,237.3,10727.4141
20160,20220,455.72,2013.9,244.3,10747.4297
20220,20280,455.72,2011.2,237.0,10942.5146
20280,20340,453.39,2008.3,237.9,10852.9375
20340,20400,452.06,2009.1,214.4,10733.4551
20400,20460,449.37,2015.6,219.3,10520.3926
20460,20520,454.25,2027.4,243.0,10689.8906
20520,20580,451.28,2013.6,242.4,10400.2861
20580,20640,453.37,2011.8,246.4,10376.5186
20640,20700,447.53,2011.2,224.6,10362.0527
20700,20760,449.32,2011.1,241.9,10308.1689
20760,20820,450.40,2012.2,247.3,10218.4033
20820,20880,447.12,2012.3,259.9,10113.9814
20880,20940,437.37,1993.8,193.9,9466.7148
20940,21000,435.84,1989.4,193.6,9259.3418
21000,21060,435.62,1989.6,186.6,9176.5371
21060,21120,432.05,1984.0,180.1,8917.1338
21120,21180,432.74,1984.0,182.9,9002.1113
21180,21240,430.27,1981.5,176.1,8831.1484
21240,21300,431.62,1981.9,177.3,9048.0020
21300,21360,431.56,1981.9,180.0,9041.1221
21360,21420,429.80,1980.7,180.3,8729.5156
21420,21480,430.01,1980.9,179.5,8804.8936
21480,21540,430.07,1981.5,174.6,8832.8398
21540,21600,429.52,1981.2,176.0,8727.3965
21600,21660,430.19,1982.3,172.9,8797.8398
21660,21720,429.58,1985.9,172.8,8710.2637
21720,21780,431.34,1984.5,173.8,8870.7695
21780,21840,429.07,1981.2,176.4,8553.6377
21840,21900,428.64,1980.5,175.4,8530.3604
21900,21960,430.14,1980.4,173.7,8626.6377
21960,22020,430.06,1980.0,174.1,8546.9844
22020,22080,427.52,1978.7,168.9,8366.7510
22080,22140,428.37,1979.7,170.8,8445.7822
22140,22200,428.69,1979.9,171.1,8474.1758
22200,22260,429.61,1981.5,173.4,8569.8164
22260,22320,431.03,1981.9,176.5,8777.9385
22320,22380,429.57,1981.4,176.9,8620.9609
22380,22440,430.42,1981.7,178.5,8650.0225
22440,22500,431.18,1982.7,179.1,8710.8457
22500,22560,431.29,1984.6,179.0,8818.3945
22560,22620,432.24,1987.7,189.0,8945.2520
22620,22680,433.87,1997.3,308.2,9049.2354
22680,22740,435.08,1999.3,451.9,9224.0352
22740,22800,436.12,1998.3,426.2,9244.0117
22800,22860,433.30,1990.7,199.7,8980.1309
22860,22920,430.06,1984.3,182.1,8603.6807
22920,22980,431.43,1985.1,189.8,8634.9863
22980,23040,432.38,1986.3,194.8,8686.0811
23040,23100,434.59,1986.9,195.0,9018.7725
23100,23160,432.72,1987.5,188.5,9000.8994
23160,23220,432.81,1989.2,190.6,8931.7393
23220,23280,432.14,1987.9,186.0,8796.2910
