CampaignData_and_Merges/R0/CSL_MobileLab_Parked/raw/20240723/USOS-NOAAIodideCIMS-OrgNitrs_MobileLabGround_20240723_RA.ict
37, 1001
Michael A Robinson, Chris Jernigan, Subi Thakali
NOAA ESRL Chemical Sciences Laboratory and CIRES, U. of Colorado
NOAA Iodide CIMS Instrument
USOS
1, 1
2024, 07, 23, 2024, 07, 25
1
starttime_UTC, seconds_past_midnight, seconds_of_day_since_00:00:00_UTC
5
1, 1, 1, 1, 1
-9999, -9999, -9999, -9999, -9999
C4H7NO5_NOAACIMS, pptv, Gas_C4H7NO5_InSitu_S_AVMR, 
ISOPN_NOAACIMS, pptv, Gas_ISOPN_InSitu_S_AVMR, 
C5H10O3_NOAACIMS, pptv, Gas_C5H10O3_InSitu_S_AVMR, 
C5H9NO5_NOAACIMS, pptv, Gas_C5H9NO5_InSitu_S_AVMR, 
C10H17NO4_NOAACIMS, pptv, Gas_C10H17NO4_InSitu_S_AVMR, 
0
18
PI_CONTACT_INFO: 325 Broadway, R/CSD 7, Boulder, Colorado 80305; michael.a.robinson@noaa.gov; chris.jernigan@noaa.gov;
PLATFORM: NOAA CSL Mobile Lab
LOCATION: SLC, Utah
ASSOCIATED_DATA: 1Hz data also available on request.
INSTRUMENT_INFO: NOAA I- ToF CIMS
DATA_INFO: All data in parts per trillion by volume (pptv). 1 Hz data is available upon request.
UNCERTAINTY: TBD
ULOD_FLAG: -7777
ULOD_VALUE: N/A
LLOD_FLAG: -8888
LLOD_VALUE: N/A
DM_CONTACT_INFO: Nathan Howard; nathan.h.howard@noaa.gov
PROJECT_INFO: USOS, summer 2024. https://csl.noaa.gov/groups/csl7/measurements/2024usos/
STIPULATIONS_ON_USE: Users are strongly encouraged to contact the PI for proper data usage.
OTHER_COMMENTS: 
REVISION: RA
RA: Preliminary Data; For in-field use only
starttime_UTC, C4H7NO5_NOAACIMS, ISOPN_NOAACIMS, C5H10O3_NOAACIMS, C5H9NO5_NOAACIMS, C10H17NO4_NOAACIMS
     0, -9999.000, -9999.000, -9999.000, -9999.000, -9999.000
    60, -9999.000, -9999.000, -9999.000, -9999.000, -9999.000
   120, -9999.000, -9999.000, -9999.000, -9999.000, -9999.000
   180, -9999.000, -9999.000, -9999.000, -9999.000, -9999.000
   240, -9999.000, -9999.000, -9999.000, -9999.000, -9999.000
   300, -9999.000, -9999.000, -9999.000, -9999.000, -9999.000
   360, -9999.000, -9999.000, -9999.000, -9999.000, -9999.000
   420, -9999.000, -9999.000, -9999.000, -9999.000, -9999.000
   480, -9999.000, -9999.000, -9999.000, -9999.000, -9999.000
   540, -9999.000, -9999.000, -9999.000, -9999.000, -9999.000
   600, -9999.000, -9999.000, -9999.000, -9999.000, -9999.000
   660, -9999.000, -9999.000, -9999.000, -9999.000, -9999.000
   720, -9999.000, -9999.000, -9999.000, -9999.000, -9999.000
   780, -9999.000, -9999.000, -9999.000, -9999.000, -9999.000
   840, -9999.000, -9999.000, -9999.000, -9999.000, -9999.000
   900, -9999.000, -9999.000, -9999.000, -9999.000, -9999.000
   960, -9999.000, -9999.000, -9999.000, -9999.000, -9999.000
  1020, -9999.000, -9999.000, -9999.000, -9999.000, -9999.000
  1080, -9999.000, -9999.000, -9999.000, -9999.000, -9999.000
  1140, -9999.000, -9999.000, -9999.000, -9999.000, -9999.000
  1200, -9999.000, -9999.000, -9999.000, -9999.000, -9999.000
  1260, -9999.000, -9999.000, -9999.000, -9999.000, -9999.000
  1320, -9999.000, -9999.000, -9999.000, -9999.000, -9999.000
  1380, -9999.000, -9999.000, -9999.000, -9999.000, -9999.000
  1440, -9999.000, -9999.000, -9999.000, -9999.000, -9999.000
  1500, -9999.000, -9999.000, -9999.000, -9999.000, -9999.000
  1560, -9999.000, -9999.000, -9999.000, -9999.000, -9999.000
  1620, -9999.000, -9999.000, -9999.000, -9999.000, -9999.000
  1680, -9999.000, -9999.000, -9999.000, -9999.000, -9999.000
  1740, -9999.000, -9999.000, -9999.000, -9999.000, -9999.000
  1800, -9999.000, -9999.000, -9999.000, -9999.000, -9999.000
  1860, -9999.000, -9999.000, -9999.000, -9999.000, -9999.000
  1920, -9999.000, -9999.000, -9999.000, -9999.000, -9999.000
  1980, -9999.000, -9999.000, -9999.000, -9999.000, -9999.000
  2040,  7.307, 15.752, 193.800,  4.904,  0.518
  2100,  6.676, 15.122, 198.734,  4.907,  0.509
  2160,  6.020, 14.491, 198.342,  4.743,  0.450
  2220,  5.718, 14.194, 195.543,  4.393,  0.454
  2280,  5.546, 14.300, 195.983,  4.407,  0.385
  2340,  6.468, 10.078, 198.914,  4.762,  8.667
  2400,  8.790, 14.143, 229.922,  1.009,  1.183
  2460,  6.646, 12.385, 180.158,  1.537,  1.590
  2520,  4.976, 12.364, 153.505,  1.690,  1.087
  2580,  3.688, 10.402, 137.581,  1.059,  0.856
  2640,  4.512, 11.901, 155.090,  1.458,  0.770
  2700,  5.485, 12.685, 161.529,  2.187,  0.691
  2760,  6.178, 14.095, 165.370,  2.554,  0.829
  2820,  6.126, 14.397, 164.169,  2.611,  0.902
  2880,  6.192, 15.671, 165.669,  3.060,  0.854
  2940,  6.322, 15.658, 168.220,  3.141,  0.903
  3000,  5.878, 15.858, 172.476,  2.779,  0.784
  3060,  5.713, 16.267, 190.543,  3.298,  0.842
  3120,  5.341, 15.290, 179.253,  2.927,  0.606
  3180,  5.432, 15.381, 179.720,  3.216,  0.784
  3240,  5.521, 15.477, 172.157,  3.344,  0.772
  3300,  5.231, 15.353, 185.007,  3.241,  0.833
  3360,  4.782, 14.458, 184.755,  2.839,  0.621
  3420,  4.682, 15.512, 182.354,  3.019,  0.709
  3480,  4.520, 14.521, 180.655,  2.633,  0.760
  3540,  4.425, 14.252, 184.664,  3.023,  0.261
  3600,  4.302, 12.567, 182.299,  2.375,  0.298
  3660,  4.139, 12.218, 149.213,  2.671,  0.448
  3720,  3.771,  9.455, 120.297,  2.393,  0.135
  3780, -9999.000, -9999.000, -9999.000, -9999.000, -9999.000
  3840,  3.663,  8.783, 95.197,  2.320,  0.118
  3900,  3.771,  9.924, 97.253,  2.436,  0.179
  3960,  3.727, 10.625, 92.490,  2.445,  0.281
  4020,  3.624,  9.080, 93.654,  2.116,  0.073
  4080,  3.732,  9.778, 91.288,  2.516,  0.266
  4140,  3.591,  8.879, 92.764,  2.350, -0.007
  4200,  3.578,  9.499, 88.913,  2.327,  0.210
  4260,  3.500,  8.906, 84.481,  2.394, -0.017
  4320,  3.688, 10.173, 93.553,  2.526,  0.195
  4380,  3.574,  8.962, 97.699,  2.241, -0.019
  4440,  3.692,  9.979, 98.377,  2.393,  0.186
  4500,  3.698,  9.860, 100.552,  2.307,  0.124
  4560,  3.599,  9.290, 101.158,  2.367,  0.011
  4620,  3.776,  9.937, 104.556,  2.563,  0.162
  4680,  3.651,  9.779, 104.818,  2.354,  0.010
  4740,  3.806, 10.531, 112.702,  2.560,  0.174
  4800,  3.719, 10.320, 111.951,  2.496,  0.083
  4860,  3.872, 10.113, 117.724,  2.550,  0.129
  4920,  3.896, 10.642, 116.013,  2.562,  0.119
  4980,  3.969, 10.813, 125.141,  2.758,  0.160
  5040,  3.975, 10.941, 126.448,  2.526,  0.095
  5100,  4.061, 11.184, 130.073,  2.683,  0.025
  5160,  4.033, 11.303, 127.343,  2.630,  0.101
  5220,  4.096, 11.616, 130.892,  2.633,  0.087
  5280,  4.037, 11.528, 131.057,  2.572,  0.032
  5340,  4.087, 11.589, 139.917,  2.633,  0.062
  5400,  4.102, 11.774, 139.642,  2.646,  0.024
  5460,  4.197, 11.844, 148.268,  2.863,  0.077
  5520,  4.182, 11.732, 152.083,  2.863,  0.167
  5580,  4.206, 11.618, 157.599,  2.827,  0.097
  5640, -9999.000, -9999.000, -9999.000, -9999.000, -9999.000
  5700,  4.119, 11.708, 141.097,  2.823,  0.009
  5760,  4.169, 11.992, 155.419,  2.912, -0.019
  5820,  4.361, 13.179, 167.839,  2.982,  0.064
  5880,  4.348, 12.577, 174.422,  2.880, -0.074
  5940,  4.327, 13.268, 172.510,  3.026,  0.017
  6000,  4.378, 13.368, 177.479,  2.944,  0.077
  6060,  4.241, 10.976, 174.142,  2.605, -0.226
  6120,  4.395, 12.996, 173.667,  2.855, -0.084
  6180,  4.377, 12.275, 173.651,  2.832,  0.024
  6240,  4.496, 12.433, 177.322,  3.161,  0.022
  6300,  4.393, 12.536, 174.545,  3.041,  0.012
  6360,  4.357, 11.769, 171.244,  2.329, -0.088
  6420,  4.316, 10.923, 171.656,  1.971, -0.091
  6480,  4.476, 12.924, 174.973,  3.290,  0.096
  6540,  4.412, 12.258, 172.953,  2.893, -0.087
  6600,  4.697, 13.583, 179.600,  3.246,  0.128
  6660,  4.720, 13.451, 182.793,  3.141,  0.111
  6720,  4.611, 13.841, 181.685,  3.233,  0.004
  6780,  4.593, 13.778, 183.538,  3.233, -0.015
  6840,  4.684, 14.169, 184.342,  3.395,  0.093
  6900,  4.698, 14.622, 185.071,  3.252,  0.034
  6960,  4.709, 14.276, 181.556,  3.261,  0.077
  7020,  4.596, 11.882, 179.020,  2.669, -0.097
  7080,  4.626, 13.545, 173.248,  3.168,  0.073
  7140,  4.645, 13.061, 180.957,  3.381, -0.074
  7200,  4.701, 13.833, 173.189,  3.371,  0.084
  7260,  4.649, 13.681, 170.303,  3.150,  0.015
  7320,  4.634, 13.515, 165.655,  3.210, -0.011
  7380,  4.718, 14.716, 168.040,  3.354,  0.179
  7440,  4.691, 14.262, 169.428,  3.474, -0.049
  7500,  4.445,  9.818, 147.124, -0.294, -0.365
  7560,  4.843, 14.638, 160.781,  3.328,  0.095
  7620,  5.079, 15.227, 167.219,  3.620,  0.077
  7680,  5.094, 15.715, 174.005,  3.769,  0.114
  7740,  5.418, 15.232, 168.265,  3.851,  0.196
  7800,  5.224, 15.099, 169.958,  3.947,  0.275
  7860,  5.253, 14.613, 165.159,  3.863,  0.215
  7920,  5.174, 14.781, 167.771,  3.745,  0.248
  7980,  5.198, 14.574, 159.442,  3.883,  0.115
  8040,  5.432, 14.654, 158.981,  4.109,  0.229
  8100,  6.176, 14.672, 145.029,  4.399,  0.266
  8160,  6.221, 14.298, 140.014,  4.531,  0.149
  8220,  6.172, 13.654, 135.826,  4.635,  0.127
  8280,  6.612, 14.308, 132.927,  4.698,  0.239
  8340, -9999.000, -9999.000, -9999.000, -9999.000, -9999.000
  8400, -9999.000, -9999.000, -9999.000, -9999.000, -9999.000
  8460, -9999.000, -9999.000, -9999.000, -9999.000, -9999.000
  8520, -9999.000, -9999.000, -9999.000, -9999.000, -9999.000
  8580, -9999.000, -9999.000, -9999.000, -9999.000, -9999.000
  8640, -9999.000, -9999.000, -9999.000, -9999.000, -9999.000
  8700, -9999.000, -9999.000, -9999.000, -9999.000, -9999.000
  8760, -9999.000, -9999.000, -9999.000, -9999.000, -9999.000
  8820, -9999.000, -9999.000, -9999.000, -9999.000, -9999.000
  8880, -9999.000, -9999.000, -9999.000, -9999.000, -9999.000
  8940, -9999.000, -9999.000, 48.948, -9999.000, -9999.000
  9000,  6.770, -9999.000, 47.631,  4.864,  0.163
  9060,  5.810, -9999.000, 18.571,  4.063,  0.080
  9120,  5.782,  7.144, 14.300,  3.933,  0.013
  9180,  5.824,  6.048, 17.715,  3.031, -0.210
  9240,  6.098,  8.546, 26.076,  4.441,  0.009
  9300,  6.247,  8.571, 34.318,  4.631, -0.074
  9360,  6.462,  8.734, 39.915,  4.421, -0.160
  9420,  6.355,  8.873, 44.866,  4.602, -0.053
  9480,  6.537, 10.781, 47.842,  5.008,  0.047
  9540,  6.578, 11.041, 52.541,  5.433,  0.180
  9600,  5.967, 11.653, 63.859,  5.135,  0.254
  9660,  4.999, 10.084, 81.478,  4.178,  0.016
  9720,  4.837, 10.798, 89.387,  4.374,  0.245
  9780,  4.409, 10.254, 94.402,  3.652,  0.189
  9840,  4.381, 10.638, 105.181,  3.810,  0.280
  9900,  4.283,  9.955, 104.822,  3.649,  0.284
  9960,  4.256, 10.355, 108.296,  3.600,  0.217
 10020,  4.229, 10.981, 117.075,  3.521,  0.268
 10080,  4.073,  8.814, 116.554,  2.709, -0.039
 10140,  4.106, 10.647, 119.124,  3.662,  0.082
 10200,  4.175, 10.964, 121.553,  3.662,  0.214
 10260,  4.253, 11.080, 121.747,  3.798,  0.344
 10320,  4.278, 11.309, 124.480,  3.849,  0.335
 10380,  4.292, 11.130, 125.805,  3.716,  0.297
 10440,  4.251, 11.121, 125.727,  3.725,  0.410
 10500,  4.334, 11.254, 127.536,  3.740,  0.172
 10560,  4.355, 12.124, 128.774,  3.966,  0.341
 10620,  4.483, 12.037, 129.970,  3.921,  0.312
 10680, -9999.000, -9999.000, -9999.000, -9999.000, -9999.000
 10740,  4.387, 11.284, 107.695,  3.969,  0.238
 10800,  4.320, 11.568, 116.444,  4.050,  0.279
 10860,  4.486, 11.707, 124.073,  4.200,  0.300
 10920,  4.451, 11.168, 129.782,  3.897,  0.283
 10980,  4.466, 12.064, 130.610,  4.134,  0.302
 11040,  4.465, 12.034, 132.982,  4.056,  0.302
 11100,  4.483, 12.602, 136.461,  4.231,  0.379
 11160,  4.374, 12.524, 137.412,  4.323,  0.379
 11220,  4.419, 12.799, 141.639,  4.525,  0.423
 11280,  4.236, 12.975, 142.544,  4.334,  0.358
 11340,  4.265, 12.219, 143.535,  4.088,  0.186
 11400,  4.243, 12.447, 147.375,  4.508,  0.234
 11460,  4.311, 13.077, 145.765,  4.507,  0.430
 11520,  4.303, 13.392, 147.080,  4.793,  0.490
 11580,  4.304, 13.571, 156.191,  4.771,  0.391
 11640,  4.344, 13.901, 161.262,  4.897,  0.397
 11700,  4.352, 13.693, 158.028,  4.971,  0.432
 11760,  4.296, 13.598, 156.264,  4.662,  0.324
 11820,  4.230, 12.827, 159.357,  4.792,  0.187
 11880,  4.317, 14.105, 163.068,  5.089,  0.552
 11940,  4.236, 14.361, 162.653,  4.770,  0.422
 12000,  4.269, 13.572, 161.958,  4.897,  0.384
 12060,  4.165, 13.452, 161.304,  4.813,  0.143
 12120,  4.218, 14.875, 165.580,  4.825,  0.510
 12180,  4.211, 15.006, 165.710,  4.758,  0.335
 12240,  4.176, 14.181, 164.503,  4.294,  0.162
 12300,  4.167, 14.852, 168.908,  4.684,  0.291
 12360,  4.140, 15.579, 173.663,  5.138,  0.487
 12420,  4.171, 15.008, 173.635,  5.109,  0.295
 12480,  4.115, 15.355, 173.390,  5.512,  0.242
 12540,  4.060, 15.357, 157.925,  5.550,  0.375
 12600,  4.166, 16.767, 164.821,  5.285,  0.565
 12660,  4.164, 16.153, 169.847,  5.297,  0.508
 12720,  4.230, 15.642, 176.020,  5.355,  0.484
 12780,  3.822, 11.849, 148.385,  4.339,  0.257
 12840,  3.871, 11.662, 138.168,  4.452,  0.184
 12900,  3.805, 11.905, 133.903,  4.443,  0.229
 12960,  3.700, 10.809, 125.038,  4.206,  0.259
 13020,  3.690, 10.917, 128.143,  4.432,  0.271
 13080,  3.624, 11.210, 121.603,  4.409,  0.290
 13140,  3.636, 11.279, 120.545,  4.293,  0.317
 13200,  3.698, 11.626, 121.905,  4.593,  0.360
 13260,  3.685, 11.054, 123.678,  4.394,  0.376
 13320,  3.623, 11.158, 122.222,  4.213,  0.225
 13380,  3.687, 11.140, 122.102,  4.401,  0.344
 13440,  3.663, 11.559, 121.072,  4.333,  0.390
 13500,  3.714, 11.437, 122.067,  4.695,  0.357
 13560,  3.660, 11.021, 120.296,  4.841,  0.492
 13620,  3.769, 11.134, 120.443,  4.959,  0.522
 13680,  3.692, 10.730, 122.740,  5.013,  0.397
 13740,  3.728, 10.879, 125.823,  5.022,  0.290
 13800,  3.772, 10.751, 122.498,  4.461,  0.263
 13860,  3.835, 11.785, 123.664,  5.132,  0.546
 13920,  3.714, 11.338, 118.429,  4.969,  0.596
 13980,  3.721, 11.852, 122.209,  5.328,  0.607
 14040,  3.761, 11.545, 123.195,  5.511,  0.704
 14100,  3.538, 11.084, 117.267,  4.986,  0.623
 14160,  3.567, 10.857, 117.898,  5.113,  0.626
 14220,  3.674, 10.920, 121.260,  5.230,  0.629
 14280,  3.648, 11.251, 121.932,  5.188,  0.641
 14340,  3.550, 12.256, 118.589,  5.886,  0.721
 14400,  3.540,  9.260, 91.300,  5.384,  0.520
 14460,  3.397, 10.040, 102.875,  5.148,  0.488
 14520,  3.366, 10.194, 106.425,  5.221,  0.523
 14580,  3.451, 10.239, 105.451,  5.127,  0.593
 14640,  3.367, 10.427, 106.417,  4.990,  0.493
 14700,  3.313, 10.323, 104.640,  4.763,  0.518
 14760,  3.456, 10.907, 106.166,  5.027,  0.705
 14820,  3.452, 10.410, 105.786,  5.058,  0.666
 14880,  3.195,  8.643, 103.144,  2.199,  0.146
 14940,  3.350, 10.537, 102.037,  4.774,  0.657
 15000,  3.321, 10.569, 100.950,  4.749,  0.737
 15060,  3.147,  9.473, 100.550,  4.742,  0.401
 15120,  3.151,  9.329, 94.305,  4.671,  0.339
 15180,  3.104,  9.496, 98.494,  4.668,  0.354
 15240,  3.152,  9.003, 101.155,  4.269,  0.141
 15300,  3.106,  9.383, 98.861,  4.547,  0.368
 15360,  3.065,  9.674, 96.589,  4.525,  0.296
 15420,  3.056,  9.606, 95.668,  4.501,  0.414
 15480,  2.988,  9.580, 94.425,  4.414,  0.396
 15540,  3.185,  9.765, 94.482,  4.855,  0.581
 15600,  3.037,  9.857, 92.595,  4.636,  0.587
 15660,  3.111, 10.338, 94.644,  4.764,  0.638
 15720,  3.075,  9.815, 92.216,  4.729,  0.573
 15780,  3.023,  9.545, 97.909,  4.969,  0.412
 15840,  2.930,  8.434, 97.831,  4.707,  0.043
 15900,  3.009,  8.695, 97.799,  4.788,  0.169
 15960,  2.933,  8.247, 97.341,  4.813,  0.039
 16020,  2.932,  8.502, 96.037,  4.770,  0.210
 16080,  2.947,  8.889, 97.447,  5.076,  0.258
 16140,  2.961,  8.831, 96.920,  4.971,  0.251
 16200,  2.893,  8.519, 94.474,  5.030,  0.044
 16260,  2.865,  7.603, 86.528,  4.791,  0.071
 16320,  2.893,  8.208, 91.335,  5.010,  0.211
 16380,  2.902,  8.454, 90.177,  5.027,  0.311
 16440,  2.899,  7.966, 90.094,  5.023,  0.153
 16500,  2.807,  7.704, 88.962,  4.919,  0.087
 16560,  2.878,  8.020, 92.258,  5.014,  0.181
 16620,  2.841,  7.667, 91.884,  5.026,  0.063
 16680,  2.858,  7.421, 87.559,  4.749,  0.076
 16740,  2.862,  8.026, 90.146,  5.074,  0.111
 16800,  2.803,  7.393, 89.736,  4.775,  0.055
 16860,  2.756,  7.414, 87.270,  4.774,  0.161
 16920,  2.637,  6.750, 86.123,  4.608, -0.016
 16980,  2.673,  7.643, 83.579,  4.924,  0.199
 17040,  2.580,  6.586, 80.870,  4.577, -0.043
 17100,  2.671,  6.380, 81.705,  4.724, -0.045
 17160,  2.567,  6.788, 79.252,  4.839, -0.094
 17220,  2.570,  6.538, 79.171,  4.497, -0.039
 17280,  2.519,  6.129, 80.886,  4.756, -0.018
 17340,  2.468,  5.778, 78.038,  4.609, -0.109
 17400,  2.531,  6.709, 76.526,  4.647,  0.043
 17460,  2.413,  5.864, 74.569,  4.489, -0.101
 17520,  2.346,  5.415, 70.484,  4.788, -0.146
 17580,  2.461,  6.336, 71.304,  4.762,  0.186
 17640,  2.501,  6.976, 67.914,  4.911,  0.379
 17700,  2.410,  6.784, 66.094,  4.854,  0.356
 17760,  2.482,  6.912, 68.567,  4.864,  0.379
 17820,  2.469,  6.817, 66.073,  4.821,  0.307
 17880,  2.353,  6.664, 66.048,  4.841,  0.331
 17940,  2.487,  6.966, 67.429,  5.079,  0.337
 18000,  2.486,  6.724, 65.045,  5.263,  0.338
 18060, -9999.000, -9999.000, -9999.000, -9999.000, -9999.000
 18120,  2.408,  6.668, 55.583,  4.730,  0.386
 18180,  2.479,  6.447, 59.789,  4.954,  0.365
 18240,  2.464,  6.808, 64.126,  5.113,  0.408
 18300,  2.481,  6.788, 64.272,  5.132,  0.410
 18360,  2.463,  6.507, 63.972,  5.176,  0.426
 18420,  2.359,  6.782, 63.502,  5.077,  0.486
 18480,  2.431,  6.591, 63.070,  5.134,  0.457
 18540,  2.480,  7.006, 64.815,  5.218,  0.448
 18600,  2.387,  6.541, 66.799,  5.098,  0.302
 18660,  2.378,  6.632, 64.222,  4.990,  0.440
 18720,  2.404,  6.741, 64.771,  5.158,  0.466
 18780,  2.470,  6.404, 66.170,  5.393,  0.369
 18840,  2.574,  7.030, 65.681,  5.897,  0.413
 18900,  2.586,  6.850, 69.236,  5.954,  0.483
 18960,  2.620,  7.608, 67.661,  6.326,  0.629
 19020,  2.631,  7.346, 67.158,  6.002,  0.603
 19080,  2.410,  6.055, 63.838,  5.836,  0.516
 19140,  2.604,  7.269, 67.353,  6.245,  0.628
