CampaignData_and_Merges/R0/CSL_MobileLab_Parked/raw/20240723/USOS-NOAAIodideCIMS-OrgNitrs_MobileLabGround_20240723_RA.ict
37, 1001
Michael A Robinson, Chris Jernigan, Subi Thakali
NOAA ESRL Chemical Sciences Laboratory and CIRES, U. of Colorado
NOAA Iodide CIMS Instrument
USOS
1, 1
2024, 07, 23, 2024, 07, 25
1
starttime_UTC, seconds_past_midnight, seconds_of_day_since_00:00:00_UTC
5
1, 1, 1, 1, 1
-9999, -9999, -9999, -9999, -9999
C4H7NO5_NOAACIMS, pptv, Gas_C4H7NO5_InSitu_S_AVMR, 
ISOPN_NOAACIMS, pptv, Gas_ISOPN_InSitu_S_AVMR, 
C5H10O3_NOAACIMS, pptv, Gas_C5H10O3_InSitu_S_AVMR, 
C5H9NO5_NOAACIMS, pptv, Gas_C5H9NO5_InSitu_S_AVMR, 
C10H17NO4_NOAACIMS, pptv, Gas_C10H17NO4_InSitu_S_AVMR, 
0
18
PI_CONTACT_INFO: 325 Broadway, R/CSD 7, Boulder, Colorado 80305; michael.a.robinson@noaa.gov; chris.jernigan@noaa.gov;
PLATFORM: NOAA CSL Mobile Lab
LOCATION: SLC, Utah
ASSOCIATED_DATA: 1Hz data also available on request.
INSTRUMENT_INFO: NOAA I- ToF CIMS
DATA_INFO: All data in parts per trillion by volume (pptv). 1 Hz data is available upon request.
UNCERTAINTY: TBD
ULOD_FLAG: -7777
ULOD_VALUE: N/A
LLOD_FLAG: -8888
LLOD_VALUE: N/A
DM_CONTACT_INFO: Nathan Howard; nathan.h.howard@noaa.gov
PROJECT_INFO: USOS, summer 2024. https://csl.noaa.gov/groups/csl7/measurements/2024usos/
STIPULATIONS_ON_USE: Users are strongly encouraged to contact the PI for proper data usage.
OTHER_COMMENTS: 
REVISION: RA
RA: Preliminary Data; For in-field use only
starttime_UTC, C4H7NO5_NOAACIMS, ISOPN_NOAACIMS, C5H10O3_NOAACIMS, C5H9NO5_NOAACIMS, C10H17NO4_NOAACIMS
[from data line 321]
 19260,  2.582,  7.250, 67.074,  6.511,  0.750
 19320,  2.539,  7.176, 64.364,  6.295,  0.638
 19380,  2.553,  7.008, 63.363,  6.362,  0.733
 19440,  2.528,  7.404, 61.887,  6.257,  0.748
 19500,  2.605,  7.363, 64.734,  6.739,  0.775
 19560,  2.662,  7.472, 67.952,  7.220,  0.815
 19620,  2.640,  7.407, 65.770,  6.871,  0.831
 19680,  2.592,  7.546, 64.312,  6.752,  0.836
 19740,  2.531,  6.724, 63.013,  6.107,  0.609
 19800,  2.440,  6.734, 61.808,  5.912,  0.726
 19860,  2.394,  5.799, 60.875,  5.092,  0.564
 19920, -9999.000, -9999.000, -9999.000, -9999.000, -9999.000
 19980,  2.458,  7.274, 59.201,  5.854,  0.873
 20040,  2.524,  7.576, 61.377,  5.951,  0.971
 20100,  2.508,  7.533, 62.535,  6.216,  0.922
 20160,  2.522,  7.335, 61.147,  5.845,  1.014
 20220,  2.446,  7.309, 62.728,  5.849,  0.956
 20280,  2.400,  7.144, 63.496,  5.787,  0.937
 20340,  2.460,  7.220, 61.527,  5.869,  0.904
 20400,  2.479,  6.889, 63.619,  6.210,  0.914
 20460,  2.464,  6.401, 63.432,  5.810,  0.660
 20520,  2.619,  7.449, 64.003,  6.238,  1.053
 20580,  2.572,  7.203, 64.406,  6.430,  1.035
 20640,  2.575,  7.113, 64.217,  6.503,  1.070
 20700,  2.567,  7.207, 64.429,  6.527,  1.041
 20760,  2.485,  6.619, 64.098,  6.148,  0.966
 20820,  2.450,  6.999, 63.006,  6.010,  0.956
 20880,  2.331,  6.111, 59.789,  5.237,  0.851
 20940,  2.106,  5.064, 56.454,  5.066,  0.616
 21000,  2.067,  5.046, 51.340,  5.120,  0.604
 21060,  2.066,  5.088, 52.637,  5.153,  0.588
 21120,  1.998,  4.400, 53.331,  4.961,  0.416
 21180,  2.033,  4.976, 52.638,  5.254,  0.575
 21240,  2.047,  4.893, 50.141,  5.191,  0.436
 21300,  1.966,  4.249, 48.862,  4.969,  0.497
 21360,  1.941,  3.528, 46.519,  4.705,  0.184
 21420,  1.980,  3.945, 48.574,  4.240,  0.220
 21480,  2.068,  4.310, 49.749,  4.984,  0.459
 21540,  1.959,  4.275, 49.212,  4.789,  0.382
 21600,  2.025,  4.211, 48.821,  4.985,  0.365
 21660,  1.968,  3.695, 48.677,  4.875,  0.251
 21720,  2.025,  4.498, 47.091,  5.077,  0.340
 21780, -9999.000, -9999.000, -9999.000, -9999.000, -9999.000
 21840,  1.956,  3.251, 43.737,  4.884,  0.150
 21900,  1.976,  4.376, 45.608,  5.228,  0.316
 21960,  1.959,  3.898, 43.840,  5.172,  0.185
 22020,  1.939,  4.213, 46.286,  5.343,  0.332
 22080,  2.058,  3.956, 45.885,  5.349,  0.326
 22140,  2.007,  3.758, 45.997,  5.411,  0.208
 22200,  2.090,  4.333, 48.437,  5.591,  0.455
 22260,  2.108,  4.018, 48.175,  5.464,  0.351
 22320,  2.069,  4.465, 46.523,  5.563,  0.401
 22380,  2.128,  4.698, 48.092,  5.854,  0.506
 22440,  2.111,  4.645, 46.938,  6.010,  0.501
 22500,  2.195,  4.658, 47.385,  6.588,  0.513
 22560,  2.308,  5.529, 52.153,  7.176,  0.538
 22620,  2.459,  6.065, 55.135,  8.381,  0.611
 22680,  2.643,  6.366, 58.279,  8.823,  0.695
 22740,  2.845,  7.530, 62.846, 10.705,  0.887
 22800,  2.725,  7.077, 61.786, 10.245,  0.843
 22860,  2.602,  6.242, 58.523,  9.110,  0.778
 22920,  2.299,  5.321, 55.386,  7.701,  0.599
 22980,  2.356,  5.498, 54.668,  7.427,  0.637
 23040,  2.377,  5.293, 54.552,  7.327,  0.488
 23100,  2.318,  5.282, 53.416,  7.211,  0.533
 23160,  2.554,  6.234, 56.561,  9.105,  0.641
 23220,  2.596,  6.219, 57.921,  8.787,  0.685
 23280,  2.443,  5.164, 51.758,  7.886,  0.466
 23340,  2.411,  5.302, 55.025,  8.128,  0.536
 23400,  2.447,  5.549, 55.892,  8.398,  0.599
 23460,  2.415,  5.800, 53.814,  8.284,  0.548
 23520,  2.485,  5.269, 55.766,  8.094,  0.411
 23580,  2.543,  6.090, 55.689,  8.985,  0.573
 23640,  2.690,  6.315, 51.288, 10.100,  0.571
 23700,  3.288,  8.226, 61.353, 12.746,  0.996
 23760,  3.648, 10.071, 74.416, 16.001,  1.261
 23820,  3.736,  9.976, 76.294, 16.360,  1.376
 23880,  3.923, 10.545, 80.327, 17.379,  1.305
 23940,  4.220, 11.650, 86.446, 19.545,  1.493
 24000,  3.497,  9.387, 77.182, 15.974,  1.321
 24060,  2.970,  7.010, 67.877, 12.005,  0.976
 24120,  3.030,  7.538, 70.484, 12.292,  1.127
 24180,  2.412,  5.469, 58.467,  8.783,  0.757
 24240,  2.221,  4.633, 52.867,  7.588,  0.581
 24300,  2.169,  4.616, 49.655,  7.136,  0.547
 24360,  2.075,  4.129, 46.139,  6.712,  0.379
 24420,  2.060,  4.265, 46.210,  6.675,  0.469
 24480,  2.085,  4.431, 45.860,  6.597,  0.404
 24540,  2.062,  3.858, 45.554,  6.458,  0.396
 24600,  1.993,  3.955, 43.166,  6.277,  0.403
 24660,  1.970,  4.138, 42.409,  6.354,  0.384
 24720,  1.977,  3.996, 42.631,  6.345,  0.397
 24780,  2.033,  4.123, 41.781,  6.416,  0.329
 24840,  1.999,  3.947, 42.320,  6.311,  0.295
 24900,  2.086,  4.024, 45.058,  6.616,  0.339
 24960,  2.127,  4.170, 47.472,  6.759,  0.434
 25020,  2.103,  4.505, 47.381,  6.969,  0.391
 25080,  2.132,  4.607, 47.490,  7.115,  0.356
 25140,  2.166,  4.405, 47.012,  7.165,  0.388
 25200,  2.156,  4.207, 46.490,  6.987,  0.331
 25260,  2.158,  4.477, 48.565,  6.975,  0.335
 25320,  2.151,  4.651, 49.887,  7.000,  0.398
 25380,  2.138,  4.433, 49.003,  7.275,  0.376
 25440, -9999.000, -9999.000, -9999.000, -9999.000, -9999.000
 25500,  2.020,  4.284, 41.322,  6.903,  0.325
 25560,  2.104,  4.454, 43.000,  7.282,  0.392
 25620,  2.125,  4.390, 45.200,  7.360,  0.316
 25680,  2.103,  4.540, 46.627,  7.422,  0.387
 25740,  2.118,  4.381, 47.699,  7.451,  0.352
 25800,  2.149,  4.528, 47.530,  7.465,  0.409
 25860,  2.104,  4.407, 47.643,  7.408,  0.339
 25920,  2.157,  4.427, 45.862,  7.404,  0.321
 25980,  2.134,  4.470, 47.728,  7.619,  0.333
 26040,  2.136,  4.583, 48.084,  7.602,  0.385
 26100,  2.182,  4.665, 50.141,  7.706,  0.423
 26160,  2.127,  4.591, 49.672,  7.690,  0.439
 26220,  2.158,  4.691, 51.448,  7.897,  0.381
 26280,  2.254,  4.914, 49.882,  7.900,  0.407
 26340,  2.140,  3.954, 50.776,  7.545,  0.182
 26400,  2.167,  4.302, 51.495,  7.983,  0.241
 26460,  2.244,  4.848, 52.806,  7.908,  0.430
 26520,  2.134,  4.770, 51.398,  7.625,  0.468
 26580,  2.160,  4.569, 51.940,  7.648,  0.427
 26640,  2.143,  4.903, 52.057,  7.573,  0.413
 26700,  2.118,  4.822, 50.583,  7.459,  0.461
 26760,  2.161,  4.661, 50.917,  7.478,  0.364
 26820,  2.223,  4.598, 53.139,  7.738,  0.356
 26880,  2.230,  5.307, 57.823,  7.971,  0.590
 26940,  2.247,  5.203, 57.357,  8.183,  0.462
 27000,  2.274,  5.201, 57.240,  7.806,  0.508
 27060,  2.238,  5.065, 55.767,  7.710,  0.541
 27120,  2.260,  5.234, 55.928,  7.972,  0.491
 27180,  2.275,  5.204, 58.065,  8.122,  0.506
 27240,  2.336,  5.307, 61.554,  7.982,  0.570
 27300, -9999.000, -9999.000, -9999.000, -9999.000, -9999.000
 27360,  2.290,  4.913, 53.488,  7.832,  0.575
 27420,  2.295,  5.066, 56.136,  7.728,  0.584
 27480,  2.284,  5.138, 54.162,  7.362,  0.486
 27540,  2.326,  5.004, 56.782,  7.643,  0.566
 27600,  2.363,  5.193, 60.700,  7.671,  0.638
 27660,  2.361,  5.144, 59.122,  7.755,  0.634
 27720,  2.360,  5.274, 58.382,  7.722,  0.584
 27780,  2.407,  5.296, 58.888,  7.574,  0.649
 27840,  2.395,  5.276, 57.998,  7.627,  0.567
 27900,  2.378,  4.790, 56.542,  7.455,  0.575
 27960,  2.307,  5.157, 58.541,  7.596,  0.628
 28020,  2.429,  5.044, 58.737,  7.368,  0.664
 28080,  2.449,  5.395, 56.186,  7.601,  0.594
 28140,  2.352,  5.206, 58.129,  7.523,  0.592
 28200,  2.358,  5.134, 54.249,  7.362,  0.587
 28260,  2.377,  4.995, 54.478,  7.309,  0.605
 28320,  2.393,  5.291, 57.873,  7.368,  0.648
 28380,  2.413,  5.368, 56.740,  7.535,  0.630
 28440,  2.401,  5.192, 56.096,  7.364,  0.724
 28500,  2.369,  5.378, 56.781,  7.303,  0.573
 28560,  2.437,  5.009, 54.743,  7.385,  0.589
 28620,  2.391,  5.208, 55.325,  7.499,  0.576
 28680,  2.473,  5.867, 59.619,  7.726,  0.714
 28740,  2.526,  5.518, 60.207,  7.822,  0.649
 28800,  2.598,  5.456, 57.915,  7.973,  0.603
 28860,  2.562,  5.633, 58.930,  8.119,  0.663
 28920,  2.540,  5.433, 59.645,  8.059,  0.730
 28980,  2.664,  5.441, 60.210,  8.401,  0.783
 29040,  2.651,  5.536, 63.937,  8.565,  0.802
 29100,  2.723,  5.677, 62.723,  8.265,  0.891
 29160, -9999.000, -9999.000, -9999.000, -9999.000, -9999.000
 29220,  2.527,  5.389, 52.393,  7.812,  0.623
 29280,  2.547,  4.988, 51.851,  7.862,  0.605
 29340,  2.549,  5.255, 54.556,  7.970,  0.623
 29400,  2.563,  5.393, 56.452,  7.981,  0.748
 29460,  2.508,  5.242, 56.625,  7.663,  0.683
 29520,  2.569,  5.179, 55.958,  7.747,  0.787
 29580,  2.526,  5.213, 55.512,  7.675,  0.681
 29640,  2.570,  5.402, 55.629,  7.800,  0.663
 29700,  2.542,  5.348, 55.746,  7.901,  0.665
 29760,  2.591,  5.664, 57.146,  8.018,  0.753
 29820,  2.548,  5.413, 56.953,  7.828,  0.666
 29880,  2.547,  5.172, 54.355,  7.655,  0.676
 29940,  2.571,  5.352, 55.439,  7.773,  0.676
 30000,  2.525,  4.917, 53.810,  7.672,  0.628
 30060,  2.528,  5.104, 53.617,  7.830,  0.662
 30120,  2.454,  5.245, 53.610,  7.625,  0.662
 30180,  2.497,  5.257, 53.632,  7.584,  0.658
 30240,  2.536,  5.227, 53.192,  7.941,  0.693
 30300,  2.552,  4.773, 52.447,  7.831,  0.647
 30360,  2.499,  5.408, 53.389,  7.983,  0.667
 30420,  2.512,  4.841, 53.726,  7.887,  0.731
 30480,  2.549,  5.033, 55.759,  7.981,  0.723
 30540,  2.585,  5.156, 54.736,  7.928,  0.685
 30600,  2.571,  5.086, 55.110,  7.870,  0.673
 30660,  2.549,  5.349, 55.462,  7.935,  0.754
 30720,  2.562,  5.237, 54.517,  8.251,  0.727
 30780,  2.621,  5.434, 56.787,  8.431,  0.661
 30840,  2.655,  5.485, 59.867,  8.407,  0.757
 30900,  2.674,  5.530, 59.977,  8.520,  0.730
 30960,  2.614,  5.058, 56.417,  8.312,  0.646
 31020,  2.551,  4.744, 52.813,  8.189,  0.416
 31080,  2.569,  5.071, 50.960,  7.840,  0.595
 31140,  2.630,  5.077, 53.777,  7.990,  0.626
 31200,  2.590,  5.365, 56.299,  8.223,  0.673
 31260,  2.605,  5.107, 56.068,  8.195,  0.633
 31320,  2.653,  5.118, 55.462,  8.250,  0.755
 31380,  2.615,  5.004, 56.204,  8.342,  0.667
 31440,  2.673,  5.025, 54.694,  8.193,  0.643
 31500,  2.659,  5.008, 55.376,  8.159,  0.645
 31560,  2.650,  5.278, 55.643,  8.497,  0.695
 31620,  2.648,  5.143, 55.188,  8.151,  0.642
 31680,  2.670,  4.748, 52.113,  8.178,  0.701
 31740,  2.688,  4.922, 53.114,  8.244,  0.616
 31800,  2.651,  5.284, 57.717,  8.472,  0.665
 31860,  2.680,  5.159, 56.256,  8.317,  0.632
 31920,  2.646,  5.163, 55.416,  8.446,  0.694
 31980,  2.645,  5.248, 56.549,  8.355,  0.660
 32040,  2.703,  5.212, 54.419,  8.498,  0.623
 32100,  2.700,  5.315, 55.058,  8.370,  0.663
 32160,  2.716,  5.191, 56.943,  8.507,  0.690
 32220,  2.714,  5.069, 56.507,  8.251,  0.721
 32280,  2.669,  5.430, 57.900,  8.272,  0.648
 32340,  2.667,  5.063, 56.829,  8.253,  0.596
 32400,  2.677,  4.996, 54.480,  8.004,  0.634
 32460,  2.683,  5.264, 54.261,  7.911,  0.648
 32520,  2.660,  4.963, 56.235,  8.102,  0.695
 32580,  2.692,  5.124, 56.558,  8.023,  0.599
 32640,  2.694,  5.231, 56.981,  8.014,  0.617
 32700,  2.652,  5.274, 57.162,  7.996,  0.703
 32760,  2.718,  4.887, 53.973,  7.787,  0.625
 32820,  3.018,  7.696, 50.406,  8.483,  0.144
 32880,  2.568,  4.839, 48.161,  7.578,  0.529
 32940,  2.706,  5.245, 52.260,  7.900,  0.523
 33000,  2.730,  4.909, 52.770,  7.811,  0.542
 33060,  2.717,  4.990, 53.429,  8.082,  0.634
 33120,  2.730,  5.207, 53.115,  8.060,  0.673
 33180,  2.757,  5.239, 54.220,  8.038,  0.606
 33240,  2.692,  4.625, 55.584,  8.070,  0.493
 33300,  2.763,  4.956, 56.288,  8.059,  0.542
 33360,  2.736,  4.812, 56.104,  8.130,  0.573
 33420,  2.690,  4.520, 55.688,  8.040,  0.458
 33480,  2.762,  4.955, 56.309,  8.242,  0.386
 33540,  2.723,  4.914, 56.193,  8.108,  0.530
 33600,  2.762,  5.221, 59.626,  8.586,  0.520
 33660,  2.874,  5.451, 59.759,  8.566,  0.646
 33720,  2.827,  5.360, 57.555,  8.397,  0.555
 33780,  2.806,  5.389, 57.265,  8.132,  0.566
 33840,  2.789,  5.179, 57.652,  8.127,  0.620
 33900,  2.863,  5.328, 58.727,  8.456,  0.603
 33960,  2.839,  5.420, 59.096,  8.596,  0.576
 34020,  2.879,  5.458, 60.203,  8.433,  0.635
 34080,  2.830,  5.199, 56.197,  8.440,  0.570
 34140,  2.822,  5.428, 56.426,  8.247,  0.627
 34200,  2.805,  5.677, 60.197,  8.338,  0.615
 34260,  2.982,  5.341, 60.406,  8.572,  0.706
 34320,  2.849,  5.120, 57.816,  8.253,  0.534
 34380,  2.879,  5.628, 59.337,  8.370,  0.510
 34440,  2.861,  5.557, 57.081,  8.449,  0.578
 34500,  2.831,  5.138, 58.312,  8.314,  0.495
 34560,  2.792,  5.339, 59.800,  8.274,  0.497
 34620,  2.922,  5.495, 59.132,  8.323,  0.666
 34680,  2.871,  5.555, 58.068,  8.196,  0.561
 34740,  2.850,  5.387, 55.119,  8.172,  0.567
 34800,  2.866,  5.278, 56.296,  8.262,  0.590
 34860,  2.869,  5.581, 58.869,  8.246,  0.555
 34920,  2.858,  5.404, 59.662,  8.425,  0.629
 34980,  2.914,  5.585, 58.595,  8.240,  0.553
 35040,  2.909,  5.569, 58.212,  8.288,  0.652
 35100,  2.961,  5.566, 59.669,  8.430,  0.575
 35160,  2.895,  5.470, 59.473,  8.421,  0.590
 35220,  2.977,  5.456, 61.387,  8.342,  0.647
 35280,  2.959,  5.535, 60.213,  8.174,  0.632
 35340,  2.957,  5.455, 59.520,  8.291,  0.605
 35400,  2.925,  5.279, 56.737,  8.045,  0.551
 35460,  2.933,  5.416, 59.319,  8.203,  0.550
 35520,  2.945,  5.412, 60.542,  8.206,  0.593
 35580,  2.944,  5.222, 60.940,  8.274,  0.544
 35640,  2.984,  5.363, 60.071,  8.049,  0.582
 35700,  2.953,  5.514, 59.440,  8.000,  0.624
 35760,  2.913,  5.393, 59.748,  8.046,  0.562
 35820,  2.961,  5.378, 60.027,  8.049,  0.625
 35880,  2.992,  5.375, 61.091,  8.143,  0.619
 35940,  2.913,  5.223, 59.470,  8.038,  0.648
 36000,  2.960,  5.142, 57.746,  7.988,  0.671
 36060,  2.881,  5.434, 57.438,  7.933,  0.738
 36120,  2.909,  5.257, 57.787,  7.941,  0.822
 36180,  2.900,  5.073, 56.672,  7.833,  0.823
 36240,  2.960,  5.226, 56.798,  7.772,  0.700
 36300,  2.917,  5.160, 58.249,  8.129,  0.625
 36360,  2.957,  5.035, 57.084,  7.779,  0.505
 36420,  2.999,  5.099, 57.356,  7.908,  0.628
 36480,  2.970,  5.197, 60.212,  7.865,  0.639
 36540, -9999.000, -9999.000, -9999.000, -9999.000, -9999.000
 36600,  2.938,  4.994, 50.496,  7.523,  0.540
 36660,  2.843,  4.260, 51.038,  7.461,  0.379
 36720,  2.833,  4.122, 50.592,  7.502,  0.398
 36780,  2.795,  4.090, 53.291,  7.539,  0.369
 36840,  2.842,  4.575, 55.126,  8.051,  0.576
 36900,  2.810,  4.228, 54.393,  7.591,  0.551
 36960,  2.749,  4.415, 53.728,  7.428,  0.566
 37020,  2.858,  4.308, 54.817,  7.554,  0.429
 37080,  2.797,  4.191, 54.488,  7.465,  0.369
 37140,  2.972,  4.533, 57.217,  7.690,  0.548
 37200,  2.922,  5.036, 57.025,  7.768,  0.662
 37260,  2.817,  4.703, 55.469,  7.561,  0.620
 37320,  2.957,  5.119, 55.701,  7.751,  0.551
 37380,  2.895,  5.030, 55.552,  7.792,  0.563
 37440,  2.920,  4.948, 58.995,  7.526,  0.588
 37500,  2.884,  4.881, 56.670,  7.761,  0.574
 37560,  2.850,  4.893, 55.549,  7.444,  0.587
 37620,  2.922,  4.989, 55.770,  7.327,  0.511
 37680,  2.819,  4.641, 56.354,  7.241,  0.646
 37740,  2.874,  4.711, 54.868,  7.229,  0.504
 37800,  2.898,  4.549, 56.959,  7.236,  0.533
 37860,  2.887,  5.000, 55.706,  7.153,  0.498
 37920,  2.844,  4.713, 54.548,  7.366,  0.560
 37980,  2.836,  4.596, 54.674,  7.379,  0.508
 38040,  2.911,  4.805, 56.864,  7.389,  0.511
 38100,  2.904,  4.343, 57.684,  7.187,  0.524
 38160,  2.848,  4.757, 55.762,  7.240,  0.495
 38220,  2.883,  4.533, 56.861,  7.435,  0.527
 38280,  2.794,  4.581, 55.342,  7.381,  0.447
 38340,  2.847,  4.664, 55.617,  7.184,  0.516
 38400,  2.740,  4.057, 54.704,  6.566,  0.492
 38460,  2.808,  4.354, 52.579,  7.322,  0.434
 38520,  2.779,  4.303, 53.746,  7.160,  0.468
 38580,  2.770,  4.555, 53.349,  7.235,  0.473
 38640,  2.785,  4.225, 54.533,  6.575,  0.389
 38700,  2.787,  4.371, 56.013,  7.263,  0.455
 38760,  2.828,  4.603, 55.256,  7.190,  0.482
 38820,  2.892,  4.398, 57.781,  7.205,  0.518
 38880,  2.849,  4.810, 55.251,  7.136,  0.532
 38940,  2.831,  4.481, 55.666,  7.173,  0.462
 39000,  2.827,  4.756, 59.147,  7.220,  0.646
 39060,  2.909,  4.665, 58.834,  7.376,  0.603
 39120,  2.850,  4.417, 56.916,  7.277,  0.568
 39180,  2.876,  4.110, 55.967,  7.329,  0.483
 39240,  2.866,  4.501, 57.317,  7.288,  0.572
 39300,  2.898,  4.236, 56.714,  7.262,  0.528
 39360,  2.899,  4.417, 56.108,  7.318,  0.534
 39420,  2.906,  4.702, 57.755,  7.450,  0.628
 39480,  2.862,  4.419, 56.184,  7.209,  0.548
