CampaignData_and_Merges/R0/CSL_MobileLab_Parked/raw/20240723/USOS-jNO2_MobileLabGround_20240723_R0.ict
52,1001
Waxman, E.; Rollins, A.; Zuraski, K.; Chace, W.
NOAA Chemical Sciences Laboratory
jNO2 filter radiometer on CSL Mobile Lab
AMMBEC / USOS
1, 1
2024,07,23, 2025,04,01
60
Time_Start, seconds, number_of_seconds_since_0000_UTC
20
1, 1, 1, 1, 1, 1, 1, 1, 1, 1, 1, 1, 1, 1, 1, 1, 1, 1, 1, 1
-9999, -9999, -9999, -9999, -9999, -9999, -9999, -9999, -9999, -9999, -9999, -9999, -9999, -9999, -9999, -9999, -9999, -9999, -9999, -9999
Time_Stop, seconds, number_of_seconds_since_0000_UTC
jNO2_meas, per second, photolysis rate of NO2 measured using a filter radiometer.
jBrCl, per second, photolysis rate of BrCl -> Br + Cl calculated in TUV for cloud-free sky with local AOD
jBr2, per second, photolysis rate of Br2 -> Br + Br calculated in TUV for cloud-free sky with local AOD
jCCl4, per second, photolysis rate of CCl4 -> Products calcualted in TUV for cloud-free sky with local AOD
jCH2Oa, per second, photolysis rate of CH2O -> H + HCO calculated in TUV for cloud-free sky with local AOD
jCH2Ob, per second, photolysis rate of CH2O -> H2 + CO calculated in TUV for cloud-free sky with local AOD
jClNO2, per second, photolysis rate of ClNO2 -> Cl + NO2 calculated in TUV for cloud-free sky with local AOD
jClOa, per second, photolysis rate of ClO -> Cl + O(1D) calculated in TUV for cloud-free sky with local AOD
jClOb, per second, photolysis rate of ClO -> Cl + O(3P) calculated in TUV for cloud-free sky with local AOD
jCl2, per second, photolysis rate of Cl2 -> Cl + Cl calculated in TUV for cloud-free sky with local AOD
jHNO2, per second, photolysis rate of HNO2 -> OH + NO calculated in TUV for cloud-free sky with local AOD
jHNO3, per second, photolysis rate of HNO3 -> OH + NO2 calculated in TUV for cloud-free sky with local AOD
jI2, per second, photolysis rate of I2 -> I + I calculated in TUV for cloud-free sky with local AOD
jNO2, per second, photolysis rate of NO2 -> NO + O(3P) calculated in TUV for cloud-free sky with local AOD
jNO3a, per second, photolysis rate of NO3 -> NO + O2 calculated in TUV for cloud-free sky with local AOD
jNO3b, per second, photolysis rate of NO3 -> NO2 + O(3P) calculated in TUV for cloud-free sky with local AOD
jN2O5, per second, photolysis rate of N2O5 -> NO3 + NO + O(3P) calculated in TUV for cloud-free sky with local AOD
jO3, per second, photolysis rate of O3 -> O2 + O(1D) calculated in TUV for cloud-free sky with local AOD
AOD_500nm, unitless, UTC daily mean AOD at 500 nm from an AERONET station located at 40.178 N, -112.452 E
0
18
PI_CONTACT_INFO: eleanor.waxman@noaa.gov
PLATFORM: CSL Mobile Lab, at ground site
LOCATION: Salt Lake City, UT
ASSOCIATED_DATA:
INSTRUMENT_INFO: jNO2 filter radiometer.  TUV calculations are for mobile van lat/lon/altitude assuming clear sky (cloud AOD = 0) and daily mean AOD.
DATA_INFO:
UNCERTAINTY: Data uncertainties are +/- 20%.  These come from uncertainties in radiometer angular response, radiometer thermal response, local interferences from clouds/aerosols/shadows etc.
ULOD_FLAG: -7777
ULOD_VALUE: N/A
LLOD_FLAG: -8888
LLOD_VALUE: N/A
DM_CONTACT_INFO: eleanor.waxman@noaa.gov
PROJECT_INFO: USOS Project, July - August 2024
STIPULATIONS_ON_USE: Users are strongly encouraged to contact the PI for proper data usage.
OTHER_COMMENTS: 
REVISION: R0
R0: final data
Time_Start, Time_Stop, jNO2_meas, jBrCl, jBr2, jCCl4, jCH2Oa, jCH2Ob, jClNO2, jClOa, jClOb, jCl2, jHNO2, jHNO3, jI2, jNO2, jNO3a, jNO3b, jN2O5, jO3, AOD_500nm
[from data line 1124]
   67440,   67500,-9999,0.01059,0.03236,6.569e-22,3.131e-05,4.634e-05,0.0004585,3.249e-22,4.761e-05,0.002244,0.001461,5.734e-07,0.1167,0.009003,0.02274,0.1813,4.123e-05,3.139e-05,0.487
   67500,   67560,-9999,0.01059,0.03237,6.726e-22,3.134e-05,4.637e-05,0.0004589,3.327e-22,4.768e-05,0.002246,0.001462,5.74e-07,0.1167,0.009007,0.02274,0.1814,4.126e-05,3.145e-05,0.487
   67560,   67620,-9999,0.01059,0.03238,6.883e-22,3.137e-05,4.64e-05,0.0004592,3.405e-22,4.776e-05,0.002247,0.001463,5.747e-07,0.1168,0.009012,0.02274,0.1814,4.13e-05,3.15e-05,0.487
   67620,   67680,-9999,0.0106,0.03239,7.031e-22,3.14e-05,4.643e-05,0.0004595,3.479e-22,4.783e-05,0.002248,0.001464,5.754e-07,0.1168,0.009016,0.02275,0.1814,4.132e-05,3.154e-05,0.487
   67680,   67740,-9999,0.0106,0.0324,7.186e-22,3.142e-05,4.646e-05,0.0004598,3.557e-22,4.79e-05,0.002249,0.001464,5.76e-07,0.1168,0.00902,0.02275,0.1815,4.135e-05,3.159e-05,0.487
   67740,   67800,-9999,0.01061,0.03241,7.343e-22,3.145e-05,4.649e-05,0.00046,3.635e-22,4.797e-05,0.00225,0.001465,5.766e-07,0.1168,0.009024,0.02275,0.1815,4.138e-05,3.164e-05,0.487
   67800,   67860,-9999,0.01061,0.03241,7.489e-22,3.147e-05,4.652e-05,0.0004603,3.708e-22,4.803e-05,0.002252,0.001466,5.772e-07,0.1169,0.009027,0.02276,0.1815,4.141e-05,3.168e-05,0.487
   67860,   67920,-9999,0.01061,0.03242,7.645e-22,3.15e-05,4.654e-05,0.0004606,3.785e-22,4.81e-05,0.002253,0.001466,5.778e-07,0.1169,0.009031,0.02276,0.1816,4.144e-05,3.173e-05,0.487
   67920,   67980,-9999,0.01062,0.03243,7.799e-22,3.152e-05,4.657e-05,0.0004609,3.863e-22,4.816e-05,0.002254,0.001467,5.784e-07,0.1169,0.009035,0.02277,0.1816,4.147e-05,3.177e-05,0.487
   67980,   68040,-9999,0.01062,0.03244,7.943e-22,3.154e-05,4.66e-05,0.0004611,3.935e-22,4.822e-05,0.002255,0.001468,5.79e-07,0.1169,0.009038,0.02277,0.1816,4.149e-05,3.182e-05,0.487
   68040,   68100,-9999,0.01062,0.03245,8.093e-22,3.157e-05,4.662e-05,0.0004614,4.01e-22,4.828e-05,0.002256,0.001468,5.795e-07,0.117,0.009042,0.02277,0.1817,4.152e-05,3.186e-05,0.487
   68100,   68160,-9999,0.01063,0.03245,8.244e-22,3.159e-05,4.665e-05,0.0004616,4.085e-22,4.834e-05,0.002257,0.001469,5.801e-07,0.117,0.009045,0.02277,0.1817,4.154e-05,3.19e-05,0.487
   68160,   68220,-9999,0.01063,0.03246,8.384e-22,3.161e-05,4.667e-05,0.0004618,4.155e-22,4.84e-05,0.002258,0.001469,5.806e-07,0.117,0.009048,0.02278,0.1817,4.157e-05,3.194e-05,0.487
   68220,   68280,-9999,0.01063,0.03247,8.531e-22,3.163e-05,4.669e-05,0.0004621,4.229e-22,4.846e-05,0.002259,0.00147,5.811e-07,0.117,0.009052,0.02278,0.1818,4.159e-05,3.197e-05,0.487
   68280,   68340,-9999,0.01063,0.03248,8.677e-22,3.165e-05,4.672e-05,0.0004623,4.301e-22,4.851e-05,0.00226,0.001471,5.816e-07,0.117,0.009055,0.02278,0.1818,4.161e-05,3.201e-05,0.487
   68340,   68400,-9999,0.01064,0.03248,8.811e-22,3.167e-05,4.674e-05,0.0004625,4.368e-22,4.856e-05,0.002261,0.001471,5.82e-07,0.1171,0.009058,0.02279,0.1818,4.163e-05,3.205e-05,0.487
   68400,   68460,-9999,0.01064,0.03249,8.951e-22,3.169e-05,4.676e-05,0.0004627,4.438e-22,4.861e-05,0.002261,0.001472,5.825e-07,0.1171,0.009061,0.02279,0.1818,4.166e-05,3.208e-05,0.487
   68460,   68520,-9999,0.01064,0.0325,9.089e-22,3.171e-05,4.678e-05,0.0004629,4.507e-22,4.866e-05,0.002262,0.001472,5.83e-07,0.1171,0.009063,0.02279,0.1819,4.168e-05,3.212e-05,0.487
   68520,   68580,-9999,0.01064,0.0325,9.217e-22,3.172e-05,4.68e-05,0.0004631,4.571e-22,4.871e-05,0.002263,0.001472,5.834e-07,0.1171,0.009066,0.02279,0.1819,4.17e-05,3.215e-05,0.487
   68580,   68640,-9999,0.01065,0.03251,9.35e-22,3.174e-05,4.682e-05,0.0004633,4.638e-22,4.876e-05,0.002264,0.001473,5.838e-07,0.1171,0.009069,0.0228,0.1819,4.172e-05,3.218e-05,0.487
   68640,   68700,-9999,0.01065,0.03251,9.48e-22,3.176e-05,4.684e-05,0.0004635,4.703e-22,4.88e-05,0.002265,0.001473,5.842e-07,0.1171,0.009071,0.0228,0.1819,4.174e-05,3.221e-05,0.487
   68700,   68760,-9999,0.01065,0.03252,9.597e-22,3.177e-05,4.686e-05,0.0004637,4.761e-22,4.884e-05,0.002265,0.001474,5.846e-07,0.1172,0.009074,0.0228,0.1819,4.175e-05,3.224e-05,0.487
   68760,   68820,-9999,0.01065,0.03252,9.721e-22,3.179e-05,4.687e-05,0.0004638,4.823e-22,4.888e-05,0.002266,0.001474,5.85e-07,0.1172,0.009076,0.0228,0.182,4.177e-05,3.227e-05,0.487
   68820,   68880,-9999,0.01066,0.03253,9.841e-22,3.18e-05,4.689e-05,0.000464,4.883e-22,4.892e-05,0.002267,0.001475,5.853e-07,0.1172,0.009078,0.0228,0.182,4.179e-05,3.23e-05,0.487
   68880,   68940,-9999,0.01066,0.03253,9.95e-22,3.182e-05,4.691e-05,0.0004642,4.938e-22,4.896e-05,0.002267,0.001475,5.857e-07,0.1172,0.00908,0.02281,0.182,4.18e-05,3.232e-05,0.487
   68940,   69000,-9999,0.01066,0.03254,1.006e-21,3.183e-05,4.692e-05,0.0004643,4.994e-22,4.9e-05,0.002268,0.001475,5.86e-07,0.1172,0.009082,0.02281,0.182,4.182e-05,3.235e-05,0.487
   69000,   69060,-9999,0.01066,0.03254,1.017e-21,3.184e-05,4.694e-05,0.0004644,5.048e-22,4.903e-05,0.002268,0.001476,5.863e-07,0.1172,0.009084,0.02281,0.182,4.183e-05,3.237e-05,0.487
   69060,   69120,-9999,0.01066,0.03255,1.027e-21,3.185e-05,4.695e-05,0.0004646,5.097e-22,4.906e-05,0.002269,0.001476,5.866e-07,0.1172,0.009086,0.02281,0.1821,4.185e-05,3.239e-05,0.487
   69120,   69180,-9999,0.01067,0.03255,1.037e-21,3.187e-05,4.696e-05,0.0004647,5.147e-22,4.91e-05,0.002269,0.001476,5.869e-07,0.1172,0.009088,0.02281,0.1821,4.186e-05,3.241e-05,0.487
   69180,   69240,-9999,0.01067,0.03255,1.046e-21,3.188e-05,4.697e-05,0.0004648,5.195e-22,4.913e-05,0.00227,0.001477,5.872e-07,0.1173,0.00909,0.02281,0.1821,4.187e-05,3.243e-05,0.487
   69240,   69300,-9999,0.01067,0.03256,1.055e-21,3.189e-05,4.699e-05,0.0004649,5.238e-22,4.915e-05,0.00227,0.001477,5.874e-07,0.1173,0.009091,0.02282,0.1821,4.188e-05,3.245e-05,0.487
   69300,   69360,-9999,0.01067,0.03256,1.064e-21,3.19e-05,4.7e-05,0.0004651,5.281e-22,4.918e-05,0.002271,0.001477,5.876e-07,0.1173,0.009093,0.02282,0.1821,4.189e-05,3.247e-05,0.487
   69360,   69420,-9999,0.01067,0.03256,1.072e-21,3.191e-05,4.701e-05,0.0004652,5.321e-22,4.921e-05,0.002271,0.001477,5.879e-07,0.1173,0.009094,0.02282,0.1821,4.19e-05,3.249e-05,0.487
   69420,   69480,-9999,0.01067,0.03257,1.079e-21,3.191e-05,4.702e-05,0.0004652,5.357e-22,4.923e-05,0.002272,0.001478,5.881e-07,0.1173,0.009095,0.02282,0.1821,4.191e-05,3.25e-05,0.487
   69480,   69540,-9999,0.01067,0.03257,1.086e-21,3.192e-05,4.703e-05,0.0004653,5.393e-22,4.925e-05,0.002272,0.001478,5.883e-07,0.1173,0.009096,0.02282,0.1821,4.192e-05,3.252e-05,0.487
   69540,   69600,-9999,0.01067,0.03257,1.093e-21,3.193e-05,4.703e-05,0.0004654,5.427e-22,4.927e-05,0.002272,0.001478,5.885e-07,0.1173,0.009098,0.02282,0.1821,4.193e-05,3.253e-05,0.487
   69600,   69660,-9999,0.01068,0.03257,1.099e-21,3.194e-05,4.704e-05,0.0004655,5.456e-22,4.929e-05,0.002273,0.001478,5.886e-07,0.1173,0.009099,0.02282,0.1822,4.194e-05,3.254e-05,0.487
   69660,   69720,-9999,0.01068,0.03258,1.104e-21,3.194e-05,4.705e-05,0.0004656,5.484e-22,4.93e-05,0.002273,0.001478,5.888e-07,0.1173,0.009099,0.02282,0.1822,4.195e-05,3.256e-05,0.487
   69720,   69780,-9999,0.01068,0.03258,1.109e-21,3.195e-05,4.705e-05,0.0004656,5.508e-22,4.932e-05,0.002273,0.001478,5.889e-07,0.1173,0.0091,0.02282,0.1822,4.195e-05,3.257e-05,0.487
   69780,   69840,-9999,0.01068,0.03258,1.113e-21,3.195e-05,4.706e-05,0.0004657,5.53e-22,4.933e-05,0.002273,0.001479,5.89e-07,0.1173,0.009101,0.02283,0.1822,4.196e-05,3.257e-05,0.487
   69840,   69900,-9999,0.01068,0.03258,1.117e-21,3.196e-05,4.706e-05,0.0004657,5.55e-22,4.934e-05,0.002274,0.001479,5.891e-07,0.1173,0.009102,0.02283,0.1822,4.196e-05,3.258e-05,0.487
   69900,   69960,-9999,0.01068,0.03258,1.121e-21,3.196e-05,4.707e-05,0.0004658,5.567e-22,4.935e-05,0.002274,0.001479,5.892e-07,0.1173,0.009102,0.02283,0.1822,4.197e-05,3.259e-05,0.487
   69960,   70020,-9999,0.01068,0.03258,1.123e-21,3.196e-05,4.707e-05,0.0004658,5.581e-22,4.936e-05,0.002274,0.001479,5.893e-07,0.1173,0.009103,0.02283,0.1822,4.197e-05,3.26e-05,0.487
   70020,   70080,-9999,0.01068,0.03258,1.126e-21,3.197e-05,4.708e-05,0.0004658,5.592e-22,4.937e-05,0.002274,0.001479,5.894e-07,0.1173,0.009103,0.02283,0.1822,4.197e-05,3.26e-05,0.487
   70080,   70140,-9999,0.01068,0.03258,1.127e-21,3.197e-05,4.708e-05,0.0004658,5.6e-22,4.937e-05,0.002274,0.001479,5.894e-07,0.1173,0.009103,0.02283,0.1822,4.197e-05,3.26e-05,0.487
   70140,   70200,-9999,0.01068,0.03259,1.128e-21,3.197e-05,4.708e-05,0.0004659,5.605e-22,4.938e-05,0.002274,0.001479,5.894e-07,0.1173,0.009103,0.02283,0.1822,4.198e-05,3.261e-05,0.487
   70200,   70260,-9999,0.01068,0.03259,1.129e-21,3.197e-05,4.708e-05,0.0004659,5.608e-22,4.938e-05,0.002274,0.001479,5.894e-07,0.1173,0.009104,0.02283,0.1822,4.198e-05,3.261e-05,0.487
   70260,   70320,-9999,0.01068,0.03259,1.129e-21,3.197e-05,4.708e-05,0.0004659,5.609e-22,4.938e-05,0.002274,0.001479,5.894e-07,0.1173,0.009104,0.02283,0.1822,4.198e-05,3.261e-05,0.487
   70320,   70380,-9999,0.01068,0.03259,1.129e-21,3.197e-05,4.708e-05,0.0004659,5.606e-22,4.938e-05,0.002274,0.001479,5.894e-07,0.1173,0.009104,0.02283,0.1822,4.198e-05,3.261e-05,0.487
   70380,   70440,-9999,0.01068,0.03258,1.127e-21,3.197e-05,4.708e-05,0.0004658,5.599e-22,4.937e-05,0.002274,0.001479,5.894e-07,0.1173,0.009103,0.02283,0.1822,4.197e-05,3.26e-05,0.487
   70440,   70500,-9999,0.01068,0.03258,1.126e-21,3.197e-05,4.707e-05,0.0004658,5.591e-22,4.937e-05,0.002274,0.001479,5.893e-07,0.1173,0.009103,0.02283,0.1822,4.197e-05,3.26e-05,0.487
   70500,   70560,-9999,0.01068,0.03258,1.123e-21,3.196e-05,4.707e-05,0.0004658,5.58e-22,4.936e-05,0.002274,0.001479,5.893e-07,0.1173,0.009103,0.02283,0.1822,4.197e-05,3.26e-05,0.487
   70560,   70620,-9999,0.01068,0.03258,1.121e-21,3.196e-05,4.707e-05,0.0004658,5.566e-22,4.935e-05,0.002274,0.001479,5.892e-07,0.1173,0.009102,0.02283,0.1822,4.197e-05,3.259e-05,0.487
   70620,   70680,-9999,0.01068,0.03258,1.117e-21,3.196e-05,4.706e-05,0.0004657,5.549e-22,4.934e-05,0.002274,0.001479,5.891e-07,0.1173,0.009102,0.02283,0.1822,4.196e-05,3.258e-05,0.487
   70680,   70740,-9999,0.01068,0.03258,1.113e-21,3.195e-05,4.706e-05,0.0004657,5.53e-22,4.933e-05,0.002273,0.001479,5.89e-07,0.1173,0.009101,0.02283,0.1822,4.196e-05,3.257e-05,0.487
   70740,   70800,-9999,0.01068,0.03258,1.109e-21,3.195e-05,4.705e-05,0.0004656,5.507e-22,4.932e-05,0.002273,0.001478,5.889e-07,0.1173,0.0091,0.02282,0.1822,4.195e-05,3.257e-05,0.487
   70800,   70860,-9999,0.01068,0.03258,1.104e-21,3.194e-05,4.705e-05,0.0004656,5.481e-22,4.93e-05,0.002273,0.001478,5.888e-07,0.1173,0.009099,0.02282,0.1822,4.195e-05,3.255e-05,0.487
   70860,   70920,-9999,0.01068,0.03257,1.098e-21,3.194e-05,4.704e-05,0.0004655,5.455e-22,4.929e-05,0.002273,0.001478,5.886e-07,0.1173,0.009099,0.02282,0.1822,4.194e-05,3.254e-05,0.487
   70920,   70980,-9999,0.01067,0.03257,1.092e-21,3.193e-05,4.703e-05,0.0004654,5.424e-22,4.927e-05,0.002272,0.001478,5.884e-07,0.1173,0.009097,0.02282,0.1821,4.193e-05,3.253e-05,0.487
   70980,   71040,-9999,0.01067,0.03257,1.086e-21,3.192e-05,4.703e-05,0.0004653,5.391e-22,4.925e-05,0.002272,0.001478,5.883e-07,0.1173,0.009096,0.02282,0.1821,4.192e-05,3.252e-05,0.487
   71040,   71100,-9999,0.01067,0.03257,1.079e-21,3.191e-05,4.702e-05,0.0004652,5.358e-22,4.923e-05,0.002272,0.001478,5.881e-07,0.1173,0.009095,0.02282,0.1821,4.191e-05,3.25e-05,0.487
   71100,   71160,-9999,0.01067,0.03256,1.071e-21,3.191e-05,4.701e-05,0.0004651,5.318e-22,4.92e-05,0.002271,0.001477,5.879e-07,0.1173,0.009094,0.02282,0.1821,4.19e-05,3.249e-05,0.487
   71160,   71220,-9999,0.01067,0.03256,1.063e-21,3.19e-05,4.7e-05,0.000465,5.278e-22,4.918e-05,0.002271,0.001477,5.876e-07,0.1173,0.009092,0.02282,0.1821,4.189e-05,3.247e-05,0.487
   71220,   71280,-9999,0.01067,0.03256,1.055e-21,3.189e-05,4.699e-05,0.0004649,5.237e-22,4.915e-05,0.00227,0.001477,5.874e-07,0.1173,0.009091,0.02282,0.1821,4.188e-05,3.245e-05,0.487
   71280,   71340,-9999,0.01067,0.03255,1.046e-21,3.188e-05,4.697e-05,0.0004648,5.192e-22,4.912e-05,0.00227,0.001477,5.871e-07,0.1173,0.009089,0.02281,0.1821,4.187e-05,3.243e-05,0.487
   71340,   71400,-9999,0.01067,0.03255,1.036e-21,3.187e-05,4.696e-05,0.0004647,5.144e-22,4.909e-05,0.002269,0.001476,5.869e-07,0.1172,0.009088,0.02281,0.1821,4.186e-05,3.241e-05,0.487
   71400,   71460,-9999,0.01066,0.03255,1.027e-21,3.185e-05,4.695e-05,0.0004646,5.096e-22,4.906e-05,0.002269,0.001476,5.866e-07,0.1172,0.009086,0.02281,0.1821,4.185e-05,3.239e-05,0.487
   71460,   71520,-9999,0.01066,0.03254,1.016e-21,3.184e-05,4.693e-05,0.0004644,5.044e-22,4.903e-05,0.002268,0.001476,5.863e-07,0.1172,0.009084,0.02281,0.182,4.183e-05,3.237e-05,0.487
   71520,   71580,-9999,0.01066,0.03254,1.005e-21,3.183e-05,4.692e-05,0.0004643,4.99e-22,4.899e-05,0.002268,0.001475,5.86e-07,0.1172,0.009082,0.02281,0.182,4.182e-05,3.234e-05,0.487
   71580,   71640,-9999,0.01066,0.03253,9.949e-22,3.182e-05,4.691e-05,0.0004642,4.937e-22,4.896e-05,0.002267,0.001475,5.857e-07,0.1172,0.00908,0.02281,0.182,4.18e-05,3.232e-05,0.487
   71640,   71700,-9999,0.01066,0.03253,9.833e-22,3.18e-05,4.689e-05,0.000464,4.879e-22,4.892e-05,0.002267,0.001475,5.853e-07,0.1172,0.009078,0.0228,0.182,4.179e-05,3.229e-05,0.487
   71700,   71760,-9999,0.01065,0.03252,9.713e-22,3.179e-05,4.687e-05,0.0004638,4.819e-22,4.888e-05,0.002266,0.001474,5.849e-07,0.1172,0.009076,0.0228,0.182,4.177e-05,3.227e-05,0.487
   71760,   71820,-9999,0.01065,0.03252,9.596e-22,3.177e-05,4.686e-05,0.0004637,4.76e-22,4.884e-05,0.002265,0.001474,5.846e-07,0.1172,0.009074,0.0228,0.1819,4.175e-05,3.224e-05,0.487
   71820,   71880,-9999,0.01065,0.03251,9.469e-22,3.176e-05,4.684e-05,0.0004635,4.697e-22,4.88e-05,0.002264,0.001473,5.842e-07,0.1171,0.009071,0.0228,0.1819,4.173e-05,3.221e-05,0.487
   71880,   71940,-9999,0.01065,0.03251,9.34e-22,3.174e-05,4.682e-05,0.0004633,4.633e-22,4.875e-05,0.002264,0.001473,5.838e-07,0.1171,0.009069,0.0228,0.1819,4.172e-05,3.218e-05,0.487
   71940,   72000,-9999,0.01064,0.0325,9.215e-22,3.172e-05,4.68e-05,0.0004631,4.57e-22,4.871e-05,0.002263,0.001472,5.834e-07,0.1171,0.009066,0.02279,0.1819,4.17e-05,3.215e-05,0.487
   72000,   72060,-9999,0.01064,0.0325,9.08e-22,3.171e-05,4.678e-05,0.0004629,4.503e-22,4.866e-05,0.002262,0.001472,5.829e-07,0.1171,0.009063,0.02279,0.1819,4.168e-05,3.211e-05,0.487
   72060,   72120,-9999,0.01064,0.03249,8.94e-22,3.169e-05,4.676e-05,0.0004627,4.433e-22,4.861e-05,0.002261,0.001472,5.825e-07,0.1171,0.00906,0.02279,0.1818,4.166e-05,3.208e-05,0.487
   72120,   72180,-9999,0.01064,0.03248,8.808e-22,3.167e-05,4.674e-05,0.0004625,4.367e-22,4.856e-05,0.00226,0.001471,5.82e-07,0.1171,0.009058,0.02279,0.1818,4.163e-05,3.205e-05,0.487
   72180,   72240,-9999,0.01063,0.03248,8.665e-22,3.165e-05,4.672e-05,0.0004623,4.295e-22,4.851e-05,0.00226,0.00147,5.815e-07,0.117,0.009055,0.02278,0.1818,4.161e-05,3.201e-05,0.487
   72240,   72300,-9999,0.01063,0.03247,8.52e-22,3.163e-05,4.669e-05,0.0004621,4.223e-22,4.845e-05,0.002259,0.00147,5.81e-07,0.117,0.009051,0.02278,0.1818,4.159e-05,3.197e-05,0.487
   72300,   72360,-9999,0.01063,0.03246,8.382e-22,3.161e-05,4.667e-05,0.0004618,4.154e-22,4.84e-05,0.002258,0.001469,5.806e-07,0.117,0.009048,0.02278,0.1817,4.157e-05,3.194e-05,0.487
   72360,   72420,-9999,0.01063,0.03245,8.234e-22,3.159e-05,4.665e-05,0.0004616,4.08e-22,4.834e-05,0.002257,0.001469,5.8e-07,0.117,0.009045,0.02277,0.1817,4.154e-05,3.19e-05,0.487
   72420,   72480,-9999,0.01062,0.03245,8.082e-22,3.156e-05,4.662e-05,0.0004613,4.004e-22,4.828e-05,0.002256,0.001468,5.795e-07,0.117,0.009042,0.02277,0.1817,4.152e-05,3.185e-05,0.487
   72480,   72540,-9999,0.01062,0.03244,7.94e-22,3.154e-05,4.66e-05,0.0004611,3.933e-22,4.822e-05,0.002255,0.001468,5.789e-07,0.1169,0.009038,0.02277,0.1816,4.149e-05,3.181e-05,0.487
   72540,   72600,-9999,0.01062,0.03243,7.787e-22,3.152e-05,4.657e-05,0.0004608,3.857e-22,4.816e-05,0.002254,0.001467,5.784e-07,0.1169,0.009035,0.02277,0.1816,4.147e-05,3.177e-05,0.487
   72600,   72660,-9999,0.01061,0.03242,7.633e-22,3.15e-05,4.654e-05,0.0004606,3.78e-22,4.809e-05,0.002253,0.001466,5.778e-07,0.1169,0.009031,0.02276,0.1816,4.144e-05,3.173e-05,0.487
