CampaignData_and_Merges/R0/CSL_MobileLab_Parked/raw/20240723/USOS-PTR_MobileLabGround_20240723_R0.ict
58, 1001
Matthew Coggon, Kelvin Bates, Chelsea Stockwell, Carsten Warneke
NOAA ESRL Chemical Sciences Division
NOAA PTR-ToF-MS
USOS
1,1 
2024, 07, 23, 2025, 09, 19
0
Time_Start, seconds, number of seconds from 00:00 UTC 
22
1, 1, 1, 1, 1, 1, 1, 1, 1, 1, 1, 1, 1, 1, 1, 1, 1, 1, 1, 1, 1, 1
-9999, -9999, -9999, -9999, -9999, -9999, -9999, -9999, -9999, -9999, -9999, -9999, -9999, -9999, -9999, -9999, -9999, -9999, -9999, -9999, -9999, -9999
CH3OH_NOAAPTR_ppbv,  ppbv, Gas_CH3OH_InSitu_S_AVMR, (CH3OH) methanol
CH3CN_NOAAPTR_ppbv,  ppbv, Gas_CH3CN_InSitu_S_AVMR, (CH3CN) acetonitrile
CH3CHO_NOAAPTR_ppbv,  ppbv, Gas_CH3CHO_InSitu_S_AVMR, (CH3CHO) acetaldehyde plus contributions from ethylene glycol and ethylene oxide. Interference from ethanol has been subtracted out.
C2H5OH_NOAAPTR_ppbv,  ppbv, Gas_C2H5OH_InSitu_S_AVMR, (C2H5OH) ethanol
CH3SH_NOAAPTR_ppbv,  ppbv, Gas_CH3SH_InSitu_S_AVMR, (CH3SH) methanethiol, using calibration factor for DMS
Acrolein_NOAAPTR_ppbv,  ppbv, Gas_Acrolein_InSitu_S_AVMR, (C3H4O) acrolein
AcetonePropanal_NOAAPTR_ppbv,  ppbv, Gas_AcetoneAndPropanal_InSitu_S_AVMR, (C3H6O) sum of acetone (dominant isomer) and propanal, using calibration factor for acetone
DMS_NOAAPTR_ppbv,  ppbv, Gas_DMS_InSitu_S_AVMR, (C2H6S) dimethyl sulfide with possible small contributions from ethanethiol
C5H8_NOAAPTR_ppbv,  ppbv, Gas_Isoprene_InSitu_S_AVMR, (C5H8) isoprene and possible fragments from cycloalkanes and aldehydes. Interferences have been subtracted following methods described by Coggon et al (2023)
MVKMAC_NOAAPTR_ppbv,  ppbv, Gas_MVKAndMAC_InSitu_S_AVMR, (C4H6O) sum of methyl vinyl ketone, methacrolein, and small amounts of crotonaldehyde, using weighted calibration factor for MVK (0.637) and MACR (0.363)
Benzene_NOAAPTR_ppbv,  ppbv, Gas_Benzene_InSitu_S_AVMR, (C6H6) benzene
Toluene_NOAAPTR_ppbv,  ppbv, Gas_Toluene_InSitu_S_AVMR, (C7H8) toluene with possible small contributions of fragments from ethyltoluene
Styrene_NOAAPTR_ppbv,  ppbv, Gas_Styrene_InSitu_S_AVMR, (C8H8) styrene
Benzaldehyde_NOAAPTR_ppbv,  ppbv, Gas_Benzaldehyde_InSitu_S_AVMR, (C7H6O) benzaldehyde
C8Aromatics_NOAAPTR_ppbv,  ppbv, Gas_C8Aromatics_InSitu_M_AVMR, (C8H10) sum of m-xylene, p-xylene, o-xylene, and ethyl benzene
C9Aromatics_NOAAPTR_ppbv,  ppbv, Gas_C9Aromatics_InSitu_M_AVMR, (C9H12) sum of C9 aromatics
Naphthalene_NOAAPTR_ppbv,  ppbv, Gas_Naphthalene_InSitu_S_AVMR, (C10H8) naphthalene
Octanal_NOAAPTR_ppbv,  ppbv, Gas_Octanal_InSitu_S_AVMR, (C8H16O) octanal and small amounts of octanone
Monoterpenes_NOAAPTR_ppbv,  ppbv, Gas_Monoterpenes_InSitu_M_AVMR, (C10H16) sum of monoterpenes and possible contributions from fragments of oxygenated monoterpenoids such as eucalyptol.
Nonanal_NOAAPTR_ppbv,  ppbv, Gas_Nonanal_InSitu_M_AVMR, (C9H18O) nonanal and small amounts of nonanone
C7H4ClF3_NOAAPTR_ppbv,  ppbv, Gas_C7H4ClF3_InSitu_S_AVMR, (C7H4ClF3) parachlorobenzotrifluoride
C10H30O5Si5_NOAAPTR_ppbv,  ppbv, Gas_C10H30O5Si5_InSitu_S_AVMR, (C10H30O5Si5) decamethylcyclopentasiloxane
1
SPECIAL COMMENTS:N/A
21
PI_CONTACT_INFO: NOAA ESRL Chemical Sciences Division, Tropospheric Chemistry Group. 325 Broadway, R/CSD7, Boulder, CO 80305
PLATFORM: Mobile Laboratory.
LOCATION: Salt Lake City, UT
ASSOCIATED_DATA: N/A
INSTRUMENT_INFO: NOAA PTR-ToF-MS measurements on NOAA CSL Mobile Lab
DATA_INFO: Units: ppbv
UNCERTAINTY: See OTHER_COMMENTS
ULOD_FLAG: -7777
ULOD_VALUE: N/A
LLOD_FLAG: -8888
LLOD_VALUE: N/A.
DM_CONTACT_INFO: Data Managers: Matt Coggon, Kelvin Bates, Chelsea Stockwell; email: matthew.m.coggon@noaa.gov and kelvin.bates@colorado.edu
PROJECT_INFO: USOS Deployment July-August, 2024
STIPULATIONS_ON_USE: Use of these data require prior OK from PI.
OTHER_COMMENTS: Uncertainties:
CH3OH_NOAAPTR_ppbv:30%; CH3CN_NOAAPTR_ppbv:30%; CH3CHO_NOAAPTR_ppbv:30%; C2H5OH_NOAAPTR_ppbv:30%; CH3SH_NOAAPTR_ppbv:50%; Acrolein_NOAAPTR_ppbv:30%; AcetonePropanal_NOAAPTR_ppbv:30%; DMS_NOAAPTR_ppbv:30%; C5H8_NOAAPTR_ppbv:30%; MVKMAC_NOAAPTR_ppbv:30%; 
Benzene_NOAAPTR_ppbv:30%; Toluene_NOAAPTR_ppbv:30%; Styrene_NOAAPTR_ppbv:30%; Benzaldehyde_NOAAPTR_ppbv:30%; C8Aromatics_NOAAPTR_ppbv:30%; C9Aromatics_NOAAPTR_ppbv:30%; Naphthalene_NOAAPTR_ppbv:30%; Octanal_NOAAPTR_ppbv:30%; Monoterpenes_NOAAPTR_ppbv:30%; Nonanal_NOAAPTR_ppbv:30%; 
C7H4ClF3_NOAAPTR_ppbv:30%; C10H30O5Si5_NOAAPTR_ppbv:30%; 
REVISION: R0
R0: Calibrated PTR Data. See individual species comments for details about measurement uncertainties
Time_Start, CH3OH_NOAAPTR_ppbv, CH3CN_NOAAPTR_ppbv, CH3CHO_NOAAPTR_ppbv, C2H5OH_NOAAPTR_ppbv, CH3SH_NOAAPTR_ppbv, Acrolein_NOAAPTR_ppbv, AcetonePropanal_NOAAPTR_ppbv, DMS_NOAAPTR_ppbv, C5H8_NOAAPTR_ppbv, MVKMAC_NOAAPTR_ppbv, Benzene_NOAAPTR_ppbv, Toluene_NOAAPTR_ppbv, Styrene_NOAAPTR_ppbv, Benzaldehyde_NOAAPTR_ppbv, C8Aromatics_NOAAPTR_ppbv, C9Aromatics_NOAAPTR_ppbv, Naphthalene_NOAAPTR_ppbv, Octanal_NOAAPTR_ppbv, Monoterpenes_NOAAPTR_ppbv, Nonanal_NOAAPTR_ppbv, C7H4ClF3_NOAAPTR_ppbv, C10H30O5Si5_NOAAPTR_ppbv
[from data line 575]
34500.0, 6.74236, 0.28370, 0.95928, 1.30116, 0.00156, 0.14273, 3.80019, -0.00027, 0.28914, 0.32543, 0.05724, 0.10679, 0.01029, 0.00435, 0.04181, 0.01868, 0.00393, 0.01443, 0.05827, 0.05008, 0.00162, -0.00019 
34560.0, 8.26158, 0.27900, 0.94476, 1.57503, 0.00003, 0.13509, 3.75509, -0.00027, 0.24928, 0.32891, 0.06290, 0.10423, 0.00486, 0.00102, 0.04516, 0.01923, 0.00283, 0.01838, 0.10421, 0.03656, -0.00125, 0.00090 
34620.0, 7.82608, 0.26845, 1.02095, 1.32497, -0.00029, 0.16859, 3.78686, -0.00027, 0.24518, 0.31583, 0.05468, 0.08671, 0.00411, -0.00464, 0.05608, 0.02174, 0.00259, 0.01576, 0.06887, 0.02734, 0.00143, -0.00067 
34680.0, 6.80199, 0.29204, 0.81425, 1.08326, 0.00180, 0.13643, 3.78929, 0.00529, 0.26673, 0.31905, 0.02409, 0.08404, 0.00445, -0.02129, 0.04251, 0.01249, -0.01110, 0.02125, 0.06136, 0.01998, 0.00080, 0.00290 
34740.0, 7.54334, 0.27931, 0.94086, 1.77053, 0.00041, 0.14383, 3.89854, 0.00572, 0.25646, 0.31745, 0.05857, 0.08701, 0.01022, 0.02107, 0.04619, 0.01876, 0.00623, 0.01566, 0.08800, 0.04044, 0.00036, 0.00150 
34800.0, 7.68217, 0.28420, 0.99266, 1.37921, 0.00248, 0.15485, 3.74184, 0.00490, 0.24927, 0.33838, 0.06191, 0.09445, 0.00227, -0.01323, 0.05706, 0.01005, -0.00767, 0.01383, 0.09177, 0.02608, -0.00085, 0.00082 
34860.0, 7.40884, 0.31697, 0.96578, 1.24726, 0.00119, 0.16556, 3.81569, -0.00027, 0.24462, 0.32134, 0.07169, 0.09457, 0.01565, -0.00234, 0.06003, 0.01355, -0.01110, 0.01224, 0.09065, 0.02687, 0.00371, 0.00001 
34920.0, 7.76963, 0.29539, 0.89025, 1.17194, 0.00213, 0.14754, 3.82228, -0.00027, 0.24104, 0.31824, 0.07427, 0.10132, 0.00640, -0.01037, 0.04786, 0.01710, 0.00411, 0.03171, 0.06032, 0.03613, 0.00133, -0.00049 
34980.0, 8.03484, 0.27041, 0.98593, 1.24096, 0.00020, 0.15908, 3.79427, -0.00027, 0.26859, 0.31058, 0.05384, 0.09667, -0.00686, -0.01160, 0.04824, 0.01683, 0.00350, 0.01673, 0.07279, 0.01524, 0.00126, 0.00124 
35040.0, 8.76584, 0.27656, 0.97125, 1.47656, 0.00166, 0.15541, 3.86699, -0.00027, 0.26816, 0.31217, 0.05937, 0.09355, 0.01014, -0.01510, 0.05995, 0.02163, 0.00327, 0.01837, 0.08281, 0.03585, 0.00044, 0.00006 
35100.0, 8.37453, 0.28641, 0.95289, 1.36793, -0.00002, 0.12812, 3.85687, -0.00027, 0.23196, 0.33774, 0.06908, 0.09054, 0.00711, -0.02148, 0.04941, 0.01850, -0.00115, 0.02266, 0.05958, 0.03670, 0.00242, -0.00067 
35160.0, 7.66449, 0.27314, 0.94360, 1.13905, 0.00332, 0.18975, 3.92145, -0.00027, 0.24316, 0.31822, 0.09790, 0.09040, -0.00567, -0.01289, 0.04578, 0.01647, -0.00141, 0.01594, 0.06585, 0.02211, -0.00064, -0.00072 
35220.0, 8.24617, 0.29397, 0.90871, 1.45036, 0.00177, 0.15482, 3.83457, -0.00027, 0.23667, 0.32025, 0.06021, 0.09274, -0.00402, 0.01126, 0.05358, 0.01646, -0.00834, 0.02625, 0.06158, 0.01957, 0.00279, -0.00072 
35280.0, 8.20650, 0.28987, 0.93296, 1.40050, -0.00089, 0.13947, 3.77544, -0.00027, 0.26649, 0.31271, 0.02033, 0.07196, 0.00031, -0.00923, 0.04902, 0.01325, -0.00664, 0.01391, 0.06307, 0.03654, -0.00072, -0.00149 
35340.0, 7.61921, 0.27959, 0.93539, 1.94437, 0.00183, 0.17806, 3.85940, 0.00227, 0.27604, 0.32231, 0.07407, 0.09183, -0.00686, -0.02271, 0.04371, 0.01986, -0.00663, 0.00294, 0.08181, 0.03286, -0.00067, 0.00088 
35400.0, 8.71308, 0.29496, 1.15193, 1.30340, -0.00010, 0.15116, 3.83028, -0.00027, 0.22508, 0.33823, 0.06033, 0.11891, 0.00205, -0.02021, 0.06145, 0.02926, 0.00045, 0.01851, 0.09606, 0.03458, 0.00186, 0.00001 
35460.0, 7.88898, 0.28758, 1.10963, 1.73675, 0.00323, 0.16056, 3.87456, -0.00027, 0.22101, 0.33178, 0.07193, 0.08987, 0.00305, -0.01827, 0.05956, 0.02519, -0.00987, 0.00608, 0.09058, 0.03115, 0.00177, 0.00025 
35520.0, 7.80691, 0.28745, 1.01491, 1.56986, 0.00060, 0.16938, 3.86195, -0.00027, 0.23225, 0.32316, 0.07567, 0.08778, 0.00433, -0.00209, 0.05861, 0.01791, -0.00284, 0.02251, 0.06872, 0.03328, 0.00199, 0.00031 
35580.0, 7.34573, 0.29212, 1.04259, 1.41053, 0.00150, 0.17764, 3.83070, 0.00967, 0.23148, 0.33429, 0.07355, 0.08574, 0.00935, -0.01273, 0.04770, 0.02038, -0.00396, 0.01140, 0.07135, 0.04318, 0.00034, 0.00296 
35640.0, 7.91758, 0.27333, 1.04347, 1.43013, 0.00050, 0.16277, 3.81248, 0.00086, 0.22940, 0.31931, 0.07742, 0.10809, 0.01010, -0.00739, 0.05291, 0.01715, 0.00468, 0.01118, 0.07593, 0.03499, -0.00031, -0.00015 
35700.0, 8.09305, 0.28432, 1.09586, 1.65984, 0.00357, 0.17143, 3.80551, -0.00027, 0.26745, 0.31560, 0.07009, 0.08895, 0.00811, -0.01597, 0.03901, 0.01988, -0.01110, 0.01298, 0.08645, 0.03686, 0.00181, 0.00080 
35760.0, 7.97260, 0.27183, 1.04665, 1.25739, 0.00149, 0.19169, 3.94292, 0.00191, 0.22808, 0.32269, 0.05205, 0.10455, 0.01506, -0.00543, 0.05062, 0.02282, -0.01029, 0.02367, 0.08118, 0.03897, -0.00117, -0.00090 
35820.0, 9.72323, 0.30078, 1.14851, 1.99789, -0.00057, 0.18031, 3.95672, 0.00068, 0.25352, 0.35274, 0.06716, 0.10053, -0.00049, 0.00205, 0.05661, 0.01399, -0.00641, 0.02724, 0.10415, 0.02910, 0.00299, 0.00384 
35880.0, 7.46241, 0.29829, 1.04197, 1.43337, 0.00128, 0.17834, 3.84736, -0.00027, 0.21905, 0.29436, 0.03367, 0.07614, 0.00218, -0.00858, 0.05285, 0.01856, -0.00536, 0.03296, 0.08882, 0.03192, 0.00612, 0.00036 
35940.0, 8.42438, 0.28032, 1.49828, 2.16730, 0.00474, 0.19613, 4.08370, 0.00237, 0.27241, 0.32334, 0.07247, 0.16063, 0.00116, -0.01486, 0.09386, 0.02689, -0.00628, 0.02222, 0.08349, 0.03522, 0.00925, 0.00585 
36000.0, 8.20524, 0.29577, 1.19599, 2.33251, 0.00186, 0.16325, 4.01252, 0.00284, 0.21050, 0.33649, 0.04764, 0.12525, -0.00687, -0.02507, 0.06187, 0.02682, 0.00063, 0.01675, 0.08600, 0.02629, 0.01069, 0.00734 
36060.0, 9.03234, 0.31038, 1.44677, 2.77679, 0.00079, 0.17597, 4.00913, -0.00027, 0.27296, 0.32026, 0.11178, 0.26684, 0.00326, -0.03056, 0.15928, 0.07068, -0.00059, 0.01942, 0.07908, 0.04186, 0.01148, 0.00270 
36120.0, 9.68128, 0.29315, 1.70405, 3.71716, 0.00515, 0.19230, 4.13371, -0.00027, 0.22550, 0.36169, 0.19087, 0.39697, 0.03368, -0.00080, 0.25782, 0.10980, -0.00651, 0.02695, 0.07732, 0.04317, 0.00987, 0.00324 
36180.0, 9.64469, 0.32380, 1.65179, 3.58148, 0.00429, 0.20174, 4.04816, -0.00027, 0.25787, 0.33167, 0.17189, 0.33791, 0.01786, -0.02679, 0.23476, 0.10617, -0.01068, 0.03197, 0.08453, 0.03259, 0.01027, 0.00374 
36240.0, 8.58594, 0.26588, 1.13830, 1.76683, 0.00379, 0.16854, 3.86110, 0.00329, 0.20856, 0.34214, 0.04948, 0.14451, 0.00274, -0.02929, 0.08500, 0.03365, -0.00066, 0.01140, 0.09173, 0.03764, 0.00153, 0.00134 
36300.0, 8.57098, 0.28837, 0.94685, 1.49293, -0.00087, 0.15682, 3.81659, -0.00013, 0.24672, 0.29202, 0.04570, 0.09066, 0.00803, -0.01788, 0.06239, 0.01627, -0.00325, 0.01872, 0.09823, 0.03394, 0.00745, 0.00384 
36360.0, 8.33059, 0.29295, 1.06430, 1.69800, 0.00158, 0.15254, 3.89056, -0.00011, 0.22392, 0.30996, 0.07734, 0.09678, 0.00325, 0.00744, 0.05110, 0.01572, 0.00492, 0.00992, 0.07014, 0.02522, 0.00015, 0.00006 
36420.0, 7.44216, 0.27281, 0.98435, 1.62223, -0.00086, 0.14022, 3.88398, 0.00342, 0.23274, 0.30903, 0.07088, 0.09842, -0.00687, -0.00330, 0.05128, 0.01444, 0.00248, 0.01311, 0.09824, 0.03936, 0.00605, 0.00023 
36480.0, 8.34945, 0.29407, 0.99261, 1.46837, 0.00283, 0.15210, 3.86242, 0.00229, 0.21716, 0.31319, 0.07257, 0.09143, 0.01183, 0.00375, 0.05494, 0.02478, -0.00738, 0.02365, 0.09228, 0.02723, -0.00118, 0.00108 
36540.0, 8.28552, 0.28756, 1.04311, 1.68739, 0.00164, 0.13814, 3.90074, -0.00027, 0.22243, 0.31110, 0.05890, 0.08199, 0.00383, -0.00812, 0.04189, 0.02051, 0.00142, 0.01783, 0.07229, 0.03317, 0.00396, -0.00054 
36600.0, 8.32710, 0.29988, 1.06444, 1.59768, -0.00086, 0.17300, 3.87331, -0.00027, 0.21657, 0.30155, 0.03797, 0.06591, 0.01139, -0.00055, 0.05569, 0.02274, -0.01109, 0.01202, 0.08152, 0.03104, 0.00108, 0.00068 
36660.0, 7.57274, 0.29748, 0.99215, 1.38025, -0.00086, 0.17739, 3.82369, -0.00027, 0.20683, 0.31473, 0.06337, 0.10134, -0.00687, -0.02099, 0.05915, 0.02065, -0.01109, 0.01315, 0.06255, 0.02085, 0.00355, 0.00277 
36720.0, 7.93181, 0.30602, 0.93457, 1.53095, 0.00097, 0.14899, 3.81272, -0.00027, 0.18105, 0.33203, 0.07558, 0.08438, 0.00546, -0.02031, 0.04541, 0.01976, -0.00880, 0.00812, 0.07565, 0.03508, -0.00012, -0.00027 
36780.0, 8.67468, 0.29002, 1.22899, 2.23402, -0.00085, 0.19818, 3.89992, -0.00027, 0.22764, 0.33355, 0.08778, 0.11411, -0.00688, -0.01000, 0.07071, 0.03280, -0.00202, 0.02848, 0.13612, 0.03466, 0.00474, 0.00293 
36840.0, 7.72992, 0.28711, 1.15764, 1.95011, -0.00035, 0.16187, 3.90419, -0.00027, 0.19393, 0.31832, 0.08667, 0.10783, 0.01690, -0.01415, 0.08375, 0.02781, -0.00596, 0.01431, 0.08779, 0.03208, 0.00354, 0.00419 
36900.0, 8.00397, 0.29367, 1.33557, 2.28702, 0.00020, 0.17441, 3.90759, -0.00027, 0.21207, 0.33333, 0.07577, 0.13695, 0.00539, -0.00181, 0.08686, 0.02685, -0.01109, 0.02549, 0.11089, 0.04320, 0.00430, 0.00227 
36960.0, 7.71389, 0.31809, 1.15776, 1.55990, 0.00033, 0.14978, 3.83318, -0.00027, 0.18329, 0.32134, 0.04034, 0.09115, -0.00688, -0.03138, 0.05657, 0.02244, -0.00794, 0.01193, 0.06057, 0.03211, 0.00290, 0.00069 
37020.0, 8.53825, 0.26994, 1.01768, 1.63107, -0.00001, 0.13016, 3.84051, -0.00027, 0.21754, 0.30089, 0.06378, 0.08984, 0.00177, -0.00438, 0.06461, 0.02423, -0.00328, 0.02502, 0.09052, 0.03364, 0.00238, 0.00194 
37080.0, 7.87211, 0.28768, 1.05302, 2.09937, 0.00092, 0.13734, 3.87630, 0.00794, 0.22605, 0.31068, 0.08303, 0.10380, -0.00343, -0.02098, 0.04451, 0.01950, -0.00032, 0.02161, 0.07446, 0.02909, 0.00194, 0.00172 
37140.0, 8.34888, 0.30227, 2.11712, 2.01690, 0.00390, 0.15437, 3.93101, -0.00027, 0.18782, 0.33526, 0.07245, 0.09844, 0.01422, -0.00545, 0.06709, 0.02727, -0.01109, 0.02009, 0.08169, 0.05393, -0.00067, 0.00296 
37200.0, 8.68244, 0.26375, 1.26197, 2.27161, 0.00103, 0.15161, 3.92278, 0.00096, 0.20916, 0.31424, 0.08409, 0.10471, 0.00850, 0.00134, 0.04957, 0.01848, -0.00507, 0.02670, 0.09436, 0.03243, 0.00541, 0.00278 
37260.0, 9.01181, 0.29561, 1.14676, 2.34736, 0.00426, 0.17331, 3.83513, 0.00463, 0.21726, 0.32541, 0.12391, 0.19826, -0.00688, 0.00676, 0.13977, 0.05778, -0.01109, 0.02070, 0.08146, 0.03525, 0.00380, 0.00194 
37320.0, 8.11399, 0.31671, 1.14133, 2.02712, 0.00170, 0.15228, 3.86551, 0.00210, 0.18478, 0.32779, 0.06192, 0.17622, 0.01463, -0.00355, 0.12437, 0.04719, -0.00003, 0.01433, 0.06250, 0.03664, 0.00753, 0.00184 
37380.0, 8.31264, 0.29260, 1.09218, 1.43877, 0.00612, 0.15185, 3.83944, 0.00195, 0.20527, 0.31977, 0.08944, 0.08979, -0.00688, -0.00580, 0.06440, 0.01913, -0.00837, 0.01986, 0.07967, 0.01187, 0.00250, 0.00180 
37440.0, 8.49006, 0.27584, 1.21338, 1.94523, 0.00515, 0.16884, 4.04266, -0.00027, 0.23405, 0.29842, 0.09952, 0.12995, 0.01290, -0.00251, 0.09446, 0.03515, -0.00445, 0.02529, 0.08146, 0.03493, 0.00022, 0.00004 
37500.0, 8.06210, 0.28296, 1.07638, 1.47243, -0.00057, 0.16343, 3.85635, -0.00027, 0.17468, 0.29556, 0.11041, 0.08698, 0.01143, -0.01122, 0.07385, 0.02844, 0.00635, 0.02894, 0.08313, 0.03546, 0.00419, -0.00006 
37560.0, 7.82612, 0.30656, 1.07003, 1.54120, -0.00006, 0.15357, 3.84731, -0.00027, 0.19078, 0.30750, 0.05896, 0.11494, 0.01592, -0.00239, 0.06303, 0.02857, -0.01109, 0.02176, 0.07402, 0.03742, 0.00504, -0.00043 
37620.0, 8.39733, 0.28950, 1.03524, 1.54231, -0.00009, 0.15457, 3.88648, 0.01409, 0.18834, 0.29449, 0.08756, 0.10686, 0.00686, 0.01349, 0.06129, 0.02798, 0.00468, 0.01242, 0.07223, 0.04818, 0.00400, 0.00219 
37680.0, 8.16795, 0.27511, 1.03804, 1.34756, 0.00152, 0.16088, 3.90071, -0.00026, 0.20287, 0.31493, 0.07115, 0.12648, 0.00331, 0.01273, 0.05913, 0.00693, 0.00524, 0.02603, 0.07797, 0.05206, 0.00733, 0.00127 
37740.0, 7.99862, 0.30247, 1.24436, 2.59067, 0.00090, 0.19459, 3.95038, -0.00026, 0.22473, 0.30593, 0.28451, 0.44162, 0.04094, 0.00570, 0.27260, 0.11165, 0.00358, 0.02619, 0.09226, 0.02344, 0.00338, 0.00293 
37800.0, 7.89415, 0.30761, 1.08657, 1.26246, 0.00242, 0.15141, 4.01841, -0.00026, 0.23098, 0.30019, 0.09306, 0.19649, 0.01676, -0.02079, 0.13564, 0.04658, -0.00314, 0.02131, 0.07125, 0.03229, 0.00231, -0.00002 
37860.0, 7.43917, 0.29843, 0.93001, 1.50666, 0.00453, 0.14510, 3.85080, -0.00026, 0.21524, 0.28584, 0.12159, 0.09671, 0.00523, -0.00545, 0.08128, 0.02897, -0.01104, 0.01038, 0.05878, 0.04189, 0.00178, -0.00069 
37920.0, 7.61208, 0.30302, 0.94967, 1.69087, 0.00338, 0.16991, 3.87993, -0.00026, 0.17880, 0.27543, 0.07929, 0.10800, -0.00236, -0.01112, 0.06647, 0.02432, -0.00165, 0.02031, 0.06271, 0.03372, 0.00261, 0.00259 
37980.0, 7.55515, 0.28616, -9999.00000, 1.62583, 0.00613, 0.12902, 3.90033, 0.00720, -9999.00000, 0.31416, 0.04868, 0.10995, 0.00712, -0.00119, 0.06440, 0.02664, -0.00227, 0.02518, 0.05921, 0.03848, 0.00125, 0.00087 
38040.0, -9999.00000, -9999.00000, -9999.00000, -9999.00000, -9999.00000, -9999.00000, -9999.00000, -9999.00000, -9999.00000, -9999.00000, -9999.00000, -9999.00000, -9999.00000, -9999.00000, -9999.00000, -9999.00000, -9999.00000, -9999.00000, -9999.00000, -9999.00000, -9999.00000, -9999.00000 
38100.0, -9999.00000, -9999.00000, -9999.00000, -9999.00000, -9999.00000, -9999.00000, -9999.00000, -9999.00000, -9999.00000, -9999.00000, -9999.00000, -9999.00000, -9999.00000, -9999.00000, -9999.00000, -9999.00000, -9999.00000, -9999.00000, -9999.00000, -9999.00000, -9999.00000, -9999.00000 
38160.0, -9999.00000, -9999.00000, -9999.00000, -9999.00000, -9999.00000, -9999.00000, -9999.00000, -9999.00000, -9999.00000, -9999.00000, -9999.00000, -9999.00000, -9999.00000, -9999.00000, -9999.00000, -9999.00000, -9999.00000, -9999.00000, -9999.00000, -9999.00000, -9999.00000, -9999.00000 
38220.0, -9999.00000, -9999.00000, -9999.00000, -9999.00000, -9999.00000, -9999.00000, -9999.00000, -9999.00000, -9999.00000, -9999.00000, -9999.00000, -9999.00000, -9999.00000, -9999.00000, -9999.00000, -9999.00000, -9999.00000, -9999.00000, -9999.00000, -9999.00000, -9999.00000, -9999.00000 
38280.0, -9999.00000, -9999.00000, -9999.00000, -9999.00000, -9999.00000, -9999.00000, -9999.00000, -9999.00000, -9999.00000, -9999.00000, -9999.00000, -9999.00000, -9999.00000, -9999.00000, -9999.00000, -9999.00000, -9999.00000, -9999.00000, -9999.00000, -9999.00000, -9999.00000, -9999.00000 
38340.0, -9999.00000, -9999.00000, -9999.00000, -9999.00000, -9999.00000, -9999.00000, -9999.00000, -9999.00000, -9999.00000, -9999.00000, -9999.00000, -9999.00000, -9999.00000, -9999.00000, -9999.00000, -9999.00000, -9999.00000, -9999.00000, -9999.00000, -9999.00000, -9999.00000, -9999.00000 
38400.0, -9999.00000, -9999.00000, -9999.00000, -9999.00000, -9999.00000, -9999.00000, -9999.00000, -9999.00000, -9999.00000, -9999.00000, -9999.00000, -9999.00000, -9999.00000, -9999.00000, -9999.00000, -9999.00000, -9999.00000, -9999.00000, -9999.00000, -9999.00000, -9999.00000, -9999.00000 
38460.0, -9999.00000, -9999.00000, -9999.00000, -9999.00000, -9999.00000, -9999.00000, -9999.00000, -9999.00000, -9999.00000, -9999.00000, -9999.00000, -9999.00000, -9999.00000, -9999.00000, -9999.00000, -9999.00000, -9999.00000, -9999.00000, -9999.00000, -9999.00000, -9999.00000, -9999.00000 
38520.0, -9999.00000, -9999.00000, -9999.00000, -9999.00000, -9999.00000, -9999.00000, -9999.00000, -9999.00000, -9999.00000, -9999.00000, -9999.00000, -9999.00000, -9999.00000, -9999.00000, -9999.00000, -9999.00000, -9999.00000, -9999.00000, -9999.00000, -9999.00000, -9999.00000, -9999.00000 
38580.0, -9999.00000, -9999.00000, -9999.00000, -9999.00000, -9999.00000, -9999.00000, -9999.00000, -9999.00000, -9999.00000, -9999.00000, -9999.00000, -9999.00000, -9999.00000, -9999.00000, -9999.00000, -9999.00000, -9999.00000, -9999.00000, -9999.00000, -9999.00000, -9999.00000, -9999.00000 
38640.0, 7.60568, 0.32905, -9999.00000, 1.13449, 0.00208, 0.16836, 3.79813, -0.00027, -9999.00000, 0.31624, 0.08955, 0.08734, 0.01906, 0.01241, 0.04593, 0.03656, -0.01117, 0.01247, 0.07049, 0.04912, 0.00255, -0.00022 
38700.0, 8.28266, 0.27871, 0.98887, 1.46732, 0.00355, 0.17669, 3.83104, -0.00027, 0.14056, 0.28766, 0.11947, 0.08255, 0.01421, 0.00207, 0.04111, 0.02175, -0.00711, 0.01382, 0.04991, 0.02273, -0.00029, -0.00046 
