CampaignData_and_Merges/R0/CSL_MobileLab_Parked/raw/20240723/USOS-NOAAIodideCIMS-HCOOH_MobileLabGround_20240723_RA.ict
33, 1001
Michael A Robinson, Chris Jernigan, Subi Thakali
NOAA ESRL Chemical Sciences Laboratory and CIRES, U. of Colorado
NOAA Iodide CIMS Instrument
USOS
1, 1
2024, 07, 23, 2024, 07, 25
1
starttime_UTC, seconds_past_midnight, seconds_of_day_since_00:00:00_UTC
1
1
-9999
HCOOH_NOAACIMS, pptv, Gas_HCOOH_InSitu_S_AVMR, 
0
18
PI_CONTACT_INFO: 325 Broadway, R/CSD 7, Boulder, Colorado 80305; michael.a.robinson@noaa.gov; chris.jernigan@noaa.gov;
PLATFORM: NOAA CSL Mobile Lab
LOCATION: SLC, Utah
ASSOCIATED_DATA: 1Hz data also available on request.
INSTRUMENT_INFO: NOAA I- ToF CIMS
DATA_INFO: All data in parts per trillion by volume (pptv). 1 Hz data is available upon request.
UNCERTAINTY: TBD
ULOD_FLAG: -7777
ULOD_VALUE: N/A
LLOD_FLAG: -8888
LLOD_VALUE: N/A
DM_CONTACT_INFO: Nathan Howard; nathan.h.howard@noaa.gov
PROJECT_INFO: USOS, summer 2024. https://csl.noaa.gov/groups/csl7/measurements/2024usos/
STIPULATIONS_ON_USE: Users are strongly encouraged to contact the PI for proper data usage.
OTHER_COMMENTS: 
REVISION: RA
RA: Preliminary Data; For in-field use only
starttime_UTC, HCOOH_NOAACIMS
     0, -9999.000
    60, -9999.000
   120, -9999.000
   180, -9999.000
   240, -9999.000
   300, -9999.000
   360, -9999.000
   420, -9999.000
   480, -9999.000
   540, -9999.000
   600, -9999.000
   660, -9999.000
   720, -9999.000
   780, -9999.000
   840, -9999.000
   900, -9999.000
   960, -9999.000
  1020, -9999.000
  1080, -9999.000
  1140, -9999.000
  1200, -9999.000
  1260, -9999.000
  1320, -9999.000
  1380, -9999.000
  1440, -9999.000
  1500, -9999.000
  1560, -9999.000
  1620, -9999.000
  1680, -9999.000
  1740, -9999.000
  1800, -9999.000
  1860, -9999.000
  1920, -9999.000
  1980, -9999.000
  2040, 580.339
  2100, 563.764
  2160, 568.485
  2220, 561.836
  2280, 527.813
  2340, 2449.565
  2400, 9582.626
  2460, 1714.477
  2520, 2333.361
  2580, 1970.194
  2640, 1529.265
  2700, 1298.613
  2760, 1238.686
  2820, 1183.975
  2880, 1027.870
  2940, 927.234
  3000, 826.760
  3060, 783.989
  3120, 746.142
  3180, 709.299
  3240, 652.330
  3300, 608.841
  3360, 571.087
  3420, 581.201
  3480, 552.544
  3540, 560.962
  3600, 515.483
  3660, 347.280
  3720, 280.132
  3780, -9999.000
  3840, 224.139
  3900, 235.260
  3960, 223.904
  4020, 215.572
  4080, 219.193
  4140, 213.550
  4200, 225.013
  4260, 221.791
  4320, 220.825
  4380, 217.322
  4440, 234.228
  4500, 228.261
  4560, 236.895
  4620, 247.764
  4680, 243.498
  4740, 251.855
  4800, 244.679
  4860, 256.431
  4920, 264.476
  4980, 271.313
  5040, 280.447
  5100, 298.137
  5160, 294.813
  5220, 318.588
  5280, 342.255
  5340, 347.929
  5400, 363.058
  5460, 385.982
  5520, 386.436
  5580, 396.894
  5640, -9999.000
  5700, 426.836
  5760, 460.177
  5820, 478.396
  5880, 512.921
  5940, 517.572
  6000, 512.178
  6060, 523.428
  6120, 541.585
  6180, 556.716
  6240, 543.779
  6300, 567.774
  6360, 575.978
  6420, 588.985
  6480, 601.871
  6540, 612.032
  6600, 634.383
  6660, 652.414
  6720, 693.981
  6780, 691.966
  6840, 710.869
  6900, 715.406
  6960, 772.564
  7020, 708.108
  7080, 772.327
  7140, 708.244
  7200, 822.546
  7260, 847.051
  7320, 895.083
  7380, 888.013
  7440, 882.452
  7500, 826.845
  7560, 874.709
  7620, 870.917
  7680, 866.828
  7740, 867.241
  7800, 908.162
  7860, 946.862
  7920, 948.726
  7980, 997.029
  8040, 922.612
  8100, 900.623
  8160, 888.617
  8220, 897.326
  8280, 835.971
  8340, -9999.000
  8400, -9999.000
  8460, -9999.000
  8520, -9999.000
  8580, -9999.000
  8640, -9999.000
  8700, -9999.000
  8760, -9999.000
  8820, -9999.000
  8880, -9999.000
  8940, 795.486
  9000, 668.102
  9060, 281.029
  9120, 329.754
  9180, 421.919
  9240, 553.332
  9300, 630.696
  9360, 633.335
  9420, 712.177
  9480, 721.097
  9540, 752.567
  9600, 828.970
  9660, 842.260
  9720, 853.591
  9780, 865.154
  9840, 869.833
  9900, 885.049
  9960, 925.494
 10020, 974.720
 10080, 1022.066
 10140, 1053.179
 10200, 1096.775
 10260, 1058.949
 10320, 1070.875
 10380, 1077.539
 10440, 1083.771
 10500, 1054.741
 10560, 1055.063
 10620, 1069.033
 10680, -9999.000
 10740, 1070.798
 10800, 1106.154
 10860, 1118.576
 10920, 1157.902
 10980, 1166.905
 11040, 1196.275
 11100, 1315.460
 11160, 1331.735
 11220, 1334.295
 11280, 1332.333
 11340, 1394.020
 11400, 1377.008
 11460, 1444.126
 11520, 1600.163
 11580, 1598.225
 11640, 1627.920
 11700, 1635.005
 11760, 1579.662
 11820, 1627.369
 11880, 1684.878
 11940, 1700.242
 12000, 1681.176
 12060, 1776.707
 12120, 1824.928
 12180, 1863.445
 12240, 1907.436
 12300, 1935.819
 12360, 1925.507
 12420, 1984.687
 12480, 2029.205
 12540, 2129.040
 12600, 2161.423
 12660, 2190.333
 12720, 1894.617
 12780, 1248.817
 12840, 1238.739
 12900, 1274.452
 12960, 1239.850
 13020, 1234.379
 13080, 1201.206
 13140, 1259.391
 13200, 1254.121
 13260, 1238.533
 13320, 1221.645
 13380, 1230.420
 13440, 1231.341
 13500, 1430.874
 13560, 1375.173
 13620, 1402.414
 13680, 1389.536
 13740, 1409.841
 13800, 1457.617
 13860, 1458.221
 13920, 1464.071
 13980, 1512.593
 14040, 1538.699
 14100, 1406.706
 14160, 1471.042
 14220, 1618.847
 14280, 1452.414
 14340, 1320.156
 14400, 1389.379
 14460, 1328.443
 14520, 1375.938
 14580, 1493.720
 14640, 1619.692
 14700, 1572.221
 14760, 1531.120
 14820, 1436.461
 14880, 1434.713
 14940, 1531.756
 15000, 1517.024
 15060, 1207.014
 15120, 1248.432
 15180, 1341.698
 15240, 1242.831
 15300, 1239.498
 15360, 1236.687
 15420, 1208.281
 15480, 1231.581
 15540, 1215.440
 15600, 1134.932
 15660, 1177.416
 15720, 1127.255
 15780, 1140.878
 15840, 1156.850
 15900, 1178.623
 15960, 1144.165
 16020, 1176.417
 16080, 1186.962
 16140, 1185.598
 16200, 1188.505
 16260, 1123.630
 16320, 1137.546
 16380, 1152.324
 16440, 1150.525
 16500, 1175.775
 16560, 1237.265
 16620, 1236.945
 16680, 1200.826
 16740, 1197.820
 16800, 1214.990
 16860, 1203.812
 16920, 1236.075
 16980, 1192.437
 17040, 1213.355
 17100, 1221.023
 17160, 1252.326
 17220, 1206.173
 17280, 1156.572
 17340, 1183.566
 17400, 1181.614
 17460, 1164.901
 17520, 1151.492
 17580, 1227.177
 17640, 1189.192
 17700, 1109.414
 17760, 1124.138
 17820, 1185.502
 17880, 1259.811
 17940, 1205.530
 18000, 1191.926
 18060, -9999.000
 18120, 1122.071
 18180, 1154.302
 18240, 1307.140
 18300, 1253.466
 18360, 1253.880
 18420, 1338.688
 18480, 1319.214
 18540, 1276.381
 18600, 1309.372
 18660, 1371.259
 18720, 1222.812
 18780, 1234.131
 18840, 1165.933
 18900, 1182.884
 18960, 1193.565
 19020, 1213.404
 19080, 1109.352
 19140, 1216.974
 19200, 1231.125
 19260, 1323.403
 19320, 1264.316
 19380, 1262.386
 19440, 1287.264
 19500, 1212.134
 19560, 1203.325
 19620, 1274.048
 19680, 1321.629
 19740, 1310.355
 19800, 1522.055
 19860, 1582.001
 19920, -9999.000
 19980, 1587.007
 20040, 1608.350
 20100, 1614.818
 20160, 1634.885
 20220, 1669.775
 20280, 1679.821
 20340, 1576.826
 20400, 1574.353
 20460, 1590.949
 20520, 1702.192
 20580, 1574.929
 20640, 1637.410
 20700, 1510.703
 20760, 1568.679
 20820, 1573.573
 20880, 1450.535
 20940, 1238.596
 21000, 1143.133
 21060, 1159.754
 21120, 1053.567
 21180, 1125.392
 21240, 1061.003
 21300, 1055.578
 21360, 1055.477
 21420, 1024.882
 21480, 1021.726
 21540, 1078.211
 21600, 1066.742
 21660, 1072.024
 21720, 1054.341
 21780, -9999.000
 21840, 1006.770
 21900, 1003.552
 21960, 1016.883
 22020, 1032.353
 22080, 989.362
 22140, 1011.286
 22200, 1003.004
 22260, 1000.996
 22320, 1032.515
 22380, 1046.421
 22440, 1053.026
 22500, 1062.332
 22560, 1079.702
 22620, 1123.718
 22680, 1220.342
 22740, 1261.024
 22800, 1327.027
 22860, 1222.533
 22920, 1073.421
 22980, 1098.102
 23040, 1101.537
 23100, 1117.784
 23160, 1146.235
 23220, 1158.898
 23280, 1104.764
 23340, 1067.663
 23400, 1127.622
 23460, 1107.436
 23520, 1068.541
 23580, 1129.474
 23640, 1095.927
 23700, 1388.566
 23760, 1502.821
 23820, 1528.144
 23880, 1578.724
 23940, 1605.262
 24000, 1355.298
 24060, 1213.685
 24120, 1255.601
 24180, 1048.445
 24240, 995.422
 24300, 1027.083
 24360, 1003.890
 24420, 1015.257
 24480, 1029.229
 24540, 985.399
 24600, 955.894
 24660, 968.508
 24720, 1018.569
 24780, 975.286
 24840, 947.319
 24900, 944.717
 24960, 961.883
 25020, 960.332
 25080, 957.209
 25140, 961.592
 25200, 986.301
 25260, 963.857
 25320, 966.332
 25380, 982.390
 25440, -9999.000
 25500, 978.158
 25560, 982.071
 25620, 988.852
 25680, 962.996
 25740, 975.915
 25800, 986.426
 25860, 977.728
 25920, 966.989
 25980, 969.513
 26040, 987.845
 26100, 996.865
 26160, 986.031
 26220, 992.261
 26280, 980.264
 26340, 989.270
 26400, 963.806
 26460, 993.340
 26520, 988.452
 26580, 980.360
 26640, 1006.658
 26700, 974.116
 26760, 958.142
 26820, 992.391
 26880, 1005.267
 26940, 1017.520
 27000, 1004.977
 27060, 976.800
 27120, 981.240
 27180, 1018.888
 27240, 1018.568
 27300, -9999.000
 27360, 1009.690
 27420, 998.962
 27480, 1018.875
 27540, 1015.263
 27600, 1034.219
 27660, 1059.820
 27720, 1049.965
 27780, 1037.125
 27840, 1024.925
 27900, 1010.355
 27960, 1054.005
 28020, 1049.756
 28080, 1053.825
 28140, 1081.258
 28200, 1057.700
 28260, 1047.919
 28320, 1075.014
 28380, 1073.724
 28440, 1047.809
 28500, 1091.422
 28560, 1061.961
 28620, 1067.711
 28680, 1086.715
 28740, 1106.153
 28800, 1075.244
 28860, 1116.636
 28920, 1072.505
 28980, 1105.149
 29040, 1090.448
 29100, 1063.174
 29160, -9999.000
 29220, 1079.239
 29280, 1047.903
 29340, 1100.724
 29400, 1098.241
 29460, 1116.143
 29520, 1112.976
 29580, 1106.174
 29640, 1132.043
 29700, 1102.518
 29760, 1131.122
 29820, 1097.599
 29880, 1110.781
 29940, 1098.744
 30000, 1079.901
 30060, 1087.756
 30120, 1099.146
 30180, 1097.433
 30240, 1117.623
 30300, 1098.781
 30360, 1129.215
 30420, 1107.208
 30480, 1081.793
 30540, 1088.773
 30600, 1112.606
 30660, 1118.650
 30720, 1063.427
 30780, 1097.744
 30840, 1082.300
 30900, 1125.778
 30960, 1054.415
 31020, 1104.264
 31080, 1064.491
 31140, 1072.169
 31200, 1085.357
 31260, 1081.591
 31320, 1114.109
 31380, 1140.847
 31440, 1088.578
 31500, 1075.175
 31560, 1107.897
 31620, 1105.023
 31680, 1073.501
 31740, 1111.189
 31800, 1124.774
 31860, 1120.365
 31920, 1118.803
 31980, 1111.177
 32040, 1132.603
 32100, 1156.581
 32160, 1132.678
 32220, 1142.652
 32280, 1141.039
 32340, 1156.938
 32400, 1138.836
 32460, 1128.504
 32520, 1143.396
 32580, 1153.453
 32640, 1142.278
 32700, 1144.085
 32760, 1124.844
 32820, 1043.847
 32880, 1170.384
 32940, 1155.440
 33000, 1168.228
 33060, 1177.865
 33120, 1163.065
 33180, 1147.107
 33240, 1154.415
 33300, 1166.527
 33360, 1167.402
 33420, 1160.735
 33480, 1173.739
 33540, 1153.992
 33600, 1158.821
 33660, 1176.233
 33720, 1178.941
 33780, 1174.222
 33840, 1169.828
 33900, 1165.157
 33960, 1165.021
 34020, 1191.146
 34080, 1158.634
 34140, 1156.019
 34200, 1235.409
 34260, 1235.015
 34320, 1205.643
 34380, 1204.077
 34440, 1210.665
 34500, 1190.582
 34560, 1179.728
 34620, 1232.989
 34680, 1198.583
 34740, 1186.418
 34800, 1172.181
 34860, 1184.675
 34920, 1178.770
 34980, 1193.403
 35040, 1210.057
 35100, 1218.921
 35160, 1190.414
 35220, 1218.981
 35280, 1206.659
 35340, 1207.482
 35400, 1196.965
 35460, 1227.978
 35520, 1196.095
 35580, 1220.864
 35640, 1220.322
 35700, 1216.359
 35760, 1223.498
 35820, 1272.027
 35880, 1224.055
 35940, 1284.281
 36000, 1301.941
 36060, 1299.993
 36120, 1337.957
 36180, 1349.208
 36240, 1296.090
 36300, 1251.034
 36360, 1204.218
 36420, 1233.625
 36480, 1246.551
 36540, -9999.000
 36600, 1216.393
 36660, 1218.108
 36720, 1185.775
 36780, 1235.549
 36840, 1286.196
 36900, 1276.917
 36960, 1269.943
 37020, 1223.076
 37080, 1199.915
 37140, 1214.163
 37200, 1228.952
 37260, 1231.094
 37320, 1248.738
 37380, 1221.319
 37440, 1226.905
 37500, 1257.365
 37560, 1202.797
 37620, 1228.876
 37680, 1204.387
 37740, 1239.131
 37800, 1192.304
 37860, 1238.673
 37920, 1245.150
 37980, 1232.137
 38040, 1217.057
 38100, 1225.257
 38160, 1215.986
 38220, 1237.828
 38280, 1200.022
 38340, 1210.206
 38400, 1222.447
 38460, 1195.434
 38520, 1232.764
 38580, 1232.163
 38640, 1207.175
 38700, 1217.960
 38760, 1191.243
 38820, 1233.776
 38880, 1206.418
 38940, 1170.334
 39000, 1219.805
 39060, 1249.212
 39120, 1232.940
 39180, 1223.031
 39240, 1223.596
 39300, 1181.873
 39360, 1227.188
 39420, 1223.361
 39480, 1196.053
 39540, 1183.422
 39600, 1212.373
 39660, 1206.122
 39720, 1198.375
 39780, 1192.863
 39840, 1193.207
 39900, 1193.900
 39960, 1187.545
 40020, 1182.590
 40080, 1200.060
 40140, 1205.528
 40200, 1132.904
 40260, 1253.374
 40320, 1208.694
 40380, 1197.468
 40440, 1180.005
 40500, 1164.514
 40560, 1168.985
 40620, 1215.915
 40680, 1205.552
 40740, 1191.679
 40800, 1182.886
 40860, 1192.073
 40920, 1218.407
 40980, 1292.739
 41040, 1397.284
 41100, 1360.507
 41160, 1402.932
 41220, 1408.325
 41280, 1442.569
 41340, 1403.880
 41400, 1367.496
 41460, 1342.215
 41520, 1371.968
 41580, 1450.114
 41640, 1412.789
 41700, 1366.522
 41760, 1320.730
 41820, 1436.002
 41880, 1409.090
 41940, 1377.078
 42000, 1461.348
 42060, 1444.436
 42120, 1374.257
 42180, 1409.487
 42240, 1327.331
 42300, 1392.453
 42360, 1444.268
 42420, 1533.392
 42480, 1514.047
 42540, 1497.835
 42600, 1516.718
 42660, 1521.167
 42720, 1467.226
 42780, 1545.992
 42840, 1526.931
 42900, 1476.828
 42960, 1499.593
 43020, 1462.884
 43080, 1350.549
 43140, 1576.699
 43200, 1401.455
 43260, 1384.814
 43320, 1460.329
 43380, 1504.615
 43440, 1571.632
 43500, 1638.963
 43560, 1583.019
 43620, 1640.099
 43680, 1702.889
 43740, 1679.179
 43800, 1534.793
 43860, 1363.992
 43920, -9999.000
 43980, 1677.760
 44040, 1664.771
 44100, 1714.776
 44160, 1713.932
 44220, 1776.065
 44280, 1714.085
 44340, 1875.963
 44400, 1890.111
 44460, 1894.879
 44520, 1697.048
 44580, 1511.014
 44640, 1465.671
 44700, -9999.000
 44760, -9999.000
 44820, -9999.000
 44880, -9999.000
 44940, -9999.000
 45000, -9999.000
 45060, -9999.000
 45120, -9999.000
 45180, -9999.000
 45240, -9999.000
 45300, -9999.000
 45360, -9999.000
 45420, -9999.000
 45480, -9999.000
 45540, -9999.000
 45600, -9999.000
 45660, -9999.000
 45720, -9999.000
 45780, -9999.000
 45840, -9999.000
 45900, -9999.000
 45960, -9999.000
 46020, -9999.000
 46080, -9999.000
 46140, -9999.000
 46200, -9999.000
 46260, -9999.000
 46320, -9999.000
 46380, -9999.000
 46440, -9999.000
 46500, -9999.000
 46560, -9999.000
 46620, -9999.000
 46680, -9999.000
 46740, -9999.000
 46800, -9999.000
 46860, -9999.000
 46920, -9999.000
 46980, -9999.000
 47040, -9999.000
 47100, -9999.000
 47160, -9999.000
 47220, -9999.000
 47280, -9999.000
 47340, -9999.000
 47400, -9999.000
 47460, -9999.000
 47520, -9999.000
 47580, -9999.000
 47640, -9999.000
 47700, -9999.000
 47760, -9999.000
 47820, -9999.000
 47880, -9999.000
 47940, -9999.000
 48000, -9999.000
 48060, -9999.000
 48120, -9999.000
 48180, -9999.000
 48240, -9999.000
 48300, -9999.000
 48360, -9999.000
 48420, -9999.000
 48480, -9999.000
 48540, -9999.000
 48600, -9999.000
 48660, -9999.000
 48720, -9999.000
 48780, -9999.000
 48840, -9999.000
 48900, -9999.000
 48960, -9999.000
 49020, -9999.000
 49080, -9999.000
 49140, -9999.000
 49200, -9999.000
 49260, -9999.000
 49320, -9999.000
 49380, -9999.000
 49440, -9999.000
 49500, -9999.000
 49560, 1892.338
 49620, 1717.217
 49680, 1674.327
 49740, 1671.991
 49800, 1699.955
 49860, 1728.489
 49920, 1777.323
 49980, 1738.207
 50040, 1761.571
 50100, 1652.135
 50160, 1715.621
 50220, 1784.891
 50280, 1721.475
 50340, 1751.981
 50400, 1811.423
 50460, 1857.011
 50520, 1942.337
 50580, 2060.116
 50640, 2078.523
 50700, 2091.149
 50760, 2090.804
 50820, 2161.553
 50880, 2156.331
 50940, 2231.716
 51000, 2303.795
 51060, 2301.953
 51120, 2279.613
 51180, 2325.261
 51240, -9999.000
 51300, 2340.477
 51360, 2339.208
 51420, 2317.320
 51480, 2274.169
 51540, 2378.949
 51600, 2279.319
 51660, 2097.311
 51720, 2197.829
 51780, 2155.053
 51840, 2060.673
 51900, 2059.384
 51960, 2059.608
 52020, 2085.276
 52080, 2077.137
 52140, 2067.951
 52200, 2201.222
 52260, 2227.319
 52320, 2288.699
 52380, 2323.385
 52440, 2408.382
 52500, 2447.101
 52560, 2460.066
 52620, 2471.698
 52680, 2496.982
 52740, 2518.135
 52800, 2555.101
 52860, 2511.338
 52920, 2577.077
 52980, 2532.878
 53040, 2565.509
 53100, 2654.233
 53160, 2740.691
 53220, 2771.313
 53280, 2690.334
 53340, 2759.180
 53400, 2699.491
 53460, 2650.737
 53520, 2659.316
 53580, 2662.246
 53640, 2657.022
 53700, 2633.990
 53760, 2508.638
 53820, 2609.938
 53880, 2566.706
 53940, 2637.654
 54000, 2649.967
 54060, 2602.000
 54120, 2426.045
 54180, 2355.481
 54240, 2352.295
 54300, 2359.727
 54360, 2399.045
 54420, 2422.598
 54480, 2464.732
 54540, 2484.133
 54600, 2464.630
 54660, 2484.252
 54720, 2480.729
 54780, 2402.064
 54840, 2422.958
 54900, -9999.000
 54960, 2399.903
 55020, 2408.614
 55080, 2491.300
 55140, 2428.086
 55200, 2456.299
 55260, 2417.358
 55320, 2372.647
 55380, 2296.449
 55440, 2336.706
 55500, 2362.695
 55560, 2409.826
 55620, 2387.201
 55680, 2345.727
 55740, 2380.377
 55800, 2393.131
 55860, 2407.275
 55920, 2277.754
 55980, 2366.850
 56040, 2409.505
 56100, 2382.047
 56160, 2460.151
 56220, 2464.019
 56280, 2362.308
 56340, 2325.688
 56400, 2343.826
 56460, 2414.420
