CampaignData_and_Merges/R0/CSL_MobileLab_Parked/raw/20240723/USOS-PTR_MobileLabGround_20240723_R0.ict
58, 1001
Matthew Coggon, Kelvin Bates, Chelsea Stockwell, Carsten Warneke
NOAA ESRL Chemical Sciences Division
NOAA PTR-ToF-MS
USOS
1,1 
2024, 07, 23, 2025, 09, 19
0
Time_Start, seconds, number of seconds from 00:00 UTC 
22
1, 1, 1, 1, 1, 1, 1, 1, 1, 1, 1, 1, 1, 1, 1, 1, 1, 1, 1, 1, 1, 1
-9999, -9999, -9999, -9999, -9999, -9999, -9999, -9999, -9999, -9999, -9999, -9999, -9999, -9999, -9999, -9999, -9999, -9999, -9999, -9999, -9999, -9999
CH3OH_NOAAPTR_ppbv,  ppbv, Gas_CH3OH_InSitu_S_AVMR, (CH3OH) methanol
CH3CN_NOAAPTR_ppbv,  ppbv, Gas_CH3CN_InSitu_S_AVMR, (CH3CN) acetonitrile
CH3CHO_NOAAPTR_ppbv,  ppbv, Gas_CH3CHO_InSitu_S_AVMR, (CH3CHO) acetaldehyde plus contributions from ethylene glycol and ethylene oxide. Interference from ethanol has been subtracted out.
C2H5OH_NOAAPTR_ppbv,  ppbv, Gas_C2H5OH_InSitu_S_AVMR, (C2H5OH) ethanol
CH3SH_NOAAPTR_ppbv,  ppbv, Gas_CH3SH_InSitu_S_AVMR, (CH3SH) methanethiol, using calibration factor for DMS
Acrolein_NOAAPTR_ppbv,  ppbv, Gas_Acrolein_InSitu_S_AVMR, (C3H4O) acrolein
AcetonePropanal_NOAAPTR_ppbv,  ppbv, Gas_AcetoneAndPropanal_InSitu_S_AVMR, (C3H6O) sum of acetone (dominant isomer) and propanal, using calibration factor for acetone
DMS_NOAAPTR_ppbv,  ppbv, Gas_DMS_InSitu_S_AVMR, (C2H6S) dimethyl sulfide with possible small contributions from ethanethiol
C5H8_NOAAPTR_ppbv,  ppbv, Gas_Isoprene_InSitu_S_AVMR, (C5H8) isoprene and possible fragments from cycloalkanes and aldehydes. Interferences have been subtracted following methods described by Coggon et al (2023)
MVKMAC_NOAAPTR_ppbv,  ppbv, Gas_MVKAndMAC_InSitu_S_AVMR, (C4H6O) sum of methyl vinyl ketone, methacrolein, and small amounts of crotonaldehyde, using weighted calibration factor for MVK (0.637) and MACR (0.363)
Benzene_NOAAPTR_ppbv,  ppbv, Gas_Benzene_InSitu_S_AVMR, (C6H6) benzene
Toluene_NOAAPTR_ppbv,  ppbv, Gas_Toluene_InSitu_S_AVMR, (C7H8) toluene with possible small contributions of fragments from ethyltoluene
Styrene_NOAAPTR_ppbv,  ppbv, Gas_Styrene_InSitu_S_AVMR, (C8H8) styrene
Benzaldehyde_NOAAPTR_ppbv,  ppbv, Gas_Benzaldehyde_InSitu_S_AVMR, (C7H6O) benzaldehyde
C8Aromatics_NOAAPTR_ppbv,  ppbv, Gas_C8Aromatics_InSitu_M_AVMR, (C8H10) sum of m-xylene, p-xylene, o-xylene, and ethyl benzene
C9Aromatics_NOAAPTR_ppbv,  ppbv, Gas_C9Aromatics_InSitu_M_AVMR, (C9H12) sum of C9 aromatics
Naphthalene_NOAAPTR_ppbv,  ppbv, Gas_Naphthalene_InSitu_S_AVMR, (C10H8) naphthalene
Octanal_NOAAPTR_ppbv,  ppbv, Gas_Octanal_InSitu_S_AVMR, (C8H16O) octanal and small amounts of octanone
Monoterpenes_NOAAPTR_ppbv,  ppbv, Gas_Monoterpenes_InSitu_M_AVMR, (C10H16) sum of monoterpenes and possible contributions from fragments of oxygenated monoterpenoids such as eucalyptol.
Nonanal_NOAAPTR_ppbv,  ppbv, Gas_Nonanal_InSitu_M_AVMR, (C9H18O) nonanal and small amounts of nonanone
C7H4ClF3_NOAAPTR_ppbv,  ppbv, Gas_C7H4ClF3_InSitu_S_AVMR, (C7H4ClF3) parachlorobenzotrifluoride
C10H30O5Si5_NOAAPTR_ppbv,  ppbv, Gas_C10H30O5Si5_InSitu_S_AVMR, (C10H30O5Si5) decamethylcyclopentasiloxane
1
SPECIAL COMMENTS:N/A
21
PI_CONTACT_INFO: NOAA ESRL Chemical Sciences Division, Tropospheric Chemistry Group. 325 Broadway, R/CSD7, Boulder, CO 80305
PLATFORM: Mobile Laboratory.
LOCATION: Salt Lake City, UT
ASSOCIATED_DATA: N/A
INSTRUMENT_INFO: NOAA PTR-ToF-MS measurements on NOAA CSL Mobile Lab
DATA_INFO: Units: ppbv
UNCERTAINTY: See OTHER_COMMENTS
ULOD_FLAG: -7777
ULOD_VALUE: N/A
LLOD_FLAG: -8888
LLOD_VALUE: N/A.
DM_CONTACT_INFO: Data Managers: Matt Coggon, Kelvin Bates, Chelsea Stockwell; email: matthew.m.coggon@noaa.gov and kelvin.bates@colorado.edu
PROJECT_INFO: USOS Deployment July-August, 2024
STIPULATIONS_ON_USE: Use of these data require prior OK from PI.
OTHER_COMMENTS: Uncertainties:
CH3OH_NOAAPTR_ppbv:30%; CH3CN_NOAAPTR_ppbv:30%; CH3CHO_NOAAPTR_ppbv:30%; C2H5OH_NOAAPTR_ppbv:30%; CH3SH_NOAAPTR_ppbv:50%; Acrolein_NOAAPTR_ppbv:30%; AcetonePropanal_NOAAPTR_ppbv:30%; DMS_NOAAPTR_ppbv:30%; C5H8_NOAAPTR_ppbv:30%; MVKMAC_NOAAPTR_ppbv:30%; 
Benzene_NOAAPTR_ppbv:30%; Toluene_NOAAPTR_ppbv:30%; Styrene_NOAAPTR_ppbv:30%; Benzaldehyde_NOAAPTR_ppbv:30%; C8Aromatics_NOAAPTR_ppbv:30%; C9Aromatics_NOAAPTR_ppbv:30%; Naphthalene_NOAAPTR_ppbv:30%; Octanal_NOAAPTR_ppbv:30%; Monoterpenes_NOAAPTR_ppbv:30%; Nonanal_NOAAPTR_ppbv:30%; 
C7H4ClF3_NOAAPTR_ppbv:30%; C10H30O5Si5_NOAAPTR_ppbv:30%; 
REVISION: R0
R0: Calibrated PTR Data. See individual species comments for details about measurement uncertainties
Time_Start, CH3OH_NOAAPTR_ppbv, CH3CN_NOAAPTR_ppbv, CH3CHO_NOAAPTR_ppbv, C2H5OH_NOAAPTR_ppbv, CH3SH_NOAAPTR_ppbv, Acrolein_NOAAPTR_ppbv, AcetonePropanal_NOAAPTR_ppbv, DMS_NOAAPTR_ppbv, C5H8_NOAAPTR_ppbv, MVKMAC_NOAAPTR_ppbv, Benzene_NOAAPTR_ppbv, Toluene_NOAAPTR_ppbv, Styrene_NOAAPTR_ppbv, Benzaldehyde_NOAAPTR_ppbv, C8Aromatics_NOAAPTR_ppbv, C9Aromatics_NOAAPTR_ppbv, Naphthalene_NOAAPTR_ppbv, Octanal_NOAAPTR_ppbv, Monoterpenes_NOAAPTR_ppbv, Nonanal_NOAAPTR_ppbv, C7H4ClF3_NOAAPTR_ppbv, C10H30O5Si5_NOAAPTR_ppbv
[from data line 872]
52320.0, 17.98201, 0.35747, 3.79966, 9.03617, 0.00154, 0.36313, 6.66620, 0.01403, 0.56425, 0.48514, 0.35567, 0.89499, 0.01107, 0.01631, 0.54073, 0.21732, 0.02742, 0.06469, 0.24359, 0.07209, 0.03190, 0.01729 
52380.0, 16.20202, 0.32682, -9999.00000, 9.38124, 0.00334, 0.37621, 6.73711, -0.00030, -9999.00000, 0.53459, 0.40284, 0.84238, 0.03145, 0.02086, 0.54534, 0.20869, 0.01002, 0.09580, 0.23372, 0.09585, 0.04063, 0.02971 
52440.0, -9999.00000, -9999.00000, -9999.00000, -9999.00000, -9999.00000, -9999.00000, -9999.00000, -9999.00000, -9999.00000, -9999.00000, -9999.00000, -9999.00000, -9999.00000, -9999.00000, -9999.00000, -9999.00000, -9999.00000, -9999.00000, -9999.00000, -9999.00000, -9999.00000, -9999.00000 
52500.0, -9999.00000, -9999.00000, -9999.00000, -9999.00000, -9999.00000, -9999.00000, -9999.00000, -9999.00000, -9999.00000, -9999.00000, -9999.00000, -9999.00000, -9999.00000, -9999.00000, -9999.00000, -9999.00000, -9999.00000, -9999.00000, -9999.00000, -9999.00000, -9999.00000, -9999.00000 
52560.0, -9999.00000, -9999.00000, -9999.00000, -9999.00000, -9999.00000, -9999.00000, -9999.00000, -9999.00000, -9999.00000, -9999.00000, -9999.00000, -9999.00000, -9999.00000, -9999.00000, -9999.00000, -9999.00000, -9999.00000, -9999.00000, -9999.00000, -9999.00000, -9999.00000, -9999.00000 
52620.0, -9999.00000, -9999.00000, -9999.00000, -9999.00000, -9999.00000, -9999.00000, -9999.00000, -9999.00000, -9999.00000, -9999.00000, -9999.00000, -9999.00000, -9999.00000, -9999.00000, -9999.00000, -9999.00000, -9999.00000, -9999.00000, -9999.00000, -9999.00000, -9999.00000, -9999.00000 
52680.0, -9999.00000, -9999.00000, -9999.00000, -9999.00000, -9999.00000, -9999.00000, -9999.00000, -9999.00000, -9999.00000, -9999.00000, -9999.00000, -9999.00000, -9999.00000, -9999.00000, -9999.00000, -9999.00000, -9999.00000, -9999.00000, -9999.00000, -9999.00000, -9999.00000, -9999.00000 
52740.0, -9999.00000, -9999.00000, -9999.00000, -9999.00000, -9999.00000, -9999.00000, -9999.00000, -9999.00000, -9999.00000, -9999.00000, -9999.00000, -9999.00000, -9999.00000, -9999.00000, -9999.00000, -9999.00000, -9999.00000, -9999.00000, -9999.00000, -9999.00000, -9999.00000, -9999.00000 
52800.0, -9999.00000, -9999.00000, -9999.00000, -9999.00000, -9999.00000, -9999.00000, -9999.00000, -9999.00000, -9999.00000, -9999.00000, -9999.00000, -9999.00000, -9999.00000, -9999.00000, -9999.00000, -9999.00000, -9999.00000, -9999.00000, -9999.00000, -9999.00000, -9999.00000, -9999.00000 
52860.0, -9999.00000, -9999.00000, -9999.00000, -9999.00000, -9999.00000, -9999.00000, -9999.00000, -9999.00000, -9999.00000, -9999.00000, -9999.00000, -9999.00000, -9999.00000, -9999.00000, -9999.00000, -9999.00000, -9999.00000, -9999.00000, -9999.00000, -9999.00000, -9999.00000, -9999.00000 
52920.0, -9999.00000, -9999.00000, -9999.00000, -9999.00000, -9999.00000, -9999.00000, -9999.00000, -9999.00000, -9999.00000, -9999.00000, -9999.00000, -9999.00000, -9999.00000, -9999.00000, -9999.00000, -9999.00000, -9999.00000, -9999.00000, -9999.00000, -9999.00000, -9999.00000, -9999.00000 
52980.0, -9999.00000, -9999.00000, -9999.00000, -9999.00000, -9999.00000, -9999.00000, -9999.00000, -9999.00000, -9999.00000, -9999.00000, -9999.00000, -9999.00000, -9999.00000, -9999.00000, -9999.00000, -9999.00000, -9999.00000, -9999.00000, -9999.00000, -9999.00000, -9999.00000, -9999.00000 
53040.0, 22.03637, 0.36709, -9999.00000, 11.24991, 0.00853, 0.45912, 7.33771, 0.00671, -9999.00000, 0.57691, 0.84548, 1.44785, 0.11370, 0.03838, 0.89382, 0.31286, 0.02692, 0.05648, 0.18482, 0.06153, 0.04464, 0.02082 
53100.0, 18.45353, 0.35474, 4.44201, 10.26077, 0.01064, 0.44625, 7.38388, -0.00028, 0.62785, 0.59357, 0.46298, 0.94759, 0.08205, -0.02479, 0.56012, 0.19037, 0.02722, 0.06303, 0.09604, 0.08858, 0.04524, 0.01133 
53160.0, 19.88822, 0.32203, 4.46394, 10.51674, 0.00736, 0.48993, 8.00616, 0.00491, 0.78277, 0.57474, 0.32471, 1.05967, 0.07684, -0.02515, 0.56383, 0.16997, 0.02552, 0.06862, 0.17200, 0.16407, 0.06185, 0.01683 
53220.0, 20.50833, 0.34810, 4.53006, 11.47819, 0.00715, 0.47204, 7.91884, 0.00613, 0.59907, 0.61169, 0.69013, 1.32247, 0.12582, 0.09493, 0.82711, 0.32788, 0.02856, 0.09242, 0.33144, 0.14258, 0.05909, 0.03773 
53280.0, 20.30493, 0.34104, 4.51142, 11.49525, 0.00532, 0.50030, 7.33973, -0.00028, 0.89091, 0.66217, 0.44298, 1.08742, 0.07443, -0.01192, 0.66363, 0.22601, 0.01940, 0.07462, 0.34550, 0.10490, 0.03944, 0.03365 
53340.0, 21.41600, 0.33444, 4.72615, 11.20587, 0.00563, 0.53453, 7.60692, -0.00028, 0.86038, 0.62628, 0.53445, 1.19383, 0.09351, 0.03978, 0.73809, 0.30187, 0.01274, 0.06464, 0.33056, 0.11682, 0.04203, 0.04098 
53400.0, 20.90732, 0.32204, 4.72382, 13.54764, 0.00730, 0.49208, 7.50784, 0.00341, 0.91424, 0.67589, 0.54207, 1.10945, 0.09762, 0.05015, 0.75118, 0.30101, 0.02401, 0.10402, 0.32211, 0.09769, 0.04293, 0.03284 
53460.0, 19.81827, 0.35267, 4.93177, 12.50194, 0.00576, 0.53730, 7.41043, -0.00027, 0.91292, 0.66698, 0.48236, 1.06505, 0.08979, 0.02701, 0.65616, 0.27522, 0.01386, 0.07629, 0.33914, 0.10456, 0.03485, 0.02887 
53520.0, 21.77596, 0.30930, 4.86205, 13.25626, 0.00794, 0.49981, 7.47835, -0.00027, 0.96326, 0.67182, 0.55175, 1.11828, 0.10329, 0.00393, 0.74884, 0.33126, 0.02625, 0.09301, 0.37963, 0.13234, 0.02771, 0.03086 
53580.0, 20.75778, 0.34973, 4.81365, 14.66645, 0.00562, 0.51102, 7.46331, -0.00009, 0.95708, 0.68231, 0.52496, 1.19388, 0.13538, 0.01521, 0.72156, 0.33988, 0.00555, 0.09467, 0.30204, 0.08361, 0.03291, 0.03029 
53640.0, 20.70861, 0.34906, 4.53605, 13.68139, 0.00692, 0.42633, 7.32314, 0.02324, 0.82513, 0.66193, 0.52479, 1.27455, 0.06033, 0.00918, 0.70724, 0.30398, 0.01372, 0.07895, 0.31025, 0.06150, 0.03662, 0.02932 
53700.0, 23.55591, 0.35684, 4.85416, 16.00689, 0.00911, 0.50328, 7.40162, 0.00509, 1.01686, 0.71647, 0.55850, 1.39559, 0.10380, 0.00081, 0.71013, 0.28218, 0.00532, 0.07429, 0.34583, 0.10557, 0.03649, 0.03239 
53760.0, 23.23151, 0.31761, 4.93387, 15.09778, 0.01067, 0.46602, 7.42747, 0.01403, 0.88196, 0.70936, 0.48988, 1.23033, 0.04820, -0.00032, 0.74440, 0.32672, 0.01553, 0.07945, 0.35702, 0.11748, 0.02875, 0.03086 
53820.0, 22.88853, 0.37142, 5.89512, 20.78464, 0.00981, 0.50301, 7.42044, 0.01157, 0.73113, 0.67329, 0.84346, 2.17402, 0.19136, 0.00272, 1.19455, 0.50363, 0.01449, 0.05230, 0.38421, 0.09543, 0.03521, 0.02822 
53880.0, 22.66448, 0.35294, 5.11487, 19.94108, 0.00804, 0.51402, 7.65076, -0.00027, 0.98843, 0.69267, 0.66607, 1.75439, 0.14181, -0.00458, 0.99910, 0.45506, -0.00401, 0.07423, 0.36347, 0.12731, 0.03530, 0.03107 
53940.0, 23.20625, 0.35519, 5.39534, 20.66039, 0.01061, 0.50335, 7.46170, 0.00458, 0.93894, 0.68420, 0.77750, 1.99298, 0.14143, -0.02997, 1.08370, 0.49357, 0.02146, 0.08951, 0.41404, 0.11528, 0.03125, 0.03131 
54000.0, 30.88590, 0.34266, 5.48275, 21.53675, 0.01213, 0.55298, 7.47936, 0.00031, 0.95716, 0.69788, 0.82483, 2.25219, 0.16327, -0.01022, 1.26699, 0.49565, 0.01745, 0.08690, 0.41681, 0.10984, 0.03541, 0.03199 
54060.0, 22.65308, 0.34482, 4.86484, 14.67165, 0.00520, 0.48645, 7.53832, 0.00065, 1.13978, 0.71213, 0.50807, 1.12758, 0.04007, 0.02054, 0.66306, 0.32950, 0.01203, 0.06511, 0.36996, 0.07133, 0.03531, 0.02869 
54120.0, 17.63319, 0.33307, 4.33405, 11.68116, 0.00885, 0.50059, 7.03168, -0.00026, 1.13045, 0.75377, 0.39316, 0.92293, 0.09170, 0.01514, 0.60496, 0.25345, 0.01849, 0.06549, 0.32518, 0.08441, 0.02807, 0.03165 
54180.0, 18.80802, 0.33412, 4.19982, 10.50907, 0.00197, 0.42398, 7.01847, -0.00026, 1.09491, 0.75355, 0.46672, 0.90483, 0.03131, -0.00804, 0.58886, 0.26850, 0.01819, 0.07428, 0.35861, 0.07178, 0.01476, 0.01695 
54240.0, 16.91302, 0.34894, 3.97995, 9.55002, 0.00427, 0.43177, 6.99975, 0.01726, 1.21898, 0.75251, 0.46544, 0.94275, 0.09544, -0.00423, 0.56849, 0.25695, 0.00674, 0.05066, 0.28919, 0.08068, 0.01613, 0.02596 
54300.0, 17.16755, 0.33840, 4.14342, 16.01584, 0.00583, 0.45564, 6.89162, 0.00634, 1.16765, 0.76278, 0.92811, 2.74988, 0.15144, -0.02425, 1.55672, 0.50798, 0.02006, 0.07961, 0.31936, 0.06688, 0.02530, 0.02151 
54360.0, 17.84398, 0.34973, 4.03271, 10.97865, 0.00761, 0.44165, 6.59296, -0.00026, 1.13530, 0.70694, 0.51158, 1.21633, 0.11573, -0.03257, 0.75090, 0.32126, 0.02130, 0.06686, 0.32720, 0.07150, 0.01647, 0.02238 
54420.0, 15.16083, 0.33436, 3.78271, 10.07327, 0.00182, 0.44184, 7.29604, -0.00025, 0.85076, 0.70373, 0.41253, 0.88066, 0.04419, 0.01152, 0.51955, 0.20579, 0.00586, 0.07228, 0.24484, 0.07902, 0.04528, 0.02138 
54480.0, 17.73004, 0.36385, 4.24296, 12.49493, 0.01082, 0.49455, 7.36687, 0.00725, 1.07386, 0.67551, 0.77985, 2.14124, 0.11205, -0.03331, 1.26909, 0.40400, 0.02187, 0.07189, 0.29470, 0.08327, 0.03517, 0.02376 
54540.0, 17.26549, 0.33564, 3.84384, 8.14942, 0.00451, 0.41173, 7.60396, -0.00025, 0.75275, 0.64644, 0.38123, 0.82591, 0.06786, 0.01284, 0.51365, 0.20953, -0.00508, 0.03994, 0.26076, 0.10177, 0.04339, 0.01603 
54600.0, 15.78282, 0.30841, 3.74053, 8.79182, 0.00946, 0.41788, 7.48220, 0.01231, 0.69840, 0.63646, 0.40501, 0.77649, 0.07209, -0.01564, 0.48135, 0.18097, 0.01324, 0.07118, 0.24035, 0.04739, 0.04703, 0.02573 
54660.0, 16.39951, 0.37100, 3.66282, 8.44405, 0.00165, 0.45095, 7.50363, 0.00687, 0.64496, 0.63113, 0.33256, 0.76004, 0.08123, -0.00258, 0.51305, 0.20350, 0.01314, 0.05743, 0.23002, 0.08686, 0.05291, 0.02774 
54720.0, 16.81460, 0.33816, 3.81590, 9.45066, 0.00685, 0.43199, 7.60702, 0.01035, 0.67124, 0.67029, 0.39640, 0.80463, 0.01491, 0.01686, 0.55742, 0.22602, 0.01561, 0.08941, 0.25822, 0.06370, 0.04650, 0.02844 
54780.0, 17.13768, 0.34290, 3.61222, 8.50622, 0.00417, 0.44815, 7.36530, 0.00434, 0.69706, 0.66306, 0.41440, 0.80127, 0.02282, -0.00692, 0.54640, 0.23817, 0.00913, 0.08073, 0.23990, 0.07465, 0.06296, 0.02379 
54840.0, 16.15934, 0.33975, 3.77172, 9.66764, 0.00225, 0.44873, 7.26399, 0.00064, 0.80378, 0.66360, 0.44767, 1.02038, 0.08538, 0.01061, 0.63401, 0.26233, 0.01876, 0.07191, 0.26884, 0.06724, 0.04581, 0.02366 
54900.0, 17.87818, 0.34449, 3.78119, 9.22686, 0.00878, 0.43812, 7.38013, 0.00972, 0.74786, 0.70818, 0.44770, 0.93557, 0.08729, 0.00742, 0.65366, 0.28492, 0.02200, 0.06180, 0.40890, 0.08115, 0.05123, 0.03075 
54960.0, 19.36741, 0.35287, 3.63461, 9.58568, 0.01263, 0.45090, 7.25104, 0.02056, 0.83285, 0.67692, 0.43872, 0.94104, 0.07985, -0.00470, 0.62535, 0.25330, 0.00795, 0.06916, 0.28911, 0.07333, 0.05537, 0.02690 
55020.0, 22.91317, 0.37183, 3.60285, 8.41024, 0.00395, 0.44255, 7.18931, -0.00024, 0.68049, 0.70860, 0.42022, 0.85221, 0.07191, -0.00676, 0.59337, 0.24353, -0.00586, 0.05005, 0.29706, 0.08638, 0.04675, 0.02400 
55080.0, 18.71345, 0.35892, 3.75919, 8.27812, 0.00553, 0.43035, 7.34304, 0.01116, 0.68868, 0.71704, 0.44240, 0.89206, 0.08937, 0.00980, 0.65863, 0.21554, 0.00932, 0.06476, 0.28802, 0.09644, 0.05636, 0.02290 
55140.0, 17.60647, 0.34193, 3.81146, 9.53774, 0.00413, 0.44975, 7.35219, 0.00159, 0.79025, 0.73050, 0.53955, 1.22204, 0.11110, -0.00985, 0.95267, 0.33115, 0.03132, 0.07188, 0.29275, 0.09193, 0.04090, 0.03167 
55200.0, 17.50129, 0.35524, 3.93136, 8.66424, 0.00663, 0.42621, 7.24376, 0.00187, 0.73292, 0.68341, 0.55989, 1.25686, 0.09046, 0.00072, 0.87628, 0.33239, 0.02180, 0.05783, 0.30132, 0.06729, 0.04054, 0.02765 
55260.0, 18.84601, 0.34538, 3.75803, 9.70022, 0.00533, 0.46944, 7.28464, 0.01975, 0.73904, 0.74171, 0.62309, 1.61240, 0.12451, -0.03813, 1.33281, 0.49573, 0.01896, 0.05786, 0.25139, 0.08943, 0.04152, 0.05080 
55320.0, 16.29655, 0.36304, 3.49110, 7.72005, 0.00545, 0.42432, 7.04355, -0.00023, 0.68819, 0.71431, 0.46638, 0.91024, 0.07229, 0.02013, 0.63304, 0.24497, 0.00999, 0.06367, 0.29761, 0.06302, 0.04430, 0.02551 
55380.0, 16.09656, 0.36095, 3.31772, 6.67969, 0.00658, 0.37225, 6.54027, 0.00099, 0.64603, 0.72053, 0.36208, 0.68459, 0.03344, -0.00714, 0.49256, 0.18452, 0.00545, 0.05653, 0.19874, 0.04439, 0.03658, 0.02446 
55440.0, 17.97056, 0.36570, 3.64540, 9.16778, 0.01010, 0.42384, 6.96929, -0.00023, 0.75919, 0.77418, 0.48329, 1.22430, 0.12729, -0.01483, 1.00706, 0.43612, 0.01603, 0.05936, 0.26215, 0.07110, 0.03910, 0.02513 
55500.0, 18.41663, 0.37378, 3.82584, 8.20513, 0.01393, 0.43981, 7.04778, 0.01101, 0.72368, 0.74007, 0.53443, 1.32427, 0.06906, -0.03962, 1.14536, 0.48027, -0.00664, 0.04927, 0.23101, 0.07460, 0.04680, 0.01776 
55560.0, 16.75111, 0.36204, 3.84283, 8.28829, 0.00405, 0.41731, 7.13862, 0.03459, 0.61562, 0.76081, 0.52446, 1.32775, 0.15419, -0.02231, 1.31287, 0.59461, 0.02130, 0.07249, 0.27102, 0.10019, 0.03980, 0.02879 
55620.0, 18.78147, 0.34197, 4.37835, 8.57104, 0.01130, 0.43995, 7.18194, 0.01544, 0.86115, 0.76191, 0.39420, 0.90560, 0.10720, -0.02368, 0.71413, 0.26746, 0.02556, 0.09163, 0.28391, 0.07542, 0.03624, 0.02206 
55680.0, 17.93781, 0.34583, 3.74004, 8.50182, 0.00287, 0.42838, 6.99208, -0.00023, 0.69868, 0.73747, 0.63370, 1.05248, 0.04519, -0.00409, 0.76253, 0.31600, 0.01776, 0.08327, 0.33041, 0.08567, 0.03243, 0.02399 
55740.0, 18.54889, 0.36931, 3.99082, 8.84833, 0.00332, 0.44661, 7.14428, 0.02823, 0.79975, 0.79429, 0.61964, 1.43887, 0.15762, -0.00607, 1.48533, 0.66391, 0.01773, 0.06565, 0.28355, 0.08372, 0.03551, 0.01955 
55800.0, 15.58265, 0.32775, 3.74287, 7.72844, 0.00515, 0.43642, 7.11700, -0.00022, 0.80824, 0.78458, 0.33250, 0.81872, 0.07856, -0.02380, 0.57836, 0.23181, 0.02696, 0.06443, 0.25196, 0.07462, 0.04028, 0.01874 
55860.0, 17.49761, 0.34605, 3.90529, 9.76745, 0.00596, 0.46513, 7.26560, 0.00477, 0.88217, 0.79511, 0.47459, 1.13272, 0.12563, -0.01093, 0.99055, 0.44177, 0.00844, 0.08418, 0.27589, 0.09923, 0.05333, 0.02933 
55920.0, 19.38605, 0.35473, 3.49914, 7.62240, 0.00974, 0.39797, 6.92940, 0.00218, 0.82702, 0.83069, 0.42300, 0.74862, 0.07391, -0.01449, 0.48445, 0.22244, -0.00733, 0.05188, 0.28321, 0.08712, 0.05495, 0.01854 
55980.0, 18.55705, 0.38199, 3.71635, 9.02749, 0.00240, 0.43347, 7.19479, 0.00762, 0.88086, 0.78663, 0.44265, 0.86776, 0.06780, -0.00958, 0.61061, 0.22718, 0.01220, 0.09316, 0.28401, 0.07642, 0.04714, 0.02551 
56040.0, 17.13548, 0.36750, 3.89513, 7.99463, 0.00007, 0.44930, 7.16128, -0.00022, 0.91378, 0.83226, 0.49678, 0.98659, 0.11692, -0.00169, 0.75198, 0.28176, 0.00196, 0.06123, 0.41479, 0.07989, 0.05312, 0.01872 
56100.0, 17.49957, 0.35583, 3.85512, 8.30744, 0.00277, 0.47653, 7.19056, 0.00028, 0.90619, 0.81468, 0.47923, 0.85179, 0.10820, -0.00496, 0.64893, 0.25643, 0.01748, 0.06653, 0.33400, 0.08488, 0.06612, 0.02948 
56160.0, 17.33975, 0.37520, 3.95294, 9.93633, 0.00807, 0.45504, 7.25919, 0.01732, 1.15847, 0.89081, 0.43417, 1.06747, 0.10210, -0.01651, 0.88198, 0.36059, 0.00185, 0.07728, 0.34189, 0.08937, 0.06458, 0.02241 
56220.0, 16.72252, 0.37093, 3.75804, 8.78537, 0.00652, 0.43159, 7.09610, -0.00022, 1.29316, 0.92623, 0.42159, 0.78982, 0.09538, -0.00028, 0.58231, 0.20823, 0.00058, 0.07772, 0.34473, 0.09320, 0.06795, 0.02197 
56280.0, 16.97701, 0.35309, 3.31467, 7.30730, 0.00578, 0.43858, 6.85834, 0.01026, 1.25239, 0.92271, 0.36047, 0.70668, 0.08204, -0.02984, 0.52576, 0.20711, -0.00052, 0.05866, 0.32618, 0.06143, 0.07314, 0.01412 
56340.0, 15.61681, 0.32456, 3.12725, 7.92094, 0.00512, 0.40752, 6.69730, -0.00021, 1.10678, 0.89784, 0.30596, 0.64238, 0.05654, -0.01695, 0.47012, 0.16326, 0.00039, 0.06426, 0.30270, 0.08176, 0.07742, 0.01559 
56400.0, 15.14973, 0.37051, 3.24883, 7.05995, 0.01008, 0.40933, 6.81827, 0.01204, 1.06304, 0.89243, 0.27683, 0.64806, 0.05752, -0.03336, 0.44404, 0.15128, 0.00280, 0.07223, 0.26666, 0.06524, 0.09439, 0.02506 
56460.0, 15.53820, 0.34334, 3.42304, 7.75414, 0.00569, 0.41205, 6.80623, -0.00021, 1.12898, 0.94541, 0.29580, 0.67156, 0.04666, 0.00197, 0.50495, 0.16904, 0.00803, 0.05646, 0.27532, 0.06743, 0.08760, 0.02537 
56520.0, 16.73794, 0.33942, 3.67677, 7.74133, 0.00818, 0.44158, 7.03355, 0.02630, 0.86104, 0.85214, 0.29669, 0.73100, 0.06756, -0.02604, 0.60548, 0.16982, 0.00171, 0.04828, 0.22510, 0.08096, 0.06934, 0.02451 
