CampaignData_and_Merges/R0/CSL_MobileLab_Parked/raw/20240723/USOS-PTR_MobileLabGround_20240723_R0.ict
58, 1001
Matthew Coggon, Kelvin Bates, Chelsea Stockwell, Carsten Warneke
NOAA ESRL Chemical Sciences Division
NOAA PTR-ToF-MS
USOS
1,1 
2024, 07, 23, 2025, 09, 19
0
Time_Start, seconds, number of seconds from 00:00 UTC 
22
1, 1, 1, 1, 1, 1, 1, 1, 1, 1, 1, 1, 1, 1, 1, 1, 1, 1, 1, 1, 1, 1
-9999, -9999, -9999, -9999, -9999, -9999, -9999, -9999, -9999, -9999, -9999, -9999, -9999, -9999, -9999, -9999, -9999, -9999, -9999, -9999, -9999, -9999
CH3OH_NOAAPTR_ppbv,  ppbv, Gas_CH3OH_InSitu_S_AVMR, (CH3OH) methanol
CH3CN_NOAAPTR_ppbv,  ppbv, Gas_CH3CN_InSitu_S_AVMR, (CH3CN) acetonitrile
CH3CHO_NOAAPTR_ppbv,  ppbv, Gas_CH3CHO_InSitu_S_AVMR, (CH3CHO) acetaldehyde plus contributions from ethylene glycol and ethylene oxide. Interference from ethanol has been subtracted out.
C2H5OH_NOAAPTR_ppbv,  ppbv, Gas_C2H5OH_InSitu_S_AVMR, (C2H5OH) ethanol
CH3SH_NOAAPTR_ppbv,  ppbv, Gas_CH3SH_InSitu_S_AVMR, (CH3SH) methanethiol, using calibration factor for DMS
Acrolein_NOAAPTR_ppbv,  ppbv, Gas_Acrolein_InSitu_S_AVMR, (C3H4O) acrolein
AcetonePropanal_NOAAPTR_ppbv,  ppbv, Gas_AcetoneAndPropanal_InSitu_S_AVMR, (C3H6O) sum of acetone (dominant isomer) and propanal, using calibration factor for acetone
DMS_NOAAPTR_ppbv,  ppbv, Gas_DMS_InSitu_S_AVMR, (C2H6S) dimethyl sulfide with possible small contributions from ethanethiol
C5H8_NOAAPTR_ppbv,  ppbv, Gas_Isoprene_InSitu_S_AVMR, (C5H8) isoprene and possible fragments from cycloalkanes and aldehydes. Interferences have been subtracted following methods described by Coggon et al (2023)
MVKMAC_NOAAPTR_ppbv,  ppbv, Gas_MVKAndMAC_InSitu_S_AVMR, (C4H6O) sum of methyl vinyl ketone, methacrolein, and small amounts of crotonaldehyde, using weighted calibration factor for MVK (0.637) and MACR (0.363)
Benzene_NOAAPTR_ppbv,  ppbv, Gas_Benzene_InSitu_S_AVMR, (C6H6) benzene
Toluene_NOAAPTR_ppbv,  ppbv, Gas_Toluene_InSitu_S_AVMR, (C7H8) toluene with possible small contributions of fragments from ethyltoluene
Styrene_NOAAPTR_ppbv,  ppbv, Gas_Styrene_InSitu_S_AVMR, (C8H8) styrene
Benzaldehyde_NOAAPTR_ppbv,  ppbv, Gas_Benzaldehyde_InSitu_S_AVMR, (C7H6O) benzaldehyde
C8Aromatics_NOAAPTR_ppbv,  ppbv, Gas_C8Aromatics_InSitu_M_AVMR, (C8H10) sum of m-xylene, p-xylene, o-xylene, and ethyl benzene
C9Aromatics_NOAAPTR_ppbv,  ppbv, Gas_C9Aromatics_InSitu_M_AVMR, (C9H12) sum of C9 aromatics
Naphthalene_NOAAPTR_ppbv,  ppbv, Gas_Naphthalene_InSitu_S_AVMR, (C10H8) naphthalene
Octanal_NOAAPTR_ppbv,  ppbv, Gas_Octanal_InSitu_S_AVMR, (C8H16O) octanal and small amounts of octanone
Monoterpenes_NOAAPTR_ppbv,  ppbv, Gas_Monoterpenes_InSitu_M_AVMR, (C10H16) sum of monoterpenes and possible contributions from fragments of oxygenated monoterpenoids such as eucalyptol.
Nonanal_NOAAPTR_ppbv,  ppbv, Gas_Nonanal_InSitu_M_AVMR, (C9H18O) nonanal and small amounts of nonanone
C7H4ClF3_NOAAPTR_ppbv,  ppbv, Gas_C7H4ClF3_InSitu_S_AVMR, (C7H4ClF3) parachlorobenzotrifluoride
C10H30O5Si5_NOAAPTR_ppbv,  ppbv, Gas_C10H30O5Si5_InSitu_S_AVMR, (C10H30O5Si5) decamethylcyclopentasiloxane
1
SPECIAL COMMENTS:N/A
21
PI_CONTACT_INFO: NOAA ESRL Chemical Sciences Division, Tropospheric Chemistry Group. 325 Broadway, R/CSD7, Boulder, CO 80305
PLATFORM: Mobile Laboratory.
LOCATION: Salt Lake City, UT
ASSOCIATED_DATA: N/A
INSTRUMENT_INFO: NOAA PTR-ToF-MS measurements on NOAA CSL Mobile Lab
DATA_INFO: Units: ppbv
UNCERTAINTY: See OTHER_COMMENTS
ULOD_FLAG: -7777
ULOD_VALUE: N/A
LLOD_FLAG: -8888
LLOD_VALUE: N/A.
DM_CONTACT_INFO: Data Managers: Matt Coggon, Kelvin Bates, Chelsea Stockwell; email: matthew.m.coggon@noaa.gov and kelvin.bates@colorado.edu
PROJECT_INFO: USOS Deployment July-August, 2024
STIPULATIONS_ON_USE: Use of these data require prior OK from PI.
OTHER_COMMENTS: Uncertainties:
CH3OH_NOAAPTR_ppbv:30%; CH3CN_NOAAPTR_ppbv:30%; CH3CHO_NOAAPTR_ppbv:30%; C2H5OH_NOAAPTR_ppbv:30%; CH3SH_NOAAPTR_ppbv:50%; Acrolein_NOAAPTR_ppbv:30%; AcetonePropanal_NOAAPTR_ppbv:30%; DMS_NOAAPTR_ppbv:30%; C5H8_NOAAPTR_ppbv:30%; MVKMAC_NOAAPTR_ppbv:30%; 
Benzene_NOAAPTR_ppbv:30%; Toluene_NOAAPTR_ppbv:30%; Styrene_NOAAPTR_ppbv:30%; Benzaldehyde_NOAAPTR_ppbv:30%; C8Aromatics_NOAAPTR_ppbv:30%; C9Aromatics_NOAAPTR_ppbv:30%; Naphthalene_NOAAPTR_ppbv:30%; Octanal_NOAAPTR_ppbv:30%; Monoterpenes_NOAAPTR_ppbv:30%; Nonanal_NOAAPTR_ppbv:30%; 
C7H4ClF3_NOAAPTR_ppbv:30%; C10H30O5Si5_NOAAPTR_ppbv:30%; 
REVISION: R0
R0: Calibrated PTR Data. See individual species comments for details about measurement uncertainties
Time_Start, CH3OH_NOAAPTR_ppbv, CH3CN_NOAAPTR_ppbv, CH3CHO_NOAAPTR_ppbv, C2H5OH_NOAAPTR_ppbv, CH3SH_NOAAPTR_ppbv, Acrolein_NOAAPTR_ppbv, AcetonePropanal_NOAAPTR_ppbv, DMS_NOAAPTR_ppbv, C5H8_NOAAPTR_ppbv, MVKMAC_NOAAPTR_ppbv, Benzene_NOAAPTR_ppbv, Toluene_NOAAPTR_ppbv, Styrene_NOAAPTR_ppbv, Benzaldehyde_NOAAPTR_ppbv, C8Aromatics_NOAAPTR_ppbv, C9Aromatics_NOAAPTR_ppbv, Naphthalene_NOAAPTR_ppbv, Octanal_NOAAPTR_ppbv, Monoterpenes_NOAAPTR_ppbv, Nonanal_NOAAPTR_ppbv, C7H4ClF3_NOAAPTR_ppbv, C10H30O5Si5_NOAAPTR_ppbv
[from data line 647]
38820.0, 7.88149, 0.28905, 1.00734, 1.27484, 0.00162, 0.14941, 3.81546, -0.00027, 0.16365, 0.27975, 0.10693, 0.07290, -0.00208, 0.00628, 0.05622, 0.01369, -0.00905, 0.02621, 0.06888, 0.02913, 0.00346, 0.00096 
38880.0, 7.62934, 0.28085, 0.97969, 1.43445, -0.00083, 0.15363, 3.82434, -0.00027, 0.19214, 0.30640, 0.09122, 0.07680, 0.00448, 0.00955, 0.03728, 0.01265, -0.00477, 0.01034, 0.07941, 0.03682, 0.00527, -0.00039 
38940.0, 8.18073, 0.28446, 1.04707, 1.84234, 0.00625, 0.16575, 3.87510, -0.00027, 0.17449, 0.31159, 0.12336, 0.16005, 0.01193, -0.00904, 0.10063, 0.03725, -0.00091, 0.03208, 0.07504, 0.02486, 0.00244, 0.00324 
39000.0, 7.44248, 0.29328, 0.97884, 1.20594, 0.00082, 0.18847, 3.83912, 0.00375, 0.17612, 0.27103, 0.11768, 0.10093, 0.00376, -0.01474, 0.05612, 0.02100, 0.00105, 0.01572, 0.05903, 0.02982, 0.00324, 0.00167 
39060.0, 7.01409, 0.30108, 1.01516, 1.56299, 0.00041, 0.12700, 3.90532, -0.00027, 0.16247, 0.29386, 0.09329, 0.10505, 0.00329, -0.01487, 0.04837, 0.01133, 0.00375, 0.01859, 0.04890, 0.04774, 0.00154, -0.00039 
39120.0, 8.60463, 0.29651, 0.97172, 1.10851, 0.00072, 0.14067, 3.82734, -0.00028, 0.15092, 0.26017, 0.03796, 0.10653, -0.00692, -0.02357, 0.04341, 0.01492, -0.00481, 0.02837, 0.04480, 0.03009, -0.00116, 0.00009 
39180.0, 7.89506, 0.29419, 0.91633, 1.31095, 0.00550, 0.14982, 3.78056, 0.00155, 0.16211, 0.27676, 0.07317, 0.08272, -0.00692, -0.00080, 0.05297, 0.01716, -0.00067, 0.02095, 0.06164, 0.02728, 0.00263, -0.00035 
39240.0, 7.17484, 0.29127, 0.95096, 1.16839, -0.00084, 0.18048, 3.80876, 0.00487, 0.17464, 0.27067, 0.07549, 0.10205, 0.00914, -0.01287, 0.03038, 0.02063, -0.00517, 0.02111, 0.06341, 0.02638, 0.00442, 0.00151 
39300.0, 8.03244, 0.31952, 0.91243, 1.29682, 0.00046, 0.16582, 3.84339, -0.00028, 0.17768, 0.28103, 0.05055, 0.12420, 0.00778, -0.00184, 0.04921, 0.01859, -0.00892, 0.01136, 0.04832, 0.02620, 0.00047, 0.00298 
39360.0, 7.14602, 0.29074, 0.98643, 1.40496, 0.00104, 0.14804, 3.85037, -0.00028, 0.15395, 0.27041, 0.07463, 0.09375, 0.00411, -0.01347, 0.04774, 0.01176, 0.00678, 0.01825, 0.06769, 0.03377, 0.00091, -0.00073 
39420.0, 7.87980, 0.29281, 0.92672, 1.42249, -0.00066, 0.15647, 3.83272, 0.00638, 0.14322, 0.25114, 0.07032, 0.08700, 0.00742, -0.01008, 0.04397, 0.02013, -0.00762, 0.02073, 0.04836, 0.03648, -0.00113, 0.00102 
39480.0, 8.04244, 0.31146, 0.90619, 1.24152, 0.00391, 0.16629, 3.81440, -0.00028, 0.15915, 0.25871, 0.07953, 0.10854, 0.00790, -0.00592, 0.05481, 0.01349, -0.00552, 0.01195, 0.06775, 0.02907, 0.00145, 0.00258 
39540.0, 7.36724, 0.28161, 0.87566, 1.13483, 0.00230, 0.14031, 3.79444, -0.00028, 0.17641, 0.27374, 0.04406, 0.09471, 0.00793, 0.00319, 0.04976, 0.01864, 0.00421, 0.02340, 0.05623, 0.01729, -0.00032, 0.00139 
39600.0, 7.32583, 0.30827, 0.84231, 1.13816, 0.00081, 0.14430, 3.86079, -0.00028, 0.12328, 0.25473, 0.07108, 0.09792, -0.00379, 0.00893, 0.04882, 0.01737, 0.00299, 0.02471, 0.05614, 0.02845, 0.00426, 0.00015 
39660.0, 7.26252, 0.30703, 0.84524, 1.37199, 0.00194, 0.14012, 3.81997, 0.01503, 0.16562, 0.28434, 0.05551, 0.09567, 0.00647, -0.00800, 0.04509, 0.02123, -0.00253, 0.03054, 0.05846, 0.02153, 0.00526, -0.00045 
39720.0, 7.85158, 0.29933, 0.85400, 1.40772, 0.00342, 0.16516, 3.78023, -0.00028, 0.14496, 0.26463, 0.07830, 0.10585, 0.00871, -0.02069, 0.05820, 0.02707, -0.00660, 0.02166, 0.05598, 0.04269, 0.00094, 0.00253 
39780.0, 8.50110, 0.30713, 0.98152, 1.49255, 0.00328, 0.16619, 3.80612, -0.00028, 0.14688, 0.23448, 0.10619, 0.13199, 0.01559, -0.00158, 0.06062, 0.02836, -0.00007, 0.02424, 0.06160, 0.02387, 0.00080, -0.00089 
39840.0, 8.37222, 0.30152, 0.93055, 1.01576, -0.00085, 0.13993, 3.81502, -0.00029, 0.14212, 0.27419, 0.12353, 0.11924, 0.01201, 0.00419, 0.05088, 0.01842, 0.01102, 0.02279, 0.06092, 0.03972, 0.00078, -0.00139 
39900.0, 7.27478, 0.30090, 0.91080, 1.50937, -0.00036, 0.14102, 3.83160, -0.00029, 0.11905, 0.25814, 0.09807, 0.12061, -0.00695, -0.00780, 0.06426, 0.02440, -0.00752, 0.00838, 0.04830, 0.03262, -0.00002, 0.00036 
39960.0, 8.18262, 0.29479, 0.90642, 1.27214, 0.00246, 0.15185, 3.78271, 0.00312, 0.16022, 0.28004, 0.03537, 0.08522, -0.00695, -0.01839, 0.04718, 0.01551, -0.00798, 0.01129, 0.04719, 0.02815, 0.00286, 0.00113 
40020.0, 7.90966, 0.29249, 0.91856, 1.35181, -0.00086, 0.15936, 3.82368, -0.00029, 0.14766, 0.25619, 0.06409, 0.08239, 0.00698, -0.00871, 0.04745, 0.00737, -0.00993, 0.02150, 0.04468, 0.02813, 0.00149, 0.00274 
40080.0, 7.40523, 0.28977, 0.96772, 1.30045, -0.00006, 0.12325, 3.83344, -0.00029, 0.14950, 0.25637, 0.07525, 0.11386, 0.01056, -0.00413, 0.03597, 0.01598, -0.00351, 0.01821, 0.06092, 0.03495, 0.00074, 0.00131 
40140.0, 7.15925, 0.30857, 0.84281, 1.19757, 0.00078, 0.12393, 3.85980, -0.00029, 0.13988, 0.24445, 0.10029, 0.11533, 0.00369, -0.00889, 0.04398, 0.00850, -0.01148, 0.02297, 0.05434, 0.02580, 0.00199, 0.00008 
40200.0, 7.69672, 0.30637, 0.98311, 1.42384, 0.00179, 0.15222, 3.78676, -0.00029, 0.15469, 0.28093, 0.10453, 0.10090, -0.00073, -0.00102, 0.04767, 0.01225, -0.00195, 0.02047, 0.05599, 0.03616, 0.00074, 0.00142 
40260.0, 7.38824, 0.27918, 1.01249, 1.08398, 0.00215, 0.13531, 3.80217, 0.00337, 0.13953, 0.26056, 0.06231, 0.10349, 0.00611, -0.01412, 0.04329, 0.01335, -0.01122, 0.00941, 0.04813, 0.01917, 0.00249, -0.00057 
40320.0, 7.84916, 0.29655, 0.92773, 1.37863, -0.00059, 0.15642, 3.81050, -0.00020, 0.14257, 0.24748, 0.04176, 0.08802, 0.00126, -0.01778, 0.03658, 0.01106, 0.00238, 0.01741, 0.05139, 0.02808, 0.00150, 0.00099 
40380.0, 7.74057, 0.28648, 0.95257, 1.32454, 0.00052, 0.14983, 3.84661, -0.00029, 0.15532, 0.25870, 0.08232, 0.09515, 0.00432, -0.00344, 0.04474, 0.01396, -0.00763, 0.01413, 0.04891, 0.04036, -0.00060, 0.00027 
40440.0, 7.51869, 0.29898, 0.85688, 1.15555, 0.00161, 0.13637, 3.73470, 0.00754, 0.12636, 0.25367, 0.03515, 0.09388, 0.00951, -0.01520, 0.04896, 0.01464, -0.00559, 0.01504, 0.05819, 0.02830, -0.00113, 0.00007 
40500.0, 9.09928, 0.27579, 0.99313, 1.06479, 0.00348, 0.13793, 3.86435, -0.00029, 0.15804, 0.25877, 0.05657, 0.08973, 0.00672, -0.00756, 0.04742, 0.02065, 0.00472, 0.01078, 0.05671, 0.02429, 0.00115, 0.00091 
40560.0, 7.91405, 0.28888, 0.92529, 1.25246, -0.00033, 0.17015, 3.85955, -0.00030, 0.17474, 0.26088, 0.07515, 0.10481, -0.00329, -0.00509, 0.03388, 0.01003, 0.00563, 0.02594, 0.05337, 0.03481, 0.00334, -0.00054 
40620.0, 7.09865, 0.31195, 0.92242, 1.09206, 0.00096, 0.12639, 3.84045, -0.00030, 0.12347, 0.23915, 0.05642, 0.09328, -0.00260, -0.00370, 0.03366, 0.01480, -0.01158, 0.01353, 0.05213, 0.02185, 0.00167, -0.00086 
40680.0, 7.63319, 0.28792, 0.92895, 1.34897, 0.00227, 0.15335, 3.76967, 0.00573, 0.15944, 0.25567, 0.02191, 0.07892, 0.00717, -0.00027, 0.03458, 0.01658, -0.00703, 0.01432, 0.06259, 0.03300, 0.00499, -0.00060 
40740.0, 6.94773, 0.29544, 0.91857, 1.39119, 0.00022, 0.14010, 3.86752, 0.00307, 0.17152, 0.24483, 0.08854, 0.08692, 0.00799, -0.00178, 0.05747, 0.01936, -0.00444, 0.01999, 0.06131, 0.02868, 0.00060, 0.00297 
40800.0, 7.56439, 0.28564, 0.94998, 1.53078, -0.00047, 0.13948, 3.85522, 0.00689, 0.15644, 0.23619, 0.09005, 0.09462, 0.00572, -0.02370, 0.05196, 0.01653, -0.01112, 0.01575, 0.06240, 0.03318, 0.00077, 0.00101 
40860.0, 8.78077, 0.32393, 0.98088, 1.54556, 0.00041, 0.15100, 3.87023, -0.00030, 0.15856, 0.25271, 0.04676, 0.10627, 0.00534, -0.01885, 0.05589, 0.02100, 0.00584, 0.01683, 0.06901, 0.02046, 0.00412, 0.00092 
40920.0, 7.84402, 0.31613, 1.04404, 1.78612, 0.00110, 0.18164, 3.89759, -0.00030, 0.18693, 0.26615, 0.08540, 0.12977, -0.00698, -0.00816, 0.07196, 0.01897, -0.00695, 0.00883, 0.08168, 0.02787, 0.00487, 0.00273 
40980.0, 8.41563, 0.32593, 1.49130, 3.60100, 0.00091, 0.17245, 4.13003, 0.00560, 0.16353, 0.26950, 0.10142, 0.21570, -0.00698, -0.03818, 0.11292, 0.03850, -0.01165, 0.01384, 0.07657, 0.04107, 0.00155, 0.00559 
41040.0, 10.09058, 0.30307, 2.13593, 6.81294, 0.00090, 0.24944, 4.31533, 0.00656, 0.25052, 0.29711, 0.24711, 0.36224, 0.00738, -0.03780, 0.20015, 0.05843, -0.00273, 0.03012, 0.11320, 0.05644, 0.00563, 0.00702 
41100.0, 9.99654, 0.31716, 2.23242, 6.86267, 0.00259, 0.22395, 4.34365, 0.01145, 0.21012, 0.32291, 0.24012, 0.39174, 0.00133, -0.03470, 0.17665, 0.05079, 0.00734, 0.01825, 0.09514, 0.04776, 0.00531, 0.00312 
41160.0, 9.45916, 0.31615, 2.40608, 7.91180, -0.00034, 0.26790, 4.46935, 0.00632, 0.25885, 0.33559, 0.30381, 0.44165, 0.02818, -0.03158, 0.21017, 0.07326, -0.00882, 0.03762, 0.07033, 0.05460, 0.00563, 0.00636 
41220.0, 8.78042, 0.29081, 2.44131, 7.38091, 0.00382, 0.28700, 4.39199, -0.00030, 0.21562, 0.35091, 0.31272, 0.44144, -0.00699, -0.03840, 0.23576, 0.07102, -0.01170, 0.02527, 0.11083, 0.04246, 0.00711, 0.00992 
41280.0, 9.97931, 0.30252, 2.23820, 6.55154, 0.00475, 0.24416, 4.38106, -0.00030, 0.17520, 0.31825, 0.27822, 0.39995, 0.02045, -0.02871, 0.20771, 0.09929, -0.00718, 0.02356, 0.08822, 0.05303, 0.00098, 0.00435 
41340.0, 8.82047, 0.29637, 2.23387, 6.50216, 0.00130, 0.25229, 4.33892, 0.00712, 0.22046, 0.28730, 0.25502, 0.36363, -0.00699, -0.02669, 0.19884, 0.06193, -0.00508, 0.02231, 0.08392, 0.03942, 0.00905, 0.00551 
41400.0, 9.57767, 0.31307, 2.12401, 5.54863, -0.00089, 0.21453, 4.32492, 0.00720, 0.20540, 0.30885, 0.26370, 0.33070, 0.02114, -0.02684, 0.16138, 0.06105, -0.01174, 0.02499, 0.06741, 0.05531, 0.00577, 0.00475 
41460.0, 9.64043, 0.30751, 1.93440, 6.07064, 0.00124, 0.24252, 4.26557, 0.00110, 0.21524, 0.30808, 0.18785, 0.32439, -0.00700, -0.03271, 0.17710, 0.06582, 0.00043, 0.02020, 0.08483, 0.03852, 0.00502, 0.00493 
41520.0, 10.64574, 0.35927, 2.77354, 6.94191, -0.00089, 0.30028, 4.62856, 0.00103, 0.28520, 0.34241, 0.63421, 1.03032, 0.02257, -0.03416, 0.74904, 0.24702, 0.00580, 0.03536, 0.09474, 0.05336, 0.00819, 0.00646 
41580.0, 8.84762, 0.28773, 2.11488, 5.28956, 0.00162, 0.24180, 4.42580, 0.00290, 0.22134, 0.29805, 0.31845, 0.53140, 0.01682, -0.01220, 0.29064, 0.08744, -0.00777, 0.04022, 0.08483, 0.04001, 0.00509, 0.00647 
41640.0, 8.40429, 0.31720, 1.91338, 4.79493, 0.00340, 0.18747, 4.13273, -0.00031, 0.18611, 0.28951, 0.17904, 0.30472, 0.01480, -0.02007, 0.16965, 0.05447, -0.00470, 0.03230, 0.06009, 0.03051, 0.00659, 0.00847 
41700.0, 8.83659, 0.32466, 1.79000, 5.15421, 0.00365, 0.19421, 4.20067, 0.00104, 0.21280, 0.31598, 0.17486, 0.30643, 0.00863, -0.03260, 0.16535, 0.05508, -0.00484, 0.01984, 0.05819, 0.03092, 0.00778, 0.00522 
41760.0, 9.96835, 0.30862, 1.93228, 5.49807, 0.00102, 0.25033, 4.26568, -0.00031, 0.19913, 0.35031, 0.22279, 0.33514, 0.02334, -0.01802, 0.21005, 0.07635, -0.00223, 0.04112, 0.10535, 0.03645, 0.00441, 0.01101 
41820.0, 10.57605, 0.29642, 2.00980, 5.39602, 0.00113, 0.23169, 4.40574, -0.00031, 0.22260, 0.35077, 0.10683, 0.34638, -0.00701, -0.03860, 0.19320, 0.07004, 0.00737, 0.04910, 0.05364, 0.07201, 0.00746, 0.00624 
41880.0, 9.07113, 0.30193, 1.63147, 3.71987, 0.00096, 0.19116, 4.28433, 0.00733, 0.20865, 0.30729, 0.11124, 0.26255, 0.02122, -0.03401, 0.16282, 0.04932, -0.01068, 0.02110, 0.04903, 0.05289, 0.00486, 0.00278 
41940.0, 9.37284, 0.31493, 1.91723, 4.73257, 0.00579, 0.25651, 4.40969, -0.00031, 0.21664, 0.33599, 0.14209, 0.33204, 0.01946, -0.03710, 0.22566, 0.07763, -0.01168, 0.03679, 0.09791, 0.04890, 0.01487, 0.00951 
42000.0, 10.53169, 0.32185, 2.12482, 5.24042, 0.00207, 0.23968, 4.49908, -0.00031, 0.19236, 0.35929, 0.16436, 0.32836, -0.00702, -0.03314, 0.23264, 0.08667, -0.01095, 0.04964, 0.07717, 0.05991, 0.01017, 0.01227 
42060.0, 9.86349, 0.28584, 1.65212, 4.37784, 0.00145, 0.22461, 4.33062, 0.01067, 0.21014, 0.34828, 0.09678, 0.29441, 0.01764, -0.03918, 0.16977, 0.05942, -0.00556, 0.02803, 0.06982, 0.04212, 0.00775, 0.00380 
42120.0, 9.63713, 0.30180, 1.58659, 3.52627, 0.00206, 0.23723, 4.27447, -0.00012, 0.16064, 0.31741, 0.12147, 0.25179, 0.02476, -0.02222, 0.14673, 0.05514, -0.00889, 0.02548, 0.07233, 0.04228, 0.01028, 0.00591 
42180.0, 8.65166, 0.29203, 1.33350, 2.55341, 0.00067, 0.18635, 4.04760, -0.00032, 0.15029, 0.27795, 0.09747, 0.17177, 0.01195, -0.03929, 0.10876, 0.03312, -0.01190, 0.01953, 0.05688, 0.03454, 0.01096, 0.00253 
42240.0, 10.89159, 0.30470, 1.75651, 4.38334, 0.00232, 0.20068, 4.34127, -0.00032, 0.22772, 0.31893, 0.08918, 0.27396, 0.01436, -0.02133, 0.19626, 0.07693, -0.01091, 0.02183, 0.09152, 0.05161, 0.01622, 0.00597 
42300.0, 10.29118, 0.31332, 1.80249, 5.31024, 0.00300, 0.22389, 4.43403, 0.00277, 0.24426, 0.33540, 0.12335, 0.30566, 0.01507, -0.02307, 0.20437, 0.07188, -0.00348, 0.04147, 0.08058, 0.06231, 0.00895, 0.00641 
42360.0, 11.22879, 0.29192, 1.92163, 5.50499, 0.00301, 0.22651, 4.59743, -0.00032, 0.22633, 0.33009, 0.15055, 0.37408, -0.00703, -0.03945, 0.21585, 0.08389, 0.00638, 0.04189, 0.06398, 0.05947, 0.01751, 0.01042 
42420.0, 10.45387, 0.29765, 2.17576, 5.71299, 0.00361, 0.24466, 4.72899, 0.00812, 0.22101, 0.39626, 0.13157, 0.41815, 0.01418, -0.03951, 0.25669, 0.09028, 0.00175, 0.03993, 0.08046, 0.05233, 0.01111, 0.01486 
42480.0, 11.22660, 0.28083, 2.16678, 5.49924, 0.00040, 0.22902, 4.58778, 0.00709, 0.20250, 0.36031, 0.14893, 0.39671, 0.01543, -0.01365, 0.25569, 0.09266, -0.00996, 0.03182, 0.08331, 0.05126, 0.02381, 0.01293 
42540.0, 11.73250, 0.30587, 2.19823, 5.74102, 0.00396, 0.23996, 4.60065, -0.00032, 0.22813, 0.35350, 0.15991, 0.39134, 0.00359, -0.03934, 0.23469, 0.07880, -0.00395, 0.03839, 0.08229, 0.07500, 0.01209, 0.01429 
42600.0, 10.64742, 0.28290, 2.26765, 5.64201, 0.00638, 0.22101, 4.54294, 0.00107, 0.12368, 0.32137, 0.13438, 0.31407, 0.01815, -0.03718, 0.23243, 0.07685, -0.00770, 0.04989, 0.07714, 0.06558, 0.00865, 0.01574 
42660.0, 11.35774, 0.33637, 2.11751, 5.54723, 0.00211, 0.21625, 4.45381, 0.00432, 0.18014, 0.33481, 0.18510, 0.36136, 0.03275, -0.01038, 0.28771, 0.09856, -0.00819, 0.03811, 0.09333, 0.06578, 0.01836, 0.01379 
42720.0, 12.19666, 0.34488, 2.46867, 6.47107, 0.00103, 0.21611, 4.75218, -0.00032, 0.19378, 0.36401, 0.21896, 0.49607, 0.02932, -0.02236, 0.33902, 0.12817, -0.01201, 0.03518, 0.09045, 0.05201, 0.01722, 0.01202 
42780.0, 11.54595, 0.28941, 2.43392, 6.42040, 0.00386, 0.25707, 4.68242, -0.00033, 0.24607, 0.36928, 0.21706, 0.48543, 0.03591, -0.03984, 0.35913, 0.11206, -0.00868, 0.04205, 0.09247, 0.05331, 0.01584, 0.01142 
42840.0, 11.24226, 0.30412, 2.30540, 5.74946, 0.00172, 0.22707, 4.65047, -0.00033, 0.22120, 0.33026, 0.17781, 0.40974, 0.02535, -0.03990, 0.27821, 0.10926, -0.00296, 0.02835, 0.08526, 0.05142, 0.01098, 0.01294 
42900.0, 10.67322, 0.32020, 2.10111, 3.85281, 0.00503, 0.21762, 4.23825, 0.00284, 0.14615, 0.31779, 0.11708, 0.30288, 0.02298, -0.03140, 0.21195, 0.07708, -0.00440, 0.01837, 0.08681, 0.07366, 0.00947, 0.01416 
42960.0, 11.25475, 0.30993, 2.29456, 5.59412, -0.00034, 0.25479, 4.75100, -0.00033, 0.25309, 0.37509, 0.13393, 0.45930, 0.02048, -0.03654, 0.32605, 0.10649, -0.01206, 0.04241, 0.06767, 0.06506, 0.01053, 0.01209 
43020.0, 9.75861, 0.30923, 1.81721, 3.97377, -0.00080, 0.22565, 4.26769, -0.00033, 0.16856, 0.32519, 0.13540, 0.31915, 0.02402, -0.02069, 0.23808, 0.08431, -0.01135, 0.01864, 0.07287, 0.05316, 0.01067, 0.00867 
43080.0, 12.52174, 0.31570, 2.05709, 5.99386, 0.00278, 0.20876, 4.69429, 0.00016, 0.17355, 0.35158, 0.16142, 0.38669, -0.00705, -0.03265, 0.28515, 0.10101, 0.00042, 0.02768, 0.07700, 0.08669, 0.01258, 0.01273 
43140.0, 11.61728, 0.30950, 2.44650, 5.98190, 0.00339, 0.23587, 4.74119, -0.00033, 0.19787, 0.33841, 0.15965, 0.48381, 0.02770, -0.04017, 0.29729, 0.10632, -0.00457, 0.04982, 0.06393, 0.06956, 0.01717, 0.02273 
43200.0, 9.54794, 0.30951, 1.54566, 3.25515, 0.00189, 0.19142, 4.24655, 0.00095, 0.13031, 0.31075, 0.06989, 0.24959, -0.00706, -0.04023, 0.16003, 0.05526, -0.01211, 0.01734, 0.04789, 0.04372, 0.00343, 0.00537 
43260.0, 12.82172, 0.32187, 1.92439, 4.13945, 0.00203, 0.21705, 4.41244, -0.00033, 0.17744, 0.31708, 0.11013, 0.29685, 0.01686, -0.03082, 0.21641, 0.07108, -0.01212, 0.03488, 0.05094, 0.03395, 0.00834, 0.00716 
