CampaignData_and_Merges/R0/CSL_MobileLab_Parked/raw/20240723/USOS-NOy-LIF_MobileLabGround_20240723_R0.ict
39,1001
Rollins, A.; Waxman, E.; Zuraski, K.; Chace, W.
NOAA Chemical Sciences Laboratory
LIF NO/NOx/NOy on CSL Mobile Lab
AMMBEC / USOS
1, 1
2024,07,23, 2025,01,03
1
Time_Start, seconds, number_of_seconds_since_0000_UTC
7
1, 1, 1, 1, 1, 1, 1
-9999, -9999, -9999, -9999, -9999, -9999, -9999
Time_Stop, seconds, number_of_seconds_since_0000_UTC
NO_LIF, pptv, Gas_NO_InSitu_S_AVMR, volume mixing ratio of nitric oxide in air
NO2_LIF, pptv, Gas_NO2_InSitu_S_AVMR, volume mixing ratio of nitrogen dioxide in air
NOy_LIF, pptv, Gas_NOy_InSitu_S_AVMR, volume mixing ratio of total oxidized nitrogen in air
NO_LIF_1SigmaAccuracy, pptv, Gas_NO_InSitu_S_AVMR, volume mixing ratio of nitric oxide in air
NO2_LIF_1SigmaAccuracy, pptv, Gas_NO2_InSitu_S_AVMR, volume mixing ratio of nitrogen dioxide in air
NOy_LIF_1SigmaAccuracy, pptv, Gas_NOy_InSitu_S_AVMR, volume mixing ratio of total oxidized nitrogen in air
0
18
PI_CONTACT_INFO: andrew.rollins@noaa.gov
PLATFORM: CSL Mobile Lab
LOCATION: Salt Lake City, UT
ASSOCIATED_DATA:
INSTRUMENT_INFO: NO detection by laser induced fluorescence. NO2 detection by photolytic conversion to NO. NOy detection by catalytic conversion to NO on gold surface
DATA_INFO:
UNCERTAINTY: Included 1 Sigma Accuracy waves represent the combined calibration uncertainties (±6%, ±9%, ±10%) and zero uncertainties (3 ppt, 20 ppt, 100 ppt) for NO, NO2, and NOy, respectively.
ULOD_FLAG: -7777
ULOD_VALUE: N/A
LLOD_FLAG: -8888
LLOD_VALUE: N/A
DM_CONTACT_INFO: andrew.rollins@noaa.gov
PROJECT_INFO: USOS Project, July - August 2024
STIPULATIONS_ON_USE: Users are strongly encouraged to contact the PI for proper data usage.
OTHER_COMMENTS:
REVISION: R0
R0: final data
Time_Start, Time_Stop, NO_LIF, NO2_LIF, NOy_LIF, NO_LIF_1SigmaAccuracy, NO2_LIF_1SigmaAccuracy, NOy_LIF_1SigmaAccuracy
[from data line 266]
   15960,   16020,12.918,1291.2,2599.1,3.7751, 136.21, 359.91
   16020,   16080,13.283,1267.5,2244.9,3.797, 134.08, 324.49
   16080,   16140,7.1847,1233.8,2135.4,3.4311, 131.04, 313.54
   16140,   16200,9.1084,1305,2215.3,3.5465, 137.45, 321.53
   16200,   16260,25.777,1539.8,2316.2,4.5466, 158.58, 331.62
   16260,   16320,13.778,1447.7,2548.6,3.8267, 150.29, 354.86
   16320,   16380,8.3964,1329.5,2320.3,3.5038, 139.65, 332.03
   16380,   16440,9.0964,1351.2,2444.9,3.5458, 141.61, 344.49
   16440,   16500,6.5148,1191.9,2155.7,3.3909, 127.27, 315.57
   16500,   16560,10.272,1285.9,2092.5,3.6163, 135.73, 309.25
   16560,   16620,16.659,1347.6,2447.5,3.9995, 141.29, 344.75
   16620,   16680,31.343,1315.4,2495.1,4.8806, 138.38, 349.51
   16680,   16740,31.342,1434.6,2627.1,4.8805, 149.11, 362.71
   16740,   16800,35.501,1478.2,2618.4,5.1301, 153.04, 361.84
   16800,   16860,38.994,1600.7,2780.6,5.3396, 164.06, 378.06
   16860,   16920,29.645,1478.9,2694.9,4.7787, 153.1, 369.49
   16920,   16980,34.136,1625.7,2663.3,5.0482, 166.32, 366.33
   16980,   17040,30.688,1405.5,2643,4.8413, 146.5, 364.3
   17040,   17100,23.169,1331.8,2329.7,4.3901, 139.86, 332.97
   17100,   17160,26.32,1417.1,2416.3,4.5792, 147.54, 341.63
   17160,   17220,18.895,1392.8,2391.5,4.1337, 145.35, 339.15
   17220,   17280,45.757,1571.1,2452.4,5.7454, 161.4, 345.24
   17280,   17340,25.033,1449.5,2668.6,4.502, 150.45, 366.86
   17340,   17400,30.8,1369.8,2702.7,4.848, 143.29, 370.27
   17400,   17460,16.142,1245.6,2288.4,3.9685, 132.1, 328.84
   17460,   17520,19.278,1294.5,2249.1,4.1567, 136.5, 324.91
   17520,   17580,17.842,1453.3,2302.3,4.0705, 150.79, 330.23
   17580,   17640,20.771,1651.6,2549.5,4.2463, 168.65, 354.95
   17640,   17700,22.63,1621.9,2701.9,4.3578, 165.98, 370.19
   17700,   17760,8.1101,1223.2,2208.7,3.4866, 130.09, 320.87
   17760,   17820,10.774,1327.2,2154,3.6464, 139.45, 315.4
   17820,   17880,17.68,1407.9,2280.3,4.0608, 146.72, 328.03
   17880,   17940,8.7597,1417.4,2439.8,3.5256, 147.56, 343.98
   17940,   18000,6.7916,1466.1,2916.3,3.4075, 151.95, 391.63
   18000,   18060,11.146,1805.1,3010.4,3.6688, 182.46, 401.04
   18060,   18120,7.0066,2096.4,3917,3.4204, 208.67, 491.7
   18120,   18180,6.7346,2102.7,3393.2,3.4041, 209.24, 439.32
   18180,   18240,7.1165,1846.4,3146.9,3.427, 186.17, 414.69
   18240,   18300,6.4301,1930.8,2876.3,3.3858, 193.77, 387.63
   18300,   18360,5.1925,1782,2900.5,3.3116, 180.38, 390.05
   18360,   18420,-9999,-9999,-9999,-9999, -9999, -9999
   18420,   18480,-9999,-9999,-9999,-9999, -9999, -9999
   18480,   18540,-9999,-9999,-9999,-9999, -9999, -9999
   18540,   18600,-9999,-9999,-9999,-9999, -9999, -9999
   18600,   18660,-9999,-9999,-9999,-9999, -9999, -9999
   18660,   18720,-9999,-9999,-9999,-9999, -9999, -9999
   18720,   18780,-9999,-9999,-9999,-9999, -9999, -9999
   18780,   18840,5.627,1506.2,3143.6,3.3376, 155.55, 414.36
   18840,   18900,5.8232,1387.7,3171.5,3.3494, 144.89, 417.15
   18900,   18960,4.4166,1627,3041.7,3.265, 166.43, 404.17
   18960,   19020,4.6029,1627.9,2941.4,3.2762, 166.51, 394.14
   19020,   19080,4.6568,1409.7,2368.9,3.2794, 146.88, 336.89
   19080,   19140,6.4084,1606.7,2634.6,3.3845, 164.6, 363.46
   19140,   19200,5.9365,2390.8,3466.5,3.3562, 235.18, 446.65
   19200,   19260,5.5473,2192.9,3399.5,3.3328, 217.36, 439.95
   19260,   19320,13.703,2482.8,3768.9,3.8222, 243.45, 476.89
   19320,   19380,39.295,2111.3,3808.4,5.3577, 210.02, 480.84
   19380,   19440,1233.3,6434.9,3829.8,76.998, 599.14, 482.98
   19440,   19500,1317.5,8504.9,5070.4,82.05, 785.44, 607.04
   19500,   19560,20.718,2623.3,7277.2,4.2431, 256.09, 827.72
   19560,   19620,24.265,3887.7,6344.2,4.4559, 369.89, 734.42
   19620,   19680,58.982,5687.1,7538.5,6.5389, 531.84, 853.85
   19680,   19740,47.034,8821.2,10710,5.822, 813.91, 1171
   19740,   19800,107.11,8485.9,12722,9.4267, 783.73, 1372.2
   19800,   19860,13.405,6199.5,10327,3.8043, 577.95, 1132.7
   19860,   19920,21.869,5467.9,8776.9,4.3121, 512.11, 977.69
   19920,   19980,381.72,6641.7,9429.9,25.903, 617.75, 1043
   19980,   20040,146.74,7617.4,10649,11.805, 705.56, 1164.9
   20040,   20100,19.85,8089.5,9208.3,4.191, 748.06, 1020.8
   20100,   20160,12.924,7694,9518.3,3.7755, 712.46, 1051.8
   20160,   20220,17.429,6699.1,9160.3,4.0458, 622.92, 1016
   20220,   20280,9.0722,6269.5,8735.7,3.5443, 584.26, 973.57
   20280,   20340,25.351,7015.5,8622.1,4.521, 651.39, 962.21
   20340,   20400,193.07,7040.7,8286.3,14.584, 653.66, 928.63
   20400,   20460,126.39,5965.6,8455.7,10.583, 556.91, 945.57
   20460,   20520,61.153,7117.6,10502,6.6692, 660.58, 1150.2
   20520,   20580,4602.3,25989,14002,279.14, 2359, 1500.2
   20580,   20640,165.28,10738,11797,12.917, 986.46, 1279.7
   20640,   20700,58.105,8465.3,10283,6.4863, 781.87, 1128.3
   20700,   20760,145.64,6562.3,9574.2,11.738, 610.61, 1057.4
   20760,   20820,402.23,6947.7,9578.1,27.134, 645.29, 1057.8
   20820,   20880,371.97,8348.1,10961,25.318, 771.33, 1196.1
   20880,   20940,2120.8,7067.6,14215,130.25, 656.08, 1521.5
   20940,   21000,111.3,2249.2,9076.3,9.6779, 222.43, 1007.6
   21000,   21060,18.734,1715.7,4402.9,4.124, 174.42, 540.29
   21060,   21120,107.67,1817.7,2988.3,9.4602, 183.59, 398.83
   21120,   21180,12.166,1211.7,2559.6,3.73, 129.06, 355.96
   21180,   21240,1820.2,6188.6,9543,112.21, 576.98, 1054.3
   21240,   21300,14.82,971.4,3303.6,3.8892, 107.43, 430.36
   21300,   21360,37.798,1326,2421.2,5.2679, 139.34, 342.12
   21360,   21420,63.726,1409.7,2616.2,6.8235, 146.87, 361.62
   21420,   21480,22.362,1011.4,2014.1,4.3417, 111.03, 301.41
   21480,   21540,8.9844,1023.8,1834.9,3.5391, 112.14, 283.49
   21540,   21600,7.7664,858.28,1732.7,3.466, 97.245, 273.27
   21600,   21660,7.7322,866.61,1675.5,3.4639, 97.995, 267.55
   21660,   21720,8.2573,851.02,1749.3,3.4954, 96.592, 274.93
   21720,   21780,13.02,889.1,1679.7,3.7812, 100.02, 267.97
   21780,   21840,43.011,978.75,1885.6,5.5807, 108.09, 288.56
   21840,   21900,96.975,1359.6,2434.5,8.8185, 142.36, 343.45
   21900,   21960,26.464,1325.6,1938,4.5879, 139.3, 293.8
   21960,   22020,27.608,1257.7,2218.4,4.6565, 133.19, 321.84
   22020,   22080,10.527,944.32,2109.7,3.6316, 104.99, 310.97
   22080,   22140,7.3901,787.09,1756.8,3.4434, 90.838, 275.68
   22140,   22200,10.892,985.91,1667.3,3.6535, 108.73, 266.73
   22200,   22260,9.8411,1297.3,1914.7,3.5905, 136.75, 291.47
   22260,   22320,25.906,2586.5,2536.5,4.5544, 252.78, 353.65
   22320,   22380,12.18,2721.9,3929,3.7308, 264.97, 492.9
   22380,   22440,10.339,2081,3232.1,3.6203, 207.29, 423.21
   22440,   22500,12.934,2159.5,3367.1,3.776, 214.36, 436.71
   22500,   22560,8.1245,1589.8,2883.4,3.4875, 163.08, 388.34
   22560,   22620,10.751,1647.3,2720.2,3.645, 168.26, 372.02
   22620,   22680,44.737,2681.5,3266.7,5.6842, 261.33, 426.67
   22680,   22740,23.68,3552.2,4709.3,4.4208, 339.7, 570.93
   22740,   22800,13.619,4454.3,5911.6,3.8172, 420.89, 691.16
   22800,   22860,18.703,3358.8,4634.7,4.1222, 322.29, 563.47
   22860,   22920,39.405,2872.5,5295.7,5.3643, 278.53, 629.57
   22920,   22980,16.36,1692.8,3457.7,3.9816, 172.35, 445.77
   22980,   23040,154.87,3355.3,3884.3,12.292, 321.97, 488.43
   23040,   23100,79.053,3503.8,4705.1,7.7432, 335.34, 570.51
   23100,   23160,6.2826,2616.9,4229.6,3.377, 255.52, 522.96
   23160,   23220,11.459,2335.1,3571.5,3.6875, 230.16, 457.15
   23220,   23280,17.86,2123.6,3706.3,4.0716, 211.13, 470.63
   23280,   23340,11.55,1608.8,3249,3.693, 164.79, 424.9
   23340,   23400,23.88,2074,3145,4.4328, 206.66, 414.5
   23400,   23460,14.041,2084.5,3235.8,3.8425, 207.61, 423.58
   23460,   23520,20.678,2185.4,4846.2,4.2407, 216.69, 584.62
   23520,   23580,26.491,1993.8,3250.8,4.5895, 199.44, 425.08
   23580,   23640,5.6908,1875.7,3181.4,3.3415, 188.81, 418.14
   23640,   23700,448.78,4980.8,3894,29.927, 468.27, 489.4
   23700,   23760,413.32,5930.8,7221.6,27.799, 553.77, 822.16
   23760,   23820,28.945,4641.1,7035.1,4.7367, 437.7, 803.51
   23820,   23880,8.4412,4517.5,6336.9,3.5065, 426.57, 733.69
   23880,   23940,52.386,5485.6,7123.8,6.1432, 513.7, 812.38
   23940,   24000,12.59,4947,7709.4,3.7554, 465.23, 870.94
   24000,   24060,10.118,2746.7,5871.6,3.6071, 267.21, 687.16
   24060,   24120,11.365,2810.6,4214.9,3.6819, 272.95, 521.49
   24120,   24180,11.953,2493.3,4285.3,3.7172, 244.39, 528.53
   24180,   24240,35.597,1129.6,2536.6,5.1358, 121.66, 353.66
   24240,   24300,14.691,1003.6,1905.3,3.8815, 110.33, 290.53
   24300,   24360,10.761,918.01,1795.6,3.6457, 102.62, 279.56
   24360,   24420,53.324,1002.8,1936.4,6.1994, 110.25, 293.64
   24420,   24480,13.42,880.99,1797.9,3.8052, 99.289, 279.79
   24480,   24540,15.087,803.49,1653.5,3.9052, 92.314, 265.35
   24540,   24600,460,1713.7,2902,30.6, 174.23, 390.2
   24600,   24660,14.445,653.02,1788.4,3.8667, 78.772, 278.84
   24660,   24720,63.494,872.96,1501.9,6.8097, 98.566, 250.19
   24720,   24780,30.95,817.29,1852.9,4.857, 93.556, 285.29
   24780,   24840,10.672,621.33,1400.6,3.6403, 75.92, 240.06
   24840,   24900,13.848,546.35,1293.1,3.8309, 69.172, 229.31
   24900,   24960,6.5293,563.01,1289.9,3.3918, 70.671, 228.99
   24960,   25020,11.551,539.3,1328.5,3.6931, 68.537, 232.85
   25020,   25080,6.6113,520.05,1251.4,3.3967, 66.804, 225.14
   25080,   25140,6.3827,599.62,1294.2,3.383, 73.965, 229.42
   25140,   25200,8.3327,690.93,1395.3,3.5, 82.184, 239.53
   25200,   25260,19.653,735.74,1511.1,4.1792, 86.217, 251.11
   25260,   25320,70.761,1459.9,2332.8,7.2457, 151.39, 333.28
   25320,   25380,9.5451,700.51,1990.4,3.5727, 83.046, 299.04
   25380,   25440,10.757,639.17,1398.5,3.6454, 77.526, 239.85
   25440,   25500,12.434,713.09,1580.6,3.746, 84.178, 258.06
   25500,   25560,25.791,772.68,1586.1,4.5474, 89.542, 258.61
   25560,   25620,150.43,1094,2128.7,12.026, 118.46, 312.87
   25620,   25680,27.451,888.46,1914,4.6471, 99.962, 291.4
   25680,   25740,14.24,677.38,1591.4,3.8544, 80.964, 259.14
   25740,   25800,7.1608,601.37,1382.7,3.4296, 74.123, 238.27
   25800,   25860,7.5704,639.26,1379.3,3.4542, 77.534, 237.93
   25860,   25920,8.6624,655.34,1393.7,3.5197, 78.981, 239.37
   25920,   25980,8.2002,652.07,1406.4,3.492, 78.686, 240.64
   25980,   26040,8.7434,689.09,1421.9,3.5246, 82.018, 242.19
   26040,   26100,8.5252,657.72,1450.4,3.5115, 79.195, 245.04
   26100,   26160,12.737,663.17,1425.5,3.7642, 79.686, 242.55
   26160,   26220,8.8986,675.78,1452,3.5339, 80.82, 245.2
   26220,   26280,10.175,737.78,1500.3,3.6105, 86.4, 250.03
   26280,   26340,11.407,781.63,1605.7,3.6844, 90.347, 260.57
   26340,   26400,-9999,-9999,-9999,-9999, -9999, -9999
   26400,   26460,-9999,-9999,-9999,-9999, -9999, -9999
   26460,   26520,-9999,-9999,-9999,-9999, -9999, -9999
   26520,   26580,-9999,-9999,-9999,-9999, -9999, -9999
   26580,   26640,-9999,-9999,-9999,-9999, -9999, -9999
   26640,   26700,-9999,-9999,-9999,-9999, -9999, -9999
   26700,   26760,-9999,-9999,-9999,-9999, -9999, -9999
   26760,   26820,7.5718,604.57,1418.1,3.4543, 74.411, 241.81
   26820,   26880,7.7364,637.29,1446.9,3.4642, 77.356, 244.69
   26880,   26940,9.4223,676.13,1469.4,3.5653, 80.852, 246.94
   26940,   27000,7.4863,661.48,1473.1,3.4492, 79.533, 247.31
   27000,   27060,9.1576,598.94,1411.1,3.5495, 73.905, 241.11
   27060,   27120,9.3661,612.07,1420.9,3.562, 75.086, 242.09
   27120,   27180,11.821,631.34,1431,3.7092, 76.82, 243.1
   27180,   27240,9.0716,664.42,1469.1,3.5443, 79.797, 246.91
   27240,   27300,8.7995,744.48,1594.1,3.528, 87.003, 259.41
   27300,   27360,6.7472,852.54,1664.4,3.4048, 96.729, 266.44
   27360,   27420,26.222,739.71,1609.9,4.5733, 86.574, 260.99
   27420,   27480,30.801,929.25,1795.6,4.8481, 103.63, 279.56
   27480,   27540,21.525,1073.3,1986.4,4.2915, 116.6, 298.64
   27540,   27600,11.832,1006.6,1790.7,3.7099, 110.6, 279.07
   27600,   27660,5.9971,728.29,1659.6,3.3598, 85.546, 265.96
   27660,   27720,6.1852,727.94,1535.8,3.3711, 85.514, 253.58
   27720,   27780,7.0223,726.98,1571.5,3.4213, 85.428, 257.15
   27780,   27840,9.4066,759.5,1623.5,3.5644, 88.355, 262.35
   27840,   27900,9.3214,842.43,1663.3,3.5593, 95.819, 266.33
   27900,   27960,34.454,1049.3,1862.2,5.0672, 114.44, 286.22
   27960,   28020,32.211,1091.2,1937.3,4.9327, 118.21, 293.73
   28020,   28080,33.031,1512.2,2122.5,4.9819, 156.1, 312.25
   28080,   28140,8.5347,1068.9,2122.4,3.5121, 116.2, 312.24
   28140,   28200,35.632,1551.1,2263.3,5.1379, 159.6, 326.33
   28200,   28260,16.25,1158.6,2254.2,3.975, 124.27, 325.42
   28260,   28320,10.545,721.54,1664.5,3.6327, 84.939, 266.45
   28320,   28380,11.672,774.05,1621.6,3.7003, 89.664, 262.16
   28380,   28440,9.317,785.62,1596.2,3.559, 90.706, 259.62
   28440,   28500,11.674,775.6,1576.4,3.7005, 89.804, 257.64
   28500,   28560,11.014,784.63,1642.5,3.6609, 90.617, 264.25
   28560,   28620,9.5484,733.18,1587.3,3.5729, 85.987, 258.73
   28620,   28680,8.1102,775.01,1585.9,3.4866, 89.751, 258.59
   28680,   28740,10.518,770.94,1612.7,3.6311, 89.385, 261.27
   28740,   28800,6.0714,773.52,1596.8,3.3643, 89.617, 259.68
   28800,   28860,8.7368,780.27,1625.9,3.5242, 90.225, 262.59
   28860,   28920,8.2689,815.13,1637,3.4961, 93.361, 263.7
   28920,   28980,6.3524,877.01,1700.3,3.3811, 98.931, 270.03
   28980,   29040,6.0185,896.38,1780.6,3.3611, 100.67, 278.06
   29040,   29100,6.5789,720.54,1611.4,3.3947, 84.849, 261.14
   29100,   29160,8.5105,886.69,1750.6,3.5106, 99.803, 275.06
   29160,   29220,12.41,772.74,1694.6,3.7446, 89.547, 269.46
   29220,   29280,9.8767,645.35,1591.6,3.5926, 78.081, 259.16
   29280,   29340,9.2572,683.57,1507.5,3.5554, 81.521, 250.75
   29340,   29400,12.287,820.8,1614.2,3.7372, 93.872, 261.42
   29400,   29460,14.076,705.85,1566.4,3.8446, 83.526, 256.64
   29460,   29520,11.576,720.63,1610.6,3.6945, 84.857, 261.06
   29520,   29580,8.1983,655.34,1498.5,3.4919, 78.98, 249.85
   29580,   29640,6.7508,682.48,1496.5,3.405, 81.423, 249.65
   29640,   29700,28.029,867.15,1636.1,4.6818, 98.044, 263.61
   29700,   29760,18.998,853.99,1805.9,4.1399, 96.859, 280.59
   29760,   29820,11.239,915.27,1801.4,3.6744, 102.37, 280.14
   29820,   29880,9.5471,913.59,1749.4,3.5728, 102.22, 274.94
   29880,   29940,7.8901,779.38,1661.1,3.4734, 90.145, 266.11
   29940,   30000,8.4929,698.48,1509.2,3.5096, 82.863, 250.92
   30000,   30060,9.1038,695.08,1519,3.5462, 82.557, 251.9
   30060,   30120,18.98,711.72,1530.5,4.1388, 84.055, 253.05
   30120,   30180,11.735,696.94,1543.5,3.7041, 82.724, 254.35
   30180,   30240,11.562,644.67,1456.4,3.6937, 78.02, 245.64
   30240,   30300,8.6243,642.76,1437.5,3.5175, 77.849, 243.75
   30300,   30360,7.7771,615.04,1436.9,3.4666, 75.354, 243.69
   30360,   30420,11.929,661.89,1461.2,3.7157, 79.57, 246.12
   30420,   30480,7.3304,656.15,1468.6,3.4398, 79.054, 246.86
   30480,   30540,22.224,697.94,1538.5,4.3334, 82.814, 253.85
   30540,   30600,9.7996,685.19,1511.3,3.588, 81.667, 251.13
   30600,   30660,7.3567,645.21,1483,3.4414, 78.069, 248.3
   30660,   30720,10.127,652.14,1475.9,3.6076, 78.692, 247.59
   30720,   30780,8.9023,616.74,1464.5,3.5341, 75.507, 246.45
   30780,   30840,7.8205,613.71,1443,3.4692, 75.234, 244.3
   30840,   30900,8.3604,628.74,1450.9,3.5016, 76.586, 245.09
   30900,   30960,9.305,648.45,1472.9,3.5583, 78.361, 247.29
   30960,   31020,11.894,749.77,1681.5,3.7136, 87.48, 268.15
   31020,   31080,7.2922,721.98,1654.6,3.4375, 84.978, 265.46
   31080,   31140,15.151,668.97,1621,3.9091, 80.208, 262.1
   31140,   31200,11.604,684.68,1643,3.6962, 81.622, 264.3
   31200,   31260,160.31,1237.7,2633.8,12.619, 131.39, 363.38
   31260,   31320,16.092,673.67,1921.6,3.9655, 80.63, 292.16
   31320,   31380,7.63,640.38,1556.3,3.4578, 77.635, 255.63
   31380,   31440,6.7393,654.42,1501.4,3.4044, 78.898, 250.14
   31440,   31500,19.907,727.77,1569.6,4.1944, 85.5, 256.96
   31500,   31560,122.42,1135,1995.3,10.345, 122.15, 299.53
   31560,   31620,41.328,972.51,2305.6,5.4797, 107.53, 330.56
