CampaignData_and_Merges/R0/CSL_MobileLab_Parked/raw/20240723/USOS-NOAAIodideCIMS-Halogens_MobileLabGround_20240723_RA.ict
38, 1001
Michael A Robinson, Chris Jernigan, Subi Thakali
NOAA ESRL Chemical Sciences Laboratory and CIRES, U. of Colorado
NOAA Iodide CIMS Instrument
USOS
1, 1
2024, 07, 23, 2024, 07, 25
1
starttime_UTC, seconds_past_midnight, seconds_of_day_since_00:00:00_UTC
6
1, 1, 1, 1, 1, 1
-9999, -9999, -9999, -9999, -9999, -9999
Br2_NOAACIMS, pptv, Gas_Br2_InSitu_S_AVMR, 
BrO_NOAACIMS, pptv, Gas_BrO_InSitu_S_AVMR, 
Cl2_NOAACIMS, pptv, Gas_Cl2_InSitu_S_AVMR, 
ClNO2_NOAACIMS, pptv, Gas_ClNO2_InSitu_S_AVMR, 
BrCl_NOAACIMS, pptv, Gas_BrCl_InSitu_S_AVMR, 
NCl3_NOAACIMS, pptv, Gas_NCl3_InSitu_S_AVMR, 
0
18
PI_CONTACT_INFO: 325 Broadway, R/CSD 7, Boulder, Colorado 80305; michael.a.robinson@noaa.gov; chris.jernigan@noaa.gov;
PLATFORM: NOAA CSL Mobile Lab
LOCATION: SLC, Utah
ASSOCIATED_DATA: 1Hz data also available on request.
INSTRUMENT_INFO: NOAA I- ToF CIMS
DATA_INFO: All data in parts per trillion by volume (pptv). 1 Hz data is available upon request.
UNCERTAINTY: TBD
ULOD_FLAG: -7777
ULOD_VALUE: N/A
LLOD_FLAG: -8888
LLOD_VALUE: N/A
DM_CONTACT_INFO: Nathan Howard; nathan.h.howard@noaa.gov
PROJECT_INFO: USOS, summer 2024. https://csl.noaa.gov/groups/csl7/measurements/2024usos/
STIPULATIONS_ON_USE: Users are strongly encouraged to contact the PI for proper data usage.
OTHER_COMMENTS: 
REVISION: RA
RA: Preliminary Data; For in-field use only
starttime_UTC, Br2_NOAACIMS, BrO_NOAACIMS, Cl2_NOAACIMS, ClNO2_NOAACIMS, BrCl_NOAACIMS, NCl3_NOAACIMS
     0, -9999.000, -9999.000, -9999.000, -9999.000, -9999.000, -9999.000
    60, -9999.000, -9999.000, -9999.000, -9999.000, -9999.000, -9999.000
   120, -9999.000, -9999.000, -9999.000, -9999.000, -9999.000, -9999.000
   180, -9999.000, -9999.000, -9999.000, -9999.000, -9999.000, -9999.000
   240, -9999.000, -9999.000, -9999.000, -9999.000, -9999.000, -9999.000
   300, -9999.000, -9999.000, -9999.000, -9999.000, -9999.000, -9999.000
   360, -9999.000, -9999.000, -9999.000, -9999.000, -9999.000, -9999.000
   420, -9999.000, -9999.000, -9999.000, -9999.000, -9999.000, -9999.000
   480, -9999.000, -9999.000, -9999.000, -9999.000, -9999.000, -9999.000
   540, -9999.000, -9999.000, -9999.000, -9999.000, -9999.000, -9999.000
   600, -9999.000, -9999.000, -9999.000, -9999.000, -9999.000, -9999.000
   660, -9999.000, -9999.000, -9999.000, -9999.000, -9999.000, -9999.000
   720, -9999.000, -9999.000, -9999.000, -9999.000, -9999.000, -9999.000
   780, -9999.000, -9999.000, -9999.000, -9999.000, -9999.000, -9999.000
   840, -9999.000, -9999.000, -9999.000, -9999.000, -9999.000, -9999.000
   900, -9999.000, -9999.000, -9999.000, -9999.000, -9999.000, -9999.000
   960, -9999.000, -9999.000, -9999.000, -9999.000, -9999.000, -9999.000
  1020, -9999.000, -9999.000, -9999.000, -9999.000, -9999.000, -9999.000
  1080, -9999.000, -9999.000, -9999.000, -9999.000, -9999.000, -9999.000
  1140, -9999.000, -9999.000, -9999.000, -9999.000, -9999.000, -9999.000
  1200, -9999.000, -9999.000, -9999.000, -9999.000, -9999.000, -9999.000
  1260, -9999.000, -9999.000, -9999.000, -9999.000, -9999.000, -9999.000
  1320, -9999.000, -9999.000, -9999.000, -9999.000, -9999.000, -9999.000
  1380, -9999.000, -9999.000, -9999.000, -9999.000, -9999.000, -9999.000
  1440, -9999.000, -9999.000, -9999.000, -9999.000, -9999.000, -9999.000
  1500, -9999.000, -9999.000, -9999.000, -9999.000, -9999.000, -9999.000
  1560, -9999.000, -9999.000, -9999.000, -9999.000, -9999.000, -9999.000
  1620, -9999.000, -9999.000, -9999.000, -9999.000, -9999.000, -9999.000
  1680, -9999.000, -9999.000, -9999.000, -9999.000, -9999.000, -9999.000
  1740, -9999.000, -9999.000, -9999.000, -9999.000, -9999.000, -9999.000
  1800, -9999.000, -9999.000, -9999.000, -9999.000, -9999.000, -9999.000
  1860, -9999.000, -9999.000, -9999.000, -9999.000, -9999.000, -9999.000
  1920, -9999.000, -9999.000, -9999.000, -9999.000, -9999.000, -9999.000
  1980, -9999.000, -9999.000, -9999.000, -9999.000, -9999.000, -9999.000
  2040,  1.499,  0.183,  0.850,  0.082,  0.136,  0.282
  2100,  1.244,  0.124,  0.782,  0.060,  0.159,  0.298
  2160,  1.169,  0.115,  0.792,  0.051,  0.075,  0.184
  2220,  1.325,  0.213,  0.783,  0.081,  0.126,  0.229
  2280,  1.350,  0.158,  0.730,  0.040,  0.096,  0.206
  2340,  9.512,  0.153,  1.014,  0.287,  1.491,  1.162
  2400, 22.713,  0.153,  1.979,  0.243,  1.408,  1.874
  2460, 12.935,  0.509,  2.117, -0.029,  0.185,  0.789
  2520,  8.265,  0.800,  3.353, -0.029,  0.278,  1.033
  2580,  5.609,  0.714,  1.977,  0.052,  0.325,  0.787
  2640,  5.116,  0.244,  1.392,  0.083,  0.153,  0.475
  2700,  4.376,  0.150,  1.312,  0.062,  0.085,  0.435
  2760,  5.228,  0.372,  1.561,  0.114,  0.205,  0.533
  2820,  5.286,  0.443,  1.569,  0.090,  0.253,  0.847
  2880,  4.964,  0.639,  1.797,  0.068,  0.214,  0.809
  2940,  4.458,  0.392,  1.590,  0.131,  0.193,  0.788
  3000,  4.235,  0.502,  1.447,  0.065,  0.076,  0.836
  3060,  3.919,  0.614,  1.247,  0.074,  0.136,  0.594
  3120,  4.035,  0.340,  1.290,  0.086,  0.258,  0.471
  3180,  3.812,  0.225,  1.117,  0.075,  0.142,  0.481
  3240,  3.613,  0.311,  1.210,  0.090,  0.163,  0.485
  3300,  3.335,  0.401,  1.060,  0.035,  0.139,  0.540
  3360,  3.199,  0.400,  1.087,  0.057,  0.135,  0.485
  3420,  2.941,  0.183,  1.123,  0.048,  0.176,  0.342
  3480,  3.079,  0.252,  0.930,  0.053,  0.143,  0.458
  3540,  1.524,  0.136,  0.657,  0.017,  0.061,  0.117
  3600,  1.759,  0.065,  0.758,  0.043,  0.097,  0.185
  3660,  2.172,  0.127,  0.749,  0.014,  0.072,  0.173
  3720,  0.992,  0.017,  0.627,  0.005,  0.045,  0.040
  3780, -9999.000, -9999.000, -9999.000, -9999.000, -9999.000, -9999.000
  3840,  0.808, -0.001,  0.607, -0.001,  0.015,  0.021
  3900,  1.347,  0.051,  0.777,  0.011,  0.063,  0.109
  3960,  2.211,  0.147,  0.781,  0.037,  0.119,  0.245
  4020,  1.401,  0.115,  0.719,  0.021,  0.073,  0.181
  4080,  2.094,  0.215,  0.766,  0.040,  0.136,  0.276
  4140,  0.686, -0.043,  0.624, -0.007, -0.007, -0.039
  4200,  1.523,  0.082,  0.778,  0.041,  0.066,  0.047
  4260,  0.400, -0.015,  0.689, -0.001, -0.012, -0.008
  4320,  1.599,  0.163,  0.907,  0.033,  0.106,  0.203
  4380,  0.598,  0.058,  0.694,  0.008,  0.004,  0.018
  4440,  1.541,  0.232,  0.680,  0.052,  0.060,  0.174
  4500,  1.613,  0.132,  0.819,  0.051,  0.080,  0.240
  4560,  0.562, -0.024,  0.547,  0.036, -0.022, -0.038
  4620,  1.219,  0.016,  0.591,  0.005,  0.047,  0.092
  4680,  0.534,  0.056,  0.600,  0.042,  0.034,  0.078
  4740,  1.568,  0.152,  0.808,  0.043,  0.095,  0.162
  4800,  1.214,  0.082,  0.782,  0.050,  0.030,  0.139
  4860,  1.188,  0.024,  0.712,  0.051,  0.081,  0.174
  4920,  1.339,  0.105,  0.734,  0.030,  0.123,  0.120
  4980,  1.185,  0.207,  0.772,  0.044,  0.077,  0.122
  5040,  0.858, -0.069,  0.755,  0.058,  0.024,  0.015
  5100,  1.138,  0.197,  0.835,  0.045,  0.048,  0.090
  5160,  0.825, -0.009,  0.775,  0.061,  0.053,  0.013
  5220,  0.845,  0.090,  0.855,  0.031,  0.080,  0.127
  5280,  0.713,  0.081,  0.801,  0.038,  0.047,  0.039
  5340,  0.628,  0.043,  0.747,  0.057,  0.028,  0.089
  5400,  0.866,  0.094,  0.763,  0.057,  0.029,  0.129
  5460,  0.787,  0.073,  0.712,  0.050,  0.051,  0.024
  5520,  0.829,  0.038,  0.863,  0.053,  0.041,  0.054
  5580,  0.670,  0.031,  0.936,  0.054,  0.053,  0.207
  5640, -9999.000, -9999.000, -9999.000, -9999.000, -9999.000, -9999.000
  5700,  0.427,  0.104,  1.008,  0.069,  0.002,  0.148
  5760,  0.518, -0.004,  0.938,  0.070,  0.014,  0.068
  5820,  0.757, -0.006,  0.796,  0.063,  0.041,  0.118
  5880,  0.205,  0.001,  0.965,  0.053,  0.060,  0.034
  5940,  0.599,  0.075,  0.835,  0.106,  0.082,  0.136
  6000,  0.520, -0.070,  0.829,  0.041,  0.046,  0.091
  6060, -0.786, -0.174,  0.614,  0.004, -0.066, -0.202
  6120, -0.028, -0.060,  0.895,  0.047, -0.002,  0.017
  6180, -0.013, -0.067,  0.853,  0.024,  0.012, -0.023
  6240,  0.284, -0.053,  0.921,  0.024,  0.014, -0.079
  6300,  0.426,  0.050,  0.885,  0.058,  0.050,  0.168
  6360, -0.058, -0.014,  0.943,  0.035,  0.007, -0.040
  6420, -0.336, -0.125,  0.878,  0.027, -0.049, -0.097
  6480,  0.492,  0.104,  1.145,  0.057,  0.076,  0.120
  6540, -0.153, -0.077,  0.912,  0.065, -0.026, -0.064
  6600,  0.420, -0.004,  1.020,  0.054,  0.092,  0.110
  6660,  0.195,  0.021,  1.092,  0.084,  0.079,  0.217
  6720,  0.200, -0.054,  0.967,  0.079,  0.056,  0.048
  6780,  0.235, -0.041,  1.161,  0.052,  0.016,  0.093
  6840,  0.706, -0.079,  1.185,  0.077,  0.098,  0.204
  6900,  0.575, -0.011,  1.222,  0.060,  0.102,  0.306
  6960,  0.477,  0.069,  1.260,  0.049,  0.071,  0.209
  7020, -0.221, -0.033,  1.042,  0.036,  0.010,  0.004
  7080,  0.846,  0.189,  1.250,  0.095,  0.112,  0.455
  7140, -0.047, -0.070,  1.082,  0.047,  0.048,  0.160
  7200,  0.769,  0.065,  1.397,  0.072,  0.146,  0.546
  7260,  0.427,  0.008,  1.142,  0.122,  0.083,  0.351
  7320, -0.027, -0.079,  1.197,  0.075,  0.077,  0.157
  7380,  0.720,  0.045,  1.299,  0.115,  0.133,  0.502
  7440, -0.566, -0.098,  1.189,  0.038, -0.022, -0.055
  7500, -1.331, -0.149,  1.077,  0.022, -0.044, -0.218
  7560,  0.058, -0.029,  1.107,  0.138,  0.085,  0.284
  7620,  0.232,  0.037,  1.115,  0.097,  0.094,  0.344
  7680,  0.579,  0.173,  1.098,  0.069,  0.101,  0.415
  7740,  0.578,  0.092,  1.192,  0.097,  0.148,  0.502
  7800,  0.830,  0.153,  1.355,  0.134,  0.151,  0.815
  7860,  0.855,  0.219,  1.558,  0.131,  0.204,  0.852
  7920,  0.755,  0.134,  1.677,  0.171,  0.185,  0.886
  7980,  0.756,  0.065,  1.659,  0.165,  0.141,  0.929
  8040,  0.702,  0.162,  1.681,  0.159,  0.182,  0.741
  8100,  0.978,  0.205,  1.507,  0.126,  0.176,  0.559
  8160,  0.660,  0.071,  1.246,  0.111,  0.134,  0.449
  8220,  0.412,  0.102,  1.393,  0.132,  0.152,  0.362
  8280,  0.523,  0.370,  1.238,  0.099,  0.178,  0.793
  8340, -9999.000, -9999.000, -9999.000, -9999.000, -9999.000, -9999.000
  8400, -9999.000, -9999.000, -9999.000, -9999.000, -9999.000, -9999.000
  8460, -9999.000, -9999.000, -9999.000, -9999.000, -9999.000, -9999.000
  8520, -9999.000, -9999.000, -9999.000, -9999.000, -9999.000, -9999.000
  8580, -9999.000, -9999.000, -9999.000, -9999.000, -9999.000, -9999.000
  8640, -9999.000, -9999.000, -9999.000, -9999.000, -9999.000, -9999.000
  8700, -9999.000, -9999.000, -9999.000, -9999.000, -9999.000, -9999.000
  8760, -9999.000, -9999.000, -9999.000, -9999.000, -9999.000, -9999.000
  8820, -9999.000, -9999.000, -9999.000, -9999.000, -9999.000, -9999.000
  8880, -9999.000, -9999.000, -9999.000, -9999.000, -9999.000, -9999.000
  8940, -9999.000, -9999.000, -9999.000,  0.107, -9999.000, -9999.000
  9000,  0.769, -9999.000, -9999.000,  0.109, -9999.000,  0.189
  9060,  0.870, -9999.000,  1.428,  0.126, -9999.000,  0.274
  9120,  0.443, -9999.000,  1.344,  0.150,  0.174,  0.212
  9180, -0.420, -9999.000,  1.362,  0.123,  0.018,  0.001
  9240,  0.064, -0.053,  1.367,  0.098,  0.050,  0.167
  9300, -0.300, -0.096,  1.281,  0.090,  0.021, -0.060
  9360, -0.459, -0.101,  1.204,  0.117,  0.024, -0.068
  9420, -0.211, -0.075,  1.382,  0.102,  0.064,  0.073
  9480,  0.060, -0.011,  1.121,  0.151,  0.076,  0.966
  9540,  0.495,  0.017,  1.188,  0.124,  0.102,  1.448
  9600,  0.667,  0.089,  1.486,  0.187,  0.154,  2.598
  9660, -0.130, -0.030,  1.681,  0.118,  0.060,  2.687
  9720,  0.579, -0.007,  1.656,  0.142,  0.113,  4.106
  9780,  0.298, -0.057,  1.650,  0.150,  0.074,  2.359
  9840,  0.509,  0.033,  1.525,  0.100,  0.089,  3.221
  9900,  0.660,  0.049,  1.546,  0.113,  0.101,  3.282
  9960,  0.542,  0.007,  1.493,  0.123,  0.118,  3.262
 10020,  0.766,  0.047,  1.599,  0.113,  0.098,  3.426
 10080, -0.482, -0.032,  1.387,  0.125, -0.017,  1.317
 10140,  0.003,  0.007,  1.309,  0.080,  0.043,  2.464
 10200,  0.466,  0.026,  1.396,  0.093,  0.084,  2.981
 10260,  0.630,  0.032,  1.376,  0.090,  0.123,  3.389
 10320,  0.733,  0.027,  1.335,  0.110,  0.169,  3.734
 10380,  0.760,  0.078,  1.372,  0.117,  0.078,  3.438
 10440,  0.545,  0.017,  1.267,  0.082,  0.118,  3.074
 10500,  0.371,  0.065,  1.282,  0.083,  0.084,  3.024
 10560,  0.805,  0.058,  1.269,  0.107,  0.143,  3.555
 10620,  0.811,  0.056,  1.210,  0.092,  0.087,  3.041
 10680, -9999.000, -9999.000, -9999.000, -9999.000, -9999.000, -9999.000
 10740,  0.711, -0.002,  1.208,  0.115,  0.088,  2.934
 10800,  0.602,  0.081,  1.017,  0.134,  0.067,  2.335
 10860,  0.738,  0.071,  0.870,  0.085,  0.092,  2.301
 10920,  0.352,  0.032,  0.964,  0.081,  0.071,  1.949
 10980,  0.832,  0.091,  0.985,  0.070,  0.118,  2.449
 11040,  0.875,  0.099,  1.072,  0.067,  0.124,  2.746
 11100,  0.782,  0.131,  1.127,  0.121,  0.115,  2.417
 11160,  0.865,  0.058,  1.155,  0.144,  0.123,  2.915
 11220,  0.854,  0.085,  0.970,  0.086,  0.163,  3.534
 11280,  0.786,  0.051,  1.156,  0.067,  0.131,  3.310
 11340,  0.518,  0.042,  1.241,  0.123,  0.082,  3.375
 11400,  0.533, -0.040,  1.055,  0.084,  0.092,  2.940
 11460,  1.064,  0.068,  1.116,  0.079,  0.087,  3.943
 11520,  0.802,  0.057,  1.068,  0.113,  0.142,  4.523
 11580,  0.711, -0.004,  1.075,  0.058,  0.095,  3.658
 11640,  0.693,  0.018,  1.069,  0.089,  0.069,  3.552
 11700,  0.889, -0.001,  1.084,  0.078,  0.075,  4.008
 11760,  0.667,  0.042,  1.081,  0.103,  0.107,  3.042
 11820,  0.334,  0.004,  1.061,  0.081,  0.065,  2.955
 11880,  0.862,  0.073,  1.134,  0.075,  0.113,  3.998
 11940,  0.643,  0.058,  1.089,  0.075,  0.132,  3.789
 12000,  0.603, -0.037,  1.017,  0.079,  0.079,  3.700
 12060,  0.210, -0.025,  1.001,  0.055,  0.046,  2.703
 12120,  0.677,  0.054,  1.042,  0.079,  0.146,  4.179
 12180,  0.537,  0.062,  1.074,  0.039,  0.089,  3.684
 12240, -0.000, -0.026,  1.050,  0.082,  0.043,  3.002
 12300,  0.212,  0.101,  1.019,  0.057,  0.088,  3.332
 12360,  0.509, -0.030,  1.065,  0.075,  0.101,  4.518
 12420,  0.192,  0.042,  1.125,  0.037,  0.040,  4.262
 12480, -0.025, -0.005,  1.099,  0.063,  0.018,  3.654
 12540,  0.219,  0.056,  1.265, -0.002,  0.047,  5.125
 12600,  0.547,  0.132,  1.174,  0.059,  0.153,  5.687
 12660,  0.316,  0.069,  1.092,  0.037,  0.112,  4.832
 12720,  0.519,  0.027,  0.993,  0.091,  0.115,  5.189
 12780,  0.633,  0.023,  1.137,  0.050,  0.071,  4.854
 12840,  0.287,  0.011,  1.044,  0.043,  0.097,  4.566
 12900,  0.622,  0.072,  1.027,  0.075,  0.126,  4.864
 12960,  0.477,  0.113,  1.016,  0.083,  0.061,  5.296
 13020,  0.613,  0.042,  1.047,  0.079,  0.074,  7.063
 13080,  0.707,  0.074,  1.073,  0.086,  0.127,  7.449
 13140,  0.597,  0.127,  1.083,  0.112,  0.136,  7.534
 13200,  0.660,  0.055,  0.981,  0.050,  0.094,  5.344
 13260,  0.536,  0.109,  1.084,  0.098,  0.145, 17.577
 13320,  0.331,  0.097,  0.982,  0.078,  0.099, 10.173
 13380,  0.389,  0.062,  0.992,  0.047,  0.126, 11.265
 13440,  0.741,  0.110,  1.023,  0.076,  0.138,  8.193
 13500,  0.415,  0.085,  0.951,  0.054,  0.084,  3.395
 13560,  0.702,  0.095,  1.060,  0.133,  0.137,  6.175
 13620,  0.659,  0.061,  0.962,  0.072,  0.103,  4.204
 13680,  0.267,  0.033,  0.915,  0.075,  0.066,  3.385
 13740,  0.160,  0.016,  1.009,  0.056,  0.046,  3.163
 13800, -0.038,  0.003,  0.982,  0.057,  0.019,  2.698
 13860,  0.460,  0.119,  1.113,  0.083,  0.086,  4.191
 13920,  0.556,  0.049,  0.947,  0.126,  0.074,  4.454
 13980,  0.661,  0.065,  1.042,  0.076,  0.099,  4.496
 14040,  0.698,  0.130,  1.120,  0.093,  0.116,  5.863
 14100,  0.750,  0.176,  1.241,  0.248,  0.095, 27.428
 14160,  0.645,  0.057,  1.325,  0.152,  0.124, 23.797
 14220,  0.612,  0.061,  1.258,  0.053,  0.074, 15.675
 14280,  0.501,  0.023,  0.976,  0.080,  0.030, 15.395
 14340,  1.215, -0.025,  1.032,  0.186,  0.236, 46.766
 14400,  0.284,  0.017,  0.483,  0.079,  0.057,  2.718
 14460,  0.322,  0.017,  0.712, -0.000,  0.040,  3.142
 14520,  0.584,  0.106,  1.252,  0.132,  0.073, 20.216
 14580,  0.707,  0.073,  1.218,  0.136,  0.108, 18.202
 14640,  0.476,  0.019,  1.008,  0.121,  0.081,  7.548
 14700,  0.642,  0.046,  1.017,  0.151,  0.067,  6.986
 14760,  0.862,  0.101,  1.012,  0.111,  0.101,  6.786
 14820,  0.803,  0.174,  0.925,  0.126,  0.049,  5.285
 14880, -0.217, -0.002,  0.841,  0.182,  0.013,  2.109
 14940,  1.138,  0.036,  0.911,  0.165,  0.079, 10.389
 15000,  1.069,  0.145,  1.036,  0.216,  0.107, 19.468
 15060,  0.203, -0.006,  0.847,  0.054,  0.016, 13.299
 15120,  0.145,  0.004,  0.845,  0.061, -0.012, 11.774
 15180, -0.171, -0.010,  0.848,  0.068,  0.002, 12.119
 15240, -0.144, -0.005,  0.957,  0.056, -0.002, 12.967
 15300,  0.462,  0.150,  0.623,  0.070,  0.035,  8.308
 15360,  0.206,  0.052,  0.876,  0.070,  0.005, 19.000
 15420,  0.505, -0.001,  1.047,  0.119,  0.044, 22.876
 15480,  0.586,  0.059,  1.046,  0.144,  0.047, 20.241
 15540,  1.175,  0.057,  0.798,  0.044,  0.079,  9.405
 15600,  1.107,  0.040,  0.793,  0.041,  0.063,  4.489
 15660,  1.375,  0.132,  0.963,  0.039,  0.090, 13.573
 15720,  1.284,  0.059,  0.825,  0.032,  0.137,  7.267
 15780,  0.711,  0.018,  0.902,  0.049,  0.055, 10.435
 15840, -0.192, -0.007,  0.729, -0.003, -0.007,  0.524
 15900, -0.058, -0.001,  0.829,  0.009,  0.004,  4.384
 15960, -0.140, -0.005,  1.010,  0.033, -0.005, 18.563
 16020,  0.157, -0.001,  0.874,  0.028,  0.006,  8.193
 16080,  0.201,  0.006,  0.751, -0.004,  0.010,  2.347
 16140,  0.139,  0.032,  0.833,  0.018,  0.008,  2.555
 16200, -0.041, -0.001,  1.153,  0.009, -0.001, -0.000
 16260, -0.043, -0.002,  0.777,  0.007, -0.003,  0.060
 16320,  0.119,  0.011,  0.727,  0.010,  0.007,  1.038
 16380,  0.239,  0.004,  0.733,  0.003, -0.000,  2.141
