CampaignData_and_Merges/R0/CSL_MobileLab_Parked/raw/20240723/USOS-NOAAIodideCIMS-Halogens_MobileLabGround_20240723_RA.ict
38, 1001
Michael A Robinson, Chris Jernigan, Subi Thakali
NOAA ESRL Chemical Sciences Laboratory and CIRES, U. of Colorado
NOAA Iodide CIMS Instrument
USOS
1, 1
2024, 07, 23, 2024, 07, 25
1
starttime_UTC, seconds_past_midnight, seconds_of_day_since_00:00:00_UTC
6
1, 1, 1, 1, 1, 1
-9999, -9999, -9999, -9999, -9999, -9999
Br2_NOAACIMS, pptv, Gas_Br2_InSitu_S_AVMR, 
BrO_NOAACIMS, pptv, Gas_BrO_InSitu_S_AVMR, 
Cl2_NOAACIMS, pptv, Gas_Cl2_InSitu_S_AVMR, 
ClNO2_NOAACIMS, pptv, Gas_ClNO2_InSitu_S_AVMR, 
BrCl_NOAACIMS, pptv, Gas_BrCl_InSitu_S_AVMR, 
NCl3_NOAACIMS, pptv, Gas_NCl3_InSitu_S_AVMR, 
0
18
PI_CONTACT_INFO: 325 Broadway, R/CSD 7, Boulder, Colorado 80305; michael.a.robinson@noaa.gov; chris.jernigan@noaa.gov;
PLATFORM: NOAA CSL Mobile Lab
LOCATION: SLC, Utah
ASSOCIATED_DATA: 1Hz data also available on request.
INSTRUMENT_INFO: NOAA I- ToF CIMS
DATA_INFO: All data in parts per trillion by volume (pptv). 1 Hz data is available upon request.
UNCERTAINTY: TBD
ULOD_FLAG: -7777
ULOD_VALUE: N/A
LLOD_FLAG: -8888
LLOD_VALUE: N/A
DM_CONTACT_INFO: Nathan Howard; nathan.h.howard@noaa.gov
PROJECT_INFO: USOS, summer 2024. https://csl.noaa.gov/groups/csl7/measurements/2024usos/
STIPULATIONS_ON_USE: Users are strongly encouraged to contact the PI for proper data usage.
OTHER_COMMENTS: 
REVISION: RA
RA: Preliminary Data; For in-field use only
starttime_UTC, Br2_NOAACIMS, BrO_NOAACIMS, Cl2_NOAACIMS, ClNO2_NOAACIMS, BrCl_NOAACIMS, NCl3_NOAACIMS
[from data line 275]
 16500, -0.178, -0.007,  0.772,  0.030, -0.013, -0.002
 16560,  0.032,  0.018,  0.752,  0.024, -0.012,  0.460
 16620, -0.202, -0.009,  0.584,  0.013, -0.018, -0.008
 16680, -0.271, -0.011,  0.601, -0.004, -0.021, -0.009
 16740, -0.064, -0.012,  0.733,  0.006, -0.008,  0.511
 16800, -0.089,  0.002,  0.871,  0.016, -0.016,  0.337
 16860, -0.075, -0.015,  0.825,  0.033, -0.016,  0.495
 16920, -0.339, -0.016,  0.760,  0.006, -0.026,  0.138
 16980, -0.006, -0.000,  0.732,  0.013, -0.026,  0.782
 17040, -0.456, -0.019,  0.677,  0.023, -0.037, -0.016
 17100, -0.460, -0.020,  0.699,  0.009, -0.039, -0.015
 17160, -0.463, -0.022,  0.677,  0.032, -0.042,  0.138
 17220, -0.470, -0.023,  0.659,  0.028, -0.042,  0.092
 17280, -0.466, -0.010,  0.750,  0.014, -0.042,  0.169
 17340, -0.607, -0.026,  0.716,  0.024, -0.050, -0.022
 17400, -0.324, -0.013,  0.695,  0.032, -0.040,  0.515
 17460, -0.521, -0.028,  0.691,  0.022, -0.052,  0.265
 17520, -0.664, -0.030,  0.712,  0.045, -0.058,  0.244
 17580, -0.069, -0.011,  0.729,  0.043, -0.014,  1.284
 17640,  0.803,  0.084,  0.884,  0.098,  0.016,  6.186
 17700,  0.743,  0.064,  0.870,  0.077,  0.035,  6.797
 17760,  0.602,  0.029,  1.025,  0.081,  0.030, 13.395
 17820,  0.731,  0.028,  0.994,  0.075,  0.011,  5.919
 17880,  0.675,  0.048,  0.975,  0.075,  0.010,  6.278
 17940,  0.391,  0.028,  0.959,  0.083,  0.046, 12.993
 18000,  0.639,  0.034,  0.928,  0.079, -0.009,  8.224
 18060, -9999.000, -9999.000, -9999.000, -9999.000, -9999.000, -9999.000
 18120,  0.560,  0.062,  0.977,  0.089,  0.003,  8.967
 18180,  0.618,  0.093,  0.950,  0.122,  0.014, 10.676
 18240,  0.594,  0.037,  1.012,  0.118,  0.015, 12.575
 18300,  0.582,  0.033,  0.963,  0.095,  0.076,  9.397
 18360,  0.734,  0.099,  0.924,  0.088,  0.063,  9.368
 18420,  0.638,  0.092,  1.337,  0.223,  0.065, 28.776
 18480,  0.750,  0.079,  1.163,  0.131,  0.030, 15.810
 18540,  0.494,  0.032,  0.913,  0.087,  0.035,  4.467
 18600,  0.360,  0.001,  1.317,  0.201, -0.005, 14.635
 18660,  0.704,  0.067,  1.415,  0.288,  0.041, 25.120
 18720,  0.762,  0.061,  1.724,  0.236,  0.026, 48.072
 18780,  0.429,  0.021,  1.153,  0.107,  0.011, 20.311
 18840,  0.690,  0.057,  1.081,  0.122,  0.044, 20.134
 18900,  0.517,  0.079,  0.891,  0.082,  0.008, 13.253
 18960,  0.864,  0.025,  0.840,  0.061,  0.027,  4.542
 19020,  0.987,  0.097,  0.893,  0.080,  0.065,  4.425
 19080,  0.621,  0.036,  0.721,  0.060,  0.013,  2.795
 19140,  0.835,  0.032,  0.834,  0.061,  0.030,  3.117
 19200,  1.142,  0.078,  0.903,  0.082,  0.061,  3.849
 19260,  0.979,  0.061,  1.102,  0.123,  0.071, 11.249
 19320,  1.130,  0.085,  1.104,  0.150,  0.097, 13.893
 19380,  1.103,  0.031,  1.086,  0.143,  0.071, 11.466
 19440,  1.258,  0.031,  1.141,  0.148,  0.081, 13.884
 19500,  1.302,  0.127,  1.066,  0.138,  0.077, 18.786
 19560,  1.107,  0.089,  0.956,  0.102,  0.097,  6.499
 19620,  1.066,  0.055,  1.211,  0.186,  0.073, 19.182
 19680,  1.147,  0.063,  1.171,  0.205,  0.096, 15.954
 19740,  0.728,  0.065,  1.485,  0.324,  0.050, 35.453
 19800,  0.732,  0.095,  1.216,  0.234,  0.079, 15.641
 19860,  0.357,  0.010,  1.233,  0.158,  0.033,  3.505
 19920, -9999.000, -9999.000, -9999.000, -9999.000, -9999.000, -9999.000
 19980,  1.256,  0.071,  1.072,  0.226,  0.101, 11.500
 20040,  1.315,  0.110,  1.369,  0.284,  0.124, 19.533
 20100,  1.270,  0.136,  1.303,  0.276,  0.128, 19.311
 20160,  1.243,  0.132,  1.329,  0.316,  0.120, 14.009
 20220,  1.283,  0.108,  1.236,  0.220,  0.111,  8.504
 20280,  1.226,  0.138,  1.408,  0.360,  0.121, 22.518
 20340,  1.238,  0.164,  1.486,  0.254,  0.073, 32.180
 20400,  1.011,  0.073,  1.079,  0.184,  0.059,  8.142
 20460,  0.209, -0.000,  0.869,  0.132,  0.007,  3.762
 20520,  1.269,  0.116,  1.053,  0.232,  0.080, 10.878
 20580,  1.103,  0.052,  0.896,  0.210,  0.097,  5.739
 20640,  1.145,  0.052,  1.017,  0.188,  0.095,  6.521
 20700,  1.133,  0.104,  1.160,  0.186,  0.082, 16.512
 20760,  1.213,  0.061,  1.114,  0.157,  0.104, 10.519
 20820,  1.140,  0.132,  0.905,  0.190,  0.103,  7.963
 20880,  1.271,  0.156,  0.913,  0.215,  0.109, 15.083
 20940,  1.143,  0.098,  1.005,  0.112,  0.107, 12.166
 21000,  1.195,  0.096,  0.887,  0.076,  0.099,  7.791
 21060,  1.344,  0.059,  0.935,  0.068,  0.088,  9.002
 21120,  0.451,  0.009,  0.852,  0.034,  0.060,  4.981
 21180,  1.119,  0.143,  0.835,  0.058,  0.082, 11.284
 21240,  1.217,  0.084,  0.853,  0.061,  0.087,  6.468
 21300,  0.969,  0.060,  1.078,  0.058,  0.062, 13.058
 21360,  0.268,  0.019,  0.931,  0.052,  0.028, 11.059
 21420,  0.406,  0.023,  0.833, -0.003,  0.044,  4.612
 21480,  1.032,  0.110,  0.921,  0.057,  0.101,  7.360
 21540,  0.815,  0.154,  0.944,  0.048,  0.115, 10.716
 21600,  0.743,  0.112,  0.883,  0.032,  0.090,  7.371
 21660,  0.492,  0.029,  1.016,  0.031,  0.046,  3.721
 21720,  1.246,  0.134,  1.134,  0.034,  0.027,  3.048
 21780, -9999.000, -9999.000, -9999.000, -9999.000, -9999.000, -9999.000
 21840,  0.441, -0.020,  0.773,  0.028,  0.049,  4.703
 21900,  1.069,  0.054,  0.857,  0.047,  0.097,  4.897
 21960,  0.463,  0.057,  0.897,  0.035,  0.070,  7.648
 22020,  0.773,  0.040,  0.964,  0.033,  0.049,  5.838
 22080,  0.752,  0.022,  0.820,  0.020,  0.020,  1.672
 22140,  0.454,  0.004,  0.795,  0.020,  0.035,  1.206
 22200,  0.877,  0.064,  0.879,  0.035,  0.055,  2.528
 22260,  0.766,  0.051,  0.867,  0.043,  0.054,  5.120
 22320,  1.125,  0.038,  0.881,  0.087,  0.095,  6.872
 22380,  1.006, -0.011,  0.905,  0.084,  0.073,  7.691
 22440,  1.109,  0.060,  0.876,  0.059,  0.057,  6.404
 22500,  0.948,  0.090,  1.026,  0.083,  0.142,  9.468
 22560,  0.969,  0.055,  0.927,  0.080,  0.116,  6.048
 22620,  1.018,  0.060,  0.973,  0.135,  0.082,  7.275
 22680,  0.922, -0.020,  0.996,  0.134,  0.090,  8.630
 22740,  1.041,  0.087,  1.011,  0.206,  0.063,  6.723
 22800,  1.007,  0.020,  1.034,  0.165,  0.067,  4.788
 22860,  1.107,  0.001,  1.020,  0.133,  0.073,  5.787
 22920,  0.775, -0.011,  0.819,  0.073,  0.041,  5.259
 22980,  1.035,  0.002,  0.887,  0.064,  0.108,  4.714
 23040,  0.754, -0.068,  0.835,  0.114,  0.038,  4.095
 23100,  0.869,  0.020,  1.068,  0.211,  0.115, 14.257
 23160,  0.721, -0.068,  0.944,  0.119,  0.046,  7.993
 23220,  0.946,  0.013,  0.908,  0.120,  0.063,  7.829
 23280,  0.446, -0.064,  0.780,  0.079,  0.032,  3.479
 23340,  1.015, -0.058,  0.827,  0.142,  0.048,  8.115
 23400,  0.621, -0.032,  1.163,  0.194,  0.075, 11.337
 23460,  1.040,  0.015,  0.824,  0.133,  0.082,  6.543
 23520,  0.632, -0.089,  0.746,  0.100,  0.011,  4.812
 23580,  0.915, -0.031,  0.950,  0.128,  0.078,  7.908
 23640,  1.164, -0.038,  0.899,  0.145,  0.099, 16.790
 23700,  1.047,  0.018,  1.097,  0.280,  0.112, 12.221
 23760,  0.819, -0.048,  1.176,  0.273,  0.118, 10.690
 23820,  1.049,  0.018,  1.243,  0.373,  0.185, 15.934
 23880,  0.790, -0.004,  1.167,  0.412,  0.100, 10.422
 23940,  0.631, -0.090,  1.085,  0.317,  0.055,  7.327
 24000,  0.723, -0.066,  1.008,  0.312,  0.088,  8.581
 24060,  0.736, -0.126,  0.829,  0.176,  0.041,  4.294
 24120,  0.782, -0.038,  1.097,  0.220,  0.080, 11.731
 24180,  0.751, -0.037,  0.968,  0.160,  0.064,  7.610
 24240,  0.650, -0.061,  0.766,  0.116,  0.039,  5.625
 24300,  0.892, -0.054,  0.820,  0.064,  0.086,  4.725
 24360,  0.700, -0.064,  0.907,  0.110,  0.045,  6.145
 24420,  0.843, -0.070,  0.824,  0.087,  0.043,  3.832
 24480,  0.893, -0.099,  0.980,  0.059,  0.068,  3.785
 24540,  0.977, -0.086,  0.837,  0.049,  0.072,  3.706
 24600,  0.902, -0.065,  0.871,  0.039,  0.077,  3.241
 24660,  0.813, -0.117,  0.893,  0.069,  0.044,  3.252
 24720,  0.890, -0.061,  0.865,  0.036,  0.080,  3.824
 24780,  0.893, -0.039,  0.967,  0.025,  0.069,  3.702
 24840,  0.689,  0.048,  0.834,  0.043,  0.077,  1.871
 24900,  0.983, -0.052,  0.831,  0.017,  0.040,  1.971
 24960,  0.892, -0.060,  0.926,  0.032,  0.069,  2.504
 25020,  0.855, -0.128,  0.859,  0.025,  0.059,  1.441
 25080,  0.760, -0.054,  0.895,  0.031,  0.055,  1.604
 25140,  0.971, -0.043,  0.850,  0.030,  0.063,  1.783
 25200,  0.978, -0.058,  0.961,  0.048,  0.069,  2.156
 25260,  0.779, -0.084,  0.954,  0.029,  0.053,  2.149
 25320,  0.911, -0.112,  0.894,  0.011,  0.057,  1.646
 25380,  0.867, -0.061,  0.838,  0.017,  0.079,  1.593
 25440, -9999.000, -9999.000, -9999.000, -9999.000, -9999.000, -9999.000
 25500,  0.848, -0.142,  0.959,  0.027,  0.099,  3.020
 25560,  0.794, -0.059,  0.917,  0.008,  0.093,  1.884
 25620,  0.867, -0.074,  0.927, -0.006,  0.083,  2.355
 25680,  0.953, -0.094,  0.947,  0.040,  0.089,  1.955
 25740,  0.819, -0.044,  0.892,  0.019,  0.086,  1.538
 25800,  0.863, -0.100,  1.007,  0.048,  0.081,  1.967
 25860,  0.814,  0.012,  0.927,  0.035,  0.049,  1.865
 25920,  0.902, -0.045,  0.997,  0.044,  0.084,  1.988
 25980,  0.923, -0.061,  0.937,  0.025,  0.075,  2.021
 26040,  0.898, -0.060,  0.959,  0.039,  0.051,  1.665
 26100,  0.883, -0.073,  0.945,  0.027,  0.074,  1.982
 26160,  0.820, -0.001,  0.956,  0.043,  0.092,  1.746
 26220,  0.851,  0.029,  0.930,  0.030,  0.057,  1.800
 26280,  0.851, -0.015,  0.994,  0.050,  0.095,  1.948
 26340,  0.070, -0.063,  0.857,  0.037,  0.018,  1.071
 26400,  0.466,  0.024,  0.957,  0.050,  0.013,  1.598
 26460,  0.676, -0.006,  1.033,  0.055,  0.075,  2.329
 26520,  0.900, -0.007,  0.990,  0.039,  0.064,  2.013
 26580,  0.790, -0.010,  1.081,  0.026,  0.089,  2.119
 26640,  0.833, -0.021,  0.951,  0.053,  0.085,  2.123
 26700,  0.931,  0.025,  0.940,  0.059,  0.079,  1.996
 26760,  0.717, -0.010,  0.960,  0.027,  0.069,  1.609
 26820,  0.764,  0.048,  0.944,  0.058,  0.037,  1.439
 26880,  0.771, -0.003,  0.948,  0.064,  0.096,  1.636
 26940,  0.839,  0.078,  1.011,  0.043,  0.064,  1.934
 27000,  0.828,  0.108,  1.039,  0.054,  0.066,  1.669
 27060,  0.813,  0.120,  0.933,  0.061,  0.077,  1.537
 27120,  0.807,  0.057,  0.897,  0.044,  0.042,  1.531
 27180,  0.923,  0.117,  0.959,  0.048,  0.057,  1.519
 27240,  0.806,  0.101,  1.062,  0.072,  0.049,  1.912
 27300, -9999.000, -9999.000, -9999.000, -9999.000, -9999.000, -9999.000
 27360,  0.746,  0.064,  0.994,  0.051,  0.096,  2.012
 27420,  0.771,  0.066,  0.969,  0.021,  0.041,  1.966
 27480,  0.829,  0.013,  1.007,  0.026,  0.044,  1.946
 27540,  0.720,  0.145,  1.101,  0.054,  0.062,  2.076
 27600,  0.674,  0.038,  0.917,  0.039,  0.055,  2.077
 27660,  0.727,  0.022,  1.034,  0.026,  0.085,  2.105
 27720,  0.723,  0.085,  1.019,  0.057,  0.043,  2.128
 27780,  0.734,  0.155,  1.002,  0.059,  0.047,  2.257
 27840,  0.786,  0.052,  0.940,  0.021,  0.056,  2.423
 27900,  0.750,  0.060,  1.097,  0.035,  0.090,  2.549
 27960,  0.754,  0.034,  1.131,  0.025,  0.060,  2.426
 28020,  0.735,  0.097,  1.076,  0.049,  0.071,  2.407
 28080,  0.714,  0.132,  1.022,  0.041,  0.063,  2.535
 28140,  0.747,  0.095,  1.086,  0.034,  0.067,  2.325
 28200,  0.760,  0.050,  1.075,  0.017,  0.016,  2.290
 28260,  0.695, -0.003,  1.050,  0.026,  0.029,  2.207
 28320,  0.791,  0.023,  1.042,  0.013,  0.027,  2.404
 28380,  0.759,  0.069,  0.938,  0.012,  0.029,  2.307
 28440,  0.642,  0.014,  1.085,  0.004,  0.051,  2.336
 28500,  0.613,  0.028,  0.985,  0.024,  0.047,  2.192
 28560,  0.748,  0.052,  1.077,  0.041,  0.051,  2.246
 28620,  0.781,  0.045,  0.915, -0.001,  0.017,  2.081
 28680,  0.676,  0.014,  1.065,  0.015,  0.012,  2.094
 28740,  0.668,  0.038,  0.974,  0.012,  0.049,  1.986
 28800,  0.691,  0.050,  1.043,  0.035,  0.030,  1.994
 28860,  0.781,  0.011,  0.974, -0.016,  0.049,  2.094
 28920,  0.686,  0.034,  0.967,  0.011,  0.070,  2.078
 28980,  0.697,  0.065,  1.198,  0.016,  0.043,  2.253
 29040,  0.684,  0.044,  0.891,  0.010,  0.049,  2.159
 29100,  0.730,  0.088,  0.922,  0.019, -0.007,  2.136
 29160, -9999.000, -9999.000, -9999.000, -9999.000, -9999.000, -9999.000
 29220,  0.453,  0.060,  0.843, -0.014,  0.056,  1.920
 29280,  0.612,  0.010,  0.992,  0.003,  0.026,  1.970
 29340,  0.607,  0.046,  0.858, -0.015,  0.065,  2.183
 29400,  0.602,  0.014,  0.943,  0.017,  0.015,  1.978
 29460,  0.611,  0.024,  0.940,  0.030,  0.018,  1.984
 29520,  0.699,  0.028,  0.873,  0.026,  0.043,  2.144
 29580,  0.532, -0.037,  0.914, -0.012, -0.005,  2.057
 29640,  0.684, -0.023,  0.956,  0.017,  0.026,  2.111
 29700,  0.731, -0.054,  0.915,  0.016,  0.018,  2.241
 29760,  0.656,  0.047,  0.915,  0.007,  0.042,  2.110
 29820,  0.483, -0.019,  0.978,  0.018,  0.008,  2.034
 29880,  0.694,  0.001,  0.962,  0.020,  0.022,  2.123
 29940,  0.713, -0.004,  0.852,  0.023,  0.008,  2.187
 30000,  0.589, -0.004,  0.888,  0.034,  0.041,  2.197
 30060,  0.478, -0.073,  0.883,  0.026,  0.011,  2.398
 30120,  0.654,  0.021,  0.950,  0.029,  0.034,  2.523
 30180,  0.646, -0.034,  1.093,  0.041,  0.056,  2.270
 30240,  0.666, -0.084,  0.901,  0.037,  0.037,  2.380
 30300,  0.581, -0.014,  0.946,  0.042,  0.037,  1.992
 30360,  0.765, -0.028,  1.091,  0.061,  0.019,  2.043
 30420,  0.686, -0.053,  1.118,  0.053,  0.044,  2.014
 30480,  0.665, -0.068,  0.946,  0.050,  0.025,  2.052
 30540,  0.663, -0.094,  0.946,  0.028, -0.002,  1.741
 30600,  0.523, -0.080,  0.844,  0.041,  0.027,  1.941
 30660,  0.594, -0.069,  0.949,  0.053,  0.062,  1.808
 30720,  0.539, -0.073,  0.861,  0.071,  0.039,  2.016
 30780,  0.656, -0.024,  1.016,  0.049,  0.055,  1.934
 30840,  0.603, -0.112,  0.894,  0.063,  0.019,  1.696
 30900,  0.552, -0.098,  0.936,  0.045,  0.021,  1.630
 30960,  0.717, -0.007,  0.894,  0.077,  0.043,  2.280
 31020,  0.674, -0.117,  0.776,  0.146, -0.010,  2.103
 31080,  0.512, -0.123,  0.874,  0.067,  0.007,  1.731
 31140,  0.714, -0.021,  0.970,  0.069,  0.021,  2.241
 31200,  0.518, -0.125,  0.911,  0.063,  0.019,  2.085
 31260,  0.568, -0.111,  0.882,  0.054,  0.009,  1.686
 31320,  0.531, -0.097,  0.932,  0.070,  0.038,  1.752
 31380,  0.507, -0.088,  0.981,  0.059,  0.023,  2.048
 31440,  0.558, -0.055,  0.836,  0.076,  0.030,  2.008
 31500,  0.634,  0.000,  0.953,  0.073,  0.003,  1.960
 31560,  0.599, -0.050,  0.972,  0.076,  0.021,  1.872
 31620,  0.575, -0.043,  0.926,  0.083,  0.023,  2.069
 31680,  0.642, -0.026,  0.970,  0.056,  0.061,  2.059
 31740,  0.624, -0.029,  0.953,  0.079,  0.024,  1.817
 31800,  0.468, -0.102,  0.890,  0.053,  0.065,  1.727
 31860,  0.567, -0.020,  1.001,  0.051,  0.002,  1.646
 31920,  0.570, -0.060,  0.882,  0.065,  0.038,  1.673
 31980,  0.482, -0.031,  1.045,  0.056,  0.017,  1.421
 32040,  0.597, -0.020,  1.016,  0.068,  0.043,  1.620
 32100,  0.597,  0.011,  1.004,  0.067,  0.053,  1.799
 32160,  0.578,  0.072,  1.040,  0.053,  0.041,  1.756
 32220,  0.504, -0.002,  1.051,  0.061,  0.036,  1.575
 32280,  0.442, -0.016,  1.205,  0.061,  0.011,  1.675
 32340,  0.551, -0.017,  1.003,  0.075,  0.043,  2.151
 32400,  0.571,  0.015,  1.101,  0.074,  0.035,  2.136
 32460,  0.597,  0.006,  1.085,  0.064,  0.027,  2.366
 32520,  0.519, -0.029,  1.202,  0.049,  0.037,  2.180
 32580,  0.427,  0.021,  1.210,  0.065,  0.051,  2.672
 32640,  0.526,  0.066,  1.051,  0.076,  0.065,  2.153
 32700,  0.597,  0.015,  1.096,  0.056,  0.036,  1.975
 32760,  0.607, -0.016,  1.094,  0.068,  0.032,  1.987
 32820,  0.671, -0.096,  0.693,  0.478,  0.135,  2.458
 32880,  0.392, -0.030,  1.019,  0.032,  0.018,  1.587
 32940,  0.506, -0.001,  1.021,  0.057,  0.065,  1.797
 33000,  0.538,  0.044,  1.040,  0.049,  0.036,  2.028
 33060,  0.610,  0.087,  1.019,  0.042,  0.068,  2.202
 33120,  0.573,  0.096,  0.946,  0.050,  0.060,  1.974
 33180,  0.531,  0.021,  0.978,  0.069,  0.026,  1.732
 33240,  0.007, -0.030,  0.993,  0.030,  0.009,  1.125
 33300,  0.224,  0.011,  1.011,  0.025,  0.037,  1.508
 33360,  0.218,  0.033,  1.082,  0.042,  0.015,  1.546
 33420,  0.072,  0.006,  1.005,  0.013,  0.024,  1.252
 33480, -0.071, -0.029,  0.983,  0.036,  0.048,  1.225
 33540,  0.087,  0.079,  1.007,  0.048,  0.003,  1.232
 33600,  0.280, -0.021,  1.010,  0.014,  0.022,  1.621
 33660,  0.360,  0.009,  1.049,  0.009,  0.009,  1.768
 33720,  0.560,  0.003,  1.181,  0.049,  0.063,  1.958
