CampaignData_and_Merges/R0/CSL_MobileLab_Parked/raw/20240723/USOS-PTR_MobileLabGround_20240723_R0.ict
58, 1001
Matthew Coggon, Kelvin Bates, Chelsea Stockwell, Carsten Warneke
NOAA ESRL Chemical Sciences Division
NOAA PTR-ToF-MS
USOS
1,1 
2024, 07, 23, 2025, 09, 19
0
Time_Start, seconds, number of seconds from 00:00 UTC 
22
1, 1, 1, 1, 1, 1, 1, 1, 1, 1, 1, 1, 1, 1, 1, 1, 1, 1, 1, 1, 1, 1
-9999, -9999, -9999, -9999, -9999, -9999, -9999, -9999, -9999, -9999, -9999, -9999, -9999, -9999, -9999, -9999, -9999, -9999, -9999, -9999, -9999, -9999
CH3OH_NOAAPTR_ppbv,  ppbv, Gas_CH3OH_InSitu_S_AVMR, (CH3OH) methanol
CH3CN_NOAAPTR_ppbv,  ppbv, Gas_CH3CN_InSitu_S_AVMR, (CH3CN) acetonitrile
CH3CHO_NOAAPTR_ppbv,  ppbv, Gas_CH3CHO_InSitu_S_AVMR, (CH3CHO) acetaldehyde plus contributions from ethylene glycol and ethylene oxide. Interference from ethanol has been subtracted out.
C2H5OH_NOAAPTR_ppbv,  ppbv, Gas_C2H5OH_InSitu_S_AVMR, (C2H5OH) ethanol
CH3SH_NOAAPTR_ppbv,  ppbv, Gas_CH3SH_InSitu_S_AVMR, (CH3SH) methanethiol, using calibration factor for DMS
Acrolein_NOAAPTR_ppbv,  ppbv, Gas_Acrolein_InSitu_S_AVMR, (C3H4O) acrolein
AcetonePropanal_NOAAPTR_ppbv,  ppbv, Gas_AcetoneAndPropanal_InSitu_S_AVMR, (C3H6O) sum of acetone (dominant isomer) and propanal, using calibration factor for acetone
DMS_NOAAPTR_ppbv,  ppbv, Gas_DMS_InSitu_S_AVMR, (C2H6S) dimethyl sulfide with possible small contributions from ethanethiol
C5H8_NOAAPTR_ppbv,  ppbv, Gas_Isoprene_InSitu_S_AVMR, (C5H8) isoprene and possible fragments from cycloalkanes and aldehydes. Interferences have been subtracted following methods described by Coggon et al (2023)
MVKMAC_NOAAPTR_ppbv,  ppbv, Gas_MVKAndMAC_InSitu_S_AVMR, (C4H6O) sum of methyl vinyl ketone, methacrolein, and small amounts of crotonaldehyde, using weighted calibration factor for MVK (0.637) and MACR (0.363)
Benzene_NOAAPTR_ppbv,  ppbv, Gas_Benzene_InSitu_S_AVMR, (C6H6) benzene
Toluene_NOAAPTR_ppbv,  ppbv, Gas_Toluene_InSitu_S_AVMR, (C7H8) toluene with possible small contributions of fragments from ethyltoluene
Styrene_NOAAPTR_ppbv,  ppbv, Gas_Styrene_InSitu_S_AVMR, (C8H8) styrene
Benzaldehyde_NOAAPTR_ppbv,  ppbv, Gas_Benzaldehyde_InSitu_S_AVMR, (C7H6O) benzaldehyde
C8Aromatics_NOAAPTR_ppbv,  ppbv, Gas_C8Aromatics_InSitu_M_AVMR, (C8H10) sum of m-xylene, p-xylene, o-xylene, and ethyl benzene
C9Aromatics_NOAAPTR_ppbv,  ppbv, Gas_C9Aromatics_InSitu_M_AVMR, (C9H12) sum of C9 aromatics
Naphthalene_NOAAPTR_ppbv,  ppbv, Gas_Naphthalene_InSitu_S_AVMR, (C10H8) naphthalene
Octanal_NOAAPTR_ppbv,  ppbv, Gas_Octanal_InSitu_S_AVMR, (C8H16O) octanal and small amounts of octanone
Monoterpenes_NOAAPTR_ppbv,  ppbv, Gas_Monoterpenes_InSitu_M_AVMR, (C10H16) sum of monoterpenes and possible contributions from fragments of oxygenated monoterpenoids such as eucalyptol.
Nonanal_NOAAPTR_ppbv,  ppbv, Gas_Nonanal_InSitu_M_AVMR, (C9H18O) nonanal and small amounts of nonanone
C7H4ClF3_NOAAPTR_ppbv,  ppbv, Gas_C7H4ClF3_InSitu_S_AVMR, (C7H4ClF3) parachlorobenzotrifluoride
C10H30O5Si5_NOAAPTR_ppbv,  ppbv, Gas_C10H30O5Si5_InSitu_S_AVMR, (C10H30O5Si5) decamethylcyclopentasiloxane
1
SPECIAL COMMENTS:N/A
21
PI_CONTACT_INFO: NOAA ESRL Chemical Sciences Division, Tropospheric Chemistry Group. 325 Broadway, R/CSD7, Boulder, CO 80305
PLATFORM: Mobile Laboratory.
LOCATION: Salt Lake City, UT
ASSOCIATED_DATA: N/A
INSTRUMENT_INFO: NOAA PTR-ToF-MS measurements on NOAA CSL Mobile Lab
DATA_INFO: Units: ppbv
UNCERTAINTY: See OTHER_COMMENTS
ULOD_FLAG: -7777
ULOD_VALUE: N/A
LLOD_FLAG: -8888
LLOD_VALUE: N/A.
DM_CONTACT_INFO: Data Managers: Matt Coggon, Kelvin Bates, Chelsea Stockwell; email: matthew.m.coggon@noaa.gov and kelvin.bates@colorado.edu
PROJECT_INFO: USOS Deployment July-August, 2024
STIPULATIONS_ON_USE: Use of these data require prior OK from PI.
OTHER_COMMENTS: Uncertainties:
CH3OH_NOAAPTR_ppbv:30%; CH3CN_NOAAPTR_ppbv:30%; CH3CHO_NOAAPTR_ppbv:30%; C2H5OH_NOAAPTR_ppbv:30%; CH3SH_NOAAPTR_ppbv:50%; Acrolein_NOAAPTR_ppbv:30%; AcetonePropanal_NOAAPTR_ppbv:30%; DMS_NOAAPTR_ppbv:30%; C5H8_NOAAPTR_ppbv:30%; MVKMAC_NOAAPTR_ppbv:30%; 
Benzene_NOAAPTR_ppbv:30%; Toluene_NOAAPTR_ppbv:30%; Styrene_NOAAPTR_ppbv:30%; Benzaldehyde_NOAAPTR_ppbv:30%; C8Aromatics_NOAAPTR_ppbv:30%; C9Aromatics_NOAAPTR_ppbv:30%; Naphthalene_NOAAPTR_ppbv:30%; Octanal_NOAAPTR_ppbv:30%; Monoterpenes_NOAAPTR_ppbv:30%; Nonanal_NOAAPTR_ppbv:30%; 
C7H4ClF3_NOAAPTR_ppbv:30%; C10H30O5Si5_NOAAPTR_ppbv:30%; 
REVISION: R0
R0: Calibrated PTR Data. See individual species comments for details about measurement uncertainties
Time_Start, CH3OH_NOAAPTR_ppbv, CH3CN_NOAAPTR_ppbv, CH3CHO_NOAAPTR_ppbv, C2H5OH_NOAAPTR_ppbv, CH3SH_NOAAPTR_ppbv, Acrolein_NOAAPTR_ppbv, AcetonePropanal_NOAAPTR_ppbv, DMS_NOAAPTR_ppbv, C5H8_NOAAPTR_ppbv, MVKMAC_NOAAPTR_ppbv, Benzene_NOAAPTR_ppbv, Toluene_NOAAPTR_ppbv, Styrene_NOAAPTR_ppbv, Benzaldehyde_NOAAPTR_ppbv, C8Aromatics_NOAAPTR_ppbv, C9Aromatics_NOAAPTR_ppbv, Naphthalene_NOAAPTR_ppbv, Octanal_NOAAPTR_ppbv, Monoterpenes_NOAAPTR_ppbv, Nonanal_NOAAPTR_ppbv, C7H4ClF3_NOAAPTR_ppbv, C10H30O5Si5_NOAAPTR_ppbv
[from data line 280]
16800.0, -9999.00000, -9999.00000, -9999.00000, -9999.00000, -9999.00000, -9999.00000, -9999.00000, -9999.00000, -9999.00000, -9999.00000, -9999.00000, -9999.00000, -9999.00000, -9999.00000, -9999.00000, -9999.00000, -9999.00000, -9999.00000, -9999.00000, -9999.00000, -9999.00000, -9999.00000 
16860.0, -9999.00000, -9999.00000, -9999.00000, -9999.00000, -9999.00000, -9999.00000, -9999.00000, -9999.00000, -9999.00000, -9999.00000, -9999.00000, -9999.00000, -9999.00000, -9999.00000, -9999.00000, -9999.00000, -9999.00000, -9999.00000, -9999.00000, -9999.00000, -9999.00000, -9999.00000 
16920.0, -9999.00000, -9999.00000, -9999.00000, -9999.00000, -9999.00000, -9999.00000, -9999.00000, -9999.00000, -9999.00000, -9999.00000, -9999.00000, -9999.00000, -9999.00000, -9999.00000, -9999.00000, -9999.00000, -9999.00000, -9999.00000, -9999.00000, -9999.00000, -9999.00000, -9999.00000 
16980.0, -9999.00000, -9999.00000, -9999.00000, -9999.00000, -9999.00000, -9999.00000, -9999.00000, -9999.00000, -9999.00000, -9999.00000, -9999.00000, -9999.00000, -9999.00000, -9999.00000, -9999.00000, -9999.00000, -9999.00000, -9999.00000, -9999.00000, -9999.00000, -9999.00000, -9999.00000 
17040.0, 9.94641, 0.33137, -9999.00000, 1.88865, 0.00227, 0.22326, 3.95366, 0.00367, -9999.00000, 0.55874, 0.10949, 0.13850, -0.00326, -0.00451, 0.08799, 0.05601, -0.01250, 0.01068, 0.16919, 0.04719, 0.00955, 0.00327 
17100.0, 9.81220, 0.30942, 1.30120, 2.63253, 0.00155, 0.23271, 4.10434, 0.00399, 0.94496, 0.58330, 0.12664, 0.15844, -0.00728, 0.00942, 0.07968, 0.03880, -0.01043, 0.01523, 0.17320, 0.05171, 0.00122, 0.00683 
17160.0, 10.48667, 0.30732, 1.25248, 2.45672, 0.00662, 0.25874, 4.05738, 0.01043, 0.95463, 0.60284, 0.04083, 0.14949, 0.00390, -0.00715, 0.07882, 0.03988, -0.01248, 0.02948, 0.15855, 0.09057, 0.00281, 0.00434 
17220.0, 9.87367, 0.29894, 1.13840, 1.99531, 0.00384, 0.19341, 3.99303, -0.00041, 0.89827, 0.57278, 0.11947, 0.15642, 0.01419, 0.01710, 0.08109, 0.03355, -0.01247, 0.02307, 0.18591, 0.06456, 0.00283, 0.00600 
17280.0, 9.58241, 0.29904, 1.14300, 2.45601, 0.00077, 0.19626, 3.88546, 0.00352, 0.91498, 0.57951, 0.11408, 0.21651, 0.00389, -0.01181, 0.14069, 0.05919, -0.00913, 0.02202, 0.14862, 0.05000, 0.00464, 0.00280 
17340.0, 10.23181, 0.29773, 1.26745, 2.17478, 0.00008, 0.22397, 3.96026, -0.00040, 0.82459, 0.57008, 0.14767, 0.12221, 0.00705, 0.02755, 0.08020, 0.04068, -0.01104, 0.02856, 0.18421, 0.05676, 0.00786, 0.00404 
17400.0, 9.53842, 0.31868, 1.19804, 3.03180, 0.00230, 0.20064, 3.92924, 0.01434, 0.91372, 0.52792, 0.15624, 0.24428, 0.00386, -0.01366, 0.16859, 0.05751, -0.01245, 0.02498, 0.16097, 0.04352, 0.00609, 0.00455 
17460.0, 9.92487, 0.30196, 1.16178, 1.92939, 0.00300, 0.20626, 3.97380, 0.00018, 0.80944, 0.53732, 0.10643, 0.12108, 0.00359, 0.01015, 0.06538, 0.03022, -0.01244, 0.02957, 0.13643, 0.04058, 0.00394, 0.00366 
17520.0, 10.75772, 0.31783, 1.28190, 3.78144, 0.00057, 0.22749, 4.05813, -0.00040, 0.83286, 0.55826, 0.26774, 0.40968, 0.03407, -0.02042, 0.27391, 0.09299, -0.00569, 0.02243, 0.15198, 0.09106, 0.00190, 0.00360 
17580.0, 10.26926, 0.29461, 1.19957, 2.06124, 0.00015, 0.18081, 3.98945, 0.00331, 0.87657, 0.51139, 0.12648, 0.11772, 0.00218, 0.00971, 0.06907, 0.03879, -0.00232, 0.00987, 0.15851, 0.07903, 0.00225, 0.00427 
17640.0, 9.22370, 0.30149, 1.09650, 2.09036, 0.00384, 0.20166, 3.96935, -0.00040, 0.83393, 0.52364, 0.12154, 0.12796, -0.00154, -0.00867, 0.06506, 0.02920, 0.00158, 0.01908, 0.15079, 0.03780, 0.00199, 0.00139 
17700.0, 8.07499, 0.30993, 1.07041, 1.71912, -0.00042, 0.20286, 3.85144, 0.00494, 0.75022, 0.48126, 0.06468, 0.13994, 0.01801, -0.02106, 0.06185, 0.02821, -0.00870, 0.02506, 0.15320, 0.02313, 0.00721, 0.00177 
17760.0, 9.21799, 0.31773, 1.26821, 2.82653, 0.00244, 0.19015, 3.95201, -0.00040, 0.71890, 0.50468, 0.12886, 0.27515, 0.01266, -0.03892, 0.16893, 0.06402, -0.01240, 0.01897, 0.14656, 0.03760, 0.00318, 0.00271 
17820.0, 10.91700, 0.32071, 1.31325, 3.49018, 0.00292, 0.23830, 3.96175, 0.00281, 0.77950, 0.51106, 0.19133, 0.36776, 0.02612, 0.00151, 0.20373, 0.06708, 0.00294, 0.01477, 0.13929, 0.06906, 0.00427, 0.00315 
17880.0, 10.06625, 0.30469, 1.25704, 2.57437, -0.00089, 0.21113, 4.18692, -0.00025, 0.72275, 0.48780, 0.11211, 0.19930, 0.01828, -0.00208, 0.09877, 0.04486, -0.00347, 0.02888, 0.14882, 0.04987, 0.00085, 0.00697 
17940.0, 9.75797, 0.30245, 1.12562, 1.90407, 0.00072, 0.22337, 3.93340, 0.00970, 0.76401, 0.50590, 0.03195, 0.13773, -0.00724, -0.03809, 0.06404, 0.02512, -0.01137, 0.01978, 0.14698, 0.02680, 0.00364, 0.00292 
18000.0, 8.28215, 0.29660, 1.21750, 1.72011, 0.00136, 0.19893, 4.02756, 0.00636, 0.73617, 0.46447, 0.05195, 0.15176, 0.00436, -0.02043, 0.07826, 0.02612, -0.01091, 0.01785, 0.13765, 0.04127, 0.00301, 0.00281 
18060.0, 10.10315, 0.29055, 1.25954, 2.34907, 0.00139, 0.21908, 3.90143, 0.00235, 0.76411, 0.47391, 0.05124, 0.13077, 0.02302, -0.02926, 0.07516, 0.03183, -0.00911, 0.02927, 0.13833, 0.02777, 0.00251, 0.00275 
18120.0, 9.89208, 0.30532, 1.14220, 2.08585, 0.00178, 0.18354, 3.92494, 0.00861, 0.77786, 0.50694, 0.03769, 0.14142, -0.00437, -0.02711, 0.07525, 0.03139, -0.01111, 0.01293, 0.12936, 0.02568, 0.00589, 0.00186 
18180.0, 9.72332, 0.33629, 1.20430, 1.86612, 0.00077, 0.19635, 3.95381, 0.00929, 0.70247, 0.50091, 0.08409, 0.17661, 0.01472, -0.02616, 0.08811, 0.03428, -0.00779, 0.01231, 0.14490, 0.04353, 0.00623, 0.00097 
18240.0, 9.99140, 0.29819, 1.28200, 2.14819, 0.00156, 0.19659, 4.03098, 0.00414, 0.77957, 0.49276, 0.04666, 0.19245, 0.01054, -0.01075, 0.09641, 0.03824, -0.01234, 0.02269, 0.13725, 0.05141, -0.00021, 0.00263 
18300.0, 9.51185, 0.30982, 1.26254, 2.68357, 0.00035, 0.21842, 3.94581, -0.00039, 0.76420, 0.52726, 0.05054, 0.16438, -0.00362, -0.02901, 0.06762, 0.03682, -0.01233, 0.02453, 0.15048, 0.06531, 0.00276, 0.00406 
18360.0, 11.65195, 0.31132, 1.46575, 3.56533, 0.00150, 0.22296, 4.12854, -0.00039, 0.81805, 0.52746, 0.09560, 0.29502, 0.01049, -0.02276, 0.18125, 0.06840, 0.00341, 0.03033, 0.14824, 0.07920, 0.00470, 0.00531 
18420.0, 9.77470, 0.28906, 1.43145, 2.52958, 0.00697, 0.21285, 4.12672, 0.01612, 0.73594, 0.50733, 0.09142, 0.24301, 0.02158, -0.03987, 0.12842, 0.06103, 0.00344, 0.05451, 0.10914, 0.06798, 0.00786, 0.00501 
18480.0, 9.66142, 0.31108, 2.82503, 2.84541, 0.00266, 0.24545, 3.97693, -0.00039, 0.77737, 0.50027, 0.09827, 0.31866, 0.01815, -0.03225, 0.17853, 0.06361, 0.00473, 0.04681, 0.15547, 0.04632, 0.00218, 0.00187 
18540.0, 9.01298, 0.29878, 1.90615, 2.63454, 0.00410, 0.25156, 4.02935, -0.00029, 0.84786, 0.54874, 0.17643, 0.35063, 0.03301, -0.02598, 0.24762, 0.10116, -0.00843, 0.02363, 0.15429, 0.04873, -0.00105, 0.00345 
18600.0, 10.46878, 0.27703, 4.75380, 4.37727, 0.00735, 0.26015, 4.27320, -0.00038, 0.72739, 0.56591, 0.07158, 0.43655, 0.03143, -0.03866, 0.23225, 0.09556, -0.01229, 0.03630, 0.17244, 0.07339, 0.00958, 0.01291 
18660.0, 10.52578, 0.27578, 2.63851, 2.58686, 0.00330, 0.22227, 4.12625, -0.00038, 0.80490, 0.50100, 0.11558, 0.37546, -0.00720, -0.03478, 0.19786, 0.08831, 0.00181, 0.04218, 0.12719, 0.06225, 0.00664, 0.00124 
18720.0, 9.47925, 0.29818, 2.53761, 3.61114, 0.00683, 0.23182, 4.07610, 0.00055, 0.73282, 0.51486, 0.15605, 0.28238, -0.00720, -0.02125, 0.16290, 0.07309, -0.01227, 0.03367, 0.14776, 0.06176, 0.00511, 0.00539 
18780.0, 8.82106, 0.29976, 1.96413, 2.33965, 0.00143, 0.21845, 3.84584, -0.00038, 0.79662, 0.49918, 0.03893, 0.16850, 0.01353, -0.02806, 0.07123, 0.02703, -0.00976, 0.02515, 0.10694, 0.03084, 0.00452, 0.00039 
18840.0, 8.60644, 0.29300, 1.35940, 1.98782, 0.00070, 0.18432, 3.75183, 0.00697, 0.77835, 0.49062, 0.06292, 0.13720, 0.00789, -0.02902, 0.08262, 0.03764, -0.00883, 0.02107, 0.12460, 0.04867, 0.00163, 0.00153 
18900.0, 9.22960, 0.25885, 1.24163, 2.14771, 0.00251, 0.18018, 3.82378, -0.00038, 0.76598, 0.49728, 0.03615, 0.14905, -0.00701, -0.02125, 0.07474, 0.02848, -0.01225, 0.01972, 0.11720, 0.02425, 0.00409, 0.00171 
18960.0, 9.37582, 0.29521, 1.78800, 2.10098, -0.00090, 0.21712, 3.83322, 0.00123, 0.80407, 0.53171, -0.00112, 0.12245, 0.00210, -0.04236, 0.06860, 0.03658, -0.00719, 0.01488, 0.11465, 0.05425, 0.00632, 0.00238 
19020.0, 8.06646, 0.30057, 1.57756, 2.28065, -0.00033, 0.19379, 3.83184, 0.01224, 0.69658, 0.46922, 0.01692, 0.15327, -0.00719, -0.02983, 0.07483, 0.02892, -0.00545, 0.00265, 0.11309, 0.03781, 0.00567, 0.00255 
19080.0, 8.79681, 0.31571, 1.36769, 2.18487, 0.00219, 0.21009, 3.85545, -0.00038, 0.75559, 0.51831, 0.10118, 0.14306, -0.00718, -0.03414, 0.06807, 0.03016, -0.01143, 0.01292, 0.10403, 0.04328, 0.00251, 0.00221 
19140.0, 12.92983, 0.29446, 1.70966, 2.36377, 0.00404, 0.21402, 3.97243, -0.00038, 0.71825, 0.50544, 0.07307, 0.17374, -0.00718, -0.00969, 0.09057, 0.03352, -0.00283, 0.02358, 0.11573, 0.04710, 0.00060, 0.00437 
19200.0, 12.00885, 0.28678, 1.75083, 2.63393, 0.00153, 0.20399, 3.95166, 0.00032, 0.72771, 0.51774, 0.03781, 0.17980, 0.00620, -0.04238, 0.10049, 0.02623, -0.00962, 0.01918, 0.09885, 0.03772, 0.00581, 0.00551 
19260.0, 10.17335, 0.28767, 2.18098, 3.20173, 0.00722, 0.25941, 4.55237, 0.00400, 0.79251, 0.51447, 0.08653, 0.24481, 0.01509, -0.02648, 0.10523, 0.03928, -0.00542, 0.03675, 0.12326, 0.06550, 0.00709, 0.00810 
19320.0, 8.44056, 0.27865, 1.60529, 2.12426, 0.00258, 0.17080, 3.77403, -0.00037, 0.68575, 0.44460, 0.06413, 0.14414, -0.00717, -0.02304, 0.08335, 0.02935, 0.00135, 0.03022, 0.09406, 0.04850, 0.00230, 0.00367 
19380.0, 9.20812, 0.27479, 2.35091, 3.56139, 0.00540, 0.22863, 4.09203, -0.00037, 0.69703, 0.53112, 0.17280, 0.27788, 0.01917, -0.03258, 0.15234, 0.06531, -0.01204, 0.03557, 0.13492, 0.04586, 0.00377, 0.00501 
19440.0, 9.93403, 0.31260, 2.85935, 4.22444, -0.00013, 0.25849, 4.13217, 0.00109, 0.70279, 0.51433, 0.08106, 0.23055, 0.01508, -0.03485, 0.12409, 0.04761, -0.01078, 0.01970, 0.18493, 0.05749, 0.00858, 0.00753 
19500.0, 8.88678, 0.28369, 1.61192, 2.26199, 0.00122, 0.22069, 3.97939, -0.00037, 0.74675, 0.50535, 0.08355, 0.14380, 0.00710, -0.00876, 0.08617, 0.03521, -0.00934, 0.02516, 0.09909, 0.03129, 0.00528, 0.00169 
19560.0, 9.69447, 0.27415, 1.89335, 2.93582, 0.00373, 0.21932, 3.97676, -0.00037, 0.71983, 0.48745, 0.12216, 0.28132, 0.01296, -0.03833, 0.15439, 0.05902, -0.00299, 0.02154, 0.14671, 0.05173, 0.00330, 0.00621 
19620.0, 9.55038, 0.29444, 1.73330, 3.04991, 0.00411, 0.22978, 3.90060, -0.00037, 0.70587, 0.49486, 0.17846, 0.24608, 0.01422, -0.03170, 0.14181, 0.04944, -0.01215, 0.01612, 0.13718, 0.04496, 0.00254, 0.00341 
19680.0, 11.60825, 0.29559, 2.19261, 3.53774, 0.00992, 0.25330, 4.18380, 0.00053, 0.76891, 0.54043, 0.32154, 0.35622, 0.02078, -0.03421, 0.21234, 0.08134, -0.00461, 0.03073, 0.17822, 0.05589, 0.01608, 0.00728 
19740.0, 13.20494, 0.30400, 2.60786, 4.23696, 0.00484, 0.24543, 4.22154, 0.00333, 0.78097, 0.51572, 0.18659, 0.34626, -0.00715, -0.03369, 0.19387, 0.08644, -0.00597, 0.02675, 0.16524, 0.07353, 0.01431, 0.01138 
19800.0, 14.86334, 0.30398, 2.63213, 6.86185, 0.00518, 0.26633, 4.68158, -0.00037, 0.73725, 0.55480, 0.17178, 0.40434, 0.01062, -0.02632, 0.24456, 0.10145, -0.00027, 0.03039, 0.25355, 0.08480, 0.00977, 0.01587 
19860.0, 14.52024, 0.29507, 2.41907, 6.03075, 0.00401, 0.25101, 4.59764, 0.01562, 0.81942, 0.56723, 0.13164, 0.40620, 0.04488, -0.03720, 0.21764, 0.10364, -0.00528, 0.03676, 0.21334, 0.07162, 0.01341, 0.01538 
19920.0, 14.49796, 0.30141, 2.21121, 5.17258, 0.00536, 0.23974, 4.40241, -0.00037, 0.73562, 0.58685, 0.15522, 0.36248, 0.03263, -0.02861, 0.21155, 0.11395, -0.00414, 0.03722, 0.20597, 0.09094, 0.01155, 0.01403 
19980.0, 14.32825, 0.30948, 2.56268, 7.90652, 0.00417, 0.29667, 4.71968, -0.00036, 0.74489, 0.58508, 0.34155, 0.61440, -0.00714, 0.02912, 0.37822, 0.14588, 0.00890, 0.05431, 0.20670, 0.09002, 0.00577, 0.01549 
20040.0, 13.22439, 0.27521, 2.54954, 6.44678, 0.00773, 0.27937, 4.47727, 0.00446, 0.73621, 0.60049, 0.17498, 0.38196, -0.00714, -0.01586, 0.23525, 0.10280, -0.01210, 0.04151, 0.18562, 0.06719, 0.01409, 0.00725 
20100.0, 14.85354, 0.28193, 3.10166, 6.78815, 0.01212, 0.30202, 4.52302, 0.01857, 0.74148, 0.55586, 0.12010, 0.40048, 0.03111, -0.04248, 0.21811, 0.10044, -0.00205, 0.04375, 0.15764, 0.07519, 0.00974, 0.01087 
20160.0, 14.18058, 0.31290, 2.55915, 6.20535, 0.00713, 0.29207, 4.50748, -0.00036, 0.74969, 0.59279, 0.14109, 0.37377, 0.03146, -0.03840, 0.23537, 0.10767, -0.00314, 0.04074, 0.26135, 0.06428, 0.01499, 0.01001 
20220.0, 14.80028, 0.30266, 2.75408, 7.12118, 0.00992, 0.31898, 4.66779, 0.00836, 0.75842, 0.58950, 0.13204, 0.39026, 0.03752, -0.03198, 0.23226, 0.10702, -0.01207, 0.03748, 0.19971, 0.06530, 0.01428, 0.00901 
20280.0, 17.30069, 0.29864, 2.85255, 8.35387, 0.00530, 0.32753, 4.71741, 0.00425, 0.72068, 0.60566, 0.25338, 0.61023, 0.03693, 0.00000, 0.40871, 0.16512, -0.00131, 0.04607, 0.19377, 0.10142, 0.01205, 0.01083 
20340.0, 15.95071, 0.30948, 2.65554, 6.39383, 0.01174, 0.27028, 4.73772, 0.00262, 0.71126, 0.59207, 0.19609, 0.41381, -0.00712, -0.01933, 0.26241, 0.11948, 0.00847, 0.05537, 0.21976, 0.09797, 0.01075, 0.01561 
20400.0, 14.14191, 0.29183, 2.41535, 6.37380, 0.00489, 0.27440, 4.69266, 0.01701, 0.75664, 0.56163, 0.12590, 0.42305, 0.03313, -0.01690, 0.25476, 0.10805, -0.01205, 0.04237, 0.20659, 0.08403, 0.01161, 0.01246 
20460.0, 14.03382, 0.30171, 2.56905, 6.45643, 0.00901, 0.30673, 4.63476, -0.00036, 0.75638, 0.56984, 0.19284, 0.42909, 0.04241, -0.02660, 0.27855, 0.13097, -0.00458, 0.03093, 0.22941, 0.07840, 0.00899, 0.02345 
20520.0, 13.57924, 0.29064, 3.37619, 10.22650, 0.00588, 0.33104, 4.53341, -0.00036, 0.70897, 0.57480, 0.15405, 0.43749, 0.01946, -0.02835, 0.28081, 0.10927, -0.00238, 0.03929, 0.26212, 0.09476, 0.01923, 0.01362 
20580.0, 10.78703, 0.29210, 2.32511, 4.89896, 0.00365, 0.27387, 4.37928, 0.01158, 0.63158, 0.51109, 0.15054, 0.36876, 0.04478, -0.02809, 0.20788, 0.09386, 0.00208, 0.05610, 0.19728, 0.04331, 0.01485, 0.00933 
20640.0, 12.51303, 0.29983, 2.94133, 5.81403, 0.00846, 0.29372, 4.61210, 0.00678, 0.67858, 0.58328, 0.19547, 0.39603, 0.01501, -0.02311, 0.26245, 0.09031, -0.01177, 0.03344, 0.20355, 0.08307, 0.00495, 0.01084 
20700.0, 12.18748, 0.31797, 2.44083, 5.22600, 0.00701, 0.30544, 4.55306, 0.01069, 0.68665, 0.54806, 0.16955, 0.42963, -0.00079, -0.03467, 0.25626, 0.11508, 0.00025, 0.03377, 0.27846, 0.06309, 0.00613, 0.00727 
20760.0, 12.42692, 0.30497, 2.42212, 5.81201, 0.00738, 0.29707, 4.48642, 0.00871, 0.74478, 0.51741, 0.17153, 0.38643, 0.01987, -0.02767, 0.22212, 0.11551, -0.00800, 0.03259, 0.26971, 0.10158, 0.00382, 0.00905 
20820.0, 12.42206, 0.30751, 2.52347, 7.18418, 0.00747, 0.31208, 4.37600, 0.00973, 0.59806, 0.48871, 0.40225, 1.20107, 0.08142, -0.04255, 0.86397, 0.32587, -0.01199, 0.05329, 0.26161, 0.07907, 0.01245, 0.00588 
20880.0, 9.83132, 0.30732, 1.82482, 3.21425, 0.00079, 0.20506, 3.99935, -0.00035, 0.55586, 0.41801, 0.06669, 0.28296, 0.03721, -0.03230, 0.16479, 0.07022, 0.00221, 0.04080, 0.19164, 0.05869, -0.00049, 0.00691 
20940.0, 9.90335, 0.27929, 1.77750, 2.66211, 0.00458, 0.18288, 3.81239, -0.00035, 0.55063, 0.39009, 0.06328, 0.20542, 0.01328, -0.02513, 0.11159, 0.06815, -0.00349, 0.01739, 0.14335, 0.06334, 0.00580, 0.00487 
21000.0, 8.54009, 0.28538, 1.33065, 1.92180, 0.00078, 0.17052, 3.69175, -0.00035, 0.50686, 0.32374, 0.07613, 0.14725, -0.00258, -0.02969, 0.07531, 0.03375, 0.00019, 0.02359, 0.15085, 0.03872, -0.00040, 0.00288 
21060.0, 8.86268, 0.29000, 1.41329, 2.51579, 0.00202, 0.17215, 3.72123, -0.00009, 0.42990, 0.35826, 0.10011, 0.16415, -0.00631, -0.03708, 0.09694, 0.04657, -0.00748, 0.02523, 0.15531, 0.04738, 0.00686, 0.00310 
21120.0, 8.93820, 0.27074, 1.17731, 1.99420, 0.00038, 0.17058, 3.63580, 0.00553, 0.49708, 0.32953, 0.02663, 0.13603, -0.00174, -0.01280, 0.07965, 0.02633, -0.00450, 0.00744, 0.12668, 0.05192, 0.00600, 0.00393 
21180.0, 7.69071, 0.29100, 1.15304, 2.37359, 0.00541, 0.14289, 3.64489, -0.00035, 0.47935, 0.34946, 0.09840, 0.14896, 0.01474, -0.03033, 0.07466, 0.04374, -0.00807, 0.01860, 0.10699, 0.04228, 0.00271, 0.00255 
