CampaignData_and_Merges/R0/CSL_MobileLab_Parked/raw/20240723/USOS-NOAAIodideCIMS-OrgNitrs_MobileLabGround_20240723_RA.ict
37, 1001
Michael A Robinson, Chris Jernigan, Subi Thakali
NOAA ESRL Chemical Sciences Laboratory and CIRES, U. of Colorado
NOAA Iodide CIMS Instrument
USOS
1, 1
2024, 07, 23, 2024, 07, 25
1
starttime_UTC, seconds_past_midnight, seconds_of_day_since_00:00:00_UTC
5
1, 1, 1, 1, 1
-9999, -9999, -9999, -9999, -9999
C4H7NO5_NOAACIMS, pptv, Gas_C4H7NO5_InSitu_S_AVMR, 
ISOPN_NOAACIMS, pptv, Gas_ISOPN_InSitu_S_AVMR, 
C5H10O3_NOAACIMS, pptv, Gas_C5H10O3_InSitu_S_AVMR, 
C5H9NO5_NOAACIMS, pptv, Gas_C5H9NO5_InSitu_S_AVMR, 
C10H17NO4_NOAACIMS, pptv, Gas_C10H17NO4_InSitu_S_AVMR, 
0
18
PI_CONTACT_INFO: 325 Broadway, R/CSD 7, Boulder, Colorado 80305; michael.a.robinson@noaa.gov; chris.jernigan@noaa.gov;
PLATFORM: NOAA CSL Mobile Lab
LOCATION: SLC, Utah
ASSOCIATED_DATA: 1Hz data also available on request.
INSTRUMENT_INFO: NOAA I- ToF CIMS
DATA_INFO: All data in parts per trillion by volume (pptv). 1 Hz data is available upon request.
UNCERTAINTY: TBD
ULOD_FLAG: -7777
ULOD_VALUE: N/A
LLOD_FLAG: -8888
LLOD_VALUE: N/A
DM_CONTACT_INFO: Nathan Howard; nathan.h.howard@noaa.gov
PROJECT_INFO: USOS, summer 2024. https://csl.noaa.gov/groups/csl7/measurements/2024usos/
STIPULATIONS_ON_USE: Users are strongly encouraged to contact the PI for proper data usage.
OTHER_COMMENTS: 
REVISION: RA
RA: Preliminary Data; For in-field use only
starttime_UTC, C4H7NO5_NOAACIMS, ISOPN_NOAACIMS, C5H10O3_NOAACIMS, C5H9NO5_NOAACIMS, C10H17NO4_NOAACIMS
[from data line 660]
 39600,  2.847,  4.455, 58.646,  7.360,  0.554
 39660,  2.878,  4.536, 57.980,  7.694,  0.619
 39720,  2.935,  4.397, 56.631,  7.365,  0.619
 39780,  2.932,  4.251, 57.086,  7.395,  0.555
 39840,  2.857,  4.126, 53.506,  7.200,  0.571
 39900,  2.888,  4.052, 54.348,  7.278,  0.604
 39960,  2.852,  4.251, 57.275,  7.374,  0.665
 40020,  2.916,  4.408, 58.154,  7.230,  0.614
 40080,  2.794,  3.824, 54.110,  7.101,  0.595
 40140,  2.835,  4.144, 53.895,  7.134,  0.634
 40200,  2.914,  3.831, 52.514,  7.138,  0.560
 40260,  2.495,  4.966, 48.835,  7.935,  0.444
 40320,  2.807,  3.950, 49.407,  6.969,  0.447
 40380,  2.786,  3.987, 51.530,  7.123,  0.590
 40440,  2.741,  3.582, 49.832,  7.022,  0.339
 40500,  2.854,  3.747, 50.516,  6.965,  0.436
 40560,  2.863,  4.173, 53.853,  7.139,  0.596
 40620,  2.888,  4.098, 54.916,  7.272,  0.565
 40680,  2.819,  3.900, 54.015,  7.019,  0.483
 40740,  2.778,  3.708, 53.388,  6.872,  0.476
 40800,  2.814,  3.875, 50.934,  6.721,  0.394
 40860,  2.838,  3.747, 51.943,  7.032,  0.422
 40920,  2.832,  3.880, 54.119,  6.997,  0.509
 40980,  2.793,  3.840, 53.961,  6.944,  0.580
 41040,  2.818,  4.041, 52.618,  6.854,  0.754
 41100,  2.853,  4.073, 50.636,  6.813,  0.669
 41160,  2.918,  3.817, 51.830,  6.623,  0.687
 41220,  2.905,  3.978, 51.642,  6.732,  0.791
 41280,  2.844,  3.872, 52.837,  6.686,  0.830
 41340,  2.858,  4.068, 52.537,  6.899,  0.893
 41400,  2.842,  4.075, 51.964,  6.873,  0.805
 41460,  2.888,  3.986, 50.935,  6.734,  0.807
 41520,  2.865,  4.130, 53.612,  6.888,  0.879
 41580,  2.901,  4.078, 51.715,  6.535,  0.790
 41640,  2.846,  4.353, 51.529,  6.851,  0.919
 41700,  2.893,  4.107, 52.266,  7.113,  0.864
 41760,  2.889,  4.523, 51.728,  6.970,  0.863
 41820,  2.827,  4.180, 51.988,  6.892,  0.831
 41880,  2.826,  4.340, 54.308,  6.952,  1.056
 41940,  2.845,  4.244, 53.772,  7.249,  1.009
 42000,  2.812,  4.210, 51.559,  6.847,  1.024
 42060,  2.845,  4.770, 50.567,  7.038,  1.115
 42120,  2.614,  4.342, 50.466,  6.755,  1.097
 42180,  2.766,  4.118, 50.375,  7.017,  1.166
 42240,  2.773,  4.357, 51.982,  6.837,  0.930
 42300,  2.810,  4.216, 51.542,  6.952,  0.929
 42360,  2.819,  3.931, 51.452,  7.200,  1.041
 42420,  2.833,  4.164, 50.111,  6.866,  1.281
 42480,  2.772,  4.226, 51.478,  6.884,  1.311
 42540,  2.772,  4.396, 50.442,  6.800,  1.235
 42600,  2.706,  4.288, 48.531,  6.854,  1.207
 42660,  2.777,  4.279, 49.588,  6.707,  1.116
 42720,  2.806,  4.245, 51.351,  6.801,  1.131
 42780,  2.846,  4.427, 50.819,  6.889,  1.232
 42840,  2.829,  4.601, 49.726,  6.965,  1.349
 42900,  2.781,  4.250, 50.436,  6.666,  1.299
 42960,  2.909,  4.406, 49.936,  7.008,  1.252
 43020,  2.872,  4.298, 52.063,  7.140,  1.155
 43080,  2.838,  4.165, 53.548,  6.947,  1.035
 43140,  2.986,  4.784, 52.691,  7.310,  1.242
 43200,  2.827,  4.456, 52.613,  7.155,  1.040
 43260,  2.832,  4.189, 52.220,  7.039,  0.949
 43320,  2.863,  4.337, 52.500,  6.796,  1.146
 43380,  2.747,  4.204, 49.830,  6.788,  1.204
 43440,  2.810,  4.422, 49.018,  6.728,  1.124
 43500,  2.839,  4.219, 50.705,  6.747,  1.213
 43560,  2.821,  4.045, 48.759,  6.630,  1.167
 43620,  2.997,  4.662, 51.248,  6.889,  1.261
 43680,  3.007,  4.617, 51.950,  6.917,  1.452
 43740,  2.995,  4.515, 49.786,  7.016,  1.554
 43800,  2.777,  4.256, 47.867,  6.639,  1.200
 43860,  2.799,  3.957, 49.733,  6.577,  0.981
 43920, -9999.000, -9999.000, -9999.000, -9999.000, -9999.000
 43980,  3.005,  4.361, 45.894,  7.237,  1.347
 44040,  3.170,  4.397, 47.611,  7.107,  1.395
 44100,  3.126,  4.622, 48.425,  7.193,  1.453
 44160,  3.038,  4.325, 45.188,  6.821,  1.387
 44220,  3.048,  4.574, 46.265,  6.873,  1.528
 44280,  2.981,  4.750, 48.200,  6.674,  1.478
 44340,  3.030,  4.593, 46.754,  6.565,  1.450
 44400,  2.993,  4.130, 44.983,  6.457,  1.458
 44460,  2.985,  4.142, 45.023,  6.488,  1.400
 44520,  2.878,  4.033, 46.613,  6.359,  1.185
 44580,  2.763,  4.136, 46.935,  6.360,  1.087
 44640,  2.664,  3.933, 45.951,  6.052,  0.938
 44700, -9999.000, -9999.000, -9999.000, -9999.000, -9999.000
 44760, -9999.000, -9999.000, -9999.000, -9999.000, -9999.000
 44820, -9999.000, -9999.000, -9999.000, -9999.000, -9999.000
 44880, -9999.000, -9999.000, -9999.000, -9999.000, -9999.000
 44940, -9999.000, -9999.000, -9999.000, -9999.000, -9999.000
 45000, -9999.000, -9999.000, -9999.000, -9999.000, -9999.000
 45060, -9999.000, -9999.000, -9999.000, -9999.000, -9999.000
 45120, -9999.000, -9999.000, -9999.000, -9999.000, -9999.000
 45180, -9999.000, -9999.000, -9999.000, -9999.000, -9999.000
 45240, -9999.000, -9999.000, -9999.000, -9999.000, -9999.000
 45300, -9999.000, -9999.000, -9999.000, -9999.000, -9999.000
 45360, -9999.000, -9999.000, -9999.000, -9999.000, -9999.000
 45420, -9999.000, -9999.000, -9999.000, -9999.000, -9999.000
 45480, -9999.000, -9999.000, -9999.000, -9999.000, -9999.000
 45540, -9999.000, -9999.000, -9999.000, -9999.000, -9999.000
 45600, -9999.000, -9999.000, -9999.000, -9999.000, -9999.000
 45660, -9999.000, -9999.000, -9999.000, -9999.000, -9999.000
 45720, -9999.000, -9999.000, -9999.000, -9999.000, -9999.000
 45780, -9999.000, -9999.000, -9999.000, -9999.000, -9999.000
 45840, -9999.000, -9999.000, -9999.000, -9999.000, -9999.000
 45900, -9999.000, -9999.000, -9999.000, -9999.000, -9999.000
 45960, -9999.000, -9999.000, -9999.000, -9999.000, -9999.000
 46020, -9999.000, -9999.000, -9999.000, -9999.000, -9999.000
 46080, -9999.000, -9999.000, -9999.000, -9999.000, -9999.000
 46140, -9999.000, -9999.000, -9999.000, -9999.000, -9999.000
 46200, -9999.000, -9999.000, -9999.000, -9999.000, -9999.000
 46260, -9999.000, -9999.000, -9999.000, -9999.000, -9999.000
 46320, -9999.000, -9999.000, -9999.000, -9999.000, -9999.000
 46380, -9999.000, -9999.000, -9999.000, -9999.000, -9999.000
 46440, -9999.000, -9999.000, -9999.000, -9999.000, -9999.000
 46500, -9999.000, -9999.000, -9999.000, -9999.000, -9999.000
 46560, -9999.000, -9999.000, -9999.000, -9999.000, -9999.000
 46620, -9999.000, -9999.000, -9999.000, -9999.000, -9999.000
 46680, -9999.000, -9999.000, -9999.000, -9999.000, -9999.000
 46740, -9999.000, -9999.000, -9999.000, -9999.000, -9999.000
 46800, -9999.000, -9999.000, -9999.000, -9999.000, -9999.000
 46860, -9999.000, -9999.000, -9999.000, -9999.000, -9999.000
 46920, -9999.000, -9999.000, -9999.000, -9999.000, -9999.000
 46980, -9999.000, -9999.000, -9999.000, -9999.000, -9999.000
 47040, -9999.000, -9999.000, -9999.000, -9999.000, -9999.000
 47100, -9999.000, -9999.000, -9999.000, -9999.000, -9999.000
 47160, -9999.000, -9999.000, -9999.000, -9999.000, -9999.000
 47220, -9999.000, -9999.000, -9999.000, -9999.000, -9999.000
 47280, -9999.000, -9999.000, -9999.000, -9999.000, -9999.000
 47340, -9999.000, -9999.000, -9999.000, -9999.000, -9999.000
 47400, -9999.000, -9999.000, -9999.000, -9999.000, -9999.000
 47460, -9999.000, -9999.000, -9999.000, -9999.000, -9999.000
 47520, -9999.000, -9999.000, -9999.000, -9999.000, -9999.000
 47580, -9999.000, -9999.000, -9999.000, -9999.000, -9999.000
 47640, -9999.000, -9999.000, -9999.000, -9999.000, -9999.000
 47700, -9999.000, -9999.000, -9999.000, -9999.000, -9999.000
 47760, -9999.000, -9999.000, -9999.000, -9999.000, -9999.000
 47820, -9999.000, -9999.000, -9999.000, -9999.000, -9999.000
 47880, -9999.000, -9999.000, -9999.000, -9999.000, -9999.000
 47940, -9999.000, -9999.000, -9999.000, -9999.000, -9999.000
 48000, -9999.000, -9999.000, -9999.000, -9999.000, -9999.000
 48060, -9999.000, -9999.000, -9999.000, -9999.000, -9999.000
 48120, -9999.000, -9999.000, -9999.000, -9999.000, -9999.000
 48180, -9999.000, -9999.000, -9999.000, -9999.000, -9999.000
 48240, -9999.000, -9999.000, -9999.000, -9999.000, -9999.000
 48300, -9999.000, -9999.000, -9999.000, -9999.000, -9999.000
 48360, -9999.000, -9999.000, -9999.000, -9999.000, -9999.000
 48420, -9999.000, -9999.000, -9999.000, -9999.000, -9999.000
 48480, -9999.000, -9999.000, -9999.000, -9999.000, -9999.000
 48540, -9999.000, -9999.000, -9999.000, -9999.000, -9999.000
 48600, -9999.000, -9999.000, -9999.000, -9999.000, -9999.000
 48660, -9999.000, -9999.000, -9999.000, -9999.000, -9999.000
 48720, -9999.000, -9999.000, -9999.000, -9999.000, -9999.000
 48780, -9999.000, -9999.000, -9999.000, -9999.000, -9999.000
 48840, -9999.000, -9999.000, -9999.000, -9999.000, -9999.000
 48900, -9999.000, -9999.000, -9999.000, -9999.000, -9999.000
 48960, -9999.000, -9999.000, -9999.000, -9999.000, -9999.000
 49020, -9999.000, -9999.000, -9999.000, -9999.000, -9999.000
 49080, -9999.000, -9999.000, -9999.000, -9999.000, -9999.000
 49140, -9999.000, -9999.000, -9999.000, -9999.000, -9999.000
 49200, -9999.000, -9999.000, -9999.000, -9999.000, -9999.000
 49260, -9999.000, -9999.000, -9999.000, -9999.000, -9999.000
 49320, -9999.000, -9999.000, -9999.000, -9999.000, -9999.000
 49380, -9999.000, -9999.000, -9999.000, -9999.000, -9999.000
 49440, -9999.000, -9999.000, -9999.000, -9999.000, -9999.000
 49500, -9999.000, -9999.000, -9999.000, -9999.000, -9999.000
 49560,  3.328,  6.382, 61.722,  6.643,  0.863
 49620,  3.338,  5.843, 58.893,  6.215,  0.741
 49680,  3.126,  5.511, 54.878,  5.895,  0.766
 49740,  3.199,  5.630, 51.240,  6.076,  0.675
 49800,  3.272,  5.287, 51.368,  6.048,  0.649
 49860,  3.204,  4.575, 48.947,  5.943,  0.466
 49920,  3.400,  4.191, 48.438,  6.057,  0.356
 49980,  3.368,  4.293, 48.043,  6.206,  0.330
 50040,  3.483,  5.657, 50.507,  6.534,  0.657
 50100,  3.247,  5.191, 49.377,  6.121,  0.532
 50160,  3.487,  5.741, 48.843,  6.317,  0.637
 50220,  3.640,  5.563, 50.686,  6.626,  0.641
 50280,  3.436,  5.740, 49.285,  6.323,  0.645
 50340,  3.555,  4.994, 49.103,  6.242,  0.538
 50400,  3.891,  5.988, 50.412,  6.481,  0.682
 50460,  3.976,  6.228, 49.627,  6.437,  0.717
 50520,  4.250,  6.749, 51.088,  7.254,  0.808
 50580,  4.536,  7.283, 49.743,  7.292,  0.929
 50640,  4.563,  8.018, 51.012,  7.542,  1.065
 50700,  4.657,  7.886, 51.233,  7.639,  1.023
 50760,  4.663,  7.917, 49.407,  7.660,  1.162
 50820,  4.652,  8.204, 51.091,  7.400,  1.236
 50880,  4.718,  8.282, 50.185,  7.531,  1.121
 50940,  4.838,  7.845, 50.044,  7.559,  1.387
 51000,  4.807,  8.466, 50.892,  7.570,  1.792
 51060,  4.758,  8.331, 47.035,  7.433,  1.793
 51120,  4.709,  8.447, 50.298,  7.264,  1.973
 51180,  4.743,  8.796, 49.815,  7.232,  1.869
 51240, -9999.000, -9999.000, -9999.000, -9999.000, -9999.000
 51300,  4.486,  7.983, 42.113,  7.121,  1.791
 51360,  4.495,  8.455, 45.942,  7.198,  1.839
 51420,  4.583,  8.301, 44.819,  7.354,  1.652
 51480,  4.644,  8.642, 45.770,  7.336,  1.844
 51540,  4.667,  8.580, 48.373,  7.387,  1.977
 51600,  4.489,  8.832, 48.478,  7.347,  1.716
 51660,  4.382,  9.011, 48.642,  7.118,  1.620
 51720,  4.490,  9.158, 49.232,  6.914,  1.606
 51780,  4.523,  9.589, 48.890,  6.838,  1.501
 51840,  4.483,  8.987, 50.029,  7.057,  1.487
 51900,  4.478,  8.998, 49.470,  6.566,  1.236
 51960,  4.442,  9.277, 51.656,  6.855,  1.425
 52020,  4.492,  9.712, 50.695,  6.904,  1.321
 52080,  4.587,  9.559, 53.457,  7.108,  1.352
 52140,  4.746,  8.688, 50.157,  7.207,  1.072
 52200,  4.938,  9.355, 52.573,  7.468,  1.178
 52260,  5.166,  9.133, 54.103,  7.190,  1.369
 52320,  5.534,  9.315, 57.516,  8.141,  1.538
 52380,  5.675,  9.436, 57.621,  8.316,  1.507
 52440,  5.785, 10.046, 60.535,  8.641,  1.824
 52500,  5.991, 10.048, 58.497,  8.785,  1.615
 52560,  6.060,  9.884, 58.651,  8.643,  1.645
 52620,  6.028,  9.574, 58.851,  8.866,  1.545
 52680,  6.195,  9.505, 59.337,  9.045,  1.660
 52740,  6.238,  9.903, 60.744,  9.197,  1.637
 52800,  6.143,  9.808, 60.115,  9.016,  1.610
 52860,  6.010, 10.199, 58.005,  8.581,  1.537
 52920,  5.952, 10.282, 56.847,  8.741,  1.430
 52980,  6.161, 10.655, 58.346,  9.015,  1.649
 53040,  6.139, 10.346, 58.519,  8.554,  1.412
 53100,  6.319, 10.678, 51.172,  8.402,  1.393
 53160,  6.241, 10.646, 56.339,  8.899,  1.520
 53220,  6.216, 11.032, 56.741,  8.868,  1.623
 53280,  6.026, 12.173, 55.233,  8.565,  1.580
 53340,  5.941, 13.265, 55.428,  8.289,  1.465
 53400,  5.798, 15.536, 53.386,  7.974,  1.955
 53460,  5.576, 14.705, 50.995,  7.801,  1.440
 53520,  5.912, 17.697, 52.285,  7.913,  2.248
 53580,  5.984, 17.523, 51.283,  7.739,  2.303
 53640,  6.030, 18.728, 52.017,  7.879,  2.380
 53700,  6.074, 18.449, 49.925,  7.992,  2.268
 53760,  5.992, 17.769, 47.296,  7.972,  1.889
 53820,  5.907, 18.202, 52.574,  7.746,  2.200
 53880,  6.084, 17.100, 49.076,  7.786,  2.080
 53940,  5.993, 18.005, 52.176,  7.550,  2.203
 54000,  6.084, 17.613, 51.152,  7.640,  1.892
 54060,  6.334, 21.111, 54.263,  7.863,  2.186
 54120,  6.082, 21.788, 50.963,  7.260,  1.828
 54180,  5.830, 23.095, 50.795,  7.131,  1.651
 54240,  5.783, 23.655, 48.981,  7.025,  1.624
 54300,  5.686, 24.136, 49.155,  6.998,  1.599
 54360,  5.664, 23.682, 49.200,  7.178,  1.440
 54420,  6.202, 21.536, 50.434,  7.744,  1.534
 54480,  6.718, 19.399, 51.328,  8.239,  1.415
 54540,  6.980, 16.609, 55.525,  9.002,  1.395
 54600,  6.847, 15.648, 54.047,  8.802,  0.996
 54660,  7.064, 18.052, 57.598,  8.980,  1.495
 54720,  7.058, 17.852, 57.594,  9.151,  1.393
 54780,  6.819, 17.863, 57.987,  8.730,  1.372
 54840,  6.832, 18.846, 56.659,  8.621,  1.532
 54900, -9999.000, -9999.000, -9999.000, -9999.000, -9999.000
 54960,  6.434, 19.511, 47.667,  7.916,  1.118
 55020,  6.653, 19.638, 48.452,  8.445,  1.324
 55080,  6.793, 19.746, 51.185,  8.558,  1.374
 55140,  6.616, 19.656, 52.918,  8.331,  1.421
 55200,  6.631, 20.427, 52.095,  8.484,  1.169
 55260,  6.768, 20.762, 53.952,  8.349,  1.239
 55320,  6.776, 20.325, 52.911,  8.267,  1.046
 55380,  6.539, 20.691, 54.791,  8.065,  1.188
 55440,  6.640, 21.807, 53.094,  7.758,  1.351
 55500,  6.630, 20.791, 53.919,  7.933,  1.221
 55560,  6.609, 20.887, 53.944,  8.389,  1.038
 55620,  6.708, 20.726, 54.321,  8.062,  1.044
 55680,  6.863, 21.518, 54.246,  8.399,  1.263
 55740,  6.797, 21.525, 52.737,  8.157,  1.393
 55800,  6.859, 22.328, 54.753,  8.104,  1.558
 55860,  6.924, 22.367, 53.419,  8.104,  1.391
 55920,  6.820, 25.013, 53.082,  8.008,  1.555
 55980,  6.941, 22.741, 52.456,  7.955,  1.599
 56040,  6.647, 22.643, 51.307,  7.707,  1.079
 56100,  6.616, 24.542, 50.727,  7.743,  1.094
 56160,  6.728, 24.712, 52.425,  7.872,  1.351
 56220,  6.877, 28.240, 51.708,  7.660,  1.477
 56280,  7.032, 30.812, 54.613,  7.659,  1.644
 56340,  7.050, 31.222, 52.799,  7.853,  1.539
 56400,  7.192, 30.641, 55.193,  8.005,  1.542
 56460,  7.481, 30.031, 53.615,  8.013,  1.702
 56520,  7.550, 26.044, 52.886,  8.221,  1.234
 56580,  7.549, 25.170, 54.965,  8.483,  1.164
 56640,  7.829, 24.698, 55.295,  8.466,  1.230
 56700,  8.168, 25.636, 57.779,  9.022,  1.496
 56760, -9999.000, -9999.000, -9999.000, -9999.000, -9999.000
 56820,  8.285, 25.925, 53.397,  8.963,  1.806
 56880,  8.445, 26.816, 54.189,  9.124,  1.457
 56940,  8.522, 27.351, 55.383,  9.363,  1.667
 57000,  8.613, 29.079, 55.507,  9.109,  1.648
 57060,  8.761, 28.777, 55.390,  9.300,  1.603
 57120,  8.895, 28.975, 57.737,  9.577,  1.716
 57180,  9.269, 29.393, 57.282,  9.802,  1.690
 57240,  9.359, 30.176, 56.863,  9.996,  1.841
 57300,  9.345, 30.952, 56.743,  9.943,  1.872
 57360,  9.571, 31.364, 57.206,  9.891,  1.821
 57420,  9.438, 32.615, 58.024,  9.981,  1.975
 57480,  9.267, 32.792, 54.646,  9.019,  1.325
 57540,  9.602, 34.802, 56.855,  9.504,  2.192
 57600,  9.524, 34.116, 54.043,  8.983,  1.578
 57660,  9.601, 36.536, 56.596,  9.533,  1.703
 57720, 10.232, 37.328, 56.873,  9.819,  2.162
 57780, 10.567, 36.759, 57.005,  9.872,  2.443
 57840, 10.590, 38.104, 55.604,  9.847,  4.516
 57900, 10.722, 40.951, 58.058,  9.625,  3.114
 57960, 10.858, 42.177, 57.817,  9.912,  4.525
 58020, 10.384, 45.528, 62.040,  9.547,  2.843
 58080, 10.222, 46.387, 66.985,  8.785,  1.839
 58140, 10.198, 46.283, 63.834,  8.856,  1.574
 58200, 10.378, 49.488, 67.828,  8.565,  1.448
 58260, 10.703, 50.315, 68.829,  8.660,  1.381
