CampaignData_and_Merges/R0/CSL_MobileLab_Parked/raw/20240723/USOS-NOy-LIF_MobileLabGround_20240723_R0.ict
39,1001
Rollins, A.; Waxman, E.; Zuraski, K.; Chace, W.
NOAA Chemical Sciences Laboratory
LIF NO/NOx/NOy on CSL Mobile Lab
AMMBEC / USOS
1, 1
2024,07,23, 2025,01,03
1
Time_Start, seconds, number_of_seconds_since_0000_UTC
7
1, 1, 1, 1, 1, 1, 1
-9999, -9999, -9999, -9999, -9999, -9999, -9999
Time_Stop, seconds, number_of_seconds_since_0000_UTC
NO_LIF, pptv, Gas_NO_InSitu_S_AVMR, volume mixing ratio of nitric oxide in air
NO2_LIF, pptv, Gas_NO2_InSitu_S_AVMR, volume mixing ratio of nitrogen dioxide in air
NOy_LIF, pptv, Gas_NOy_InSitu_S_AVMR, volume mixing ratio of total oxidized nitrogen in air
NO_LIF_1SigmaAccuracy, pptv, Gas_NO_InSitu_S_AVMR, volume mixing ratio of nitric oxide in air
NO2_LIF_1SigmaAccuracy, pptv, Gas_NO2_InSitu_S_AVMR, volume mixing ratio of nitrogen dioxide in air
NOy_LIF_1SigmaAccuracy, pptv, Gas_NOy_InSitu_S_AVMR, volume mixing ratio of total oxidized nitrogen in air
0
18
PI_CONTACT_INFO: andrew.rollins@noaa.gov
PLATFORM: CSL Mobile Lab
LOCATION: Salt Lake City, UT
ASSOCIATED_DATA:
INSTRUMENT_INFO: NO detection by laser induced fluorescence. NO2 detection by photolytic conversion to NO. NOy detection by catalytic conversion to NO on gold surface
DATA_INFO:
UNCERTAINTY: Included 1 Sigma Accuracy waves represent the combined calibration uncertainties (±6%, ±9%, ±10%) and zero uncertainties (3 ppt, 20 ppt, 100 ppt) for NO, NO2, and NOy, respectively.
ULOD_FLAG: -7777
ULOD_VALUE: N/A
LLOD_FLAG: -8888
LLOD_VALUE: N/A
DM_CONTACT_INFO: andrew.rollins@noaa.gov
PROJECT_INFO: USOS Project, July - August 2024
STIPULATIONS_ON_USE: Users are strongly encouraged to contact the PI for proper data usage.
OTHER_COMMENTS:
REVISION: R0
R0: final data
Time_Start, Time_Stop, NO_LIF, NO2_LIF, NOy_LIF, NO_LIF_1SigmaAccuracy, NO2_LIF_1SigmaAccuracy, NOy_LIF_1SigmaAccuracy
[from data line 528]
   31680,   31740,12.106,671.01,1504.2,3.7264, 80.391, 250.42
   31740,   31800,11.475,712.29,1525.4,3.6885, 84.106, 252.54
   31800,   31860,17.84,709.18,1658.4,4.0704, 83.826, 265.84
   31860,   31920,10.836,673.09,1542.2,3.6502, 80.578, 254.22
   31920,   31980,19.634,634.79,1525.4,4.178, 77.131, 252.54
   31980,   32040,17.359,631.5,1478.9,4.0415, 76.835, 247.89
   32040,   32100,14.11,625.85,1480.1,3.8466, 76.326, 248.01
   32100,   32160,7.8838,638.86,1465.9,3.473, 77.498, 246.59
   32160,   32220,8.9825,638.12,1486.2,3.539, 77.431, 248.62
   32220,   32280,7.1492,648.37,1510.4,3.429, 78.353, 251.04
   32280,   32340,25,721.66,1607.2,4.5, 84.95, 260.72
   32340,   32400,8.1349,676.74,1558.5,3.4881, 80.907, 255.85
   32400,   32460,10.475,665.5,1518.1,3.6285, 79.895, 251.81
   32460,   32520,9.3717,679.81,1549.2,3.5623, 81.183, 254.92
   32520,   32580,9.6811,723.23,1594,3.5809, 85.091, 259.4
   32580,   32640,9.8254,723.01,1634.3,3.5895, 85.071, 263.43
   32640,   32700,10.283,695.28,1589.8,3.617, 82.575, 258.98
   32700,   32760,9.7996,671.17,1555,3.588, 80.405, 255.5
   32760,   32820,6.9051,654.66,1486,3.4143, 78.92, 248.6
   32820,   32880,7.6089,643.68,1467.6,3.4565, 77.932, 246.76
   32880,   32940,8.0467,651.99,1492.8,3.4828, 78.679, 249.28
   32940,   33000,6.4508,650.49,1487.5,3.3871, 78.544, 248.75
   33000,   33060,9.5143,684.57,1558.8,3.5709, 81.611, 255.88
   33060,   33120,7.9864,673.23,1512.3,3.4792, 80.591, 251.23
   33120,   33180,6.9632,672.09,1502.7,3.4178, 80.488, 250.27
   33180,   33240,11.964,656.39,1509.4,3.7178, 79.075, 250.94
   33240,   33300,11.177,623.37,1504.8,3.6706, 76.103, 250.48
   33300,   33360,11.114,621.83,1478.1,3.6668, 75.965, 247.81
   33360,   33420,10.305,648.43,1490.8,3.6183, 78.359, 249.08
   33420,   33480,7.5634,627.74,1481.3,3.4538, 76.497, 248.13
   33480,   33540,6.1954,627.84,1483.6,3.3717, 76.506, 248.36
   33540,   33600,9.7022,648.24,1600.5,3.5821, 78.342, 260.05
   33600,   33660,4.5106,604.47,1475.6,3.2706, 74.402, 247.56
   33660,   33720,6.4845,650.86,1503.1,3.3891, 78.577, 250.31
   33720,   33780,8.4168,803.93,1707.4,3.505, 92.354, 270.74
   33780,   33840,19.63,808.08,1726.6,4.1778, 92.727, 272.66
   33840,   33900,11.547,757.38,1734.2,3.6928, 88.164, 273.42
   33900,   33960,10.902,687.55,1676.2,3.6541, 81.88, 267.62
   33960,   34020,11.473,674.15,1608.6,3.6884, 80.673, 260.86
   34020,   34080,18.994,715.26,1607.9,4.1396, 84.374, 260.79
   34080,   34140,25.793,928.02,2061.2,4.5476, 103.52, 306.12
   34140,   34200,17.01,942.05,1917,4.0206, 104.78, 291.7
   34200,   34260,7.574,791.7,1768.7,3.4544, 91.253, 276.87
   34260,   34320,5.409,764.66,1816.2,3.3245, 88.819, 281.62
   34320,   34380,-9999,-9999,-9999,-9999, -9999, -9999
   34380,   34440,-9999,-9999,-9999,-9999, -9999, -9999
   34440,   34500,-9999,-9999,-9999,-9999, -9999, -9999
   34500,   34560,-9999,-9999,-9999,-9999, -9999, -9999
   34560,   34620,-9999,-9999,-9999,-9999, -9999, -9999
   34620,   34680,-9999,-9999,-9999,-9999, -9999, -9999
   34680,   34740,-9999,-9999,-9999,-9999, -9999, -9999
   34740,   34800,13.613,646.46,1494.1,3.8168, 78.181, 249.41
   34800,   34860,10.009,625.95,1547.8,3.6006, 76.335, 254.78
   34860,   34920,10.197,724.98,1618.6,3.6118, 85.249, 261.86
   34920,   34980,13.601,683.08,1661.7,3.8161, 81.478, 266.17
   34980,   35040,18.95,732.02,1710.3,4.137, 85.882, 271.03
   35040,   35100,21.211,711.24,1653.6,4.2726, 84.012, 265.36
   35100,   35160,12.026,609.54,1504.4,3.7216, 74.859, 250.44
   35160,   35220,7.0857,612.31,1490,3.4251, 75.108, 249
   35220,   35280,9.5296,602.31,1488,3.5718, 74.208, 248.8
   35280,   35340,13.942,613.54,1505,3.8365, 75.219, 250.5
   35340,   35400,16.898,658.53,1497.6,4.0139, 79.268, 249.76
   35400,   35460,44.671,863.7,1626.4,5.6803, 97.733, 262.64
   35460,   35520,30.181,880.38,1695.8,4.8108, 99.234, 269.58
   35520,   35580,28.481,1106.7,2469.8,4.7089, 119.61, 346.98
   35580,   35640,146.61,1060.5,2384,11.796, 115.44, 338.4
   35640,   35700,215.05,1773.8,3416.2,15.903, 179.64, 441.62
   35700,   35760,12.947,909.14,2041.8,3.7768, 101.82, 304.18
   35760,   35820,9.1678,870.16,1865,3.5501, 98.314, 286.5
   35820,   35880,6.8456,1005,2056.1,3.4107, 110.45, 305.61
   35880,   35940,11.509,845.82,1811.9,3.6906, 96.124, 281.19
   35940,   36000,8.8902,1483.3,2502.1,3.5334, 153.49, 350.21
   36000,   36060,6.1463,1600.1,2739.3,3.3688, 164.01, 373.93
   36060,   36120,16.602,2032.3,3253,3.9961, 202.91, 425.3
   36120,   36180,65.148,3180,4222.2,6.9089, 306.2, 522.22
   36180,   36240,27.119,3025.5,4719,4.6272, 292.29, 571.9
   36240,   36300,24.153,1069.8,2743.2,4.4492, 116.28, 374.32
   36300,   36360,20.694,883.1,2025.7,4.2416, 99.479, 302.57
   36360,   36420,8.9392,739.85,1753.1,3.5364, 86.586, 275.31
   36420,   36480,7.0807,746.6,1660.9,3.4248, 87.194, 266.09
   36480,   36540,9.4683,729.18,1612,3.5681, 85.626, 261.2
   36540,   36600,32.527,816.93,1665.5,4.9516, 93.524, 266.55
   36600,   36660,25.993,951.16,1983.8,4.5596, 105.6, 298.38
   36660,   36720,21.111,955.59,1846.3,4.2666, 106, 284.63
   36720,   36780,31.987,1718.3,3344.6,4.9192, 174.65, 434.46
   36780,   36840,18.611,1217.4,2352.2,4.1167, 129.56, 335.22
   36840,   36900,11.255,1386.6,2473.6,3.6753, 144.79, 347.36
   36900,   36960,26.269,1909.7,2846.3,4.5761, 191.87, 384.63
   36960,   37020,22.198,1547.6,2809.2,4.3319, 159.28, 380.92
   37020,   37080,8.9583,863.84,1899,3.5375, 97.746, 289.9
   37080,   37140,90.006,1258.4,1955.8,8.4004, 133.25, 295.58
   37140,   37200,165.9,2623.3,3228.2,12.954, 256.1, 422.82
   37200,   37260,87.8,1861.7,3216.2,8.268, 187.55, 421.62
   37260,   37320,50.057,1876.5,3000.1,6.0034, 188.88, 400.01
   37320,   37380,12.093,1178.9,2259.2,3.7256, 126.1, 325.92
   37380,   37440,13.857,1103.3,2081.8,3.8314, 119.3, 308.18
   37440,   37500,12.209,1007.7,2008.7,3.7325, 110.7, 300.87
   37500,   37560,8.3963,775.55,1778,3.5038, 89.8, 277.8
   37560,   37620,14.554,831.22,1760,3.8733, 94.81, 276
   37620,   37680,12.911,764.72,1695.4,3.7747, 88.825, 269.54
   37680,   37740,15.579,808.48,1654,3.9347, 92.763, 265.4
   37740,   37800,182.15,2338,2875.3,13.929, 230.42, 387.53
   37800,   37860,15.655,848.65,2113.9,3.9393, 96.379, 311.39
   37860,   37920,16.618,834.91,1730.6,3.9971, 95.142, 273.06
   37920,   37980,14.32,861.44,1802.5,3.8592, 97.53, 280.25
   37980,   38040,15.208,780.84,1722.1,3.9125, 90.275, 272.21
   38040,   38100,7.3039,739.47,1628.6,3.4382, 86.553, 262.86
   38100,   38160,9.8783,738.03,1629.3,3.5927, 86.422, 262.93
   38160,   38220,13.835,672.21,1587.7,3.8301, 80.499, 258.77
   38220,   38280,7.6096,677.97,1538.4,3.4566, 81.017, 253.84
   38280,   38340,9.4257,626.8,1491.4,3.5655, 76.412, 249.14
   38340,   38400,10.891,666.43,1512,3.6535, 79.978, 251.2
   38400,   38460,36.5,810.83,1692.8,5.19, 92.974, 269.28
   38460,   38520,18.302,727.37,1676.7,4.0981, 85.463, 267.67
   38520,   38580,14.439,681.92,1561.4,3.8663, 81.372, 256.14
   38580,   38640,16.518,763.34,1619.7,3.9911, 88.7, 261.97
   38640,   38700,7.9922,653.9,1562.8,3.4795, 78.851, 256.28
   38700,   38760,8.1938,621.46,1476.5,3.4916, 75.931, 247.65
   38760,   38820,57.559,1025.1,1794.7,6.4535, 112.26, 279.47
   38820,   38880,106.23,1446.3,2404.7,9.3736, 150.17, 340.47
   38880,   38940,22.891,961.65,2056,4.3735, 106.55, 305.6
   38940,   39000,42.632,850.5,1779,5.5579, 96.545, 277.9
   39000,   39060,8.2759,735.25,1624.4,3.4966, 86.172, 262.44
   39060,   39120,15.592,702.75,1612.8,3.9355, 83.248, 261.28
   39120,   39180,10.696,659.24,1531.5,3.6418, 79.331, 253.15
   39180,   39240,26.078,769.62,1595.8,4.5647, 89.266, 259.58
   39240,   39300,16.905,774.28,1775.4,4.0143, 89.686, 277.54
   39300,   39360,19.894,773.37,1689.1,4.1936, 89.604, 268.91
   39360,   39420,11.219,692.25,1611.9,3.6731, 82.302, 261.19
   39420,   39480,20.77,802.08,1663.2,4.2462, 92.188, 266.32
   39480,   39540,11.638,702,1586.4,3.6983, 83.18, 258.64
   39540,   39600,12.674,628.36,1535.7,3.7605, 76.552, 253.57
   39600,   39660,13.294,645.58,1540.2,3.7976, 78.102, 254.02
   39660,   39720,15.092,648.53,1531.6,3.9055, 78.368, 253.16
   39720,   39780,14.982,652.44,1516,3.8989, 78.72, 251.6
   39780,   39840,198.04,1759.1,2509.4,14.882, 178.32, 350.94
   39840,   39900,47.506,1335.7,2437.1,5.8504, 140.21, 343.71
   39900,   39960,15.717,830.86,1892,3.943, 94.777, 289.2
   39960,   40020,14.643,651.2,1544.2,3.8786, 78.608, 254.42
   40020,   40080,11.913,654.87,1528,3.7148, 78.939, 252.8
   40080,   40140,16.283,703.29,1573,3.977, 83.296, 257.3
   40140,   40200,31.13,835.39,1587.7,4.8678, 95.185, 258.77
   40200,   40260,-9999,-9999,-9999,-9999, -9999, -9999
   40260,   40320,-9999,-9999,-9999,-9999, -9999, -9999
   40320,   40380,-9999,-9999,-9999,-9999, -9999, -9999
   40380,   40440,-9999,-9999,-9999,-9999, -9999, -9999
   40440,   40500,-9999,-9999,-9999,-9999, -9999, -9999
   40500,   40560,-9999,-9999,-9999,-9999, -9999, -9999
   40560,   40620,-9999,-9999,-9999,-9999, -9999, -9999
   40620,   40680,-9999,-9999,-9999,-9999, -9999, -9999
   40680,   40740,-9999,-9999,-9999,-9999, -9999, -9999
   40740,   40800,-9999,-9999,-9999,-9999, -9999, -9999
   40800,   40860,-9999,-9999,-9999,-9999, -9999, -9999
   40860,   40920,-9999,-9999,-9999,-9999, -9999, -9999
   40920,   40980,-9999,-9999,-9999,-9999, -9999, -9999
   40980,   41040,-9999,-9999,-9999,-9999, -9999, -9999
   41040,   41100,-9999,-9999,-9999,-9999, -9999, -9999
   41100,   41160,-9999,-9999,-9999,-9999, -9999, -9999
   41160,   41220,-9999,-9999,-9999,-9999, -9999, -9999
   41220,   41280,-9999,-9999,-9999,-9999, -9999, -9999
   41280,   41340,-9999,-9999,-9999,-9999, -9999, -9999
   41340,   41400,-9999,-9999,-9999,-9999, -9999, -9999
   41400,   41460,-9999,-9999,-9999,-9999, -9999, -9999
   41460,   41520,-9999,-9999,-9999,-9999, -9999, -9999
   41520,   41580,-9999,-9999,-9999,-9999, -9999, -9999
   41580,   41640,-9999,-9999,-9999,-9999, -9999, -9999
   41640,   41700,-9999,-9999,-9999,-9999, -9999, -9999
   41700,   41760,-9999,-9999,-9999,-9999, -9999, -9999
   41760,   41820,-9999,-9999,-9999,-9999, -9999, -9999
   41820,   41880,-9999,-9999,-9999,-9999, -9999, -9999
   41880,   41940,-9999,-9999,-9999,-9999, -9999, -9999
   41940,   42000,-9999,-9999,-9999,-9999, -9999, -9999
   42000,   42060,-9999,-9999,-9999,-9999, -9999, -9999
   42060,   42120,-9999,-9999,-9999,-9999, -9999, -9999
   42120,   42180,-9999,-9999,-9999,-9999, -9999, -9999
   42180,   42240,-9999,-9999,-9999,-9999, -9999, -9999
   42240,   42300,-9999,-9999,-9999,-9999, -9999, -9999
   42300,   42360,-9999,-9999,-9999,-9999, -9999, -9999
   42360,   42420,-9999,-9999,-9999,-9999, -9999, -9999
   42420,   42480,-9999,-9999,-9999,-9999, -9999, -9999
   42480,   42540,-9999,-9999,-9999,-9999, -9999, -9999
   42540,   42600,-9999,-9999,-9999,-9999, -9999, -9999
   42600,   42660,-9999,-9999,-9999,-9999, -9999, -9999
   42660,   42720,-9999,-9999,-9999,-9999, -9999, -9999
   42720,   42780,-9999,-9999,-9999,-9999, -9999, -9999
   42780,   42840,-9999,-9999,-9999,-9999, -9999, -9999
   42840,   42900,-9999,-9999,-9999,-9999, -9999, -9999
   42900,   42960,-9999,-9999,-9999,-9999, -9999, -9999
   42960,   43020,-9999,-9999,-9999,-9999, -9999, -9999
   43020,   43080,-9999,-9999,-9999,-9999, -9999, -9999
   43080,   43140,-9999,-9999,-9999,-9999, -9999, -9999
   43140,   43200,-9999,-9999,-9999,-9999, -9999, -9999
   43200,   43260,-9999,-9999,-9999,-9999, -9999, -9999
   43260,   43320,-9999,-9999,-9999,-9999, -9999, -9999
   43320,   43380,-9999,-9999,-9999,-9999, -9999, -9999
   43380,   43440,-9999,-9999,-9999,-9999, -9999, -9999
   43440,   43500,-9999,-9999,-9999,-9999, -9999, -9999
   43500,   43560,-9999,-9999,-9999,-9999, -9999, -9999
   43560,   43620,-9999,-9999,-9999,-9999, -9999, -9999
   43620,   43680,-9999,-9999,-9999,-9999, -9999, -9999
   43680,   43740,-9999,-9999,-9999,-9999, -9999, -9999
   43740,   43800,-9999,-9999,-9999,-9999, -9999, -9999
   43800,   43860,-9999,-9999,-9999,-9999, -9999, -9999
   43860,   43920,-9999,-9999,-9999,-9999, -9999, -9999
   43920,   43980,-9999,-9999,-9999,-9999, -9999, -9999
   43980,   44040,-9999,-9999,-9999,-9999, -9999, -9999
   44040,   44100,-9999,-9999,-9999,-9999, -9999, -9999
   44100,   44160,-9999,-9999,-9999,-9999, -9999, -9999
   44160,   44220,-9999,-9999,-9999,-9999, -9999, -9999
   44220,   44280,-9999,-9999,-9999,-9999, -9999, -9999
   44280,   44340,-9999,-9999,-9999,-9999, -9999, -9999
   44340,   44400,-9999,-9999,-9999,-9999, -9999, -9999
   44400,   44460,-9999,-9999,-9999,-9999, -9999, -9999
   44460,   44520,-9999,-9999,-9999,-9999, -9999, -9999
   44520,   44580,-9999,-9999,-9999,-9999, -9999, -9999
   44580,   44640,-9999,-9999,-9999,-9999, -9999, -9999
   44640,   44700,-9999,-9999,-9999,-9999, -9999, -9999
   44700,   44760,-9999,-9999,-9999,-9999, -9999, -9999
   44760,   44820,-9999,-9999,-9999,-9999, -9999, -9999
   44820,   44880,-9999,-9999,-9999,-9999, -9999, -9999
   44880,   44940,-9999,-9999,-9999,-9999, -9999, -9999
   44940,   45000,-9999,-9999,-9999,-9999, -9999, -9999
   45000,   45060,-9999,-9999,-9999,-9999, -9999, -9999
   45060,   45120,-9999,-9999,-9999,-9999, -9999, -9999
   45120,   45180,-9999,-9999,-9999,-9999, -9999, -9999
   45180,   45240,-9999,-9999,-9999,-9999, -9999, -9999
   45240,   45300,-9999,-9999,-9999,-9999, -9999, -9999
   45300,   45360,-9999,-9999,-9999,-9999, -9999, -9999
   45360,   45420,-9999,-9999,-9999,-9999, -9999, -9999
   45420,   45480,-9999,-9999,-9999,-9999, -9999, -9999
   45480,   45540,-9999,-9999,-9999,-9999, -9999, -9999
   45540,   45600,-9999,-9999,-9999,-9999, -9999, -9999
   45600,   45660,-9999,-9999,-9999,-9999, -9999, -9999
   45660,   45720,-9999,-9999,-9999,-9999, -9999, -9999
   45720,   45780,-9999,-9999,-9999,-9999, -9999, -9999
   45780,   45840,-9999,-9999,-9999,-9999, -9999, -9999
   45840,   45900,-9999,-9999,-9999,-9999, -9999, -9999
   45900,   45960,-9999,-9999,-9999,-9999, -9999, -9999
   45960,   46020,-9999,-9999,-9999,-9999, -9999, -9999
   46020,   46080,-9999,-9999,-9999,-9999, -9999, -9999
   46080,   46140,-9999,-9999,-9999,-9999, -9999, -9999
   46140,   46200,-9999,-9999,-9999,-9999, -9999, -9999
   46200,   46260,-9999,-9999,-9999,-9999, -9999, -9999
   46260,   46320,-9999,-9999,-9999,-9999, -9999, -9999
   46320,   46380,-9999,-9999,-9999,-9999, -9999, -9999
   46380,   46440,-9999,-9999,-9999,-9999, -9999, -9999
   46440,   46500,-9999,-9999,-9999,-9999, -9999, -9999
   46500,   46560,-9999,-9999,-9999,-9999, -9999, -9999
   46560,   46620,-9999,-9999,-9999,-9999, -9999, -9999
   46620,   46680,-9999,-9999,-9999,-9999, -9999, -9999
   46680,   46740,-9999,-9999,-9999,-9999, -9999, -9999
   46740,   46800,-9999,-9999,-9999,-9999, -9999, -9999
   46800,   46860,-9999,-9999,-9999,-9999, -9999, -9999
   46860,   46920,-9999,-9999,-9999,-9999, -9999, -9999
   46920,   46980,-9999,-9999,-9999,-9999, -9999, -9999
   46980,   47040,-9999,-9999,-9999,-9999, -9999, -9999
   47040,   47100,-9999,-9999,-9999,-9999, -9999, -9999
   47100,   47160,-9999,-9999,-9999,-9999, -9999, -9999
   47160,   47220,-9999,-9999,-9999,-9999, -9999, -9999
   47220,   47280,-9999,-9999,-9999,-9999, -9999, -9999
   47280,   47340,-9999,-9999,-9999,-9999, -9999, -9999
   47340,   47400,-9999,-9999,-9999,-9999, -9999, -9999
   47400,   47460,-9999,-9999,-9999,-9999, -9999, -9999
   47460,   47520,-9999,-9999,-9999,-9999, -9999, -9999
   47520,   47580,-9999,-9999,-9999,-9999, -9999, -9999
   47580,   47640,-9999,-9999,-9999,-9999, -9999, -9999
   47640,   47700,-9999,-9999,-9999,-9999, -9999, -9999
   47700,   47760,-9999,-9999,-9999,-9999, -9999, -9999
   47760,   47820,-9999,-9999,-9999,-9999, -9999, -9999
   47820,   47880,-9999,-9999,-9999,-9999, -9999, -9999
   47880,   47940,-9999,-9999,-9999,-9999, -9999, -9999
   47940,   48000,-9999,-9999,-9999,-9999, -9999, -9999
   48000,   48060,-9999,-9999,-9999,-9999, -9999, -9999
