CampaignData_and_Merges/R0/CSL_MobileLab_Parked/raw/20240723/USOS-MetNav_MobileLabGround_20240723_R0.ict
44, 1001
Carrie Womack, Nate Howard, Mike Zucker
NOAA Chemical Sciences Laboratory
Mobile Lab MetNav Station
USOS
1, 1
2024, 07, 23, 2024, 12, 21
60
Time_Start, seconds_past_midnight, Seconds from midnight UTC
11
1, 1, 1, 1, 1, 1, 1, 1, 1, 1, 1
-9999, -9999, -9999, -9999, -9999, -9999, -9999, -9999, -9999, -9999, -9999
GPS_Alt_m, meters, Altitude from Differential GPS
GPS_Course_deg, degrees, Course from Differential GPS
GPS_GndSpd_m_s, m/s, Ground Speed from Differential GPS
GPS_Heading_deg, degrees, Heading from Differential GPS
GPS_Lat_deg, degrees, Latitude from Differential GPS
GPS_Lon_deg, degrees, Longitude from Differential GPS
AirTemp_C, Celsius, Air Temperature from Airmar
RelHumidity_pct, percent, Relative Humidity from Airmar
Pressure_mb, millibars, Pressure from Honeywell
WindDir_calc_deg, degrees, Wind Direction from Airmar corrected for van movement
WindSpd_calc_m_s, m/s, Wind Speed from Airmar corrected for van movement
1
SPECIAL COMMENTS:
18
PI_CONTACT_INFO: Address: 325 Broadway R/CSL7, Boulder, CO, 80305
PLATFORM: CSL Mobile Lab
LOCATION: Salt Lake City, UT
ASSOCIATED_DATA: N/A
INSTRUMENT_INFO: N/A
DATA_INFO: Units:
UNCERTAINTY: N/A
ULOD_FLAG: -7777
ULOD_VALUE: N/A
LLOD_FLAG: -8888
LLOD_VALUE: N/A
DM_CONTACT_INFO: Data Manager: Nate Howard
PROJECT_INFO: 
STIPULATIONS_ON_USE: Use of these data require prior ok from PI.
OTHER_COMMENTS: 
REVISION: R0
R0: Final data. Fixed bug in wind averaging code. RA: Preliminary Data. For in-field use only. 
Time_Start, GPS_Alt_m, GPS_Course_deg, GPS_GndSpd_m_s, GPS_Heading_deg, GPS_Lat_deg, GPS_Lon_deg, AirTemp_C, RelHumidity_pct, Pressure_mb, WindDir_calc_deg, WindSpd_calc_m_s
0.0,-9999.0,-9999.00,-9999.00,-9999.00,-9999.00000,-9999.00000,-9999.0,-9999.0,-9999.0,-9999.00,-9999.0
60.0,-9999.0,-9999.00,-9999.00,-9999.00,-9999.00000,-9999.00000,-9999.0,-9999.0,-9999.0,-9999.00,-9999.0
120.0,-9999.0,-9999.00,-9999.00,-9999.00,-9999.00000,-9999.00000,-9999.0,-9999.0,-9999.0,-9999.00,-9999.0
180.0,-9999.0,-9999.00,-9999.00,-9999.00,-9999.00000,-9999.00000,-9999.0,-9999.0,-9999.0,-9999.00,-9999.0
240.0,-9999.0,-9999.00,-9999.00,-9999.00,-9999.00000,-9999.00000,-9999.0,-9999.0,-9999.0,-9999.00,-9999.0
300.0,-9999.0,-9999.00,-9999.00,-9999.00,-9999.00000,-9999.00000,-9999.0,-9999.0,-9999.0,-9999.00,-9999.0
360.0,-9999.0,-9999.00,-9999.00,-9999.00,-9999.00000,-9999.00000,-9999.0,-9999.0,-9999.0,-9999.00,-9999.0
420.0,-9999.0,-9999.00,-9999.00,-9999.00,-9999.00000,-9999.00000,-9999.0,-9999.0,-9999.0,-9999.00,-9999.0
480.0,-9999.0,-9999.00,-9999.00,-9999.00,-9999.00000,-9999.00000,-9999.0,-9999.0,-9999.0,-9999.00,-9999.0
540.0,-9999.0,-9999.00,-9999.00,-9999.00,-9999.00000,-9999.00000,-9999.0,-9999.0,-9999.0,-9999.00,-9999.0
600.0,-9999.0,-9999.00,-9999.00,-9999.00,-9999.00000,-9999.00000,-9999.0,-9999.0,-9999.0,-9999.00,-9999.0
660.0,-9999.0,-9999.00,-9999.00,-9999.00,-9999.00000,-9999.00000,-9999.0,-9999.0,-9999.0,-9999.00,-9999.0
720.0,-9999.0,-9999.00,-9999.00,-9999.00,-9999.00000,-9999.00000,-9999.0,-9999.0,-9999.0,-9999.00,-9999.0
780.0,-9999.0,-9999.00,-9999.00,-9999.00,-9999.00000,-9999.00000,-9999.0,-9999.0,-9999.0,-9999.00,-9999.0
840.0,-9999.0,-9999.00,-9999.00,-9999.00,-9999.00000,-9999.00000,-9999.0,-9999.0,-9999.0,-9999.00,-9999.0
900.0,-9999.0,-9999.00,-9999.00,-9999.00,-9999.00000,-9999.00000,-9999.0,-9999.0,-9999.0,-9999.00,-9999.0
960.0,-9999.0,-9999.00,-9999.00,-9999.00,-9999.00000,-9999.00000,-9999.0,-9999.0,-9999.0,-9999.00,-9999.0
1020.0,-9999.0,-9999.00,-9999.00,-9999.00,-9999.00000,-9999.00000,-9999.0,-9999.0,-9999.0,-9999.00,-9999.0
1080.0,-9999.0,-9999.00,-9999.00,-9999.00,-9999.00000,-9999.00000,-9999.0,-9999.0,-9999.0,-9999.00,-9999.0
1140.0,-9999.0,-9999.00,-9999.00,-9999.00,-9999.00000,-9999.00000,-9999.0,-9999.0,-9999.0,-9999.00,-9999.0
1200.0,-9999.0,-9999.00,-9999.00,-9999.00,-9999.00000,-9999.00000,-9999.0,-9999.0,-9999.0,-9999.00,-9999.0
1260.0,-9999.0,-9999.00,-9999.00,-9999.00,-9999.00000,-9999.00000,-9999.0,-9999.0,-9999.0,-9999.00,-9999.0
1320.0,-9999.0,-9999.00,-9999.00,-9999.00,-9999.00000,-9999.00000,-9999.0,-9999.0,-9999.0,-9999.00,-9999.0
1380.0,-9999.0,-9999.00,-9999.00,-9999.00,-9999.00000,-9999.00000,-9999.0,-9999.0,-9999.0,-9999.00,-9999.0
1440.0,-9999.0,-9999.00,-9999.00,-9999.00,-9999.00000,-9999.00000,-9999.0,-9999.0,-9999.0,-9999.00,-9999.0
1500.0,-9999.0,-9999.00,-9999.00,-9999.00,-9999.00000,-9999.00000,-9999.0,-9999.0,-9999.0,-9999.00,-9999.0
1560.0,-9999.0,-9999.00,-9999.00,-9999.00,-9999.00000,-9999.00000,-9999.0,-9999.0,-9999.0,-9999.00,-9999.0
1620.0,-9999.0,-9999.00,-9999.00,-9999.00,-9999.00000,-9999.00000,-9999.0,-9999.0,-9999.0,-9999.00,-9999.0
1680.0,-9999.0,-9999.00,-9999.00,-9999.00,-9999.00000,-9999.00000,-9999.0,-9999.0,-9999.0,-9999.00,-9999.0
1740.0,-9999.0,-9999.00,-9999.00,-9999.00,-9999.00000,-9999.00000,-9999.0,-9999.0,-9999.0,-9999.00,-9999.0
1800.0,-9999.0,-9999.00,-9999.00,-9999.00,-9999.00000,-9999.00000,-9999.0,-9999.0,-9999.0,-9999.00,-9999.0
1860.0,-9999.0,-9999.00,-9999.00,-9999.00,-9999.00000,-9999.00000,-9999.0,-9999.0,-9999.0,-9999.00,-9999.0
1920.0,1309.5,1.08,0.05,1.08,40.73433,-111.87211,35.6,15.8,874.2,107.32,0.4
1980.0,1309.3,1.29,0.06,1.29,40.73433,-111.87211,35.9,14.9,874.2,186.86,0.6
2040.0,1309.0,1.47,0.05,1.47,40.73433,-111.87211,35.9,14.9,874.2,63.84,0.1
2100.0,1308.6,1.52,0.05,1.52,40.73433,-111.87211,36.1,14.6,874.1,116.18,0.4
2160.0,1308.4,1.27,0.04,1.27,40.73433,-111.87211,36.2,15.1,874.2,103.28,0.7
2220.0,1308.4,0.99,0.06,0.99,40.73433,-111.87211,36.3,15.2,874.2,101.89,0.9
2280.0,1308.3,1.28,0.05,1.28,40.73433,-111.87211,36.3,15.1,874.2,86.75,0.8
2340.0,1308.3,1.54,0.05,1.54,40.73433,-111.87211,36.4,14.9,874.1,109.32,0.7
2400.0,1308.3,1.22,0.07,1.22,40.73433,-111.87211,36.4,15.3,874.1,82.57,0.6
2460.0,1308.2,0.62,0.06,0.62,40.73433,-111.87211,36.6,15.2,874.1,87.08,0.4
2520.0,1308.2,0.20,0.06,0.20,40.73433,-111.87211,36.6,14.4,874.1,59.23,0.4
2580.0,1308.3,359.82,0.06,359.82,40.73433,-111.87211,36.7,14.7,874.0,108.98,0.7
2640.0,1308.2,0.49,0.06,0.49,40.73433,-111.87211,36.9,14.3,874.1,154.61,0.2
2700.0,1308.1,0.34,0.05,0.34,40.73433,-111.87211,37.0,14.5,874.0,253.19,0.7
2760.0,1308.1,0.31,0.06,0.31,40.73433,-111.87211,37.1,15.0,874.1,78.44,0.6
2820.0,1308.1,0.89,0.06,0.89,40.73433,-111.87211,37.1,15.2,874.1,80.31,0.6
2880.0,1307.7,0.98,0.06,0.98,40.73433,-111.87211,37.3,15.3,874.1,109.84,0.8
2940.0,1307.6,1.31,0.05,1.31,40.73433,-111.87211,37.2,15.4,874.1,91.87,0.7
3000.0,1307.7,0.93,0.06,0.93,40.73433,-111.87211,37.2,14.6,874.1,104.68,1.6
3060.0,1307.9,1.06,0.05,1.06,40.73434,-111.87211,37.1,13.7,874.2,117.21,1.4
3120.0,1308.4,1.04,0.05,1.04,40.73433,-111.87211,37.1,14.4,874.2,87.05,0.8
3180.0,1308.0,0.77,0.06,0.77,40.73434,-111.87211,37.1,14.3,874.2,111.80,1.0
3240.0,1307.8,0.28,0.05,0.28,40.73434,-111.87211,36.8,14.0,874.2,50.77,0.8
3300.0,1308.0,0.08,0.06,0.08,40.73434,-111.87211,36.7,13.2,874.1,116.22,2.3
3360.0,1308.2,0.17,0.05,0.17,40.73434,-111.87211,36.8,13.5,874.1,121.06,1.7
3420.0,1308.2,0.60,0.05,0.60,40.73434,-111.87211,36.6,14.3,874.1,104.78,1.6
3480.0,1308.3,0.49,0.05,0.49,40.73434,-111.87211,36.5,13.5,874.2,113.16,2.2
3540.0,1308.3,0.26,0.04,0.26,40.73434,-111.87211,36.2,13.4,874.2,113.02,2.8
3600.0,1308.2,0.53,0.05,0.53,40.73434,-111.87211,36.2,13.2,874.2,115.24,2.0
3660.0,1308.5,0.93,0.05,0.93,40.73434,-111.87211,36.2,14.1,874.2,116.01,1.3
3720.0,1308.7,1.37,0.05,1.37,40.73434,-111.87211,36.2,13.8,874.2,116.75,2.0
3780.0,1308.9,1.49,0.05,1.49,40.73434,-111.87211,36.1,13.7,874.2,117.79,1.7
3840.0,1309.1,1.35,0.06,1.35,40.73434,-111.87211,36.2,14.0,874.1,119.27,1.3
3900.0,1309.1,1.07,0.05,1.07,40.73434,-111.87211,36.3,14.6,874.2,109.36,1.0
3960.0,1309.2,1.18,0.05,1.18,40.73434,-111.87212,36.2,14.1,874.2,116.60,1.5
4020.0,1309.3,1.28,0.06,1.28,40.73434,-111.87212,36.2,14.1,874.2,112.73,1.6
4080.0,1309.5,1.38,0.04,1.38,40.73434,-111.87212,36.2,14.5,874.2,93.23,0.8
4140.0,1309.6,1.46,0.05,1.46,40.73434,-111.87212,36.2,14.3,874.1,114.30,1.3
4200.0,1309.6,1.55,0.06,1.55,40.73434,-111.87212,36.2,15.1,874.1,117.36,1.3
4260.0,1309.5,0.59,0.05,0.59,40.73434,-111.87212,36.1,14.4,874.1,110.62,1.4
4320.0,1309.6,0.45,0.05,0.45,40.73434,-111.87212,36.0,14.3,874.1,119.32,2.3
4380.0,1309.7,0.11,0.06,0.11,40.73434,-111.87212,35.9,14.1,874.1,109.70,1.5
4440.0,1309.8,0.61,0.05,0.61,40.73434,-111.87212,35.9,14.3,874.1,117.72,1.7
4500.0,1309.8,1.42,0.05,1.42,40.73434,-111.87212,35.8,14.2,874.2,119.52,1.7
4560.0,1309.6,1.45,0.05,1.45,40.73434,-111.87212,35.8,14.9,874.1,111.52,1.0
4620.0,1309.5,1.41,0.06,1.41,40.73434,-111.87212,35.8,14.8,874.2,121.81,1.6
4680.0,1309.3,0.85,0.05,0.85,40.73434,-111.87212,35.7,14.2,874.1,118.39,1.7
4740.0,1309.3,0.35,0.05,0.35,40.73434,-111.87212,35.7,14.7,874.2,121.36,1.8
4800.0,1309.3,359.81,0.05,359.81,40.73434,-111.87212,35.7,15.1,874.2,110.53,1.1
4860.0,1309.4,359.88,0.05,359.88,40.73434,-111.87212,35.6,14.3,874.2,114.25,1.5
4920.0,1309.4,0.25,0.06,0.25,40.73434,-111.87212,35.7,14.3,874.2,103.25,0.8
4980.0,1309.6,0.43,0.06,0.43,40.73434,-111.87212,35.6,14.3,874.2,114.93,1.4
5040.0,1309.4,0.68,0.06,0.68,40.73434,-111.87212,35.6,14.8,874.2,115.94,1.4
5100.0,1309.4,0.68,0.05,0.68,40.73434,-111.87212,35.6,15.2,874.2,113.97,1.1
5160.0,1309.4,0.64,0.05,0.64,40.73434,-111.87212,35.6,15.2,874.2,115.26,1.3
5220.0,1309.4,0.79,0.04,0.79,40.73434,-111.87212,35.5,15.6,874.2,114.07,1.4
5280.0,1309.4,0.73,0.05,0.73,40.73434,-111.87212,35.4,15.3,874.2,116.89,1.8
5340.0,1309.3,0.52,0.04,0.52,40.73434,-111.87212,35.3,16.0,874.2,116.32,1.6
5400.0,1309.2,0.48,0.05,0.48,40.73434,-111.87212,35.3,15.3,874.2,111.30,1.1
5460.0,1309.1,0.34,0.06,0.34,40.73434,-111.87212,35.2,15.1,874.2,112.21,1.4
5520.0,1309.0,359.56,0.05,359.56,40.73434,-111.87212,35.2,14.9,874.2,111.05,1.4
5580.0,1308.9,359.14,0.06,359.14,40.73434,-111.87212,35.2,14.9,874.2,121.00,1.2
5640.0,1308.9,0.10,0.05,0.10,40.73434,-111.87212,35.2,15.2,874.2,107.28,1.0
5700.0,1309.0,0.48,0.05,0.48,40.73434,-111.87212,35.2,15.3,874.2,116.14,1.3
5760.0,1309.2,0.64,0.05,0.64,40.73434,-111.87212,35.2,15.2,874.2,116.27,1.3
5820.0,1309.6,0.62,0.04,0.62,40.73434,-111.87212,35.2,15.3,874.2,114.56,1.3
5880.0,1310.0,0.35,0.04,0.35,40.73434,-111.87212,35.3,15.5,874.2,119.49,1.4
5940.0,1310.4,0.88,0.05,0.88,40.73434,-111.87212,35.3,15.7,874.2,103.90,1.2
6000.0,1310.2,0.75,0.05,0.75,40.73433,-111.87212,35.1,15.5,874.2,108.78,1.5
6060.0,1309.8,1.28,0.06,1.28,40.73433,-111.87211,35.1,15.6,874.2,116.22,1.4
6120.0,1309.5,1.21,0.06,1.21,40.73434,-111.87211,35.0,15.5,874.2,118.66,1.5
6180.0,1309.5,1.20,0.06,1.20,40.73434,-111.87212,34.9,15.6,874.2,107.47,1.5
6240.0,1309.7,0.94,0.06,0.94,40.73434,-111.87212,34.9,15.4,874.2,115.08,1.8
6300.0,1310.0,1.66,0.06,1.66,40.73434,-111.87212,34.8,15.9,874.2,115.66,1.3
6360.0,1310.4,1.63,0.05,1.63,40.73434,-111.87212,34.9,15.9,874.2,115.99,1.0
6420.0,1310.6,1.71,0.05,1.71,40.73434,-111.87212,34.8,16.0,874.2,114.31,1.5
6480.0,1310.1,1.90,0.06,1.90,40.73434,-111.87212,34.8,16.2,874.2,118.55,1.3
6540.0,1310.0,2.52,0.05,2.52,40.73433,-111.87212,34.8,16.2,874.3,104.30,0.8
6600.0,1309.6,1.70,0.05,1.70,40.73434,-111.87212,34.8,16.1,874.3,99.10,0.8
6660.0,1309.7,1.99,0.05,1.99,40.73434,-111.87212,34.7,16.4,874.3,98.14,0.8
6720.0,1309.9,1.59,0.06,1.59,40.73434,-111.87212,34.8,16.4,874.3,101.56,0.8
6780.0,1309.7,1.17,0.05,1.17,40.73434,-111.87212,34.8,16.8,874.3,107.84,1.0
6840.0,1309.8,0.37,0.05,0.37,40.73433,-111.87212,34.8,16.1,874.3,112.15,0.9
6900.0,1309.7,0.22,0.06,0.22,40.73433,-111.87212,34.8,16.7,874.3,100.47,0.7
6960.0,1309.6,0.44,0.05,0.44,40.73433,-111.87212,34.8,16.9,874.3,97.74,0.7
7020.0,1309.3,0.95,0.05,0.95,40.73433,-111.87212,34.8,17.1,874.3,101.34,0.8
7080.0,1309.4,1.72,0.05,1.72,40.73433,-111.87212,34.7,16.7,874.3,104.03,0.9
7140.0,1309.7,1.92,0.05,1.92,40.73433,-111.87211,34.7,16.2,874.3,85.74,0.6
7200.0,1309.1,1.71,0.05,1.71,40.73433,-111.87212,34.9,17.1,874.3,103.12,0.5
7260.0,1309.0,1.21,0.06,1.21,40.73434,-111.87211,34.9,17.2,874.3,100.23,0.7
7320.0,1308.8,0.96,0.05,0.96,40.73434,-111.87211,34.8,17.5,874.3,105.91,0.9
7380.0,1308.9,1.29,0.05,1.29,40.73434,-111.87211,34.7,17.3,874.3,107.84,0.9
7440.0,1308.9,1.14,0.06,1.14,40.73434,-111.87211,34.6,17.3,874.3,100.45,0.6
7500.0,1309.2,1.68,0.05,1.68,40.73434,-111.87211,34.6,17.3,874.3,103.08,0.7
7560.0,1309.6,1.73,0.05,1.73,40.73434,-111.87211,34.6,17.6,874.3,98.71,0.7
7620.0,1310.0,2.02,0.05,2.02,40.73434,-111.87211,34.5,17.3,874.3,100.10,0.7
7680.0,1309.7,1.87,0.06,1.87,40.73434,-111.87211,34.3,17.5,874.3,105.41,0.6
7740.0,1309.6,2.16,0.06,2.16,40.73434,-111.87211,34.3,17.7,874.3,104.06,0.7
7800.0,1309.2,2.24,0.05,2.24,40.73434,-111.87211,34.2,17.9,874.3,104.89,0.6
7860.0,1309.4,2.26,0.05,2.26,40.73434,-111.87211,34.2,18.0,874.3,106.80,0.8
7920.0,1309.7,2.18,0.05,2.18,40.73434,-111.87211,34.1,17.9,874.3,125.18,1.2
7980.0,1309.5,2.60,0.06,2.60,40.73434,-111.87211,34.0,18.0,874.3,110.32,0.8
8040.0,1309.7,2.26,0.06,2.26,40.73434,-111.87211,34.0,18.0,874.3,98.49,0.7
8100.0,1309.3,2.50,0.06,2.50,40.73434,-111.87211,34.0,17.4,874.3,115.02,1.0
8160.0,1309.0,1.72,0.06,1.72,40.73434,-111.87211,33.9,17.7,874.3,117.70,1.1
8220.0,1309.0,1.58,0.06,1.58,40.73434,-111.87211,33.8,17.6,874.3,121.91,1.5
8280.0,1309.3,1.72,0.06,1.72,40.73434,-111.87211,33.8,18.0,874.3,111.43,0.7
8340.0,1309.2,1.82,0.06,1.82,40.73434,-111.87211,33.7,18.0,874.4,100.95,0.7
8400.0,1309.2,1.89,0.06,1.89,40.73434,-111.87211,33.7,18.2,874.4,108.91,0.7
8460.0,1309.2,1.70,0.06,1.70,40.73434,-111.87211,33.6,18.2,874.4,100.35,0.6
8520.0,1309.3,1.52,0.07,1.52,40.73434,-111.87211,33.5,18.3,874.4,106.15,0.7
8580.0,1309.4,1.58,0.07,1.58,40.73434,-111.87211,33.5,18.4,874.4,118.01,0.7
8640.0,1309.4,1.75,0.06,1.75,40.73434,-111.87211,33.3,18.3,874.4,77.22,0.5
8700.0,1309.1,1.39,0.06,1.39,40.73434,-111.87211,33.3,18.4,874.3,85.86,0.6
8760.0,1309.0,1.62,0.06,1.62,40.73434,-111.87211,33.2,18.4,874.3,82.36,0.5
8820.0,1308.9,2.02,0.05,2.02,40.73434,-111.87211,33.1,18.4,874.3,92.07,0.6
8880.0,1308.8,1.70,0.06,1.70,40.73434,-111.87211,33.0,18.6,874.3,102.12,0.6
8940.0,1308.7,1.66,0.06,1.66,40.73434,-111.87211,33.1,18.5,874.3,101.07,0.6
9000.0,1308.6,1.54,0.05,1.54,40.73434,-111.87211,32.9,18.5,874.4,96.04,0.7
9060.0,1308.5,0.91,0.06,0.91,40.73434,-111.87211,32.9,18.8,874.4,105.32,0.5
9120.0,1308.4,0.74,0.06,0.74,40.73434,-111.87211,32.9,18.7,874.4,112.49,0.7
9180.0,1308.3,0.82,0.06,0.82,40.73434,-111.87211,32.8,18.7,874.4,117.30,0.9
9240.0,1308.1,1.11,0.05,1.11,40.73434,-111.87211,32.8,19.1,874.4,115.61,0.6
9300.0,1307.9,0.65,0.06,0.65,40.73434,-111.87211,32.6,19.1,874.5,74.17,0.5
9360.0,1308.1,0.51,0.06,0.51,40.73434,-111.87211,32.6,19.1,874.5,109.90,1.0
9420.0,1308.6,0.74,0.06,0.74,40.73434,-111.87211,32.5,19.2,874.5,113.76,0.9
9480.0,1308.9,0.96,0.06,0.96,40.73434,-111.87211,32.5,19.4,874.5,115.94,0.8
9540.0,1309.0,0.78,0.04,0.78,40.73434,-111.87211,32.4,19.3,874.5,123.54,1.2
9600.0,1309.0,1.12,0.04,1.12,40.73434,-111.87211,32.2,19.8,874.5,109.40,1.1
9660.0,1308.9,0.91,0.05,0.91,40.73434,-111.87211,32.1,19.7,874.6,109.15,1.1
9720.0,1308.8,0.83,0.05,0.83,40.73434,-111.87211,32.0,19.9,874.6,120.52,1.7
9780.0,1308.6,0.68,0.06,0.68,40.73434,-111.87211,31.6,20.0,874.6,116.08,2.0
9840.0,1308.5,0.46,0.05,0.46,40.73434,-111.87211,31.5,20.0,874.6,114.69,1.4
9900.0,1308.6,0.02,0.06,0.02,40.73434,-111.87211,31.4,20.1,874.5,121.52,1.4
9960.0,1308.8,0.29,0.05,0.29,40.73434,-111.87211,31.4,20.2,874.5,113.75,1.1
10020.0,1309.0,0.84,0.06,0.84,40.73434,-111.87212,31.2,20.2,874.5,117.14,1.2
10080.0,1309.1,0.57,0.05,0.57,40.73434,-111.87212,31.1,20.4,874.6,118.64,1.1
10140.0,1308.9,0.62,0.06,0.62,40.73434,-111.87212,31.1,20.5,874.6,117.80,0.8
10200.0,1309.0,0.50,0.06,0.50,40.73434,-111.87212,31.0,20.5,874.6,122.65,1.0
10260.0,1309.1,0.26,0.06,0.26,40.73434,-111.87212,30.9,20.6,874.6,108.12,0.6
10320.0,1309.1,0.25,0.07,0.25,40.73434,-111.87212,30.9,20.4,874.6,126.76,0.9
10380.0,1309.1,0.09,0.05,0.09,40.73434,-111.87212,30.8,20.5,874.6,127.38,1.1
10440.0,1309.0,0.30,0.07,0.30,40.73434,-111.87212,30.8,20.6,874.6,123.95,1.0
10500.0,1309.0,0.65,0.06,0.65,40.73434,-111.87212,30.7,20.7,874.6,124.34,1.2
10560.0,1309.1,1.01,0.05,1.01,40.73434,-111.87212,30.6,20.6,874.6,125.46,1.1
10620.0,1309.0,1.11,0.06,1.11,40.73434,-111.87211,30.5,20.7,874.6,112.35,0.7
10680.0,1309.0,0.57,0.05,0.57,40.73434,-111.87211,30.5,20.8,874.6,115.93,0.8
10740.0,1309.1,0.62,0.06,0.62,40.73434,-111.87211,30.4,20.8,874.6,125.67,1.2
10800.0,1309.2,0.81,0.06,0.81,40.73434,-111.87211,30.4,20.6,874.6,120.15,1.2
10860.0,1309.3,0.60,0.06,0.60,40.73434,-111.87211,30.3,20.8,874.6,108.51,1.0
10920.0,1309.2,0.92,0.07,0.92,40.73434,-111.87211,30.2,20.8,874.6,117.01,1.0
10980.0,1309.3,1.14,0.06,1.14,40.73434,-111.87211,30.1,20.9,874.6,111.92,0.9
11040.0,1309.6,1.20,0.06,1.20,40.73434,-111.87211,30.1,21.1,874.6,125.93,1.1
11100.0,1309.6,0.96,0.05,0.96,40.73434,-111.87211,30.1,21.2,874.6,118.40,0.9
11160.0,1309.3,1.50,0.07,1.50,40.73434,-111.87211,30.1,21.3,874.6,123.26,0.9
11220.0,1309.0,1.91,0.06,1.91,40.73434,-111.87212,30.0,21.2,874.6,124.76,0.9
11280.0,1309.0,1.71,0.06,1.71,40.73434,-111.87211,29.9,21.3,874.6,114.74,0.8
11340.0,1308.9,1.55,0.07,1.55,40.73434,-111.87212,29.9,21.3,874.6,133.06,1.0
11400.0,1309.1,1.43,0.05,1.43,40.73434,-111.87212,29.9,21.5,874.6,119.47,0.9
11460.0,1309.0,1.75,0.05,1.75,40.73434,-111.87212,29.8,21.6,874.6,116.21,0.7
11520.0,1309.0,1.64,0.06,1.64,40.73434,-111.87212,29.8,21.5,874.6,114.21,0.8
11580.0,1309.1,1.86,0.06,1.86,40.73434,-111.87211,29.7,21.5,874.6,120.00,1.0
11640.0,1309.1,2.12,0.06,2.12,40.73434,-111.87212,29.7,21.6,874.6,118.90,0.9
11700.0,1309.3,1.92,0.05,1.92,40.73434,-111.87211,29.6,21.7,874.6,128.46,1.1
11760.0,1309.3,1.88,0.06,1.88,40.73434,-111.87211,29.6,21.7,874.7,126.03,1.0
